Subject: 37 46 197 1609 
827 19 
1610 313 1611 230 313 231 24 
226 195 12 139 1 2 3 151 1612 422 15 458 1460 24 139 151 501 40 
400 327 55 226 1460 19 220 226 1613 413 400 1614 141 643 56 215 
1446 187 1449 19 197 24 24 24 60 24 226 1528 12 19 80 327 1210 230 1162 40 
1162 1609 239 31 568 19 904 413 139 146 20 1615 203 40 187 45 
458 1590 24 
440 40 234 1616 260 45 313 24 
1617 24 
55 62 19 349 1618 59 19 1619 1620 191 46 
192 662 19 
494 24 24 497 
192 
192 344 24 904 413 141 146 203 40 682 239 56 139 406 215 206 40 146 
682 22 
192 1621 132 19 12 25 397 239 904 406 141 312 25 45 1120 1162 56 21 45 
192 98 60 239 60 
1617 19 
197 1622 34 1623 313 40 407 25 40 641 197 24 31 15 
1624 197 1625 55 22 1626 1162 313 92 433 40 154 15 
10 20 1627 25 28 1369 1158 1628 55 15 1626 1162 24 
192 349 24 904 413 139 146 149 15 1629 56 237 34 35 22 162 60 40 
206 239 56 31 139 
192 146 25 84 22 298 106 19 413 141 1630 20 154 25 239 60 
31 313 643 40 1631 1632 298 56 1633 71 17 542 19 220 413 1634 
1500 1635 60 391 608 1636 24 1636 1637 313 40 407 
858 149 20 1031 627 327 24 
440 5 12 22 156 19 
827 
192 
192 139 625 5 12 22 1638 896 614 19 220 139 406 938 31 
1176 
192 1639 682 15 1243 1257 40 1640 213 7 60 
192 
192 488 71 1422 24 
192 
192 1617 24 
192 
192 
192 40 285 19 146 286 40 287 51 288 24 264 24 53 20 289 71 15 
290 
192 14 15 6 217 291 197 7 292 217 24 
192 
192 293 46 295 46 187 187 293 24 288 24 264 24 53 187 293 187 197 7 292 24 298 
192 294 46 295 46 187 187 288 24 264 24 53 187 320 187 197 187 321 7 294 24 298 
192 287 260 46 295 46 187 187 267 24 296 24 53 187 297 187 166 187 166 24 298 
192 