Subject: 5470 1258 
193 129 19 
390 625 28 2152 91 6091 22 1374 215 5 12 22 5303 2896 46 
313 151 221 522 379 20 1318 24 55 522 1460 19 390 402 91 1943 
489 87 2979 2361 354 5 2524 569 3365 409 6092 20 
1673 390 602 15 194 46 
344 60 390 3639 55 15 1094 2034 14 15 1258 19 55 3030 1830 20 6024 
6093 213 
349 60 313 413 1968 522 393 40 15 3504 6024 2 96 3738 40 17 
5128 14 5158 20 294 3790 213 
352 60 421 313 151 1106 15 885 14 6024 6094 20 2912 230 15 872 
1258 25 34 35 397 40 6095 15 2398 2458 14 294 
1289 230 1573 5287 20 409 6096 6097 569 35 1271 24 
522 5820 40 15 1258 413 35 584 28 15 194 
3600 5194 46 
344 60 22 374 3531 187 5944 
349 60 22 5197 187 3484 2518 
352 60 352 56 87 630 60 6098 187 1912 187 6099 4050 71 169 7 3117 
1781 56 572 288 60 
3738 40 522 2945 1211 71 2179 1198 409 
393 230 1573 5287 12 40 35 6100 71 432 6024 56 354 559 230 
203 6101 19 1258 117 24 19 3267 19 99 60 24 
259 1505 934 91 15 1827 91 34 5616 71 15 1258 12 
6059 19 869 14 15 3403 4624 14 6060 6061 24 71 5 542 221 
15 6102 1274 230 15 1258 1336 5158 413 35 1052 
547 6059 20 1673 129 12 184 3516 71 5272 522 
6060 24 568 390 602 40 400 22 412 215 6103 56 3229 14 6104 60 40 
452 522 393 24 
6059 12 22 1827 38 22 5706 14 133 767 374 3427 56 173 
321 6105 60 19 38 5000 71 1849 2160 19 6106 71 15 1865 
20 1885 14 169 7 3117 2419 20 1276 1054 19 38 22 
1036 292 71 3251 4128 24 
390 151 100 6102 71 852 6107 2419 20 2070 215 
6034 19 852 860 1511 187 6108 187 3386 19 99 24 
1499 5890 31 313 3639 55 522 3804 55 904 40 1640 87 19 31 21 19 
500 313 433 45 928 354 5 2524 24 
390 80 5387 15 4987 1274 20 390 34 146 206 40 313 589 460 24 
38 522 6109 684 24 
5946 6064 