Subject: 37 46 1479 1480 
1481 547 22 197 237 12 159 1291 15 841 7 1482 1089 
328 35 158 1483 24 1254 1484 15 1485 84 1486 84 158 
1487 7 313 1267 625 150 187 31 25 2 96 1488 40 1489 19 220 313 413 1490 
25 2 1278 1489 150 313 559 643 187 566 25 56 125 217 1491 2 96 1492 217 60 24 
1493 14 1494 1480 19 138 7 221 224 71 458 
901 34 1495 150 141 1496 91 431 178 15 1497 91 
540 25 1498 24 422 7 400 14 1494 1499 233 313 1 2 3 625 
455 22 251 12 158 7 1483 87 21 413 35 22 1500 1501 40 
1502 568 31 25 2 96 1494 1286 25 1503 20 1504 87 1286 25 
158 7 1483 24 
139 406 651 1505 22 1506 391 354 22 1479 215 17 1507 56 60 
251 233 91 869 2 96 639 1102 409 1479 914 91 80 
1488 40 35 1508 627 1509 24 449 683 22 405 40 1510 15 
1511 505 136 1512 7 1387 914 56 21 1508 627 1509 60 
87 1513 91 251 56 20 1505 15 1502 1501 91 249 869 
109 413 35 1514 585 169 354 22 333 20 221 940 1515 366 
178 15 456 1507 56 60 383 12 1516 60 24 
1517 24 
24 24 24 24 24 24 24 24 24 24 24 24 24 24 1518 24 
1519 1520 191 46 
192 
192 193 221 
192 
192 462 15 1521 490 34 25 35 1483 239 
192 
192 22 197 1438 40 611 858 55 15 1522 19 40 312 5 25 34 467 22 
192 2 250 907 2 91 34 611 15 1274 169 20 112 427 25 24 
192 
192 15 251 71 15 12 1479 233 25 1523 15 
192 670 24 1524 56 60 383 24 5 251 12 629 71 15 1525 197 19 45 
192 15 671 56 60 251 215 568 46 
192 
192 169 1526 211 56 169 60 24 1507 56 1527 60 213 
192 
192 568 15 1528 12 7 15 383 40 12 71 15 671 56 60 19 
192 5 328 35 158 1483 7 1529 239 
192 
192 488 71 1422 1050 24 
192 
192 479 479 479 479 479 479 479 479 479 479 479 479 479 479 479 479 479 479 479 479 479 479 479 479 479 479 479 479 479 479 479 479 479 479 479 479 479 479 479 479 479 479 479 479 479 479 479 479 479 479 479 479 479 479 479 479 479 479 479 479 479 479 479 479 479 479 479 479 479 479 479 479 479 479 479 
192 40 285 19 146 286 40 287 51 288 24 264 24 53 20 289 71 15 290 
192 14 15 6 217 291 197 7 292 217 24 
192 
192 293 46 295 46 187 187 293 24 288 24 264 24 53 187 293 187 197 7 292 24 298 
192 294 46 295 46 187 187 288 24 264 24 53 187 320 187 197 187 321 7 294 24 298 
192 287 260 46 295 46 187 187 267 24 296 24 53 187 297 187 166 187 166 24 298 
40 285 19 146 286 40 287 51 288 24 264 24 53 20 289 71 15 290 
14 15 6 217 291 197 7 292 217 24 
293 46 295 46 187 187 293 24 288 24 264 24 53 187 293 187 197 7 292 24 298 
294 46 295 46 187 187 288 24 264 24 53 187 320 187 197 187 321 7 294 24 298 
287 260 46 295 46 187 187 267 24 296 24 53 187 297 187 166 187 166 24 298 