Subject: 37 46 1423 1424 
1463 391 354 1464 24 139 402 1120 1465 20 1466 
1467 569 35 532 7 409 14 206 1468 7 313 413 414 
267 24 1464 7 30 24 53 24 354 559 129 80 409 
1469 1470 24 
7 7 7 7 7 443 6 7 7 7 7 7 
45 46 22 884 885 230 886 133 264 887 2 96 288 197 888 
648 24 494 262 46 197 7 292 51 288 24 264 24 53 497 55 889 14 1432 19 
1433 1434 56 1435 60 
445 46 387 19 331 1429 19 59 349 46 1171 340 
40 46 197 7 292 51 288 24 264 24 53 
54 46 1423 1424 
894 46 575 
193 885 19 
390 80 1064 585 1437 723 91 1438 22 1423 1424 24 45 1439 
139 518 1440 45 1441 55 15 1442 25 679 1443 14 15 1423 1444 
80 1445 136 1446 1447 56 1448 1449 60 24 80 129 432 1210 288 1387 
482 91 139 413 1089 226 1423 1424 55 24 241 432 1450 187 1451 1452 
15 1453 14 324 869 239 432 1454 80 1455 219 219 
488 761 684 
1433 1434 1432 
1471 648 482 19 
272 46 1472 7 1473 1474 46 1475 
102 7 18 46 1476 51 1477 24 1435 7 1478 24 53 
40 285 19 146 286 40 287 51 288 24 264 24 53 20 289 71 15 290 
14 15 6 217 291 197 7 292 217 24 
293 46 295 46 187 187 293 24 288 24 264 24 53 187 293 187 197 7 292 24 298 
294 46 295 46 187 187 288 24 264 24 53 187 320 187 197 187 321 7 294 24 298 
287 260 46 295 46 187 187 267 24 296 24 53 187 297 187 166 187 166 24 298 