Subject: 37 46 17716 19 16787 19 19643 19 3590 
259 1505 22 1892 17765 20 644 133 522 1468 9768 8985 24 
211 767 
390 1317 354 1192 184 1601 1192 40 522 4969 19000 2776 320 
354 7823 3590 24 904 7823 19 490 14948 19 71 409 2753 
354 19643 24 129 12 184 2495 19 1601 19 87 3649 40 313 40 1615 936 
3590 20 17716 24 522 3549 530 5 40 313 19 522 
4969 19 1468 14 1601 219 219 
211 767 
5 12 21 22 14051 14 13895 219 25 12 585 943 40 1384 3650 
55 320 20 2070 17 2754 5256 34 4811 129 12 184 2495 
87 1601 40 313 213 15 16609 219 
211 767 
500 413 390 1317 239 3590 55 15 194 90 14 12516 24 
211 767 
124 19 221 5245 14 124 19 3112 14052 24 936 12516 80 45 869 
14 15 2449 20 404 2776 11910 71 15 2977 24 38 5674 
221 646 15 1131 1132 24 
211 767 
17716 19 1384 55 1481 45 3575 2361 20 19644 40 19645 24 
211 767 
4216 5256 19646 239 9768 17716 230 19647 19 7678 19 20 
19648 24 
211 767 
3269 3590 20 19649 24 5279 22 5566 239 313 569 1615 
3590 230 17618 3025 19 9071 19650 19 22 19651 87 16644 
1353 230 15 2754 5256 24 
211 767 
1384 55 2443 20 935 1262 2546 19 13315 19 19652 24 390 
80 2804 19653 38 22 4042 13981 14 4989 2 96 
20 17393 13315 230 19643 10570 
211 767 
7276 19654 19655 19656 19 19657 45 1350 19 17 2465 1171 1413 40 
2395 1413 2907 631 14948 24 38 22 869 1193 14052 219 
211 767 
7667 20 87 15 9502 313 433 24 904 2 96 5 230 16787 46 2395 1413 
1794 14948 230 456 170 14 15 6079 7692 24 21 19658 87 
19659 127 12516 24 
211 767 
85 19660 239 869 14 522 3549 12 15 3611 14128 14 
19661 19662 20 19663 24 522 4969 1615 19643 
10570 24 
211 767 
19664 187 19665 7692 46 552 1413 490 14948 24 19000 2776 
320 24 1481 45 12064 19666 40 19667 20 19668 24 
3112 14052 55 221 320 24 
211 767 
522 3395 34 35 2378 40 313 55 1573 6070 390 151 22 
16787 943 230 313 20 17 5256 24 313 34 151 15 
943 40 1384 3650 55 498 320 354 9768 8032 219 221 
230 1468 19 184 1601 87 2495 40 313 15 16609 24 
211 767 
129 80 184 8020 40 313 19 15 16609 19 221 6142 80 9998 13406 24 
211 767 
904 413 313 1505 3516 14 936 16787 20 9768 2444 239 
211 767 
25 2 96 1797 219 146 102 7 18 40 
3409 
390 3987 313 19 605 102 7 18 14 522 404 3650 10869 2444 19 3590 
20 17716 24 
211 767 
328 522 4998 20 87 6642 2444 21 35 14 292 40 
313 19 259 3257 928 28 2951 40 46 
4458 211 767 
17 199 34 35 17828 3989 219 
211 767 
19669 40 522 4969 24 211 767 
344 24 390 34 21 1286 123 40 432 3710 1291 432 5293 
17 231 40 86 24 5 203 12 3474 71 15 19670 211 767 
14 15307 24 211 767 
349 24 221 320 123 40 313 19 15 16609 19 80 1260 230 211 767 
15 17646 19 20 17 4989 24 211 767 
352 24 221 320 34 35 11181 45 14948 19 449 71 2465 87 211 767 
38 22 17714 24 
211 767 
15 194 203 199 12 21 5983 19 503 31 313 
2498 40 530 15 370 14 17 9390 20 170 19 56 20 390 440 313 
312 60 390 112 151 15 943 40 19671 522 2444 28 170 20 
9390 24 3683 71 157 4389 239 9768 19128 40 15 18437 19 15 19672 19 22 
3650 10869 17714 230 9660 71 15 19673 24 31 390 625 
17 2040 390 80 450 40 1301 2215 313 19 15 16609 24 
211 767 
165 17 316 19 5 12 22 5445 943 230 313 20 17 
5256 40 1384 3650 24 
211 767 
5 3411 199 569 21 35 11504 24 259 927 928 323 24 
156 10869 3650 219 211 767 
211 767 
522 208 3395 12 10089 40 35 2378 71 550 2133 24 211 767 
1499 71 333 230 15753 2384 24 
211 767 
211 767 
211 767 
211 767 
211 767 
211 767 
211 767 
211 767 
211 767 