Subject: 
9525 14242 7680 7 317 16426 7680 
22 
1586 
8188 7 5256 46 19576 19 19577 19 3347 7 19578 213 
8188 7 1968 46 345 5708 213 
3784 46 1919 448 19579 213 
11 7 19580 46 3198 213 
1589 
22 46 19581 
1586 
8188 7 5256 46 19576 19 19577 19 3347 7 19578 213 
8188 7 1968 46 345 5708 213 
3784 46 1919 19582 213 
11 7 19580 46 19583 213 
1589 
7 7 192 
500 312 18305 
20 19584 151 71 2892 239 
3829 3693 24 
5 
12 6129 15 1443 3483 20 2915 317 7680 71 6185 24 
350 
902 219 
313 1 2 3 151 40 2629 15 30 40 1829 220 139 406 5672 25 24 
6054 
593 1277 
20 1402 22 767 1413 4924 40 17 41 13408 24 
19529 19 25 2 96 1468 3650 219 
592 927 15 3605 14 940 553 151 437 19585 71 24 258 1463 127 150 
313 413 
1829 23 3486 3487 2812 18305 173 10012 2507 19 10938 19527 20 15 
404 15754 
15884 55 2448 1243 45 15 14701 14 17 1685 85 24 1490 55 432 19586 
535 55 15 16442 
20 35 2254 17 4945 20 1683 38 22 3778 370 71 15 1056 24 
1829 230 
10017 20 125 500 139 1744 24 
31 
17 22 4757 917 40 1286 409 23 1920 1920 414 127 15 14589 930 
902 46 
40 
35 7604 45 884 1227 215 5 869 350 5 351 46 
295 46 187 187 267 24 19587 24 53 187 4458 24 10481 