Subject: 37 46 6074 46 3201 45 3012 38 5257 
2502 6145 211 763 334 5480 19 
6146 762 6147 6148 6149 211 102 63 674 211 102 892 37 5097 6150 2936 219 
2514 58 2787 
354 2348 46 2027 2212 24 3469 24 1125 273 2065 19 313 191 46 
192 
192 
192 55 1760 19 334 5348 3377 5595 24 5483 51 5470 24 5596 24 184 191 46 
192 
192 192 390 1209 22 3012 38 522 3580 5257 19 2766 24 6151 19 6152 24 72 1209 
192 192 409 107 55 15 1258 91 139 1870 40 597 38 313 84 460 84 
192 192 397 24 259 934 91 390 80 618 5663 556 107 902 71 
192 192 5615 19 20 390 312 21 591 597 15 107 902 2984 24 
192 192 211 767 
192 
192 494 24 24 24 497 
192 
192 192 72 100 3297 91 390 328 6153 3848 15 6154 14 15 560 
192 192 13 20 2202 15 370 5470 139 560 352 24 390 328 156 15 560 352 28 
192 192 2258 127 15 374 482 19 20 112 400 5470 230 500 25 2 96 
192 192 3604 24 1935 556 6155 19 15 1069 14 556 505 19 20 556 
192 192 894 328 35 1301 5460 24 
192 
192 2637 390 464 21 3719 354 15 3629 19 522 2333 354 836 12 
192 91 2637 15 41 1258 1354 130 1891 15 3025 14 56 22 60 490 19 
192 390 1209 5903 25 22 600 71 15 1257 14 56 560 60 46 
192 
192 22 60 22 1258 2903 55 15 1668 14 5470 
192 560 60 22 1258 2903 55 15 1668 14 4282 3123 187 5815 38 
192 5470 84 22 542 7 3722 24 
192 
192 71 542 56 22 60 12 500 390 80 1279 19 112 3202 15 489 80 
192 232 24 71 542 56 560 60 12 522 1329 19 141 80 22 600 127 14 1709 24 
192 
192 390 1303 91 1488 230 22 1258 14 369 56 22 60 34 234 928 71 15 1371 
192 3545 14 6156 258 5 328 35 225 354 15 3649 14 6157 71 22 
192 3015 6158 1382 648 56 15 2 3 2 71 15 3023 5532 60 
192 
192 6159 15 1668 5040 230 869 1095 135 19 34 
192 21 71 522 2333 6160 2179 6161 71 15 648 13 19 477 31 
192 5 135 415 5126 5628 71 1322 4991 20 415 26 505 
192 6162 28 221 24 3738 40 15 3580 2032 390 6163 19 390 618 
192 151 40 6160 258 344 2977 5304 406 21 35 450 40 4461 127 15 
192 1258 19 22 642 3080 71 522 1668 568 1486 19 237 1515 35 
192 6164 24 211 767 
192 
192 38 684 40 6103 4042 15 117 19 139 402 72 12 1243 19 2637 
192 333 12 558 5365 928 24 593 40 206 40 1929 19 31 141 518 1931 568 
192 1504 24 
192 
192 494 24 24 497 
192 
192 192 211 767 
192 192 84 313 125 19 129 12 33 599 40 5392 19 20 390 151 589 
192 192 1856 333 24 432 489 80 6165 589 1455 24 
192 192 211 767 
192 192 84 139 125 25 19 25 12 550 5194 14 375 390 151 40 86 46 
192 192 211 767 
192 192 344 24 556 472 14 237 2923 14 15 1374 390 328 5619 19 20 
192 192 500 390 328 1286 630 1671 24 22 128 406 35 40 665 40 1301 
192 192 15 1374 28 6166 25 24 
192 192 211 767 
192 192 349 24 556 2159 230 630 3115 2361 14 15 1374 24 139 125 
192 192 3182 1935 2780 20 6167 24 211 767 
192 
192 
192 71 561 19 84 333 12 1299 5365 928 19 390 406 5910 40 6168 15 
192 1071 14 15 1258 56 560 60 20 6045 522 6016 38 221 15 1210 
192 6169 14 15 3580 5257 908 6170 91 5470 12 522 542 3722 
192 71 13 560 24 14 581 19 390 328 6171 1884 1481 133 5470 
192 40 6172 15 6173 14 15 1258 71 13 768 24 522 6174 5534 19 
192 328 390 6175 40 6176 5470 71 13 560 19 12 91 15 6177 34 
192 402 91 390 80 6178 206 608 22 2179 1258 40 6179 15 
192 1668 14 5470 24 1757 5 12 22 469 1258 19 1757 21 24 220 
192 390 328 35 520 71 240 390 6180 24 
192 
192 139 406 6181 15 1775 14 15 5542 40 1505 1709 71 5 886 211 767 
192 84 460 84 397 24 
192 
192 404 684 19 
192 
192 827 762 
192 
192 
192 