Subject: 37 46 6074 46 5773 1528 
6221 6222 211 102 63 3876 6223 6224 6225 6226 19 6227 5097 3568 6228 
6229 211 766 334 5317 211 102 63 6230 6231 922 211 766 334 6232 139 6233 6234 5097 96 211 102 63 6235 
6236 6237 6238 139 6239 24 6146 6240 2509 6241 
6242 6243 211 102 63 6244 6245 24 5322 766 211 766 334 6246 6247 6248 3580 7 6249 19 6227 2158 5097 
6250 6251 6237 6238 24 211 767 
6252 46 6253 211 766 334 3876 6254 6149 6255 6256 6257 6258 5097 3057 6236 24 
2514 58 2787 
354 447 46 345 2282 24 3469 24 1125 273 2065 19 313 191 46 
192 
192 
192 55 1983 19 2282 5348 3377 5595 24 5483 51 5470 24 5596 24 184 191 46 
192 
192 192 129 80 550 198 40 91 19 84 139 125 25 46 
192 192 211 767 
192 192 344 24 1505 25 87 75 25 19 25 2 96 40 1776 40 2370 24 112 390 4204 15 3636 
192 192 14 22 5287 24 
192 192 211 767 
192 192 349 24 6259 221 1098 6256 40 6256 24 15 1976 
192 192 3973 19 84 522 3580 2988 6260 19 12 91 141 151 630 4633 
192 192 6261 40 15 1275 14 15 1258 24 
192 
192 6262 19 129 12 22 614 38 1919 349 1594 1120 5820 12 21 
192 6263 230 15 2235 14 15 1258 19 1706 141 399 35 
192 2471 84 1284 3030 71 141 5262 14 3580 56 682 6264 219 60 
192 
192 6265 19 129 12 22 614 38 6103 91 34 151 40 6266 56 630 60 
192 6267 45 5812 24 
192 
192 6268 19 2455 6269 6270 2 96 6271 230 15 6272 6273 19 
192 141 151 3693 40 6266 45 21 3515 1284 393 167 19 84 211 767 
192 
192 344 60 15 1177 34 21 588 1120 1438 
192 349 60 141 34 151 467 40 500 6274 40 1120 505 20 292 45 
192 6275 56 847 29 7 184 6276 2596 60 20 313 413 1863 206 91 71 22 
192 3176 24 
192 
192 129 12 14 581 655 1919 352 46 1715 206 4553 20 2959 206 84 
192 6277 24 313 151 22 575 2142 20 313 413 1463 40 767 1413 14 91 230 
192 6278 19 184 1916 4323 45 3580 219 139 440 6269 1950 2 3 653 2116 
192 6279 4298 5710 329 505 230 4624 56 4513 522 5542 19 
192 6280 3646 60 
192 
192 590 19 5595 19 390 151 5 3524 6281 354 836 19 45 237 390 4415 127 
192 3580 7 1175 6282 19 220 313 80 1506 40 1943 928 1501 6283 4818 46 7 60 
192 
192 827 
192 
192 
192 
192 
192 