Subject: 10507 3395 2436 24 349 184 24 63 
7 1455 7 40 15 288 3105 864 56 10508 60 3395 19 2233 2059 
467 30 10519 19 157 320 19 3105 1298 19 20 630 24 
1415 763 768 1565 102 4229 96 922 102 3 3 102 3876 
1220 15 10507 
1192 157 55 15 10507 
1192 4887 56 8729 60 29 30 344 24 0 1177 723 
1192 1423 15 1389 288 56 8729 60 648 4352 
3715 136 10831 3029 
1177 3029 
1192 2059 467 3105 2128 30 
1192 4887 56 8729 60 2419 30 344 24 0 1177 
10832 46 4887 56 8729 60 10833 4159 19 
10834 56 8729 60 648 4159 1277 123 
1192 288 56 8729 60 3483 2188 888 352 1595 
1192 10522 56 8729 60 10835 1832 352 24 0 1595 
3105 1298 20 294 
1192 288 56 8729 60 648 5277 3590 
1192 2487 617 46 
7 264 648 1702 46 3473 19 10836 10837 
7 288 918 482 7026 46 6952 
1192 3400 2939 38 288 56 8729 60 648 
7 7 7 7 7 7 7 7 7 7 7 7 7 7 7 7 7 7 7 7 7 7 7 7 7 7 7 7 7 7 7 7 7 
139 1565 96 139 763 102 3 720 102 1415 763 768 
157 55 15 10507 24 374 1783 46 245 17 1685 288 139 187 968 
214 1674 19 288 888 230 10838 7 10839 1295 19 288 349 1380 
2044 46 10840 20 10841 10 19 22 157 3955 55 15 
1469 14 288 327 24 
4887 56 8729 60 2419 30 344 24 0 1177 723 55 15 10507 24 264 2 96 4887 
648 525 5040 230 4787 5859 87 30 845 
540 2070 19 40 27 927 2764 55 22 1747 24 10842 
15 4887 2070 3130 12 22 3128 6688 4028 6359 
1194 1445 55 15 288 56 8729 60 3685 24 
15 10507 525 22 2982 2040 230 2327 20 2602 4887 56 8729 60 
29 30 412 24 902 313 2 1278 100 683 203 40 2529 
10606 87 10135 24 40 467 19 125 
230 4870 203 133 15 4887 56 8729 60 648 19 237 
4077 409 4075 157 3628 20 5975 19 125 264 2 96 4887 
648 85 106 46 
295 46 187 187 267 24 264 24 53 187 4887 187 1976 24 298 
1423 15 1389 288 648 4352 3715 136 10831 3029 24 
917 230 1555 2525 379 40 588 17 374 
375 239 665 10831 3029 24 40 467 19 125 
7 7 7 7 7 7 7 7 7 7 7 7 7 7 7 7 7 7 7 7 7 7 7 7 7 7 7 7 7 7 7 7 7 
475 3876 968 763 1421 768 3 1565 102 4229 96 
2059 467 3105 2128 30 24 15 194 288 56 8729 60 1194 
30 12 1277 123 230 2629 55 15 10507 46 288 56 8729 60 3483 
2188 888 24 40 467 19 125 46 
4887 56 8729 60 2419 30 344 24 0 1177 10832 1277 123 55 15 10507 24 
1177 10832 289 15 4887 56 8729 60 10833 4159 46 15 4887 
648 1585 1194 213 15 4887 648 7575 1194 213 20 15 
4887 30 4159 24 100 123 12 15 10834 56 8729 60 648 4159 19 
237 525 585 2235 14 15 10834 250 20 15 4887 
648 10538 4159 24 40 467 936 845 19 125 
10522 56 8729 60 10835 1832 352 24 0 1595 24 22 1885 
1832 230 10843 91 15 10522 56 8729 60 2266 20 
1054 313 1823 136 15 15 288 56 8729 60 1885 4159 34 159 
71 15 10522 523 1832 24 40 467 19 125 
7 7 7 7 7 7 7 7 7 7 7 7 7 7 7 7 7 7 7 7 7 7 7 7 7 7 7 7 7 7 7 7 7 
763 102 674 102 922 968 475 102 3876 475 3876 968 103 3876 22 1338 96 22 1565 763 3876 102 96 968 1421 3876 768 102 96 
288 56 8729 60 648 5277 3590 910 3105 10525 56 10508 60 
2447 24 3590 230 5277 10844 3109 10845 230 
288 3645 1233 71 1280 24 6045 17 288 1194 1272 
1201 20 1384 3650 38 22 345 1413 9768 24 2498 45 869 14 2191 
3620 288 1272 5277 10846 24 5 5277 10568 15 
2360 30 19 124 19 1216 19 20 161 1468 84 13 14 537 
3464 2447 19 20 458 217 3105 1836 217 2374 40 4512 
288 1194 1885 24 230 630 203 19 125 
264 648 1702 46 3473 20 15 10836 10837 
1192 9605 19 2096 1280 2072 
1192 8563 19 8564 1280 1172 
1192 3477 3769 349 
1192 10847 19 9365 3769 334 
234 22 10848 391 354 409 14 264 2 96 2360 1885 124 19 1216 19 
20 482 24 4286 38 1177 20 648 2516 40 234 17 
1266 375 3359 24 230 1287 203 19 125 
295 46 267 24 264 24 53 187 3645 187 10849 56 9605 535 249 60 
295 46 267 24 264 24 53 187 3645 187 10850 
288 56 8729 60 918 482 7026 8147 1125 24 5 654 2487 
535 34 35 3474 71 6952 19 6953 19 45 3401 274 7 3327 19 3377 24 313 413 391 
392 40 2191 1702 2903 55 288 56 8729 60 1216 20 482 38 
1935 3105 20 2030 9927 24 71 1694 129 34 35 22 655 
1264 38 422 7483 7721 10717 15 2360 1054 20 124 19 
20 22 288 648 9390 24 630 631 7828 1050 80 1969 40 342 24 
230 630 203 19 125 
295 46 187 187 267 24 10851 1125 24 53 187 
917 230 3400 2939 38 288 56 8729 60 648 239 125 15 288 
1056 864 56 10508 60 43 723 230 2385 3400 2939 19 1177 20 
2385 3029 19 22 288 30 482 4850 19 84 590 84 22 10567 
14 3029 3728 1266 40 288 648 24 40 467 125 46 
295 46 187 187 267 24 288 24 264 24 53 187 1056 
24 24 24 24 24 24 24 24 24 24 24 24 24 24 24 24 24 24 24 24 24 24 24 24 24 24 24 24 24 24 24 24 24 24 24 24 24 24 24 
7 934 
15 401 55 15 10507 884 885 80 532 230 9 264 
2888 56 8729 60 4951 249 24 40 4458 17 370 45 15 885 19 125 
3409 187 285 490 24 
7 526 
489 239 146 17 526 55 15 10507 3395 40 46 
10582 51 264 24 53 
7 3409 187 285 
15 10507 3395 12 445 40 313 233 313 3081 40 3409 
150 313 610 84 22 10507 3403 24 40 285 45 5 
3395 20 432 458 10507 286 19 1463 40 15 194 86 
20 666 15 286 86 313 1870 40 4458 45 15 884 885 46 
40 1634 22 10507 3403 20 3409 40 5 3395 1463 40 46 
295 46 187 187 288 24 264 24 53 187 10507 187 
7 293 
313 2 1278 683 15 10507 3395 293 354 15 194 86 46 
7 4008 
4008 3377 264 2888 19 483 24 221 6261 6413 24 
10583 3492 1574 8933 19 7278 7279 19 3494 10584 961 
5 2022 12 3127 28 4008 24 230 630 203 19 125 46 
295 46 187 187 288 24 264 24 53 187 10507 187 4008 24 298 
10507 3395 
2436 24 349 184 24 63 
331 1172 19 3377 