Subject: 37 46 288 344 24 1755 20 3670 
1614 313 518 146 406 35 589 3055 24 139 244 1488 40 6563 15 
412 1273 323 19 1382 10714 71 15 961 1243 1277 19 220 139 569 21 234 25 
1243 24 24 24 24 24 24 24 151 22 2550 4573 24 
7 7 7 7 7 443 6 7 7 7 7 7 
45 46 761 24 674 24 762 494 262 46 839 51 840 24 836 24 689 497 
445 46 330 19 1280 66 19 3377 2282 46 2212 244 
40 46 10715 19 10716 
54 46 37 46 288 344 24 1755 20 3670 
55 1866 19 364 1618 3377 19 10715 19 10716 191 46 
192 3298 17 128 40 1176 133 3703 5220 71 288 344 24 1755 24 151 22 
192 1701 14 375 24 
192 
192 390 80 10717 8399 3671 45 22 3670 1183 1499 2550 71 1935 22 
192 1284 8399 3416 2425 2567 20 1291 22 217 4393 217 1770 2567 38 
192 8399 8188 379 1291 1563 24 209 137 40 312 8399 1291 
192 1770 2652 241 21 248 40 505 220 12 21 22 4503 1238 84 139 1499 
192 433 40 2576 71 1292 24 
137 12 7276 1146 40 682 38 2820 40 8115 71 2266 24 
192 1313 19 139 234 409 10 45 522 1162 71 10718 334 16 24 139 433 40 2019 
192 5 40 3670 568 139 413 5220 25 24 139 625 288 344 24 344 1746 313 221 5245 
14 
192 2329 2667 14 329 5 220 288 344 24 1755 241 21 24 151 313 1869 432 
192 10719 45 10718 334 40 3670 87 312 313 625 14 22 1210 1709 40 234 
409 239 
192 139 151 416 1466 15 43 20 1791 375 220 151 21 1209 571 
192 5305 84 14 595 24 
10720 19 22 1831 139 10126 1897 682 230 15 419 642 71 3231 1499 
6152 24 139 151 21 1843 25 595 19 220 139 151 22 1253 520 405 14 
904 40 312 25 24 139 413 1863 313 4729 28 4729 3413 28 102 7 18 31 313 
2792 40 1580 25 19 5539 138 19 3365 25 2 96 209 1253 10721 71 
5 2977 1243 1277 24 24 46 7 60 
404 19 
827 
192 
192 1322 488 71 1422 
192 10716 
192 