Subject: 37 46 2111 
192 192 902 12 500 139 1499 1052 46 
192 192 295 46 187 187 267 24 2115 24 1583 24 2116 187 2111 187 
192 192 
192 192 2112 
192 192 56 1907 46 139 1579 2 3 665 25 219 60 
192 
192 139 1235 20 25 2117 2 3 2118 230 226 1258 24 
192 
192 568 139 191 22 2111 852 1273 24 
192 139 244 2119 15 352 403 1462 14 
192 5 852 55 2027 187 1755 187 59 19 
192 220 313 413 683 22 2120 1462 902 46 
192 295 46 187 187 267 24 2121 24 53 187 2122 187 
192 56 87 313 413 400 869 14 15 2123 2124 60 
641 2488 12 2489 45 15 2490 24 139 2 254 416 2491 25 
230 22 456 1258 20 244 2492 25 40 35 1306 590 2493 24 15 
2494 2495 12 21 2496 503 568 139 1341 25 1985 55 15 
1069 20 894 14 15 2497 84 40 455 313 406 2498 
2489 56 87 1700 60 19 22 2067 655 19 87 1757 2499 17 1685 24 
2500 2501 
40 285 19 146 286 40 287 51 288 24 264 24 53 20 289 71 15 290 
14 15 6 217 291 197 7 292 217 24 
293 46 295 46 187 187 293 24 288 24 264 24 53 187 293 187 197 7 292 24 298 
294 46 295 46 187 187 288 24 264 24 53 187 320 187 197 187 321 7 294 24 298 
287 260 46 295 46 187 187 267 24 296 24 53 187 297 187 166 187 166 24 298 