Subject: 1139 2 4390 
925 1110 24 828 762 46 
55 889 14 15 1139 2 4390 5357 2155 139 406 215 40 5121 313 
40 5616 
71 15 7459 841 7 343 55 7920 19 7043 20 832 19 
237 34 35 
3474 71 7921 19 7922 19 961 19 45 3491 2286 7 1171 19 4390 24 1673 19 139 244 
200 313 
15 7924 383 230 1242 24 
390 80 1943 5826 55 15 1041 14 1426 4128 237 12 1175 
40 17 1266 1041 24 
139 406 215 313 40 3283 15 1874 14 5357 585 4686 
109 1175 40 22 1795 14 17 829 292 24 313 413 683 
203 133 15 3297 9693 230 4686 109 2143 71 
15 383 230 1242 20 71 15 343 43 106 
56 295 46 187 187 267 24 9051 24 1583 187 1139 187 60 24 
31 313 80 1189 71 5357 585 4686 109 19 259 19 6877 15 
7924 1621 584 71 15 343 43 106 19 20 390 34 146 313 22 
372 19 568 313 413 289 20 9694 1242 71 17 4686 109 
518 313 259 3512 15 383 230 1242 139 244 200 313 239 
31 313 433 22 1287 383 230 1242 1 2 3 4618 71 3788 928 230 25 24 
31 15 6130 80 5551 20 313 433 630 333 19 1715 682 625 133 22 
3225 
126 230 313 20 139 34 3257 313 31 25 12 9695 230 928 87 21 
404 684 19 
1099 7918 7914 
1094 5258 1139 4390 
6911 187 269 5013 56 3368 46 9057 60 5258 
383 230 1242 
15 63 403 1049 7723 55 
7920 19 7043 20 832 
1139 2 4390 
3491 19 2286 7 1171 19 4390 
7921 19 7922 56 961 60 
9061 1049 
295 46 187 187 267 24 9051 24 1583 187 1139 187 
9696 9697 46 9698 9699 19 9700 9701 20 3442 9702 
930 2155 5258 46 9703 9704 
1094 5258 46 7918 7914 
5357 2155 5258 46 9705 9706 
654 6527 
1192 203 2419 1885 
1192 203 2419 117 
1192 117 203 2419 
1192 1057 2069 
1192 4309 187 3456 6359 
1192 1609 2419 20 7563 
1192 9707 7630 
1192 1230 19 7915 19 5045 20 531 224 
1192 6359 57 
1192 3812 203 2419 
1192 4298 20 203 2419 
1192 1612 2419 
1192 6514 20 4626 2419 
1192 1139 71 5714 20 1059 
1192 1139 71 9246 19 9708 20 9709 
1192 5829 3640 14 1139 
1192 5739 294 
1192 3812 294 
1192 9710 19 1885 20 1038 9711 
1192 1139 71 6079 
3071 20 6351 950 7 3549 
9537 9712 46 1049 2143 55 7920 20 7043 56 6953 60 
9537 15 4299 230 2419 5298 56 2116 60 
9537 2419 5013 14 9137 
9537 5013 5830 2419 829 56 5234 60 
9537 9713 6997 1799 5013 
9537 2208 9053 278 56 9057 60 
9537 9300 29 5013 56 9137 60 
9537 2733 5013 14 7920 
9537 9714 46 2487 5013 230 15 2419 8622 56 961 60 
9537 6792 46 15 2487 2419 831 56 961 60 
9537 9715 46 2487 9716 14 2419 829 56 9165 187 961 60 
9537 6911 187 9717 
9537 7043 20 3812 2598 46 22 2206 14 1624 2353 7043 20 
9718 56 4505 60 
9537 9719 19 3798 270 831 14 15 9720 9721 278 56 6953 60 
9537 9722 20 3130 690 19 15 9723 2069 271 14 
15 9724 14 3486 9725 14 9726 9727 56 5747 60 24 
9537 15 9728 6351 5013 56 9729 60 24 
5376 28 15 9051 
15 2487 831 14 832 20 7920 24 
4248 393 
1642 1189 71 4641 71 46 
9537 15 2143 14 4686 109 56 96 60 
9537 15 2143 14 22 1076 7026 
9537 15 2156 154 
9537 15 343 9730 
9537 9731 2722 187 5659 71 2353 40 151 585 4248 
393 20 187 87 2529 15 1242 24 
9537 5475 3593 187 4728 187 8307 84 3071 187 6351 
950 7 3549 24 
259 666 40 15 343 43 723 56 295 46 187 187 267 24 9051 24 1583 187 1139 187 60 20 6877 
15 7924 
1621 24 31 313 151 432 504 1232 40 15 343 43 723 19 87 313 
433 40 146 87 1615 1555 
203 19 1221 15 1094 5258 1099 7918 7914 46 
9732 51 7914 24 53 
9732 51 7914 24 53 
9732 51 9649 24 53 
9732 51 9649 24 53 
7914 51 9733 24 1442 24 254 
4999 
393 14 1935 5659 20 7559 12 1812 4456 24 
1242 569 35 
3305 55 46 829 71 270 20 2069 19 542 5298 9734 55 
3600 
3551 20 6679 19 20 3545 1242 1387 55 2651 20 5242 
2152 9735 
910 3522 187 3266 9736 20 121 7 1943 24 230 5 
1872 19 15 
930 2155 12 9737 3738 40 15 6039 462 1805 24 
90 14 4490 7352 
344 24 1242 
1192 829 
1192 2186 
1192 3545 
1192 3201 
349 24 4995 2904 19 2144 20 187 87 4628 3658 2159 
352 24 157 3123 20 4686 461 2159 56 237 328 289 22 5284 
14 63 1242 60 
364 24 1076 9738 56 237 328 289 22 5284 14 337 1242 60 
7575 6476 20 1122 5902 4490 1621 
7575 6476 87 1122 5902 328 35 445 3515 608 1946 15 
194 16 46 
344 24 654 4768 14 15 1122 19 1175 40 15 654 6527 462 1805 24 
349 24 1122 3385 24 
352 24 7575 1025 14 3503 40 5574 307 20 187 87 1122 5902 14 59 40 
9739 307 19 71 1770 24 
364 24 2050 87 950 7 6496 38 401 19 3405 19 2390 573 19 280 573 
20 102 7 18 86 24 
7575 6476 87 1122 5902 328 35 445 40 15 343 43 
723 56 295 46 187 187 267 24 9051 24 1583 187 1139 187 60 19 5131 15 7924 
1621 20 9740 15 7924 1122 87 7575 1025 24 31 15 
343 43 723 12 21 1953 230 313 19 313 413 100 1286 
17 4490 28 1276 19 87 5266 25 40 15 9741 86 
9742 51 9733 24 1442 24 254 20 9743 4390 51 9649 24 53 24 
9744 19 2191 4959 14 7575 6476 87 1122 5902 
92 35 445 40 15 194 7645 18 86 20 187 87 9745 40 15 
194 2478 46 
9051 
1139 2 4390 
9746 9747 9748 
9749 19 7300 9750 
280 2478 46 
344 7 8447 7 9751 56 7921 19 961 60 
649 7 349 7 9752 56 9047 19 9057 60 
6130 
2781 337 19 59 4490 14 7575 6476 56 3503 7 5574 307 60 87 1122 
5482 56 59 7 9753 307 60 
1280 339 19 4390 7361 8375 
3401 332 19 4390 4490 14 7353 187 1546 1242 46 2957 4959 20 
1261 2124 
1242 2156 20 3601 
3305 1242 34 35 2041 24 7352 1242 19 237 328 21 2457 
4830 512 7 
8016 9754 1328 19 34 35 2778 28 2001 14 1122 20 1261 
6362 24 15 
1242 328 35 445 28 1276 20 28 2001 14 9755 20 9756 
2957 4959 14 9757 24 
404 1242 34 35 4623 230 1123 20 3014 230 2206 
3462 24 
507 2050 2546 34 35 2778 28 9051 19 1387 55 15 404 7 4686 
461 19 15 404 1076 
9738 87 404 2599 7 3398 24 
4686 461 
1387 55 1908 3398 2152 390 602 15 194 9693 71 
2353 40 2980 585 4686 109 46 
344 60 452 22 2443 1795 71 15 3114 14 1139 4390 19 20 15 4686 
109 3385 24 
349 60 6877 15 4686 109 2143 1621 19 584 71 15 343 
43 106 24 31 313 1 2 3 151 467 40 15 43 19 1221 15 1094 5258 19 
605 102 7 18 19 9732 51 7914 24 53 9732 51 9649 24 53 7914 51 9733 24 1442 24 254 
352 60 31 15 3905 1795 12 3225 19 15 1094 5258 34 3698 15 
1374 19 20 313 34 1615 585 9758 28 102 7 18 19 71 1892 1702 24 5 
9758 12 21 22 3026 3383 14 15 5942 109 19 220 22 
4812 7 3383 24 
3026 3383 34 1200 55 1092 354 559 6407 1242 230 15 
5942 109 20 9759 19 354 559 19 
133 1120 3591 24 38 5 9758 22 60 15 5942 109 34 35 
2461 71 15 343 43 106 84 590 84 537 7905 20 5258 
370 46 20 560 60 537 7905 34 35 450 40 1936 556 187 557 4686 109 
71 15 3078 14 1139 4390 19 28 432 2435 91 72 187 3108 6264 9760 19 
83 84 46 43 106 19 2957 3985 383 230 1242 19 383 230 1242 4323 40 
102 7 1814 19 99 24 
364 60 1221 5659 20 187 87 7559 71 17 2196 40 125 31 141 
413 2944 22 1122 40 17 5942 109 20 342 354 1139 4390 24 
63 60 3005 15 7575 6476 87 15 1122 5902 45 1573 4133 
2530 24 
892 60 205 22 3387 56 344 7 349 106 60 38 15 1976 5158 19 237 1515 35 
1175 40 15 4686 187 4623 1242 24 
491 60 84 460 84 313 151 63 1242 19 313 34 180 15 1621 71 2820 40 
15 4686 109 1242 19 584 71 15 343 43 723 24 
334 60 4729 491 34 1505 17 4686 109 40 15 167 14 585 2523 869 19 
31 15 1242 9761 221 15 4069 56 1242 5793 19 99 60 24 221 15 
2523 4686 461 34 35 2461 71 15 1139 4390 343 930 24 
930 2155 
1597 28 56 9762 60 8306 2722 187 5659 45 1428 4991 24 
2224 413 35 1052 71 15 343 43 106 56 295 46 187 187 267 24 9051 24 1583 187 1139 187 60 
87 1897 230 22 1287 383 230 1242 19 28 102 7 18 24 
343 8020 
15 343 8020 34 35 1920 9763 347 3401 332 19 4390 20 1920 9764 1279 3401 
332 19 4390 24 5 2495 34 289 46 
1192 22 5464 7 5465 1462 14 15 9765 
1192 869 9766 14 15 2957 3985 1462 14 15 343 9767 24 
56 458 2718 34 35 123 38 22 552 1413 14 9768 230 4999 60 
1192 5050 1680 
1192 1455 6484 
343 7117 
4116 24 7918 7914 56 1094 5258 60 
102 7 1814 46 9732 51 9769 24 254 56 3071 60 
9732 51 9649 24 53 56 4803 60 
9732 51 7914 24 53 56 2030 60 
7914 51 9733 24 1442 24 254 
961 2482 46 273 344 
961 280 46 273 344 56 8447 60 9770 7 9771 
9057 1149 187 280 56 5412 60 46 273 649 56 349 60 9772 7 9773 
9057 280 56 5412 60 46 273 649 56 349 60 9774 7 9775 
343 7374 
9776 4168 51 9777 24 1442 
458 7117 20 630 2224 413 35 1052 354 15 
343 43 106 56 295 46 187 187 267 24 9051 24 1583 187 1139 187 60 24 198 40 
1266 375 413 100 35 1899 28 102 7 18 24 