Subject: 494 2129 59 7 1936 497 383 230 1242 46 2487 343 55 2435 9512 
1907 46 1234 230 9513 219 
4637 230 6476 12 1429 1656 4325 219 219 219 219 219 
383 230 1242 
2487 343 55 2435 9512 
9514 19 4038 7 334 7 336 569 4390 
267 24 9515 24 25 187 9516 24 2610 
4612 28 
9515 7 9517 9518 769 8293 9519 
55 889 14 
9520 7 5075 14 1133 9521 14 4332 4307 14 
3286 
5748 20 3114 
15 303 1892 1037 151 2201 15 1216 14 2435 7078 19 
9522 224 4910 19 2036 4987 14 9523 1336 20 
3984 14 203 71 1645 1621 19 2975 1645 5237 
20 1743 7563 19 3515 2642 24 15 9524 215 9525 9094 14 83 
8080 215 1645 5237 19 4803 9526 19 3888 352 19 15 1049 
517 43 20 2249 7 166 1183 2252 415 9527 15 879 1885 
14 1216 40 1423 230 1336 24 5634 19 25 415 8971 
15 894 14 83 1216 84 1336 117 20 
4980 213 9527 15 152 7 9528 9529 40 530 4446 
5039 40 15 2249 166 213 584 15 208 2753 14 102 7 8350 213 20 19 
26 15 9530 14 22 3655 1645 5237 24 15 3353 14 
15 3504 1216 6045 1120 6506 4633 20 630 
2361 80 9531 40 1489 233 14 15 1322 9532 2667 15 
1626 1216 34 899 24 648 12 585 33 
5145 8664 220 425 147 5779 45 6010 2030 1047 91 
80 4316 40 35 2262 24 
5 343 34 530 22 4592 240 1626 9533 14 
2435 9512 3433 28 15 4730 14 438 1216 20 15 
9534 14 157 1216 413 35 9535 24 1242 80 7822 
91 5392 15 1071 14 83 1216 19 15 3353 4633 
38 458 1216 20 1120 4986 19 2975 84 1486 84 15 
3552 87 9536 1071 38 438 2030 1047 87 15 
4633 40 611 1191 230 157 83 1047 12 2640 24 
3123 
344 24 1336 3610 
9537 10 20 1230 1067 
9537 2418 8743 124 
9537 9538 5793 1216 
9537 1336 37 7 400 
9537 1336 1511 230 4984 20 15 1442 
9537 1057 1058 
9537 4446 2240 
349 24 1336 117 20 4980 
9537 1336 6032 
9537 4861 
9537 1465 
9537 4131 
9537 6261 117 
352 24 467 1216 
9537 575 3507 467 1216 
9537 1597 467 5859 
9537 2196 2152 38 157 1054 
9537 9539 5039 9540 
364 24 2345 1216 
9537 9435 1216 
9537 9541 
9537 9542 
9537 1645 8978 
9537 9543 
9537 71 7 85 20 4803 7563 
9537 4309 2418 
9537 8978 2055 9435 20 9544 
9537 4888 7 4985 2070 605 352 103 2419 
9537 157 3456 2345 1216 
9537 390 315 133 9545 9546 24 24 24 660 1903 390 569 125 
9547 24 24 24 
9537 1049 94 46 237 1298 605 237 9548 2435 20 240 
63 24 4865 
9537 4865 230 23 7 333 2435 3984 
9537 1747 1272 2605 
9537 1276 5546 
9537 1747 8740 
9537 1336 2252 4865 
9537 4028 1799 
892 24 1645 9549 
9537 3853 9550 1216 
9537 2248 6010 2435 429 9551 
9537 1047 230 8350 20 1056 
9537 2249 7 40 7 2249 655 
9537 6018 2055 24 6019 482 
491 24 5055 9552 20 9553 
9537 7108 1216 
9537 9434 20 1276 230 7063 1336 3984 
9537 2418 85 1194 1054 
9537 9554 1216 20 2435 
9537 2418 4544 1194 
9537 9555 3111 833 467 
9537 5055 5220 648 
9537 9556 8362 
9537 2915 2345 71 15 85 
9537 9548 40 599 1591 9557 
334 24 1336 5230 9558 
9537 1799 71 9559 
9537 1904 14 1626 4987 14 2435 5230 
9537 2435 55 7 15 7 1522 
9537 352 763 20 1508 1057 1058 
9537 5610 3422 
9537 4264 20 6568 1336 
9537 1216 230 1336 1423 
336 24 5227 2189 
9537 5227 2189 14 2435 
9537 6461 1238 
9537 2345 71 15 3482 1049 
343 7722 
7125 2155 
2719 9560 19 4649 
9144 9561 19 9562 
9563 9564 19 7006 278 
9565 9566 19 9567 
9504 9568 19 9569 
9570 9571 19 9572 
946 9573 19 2179 4984 4740 
9574 2166 9575 19 2179 4024 5014 203 5013 
9114 9576 19 9577 9578 9579 
5046 9580 19 6953 3258 
9581 9582 19 9341 8943 
946 9583 19 9584 
9585 9586 19 9587 
9588 9589 19 3471 831 14 648 
9590 9591 19 9592 9593 9594 
9595 9596 19 4668 
9597 9598 19 9599 
2225 9600 19 264 2888 
1605 7 5133 9601 19 9578 9602 
9603 9604 19 278 14 9605 
930 2155 
9606 9607 19 9608 4984 3540 
9609 9610 19 278 14 9605 
9140 9611 7 2076 19 7294 9301 14 5621 
8340 9612 19 9613 
9150 2166 9614 19 4668 
9615 9616 19 9617 
9150 9618 19 264 
9619 9620 19 9621 2179 5091 
9622 9623 19 4649 8209 
9624 9625 19 9587 
9483 9626 19 9627 
4851 9628 19 4649 
9629 6909 19 9630 
9631 9632 19 9633 5237 1747 
9634 9635 9636 19 9637 9638 9639 
9618 7992 19 3023 
9156 9640 19 9341 8943 
9641 9642 19 9643 
9644 9645 19 9587 
9646 9647 19 9648 187 9649 
9650 9651 19 9652 
1122 4490 
1642 9653 40 1317 22 5820 328 2529 22 9654 71 
1770 14 593 40 349 1328 56 908 5815 19 8188 345 60 40 35 1121 28 
286 56 4251 19 2111 87 1907 2800 60 28 15 7374 354 15 86 46 
9655 51 9515 24 25 55 87 347 1429 4325 59 24 
15 208 106 328 289 15 3385 19 2050 56 96 60 19 7831 19 1221 
86 19 20 1795 45 5 383 6582 24 
33 5557 20 879 203 
1429 4325 59 6476 1121 
337 331 4390 2894 14 7361 8120 
1430 3769 4390 7353 1546 3985 1121 
1299 3685 
15 1299 3685 14 15 343 12 1770 237 34 35 532 230 
221 2244 2240 19 2231 20 3629 
2178 
15 343 34 35 3474 354 15 9656 9657 19 8267 9658 344 19 
9514 56 4038 60 71 15 8167 14 15 5190 19 249 6407 346 5426 
3242 45 8218 1537 9659 4305 7900 24 3476 9660 
547 15 9407 14 15 343 2178 34 35 123 40 
9661 
3027 20 2494 
2494 4987 20 3027 2224 34 35 2778 22 1892 1909 
347 15 535 20 34 35 445 40 1642 553 180 20 427 15 
231 7 1621 
6668 203 34 35 1254 123 354 
267 24 9515 24 25 187 9516 24 2610 
8746 
15 343 12 541 4612 28 15 9515 9517 9518 
769 8293 9519 
7374 
9662 9663 
9515 7 9664 9665 
475 24 1427 9666 19 349 
9667 9499 56 4038 60 
1149 24 273 4062 1755 9668 187 9669 
280 273 4062 1755 9670 
286 46 9655 51 9515 24 25 
295 46 187 187 267 24 9515 24 25 
259 180 71 1722 9671 
968 370 9672 9672 9672 9672 9672 9672 9672 9672 9672 9672 9672 9672 9672 9672 9672 9672 9672 9672 9672 9672 9672 9672 9672 9672 9672 9672 9672 9672 9672 9672 
968 1315 9672 9672 9672 9672 9672 9672 9672 9672 9672 9672 9672 9672 9672 9672 9672 9672 9672 9672 9672 9672 9672 9672 9672 9672 9672 9672 9672 9672 
968 86 9672 9672 9672 9672 9672 9672 9672 9672 9672 9672 9672 9672 9672 9672 9672 9672 9672 9672 9672 9672 9672 9672 9672 9672 9672 9672 9672 9672 9672 9672 
968 8938 9672 9672 9672 9672 9672 9672 9672 9672 9672 9672 9672 9672 9672 9672 9672 9672 9672 9672 9672 9672 9672 9672 9672 9672 9672 9672 9672 9672 9672 
968 2977 9672 9672 9672 9672 9672 9672 9672 9672 9672 9672 9672 9672 9672 9672 9672 9672 9672 9672 9672 9672 9672 9672 9672 9672 9672 9672 9672 9672 9672 9672 
968 2390 9672 9672 9672 9672 9672 9672 9672 9672 9672 9672 9672 9672 9672 9672 9672 9672 9672 9672 9672 9672 9672 9672 9672 9672 9672 9672 9672 9672 9672 
968 5636 9672 9672 9672 9672 9672 9672 9672 9672 9672 9672 9672 9672 9672 9672 9672 9672 9672 9672 9672 9672 9672 9672 9672 9672 9672 9672 9672 9672 9672 24 
968 286 9672 9672 9672 9672 9672 9672 9672 9672 9672 9672 9672 9672 9672 9672 9672 9672 9672 9672 9672 9672 9672 9672 9672 9672 9672 9672 9672 9672 9672 9672 9672 
427 40 46 
9662 9663 
9515 7 9664 9665 
475 24 1427 9666 19 349 
9667 9499 56 4038 60 
1149 24 273 4062 1755 9668 187 9669 
280 273 4062 1755 9670 
286 46 9655 51 9515 24 25 
139 244 1189 71 15 343 20 903 9672 24 24 3985 187 6301 14 15 
3027 20 2494 1621 
139 1870 40 1317 22 5820 9673 8019 
9672 9672 9672 9672 9672 9672 9672 9672 9672 9672 9672 9672 9672 9672 9672 9672 9672 9672 9672 9672 9672 9672 9672 9672 9672 9672 9672 9672 9672 9672 9672 
9672 9672 9672 9672 9672 9672 9672 9672 9672 9672 9672 9672 9672 9672 9672 9672 9672 9672 9672 9672 9672 9672 9672 9672 9672 9672 9672 9672 9672 9672 9672 
7 7 
9618 9674 9675 7992 19 272 24 763 24 19 1099 
7967 7968 9676 7 7967 2166 9677 
6228 24 9678 9679 19 7484 7 5396 8756 19 5006 
2482 46 273 5770 275 9680 280 46 273 5770 275 9681 
102 7 18 46 9618 24 7992 51 9682 24 25 24 5708 267 46 295 46 187 187 267 24 9683 24 9682 24 25 24 5708 187 268 5129 187 
2129 59 7 1936 884 885 
2129 59 7 1936 51 8759 24 8738 24 5708 
