Subject: 494 102 7 21305 497 10655 230 5243 14 21306 1781 24 
2451 19 
226 370 12 21307 21308 19 139 244 22 21309 3935 354 7710 170 278 
1299 38 15 4814 15398 21310 21311 14 7710 55 3685 
3386 24 
15 4814 15398 151 2191 1781 46 21312 56 15 303 1093 21313 
3685 19 2528 2010 940 28 21314 20 21315 60 19 21316 56 22 21317 
3685 60 20 8123 21318 56 15 21319 3685 14 15 
21320 7 21321 5256 60 24 221 2191 80 2105 21322 19 572 21312 
20 21318 237 16434 249 63 40 345 1669 4687 55 15 7759 19 
221 14 206 435 87 209 435 24 
15 4814 15398 151 939 15 121 40 12978 221 2191 1781 28 
5232 206 71 15 1994 10905 2181 24 568 1486 141 151 16537 55 
21323 13411 20 225 908 1809 10655 24 503 19 31 141 643 
40 5152 5232 1120 1781 71 1174 7 7759 2747 20 575 
11176 19 141 80 1488 40 433 40 234 409 1323 14 170 10655 24 
522 456 1692 14053 55 15 167 14 1669 3273 21311 84 
21324 13529 24 390 643 40 3763 71 5378 14 170 7159 91 
2525 7244 14 1788 2 6839 20479 20 19858 230 
5232 17634 2118 10655 19 20 91 28 21325 14 1120 
21326 19 15 21311 312 21 433 170 1612 422 15 4298 14 
1120 4989 24 
139 151 21 416 450 40 683 571 55 15 1795 14 10655 230 
5243 14 21306 1781 19 220 139 2 763 35 1189 40 625 15 
113 458 21311 21327 38 91 134 151 1707 24 415 
1419 612 21328 1891 15 3025 14 21326 20 904 1235 91 505 239 
500 458 482 151 416 6762 239 
5891 40 2199 45 21276 1382 15 1049 19 
945 19 
21307 21308 19 
21329 51 15295 24 21330 24 4178 
8952 
8617 345 
21331 21332 21333 
15 7974 
1149 46 273 1429 552 18128 21334 
286 46 8952 7 885 51 1715 24 21335 24 6072 
1158 46 295 46 187 187 267 24 8952 24 1583 