Subject: 15720 14327 286 3405 7 1920 8726 
40 35 7604 45 3655 8719 19 423 231 40 5 6 20 168 217 4458 217 71 15 54 24 
15720 14327 
286 3405 
230 249 1920 8726 
313 643 40 1286 409 3650 239 
139 413 168 313 71 2376 38 422 4570 14327 1050 354 13494 184 3649 24 
413 313 1286 869 19066 45 1573 14 6729 401 239 
31 313 413 313 151 22 110 14 422 1920 344 19 10575 19 2742 24 335 
91 2 96 1243 19 139 151 422 15720 14327 10848 286 
3405 91 139 34 11638 230 249 1920 8726 24 936 80 221 
10848 3405 91 289 3688 567 135 
55 15 1276 323 19 38 184 9513 24 141 80 
221 5906 20 1546 40 35 8266 24 91 12 15 404 
5248 576 323 219 2003 3779 22 1177 230 
249 1920 63 20 209 249 22 344 1413 128 24 91 2 96 422 
1920 491 19 2742 19 2742 71 17 15643 219 219 219 
1 2 3 140 25 239 1050 80 1943 91 1323 14 
3650 1243 1277 28 329 15 419 642 19 91 12 
258 313 234 568 571 286 45 1050 3779 313 
1120 1177 24 24 24 24 25 1886 219 139 34 477 165 313 904 40 
18 206 38 1797 40 2454 4729 7 28 7 4729 
3413 139 289 38 567 2353 24 
139 34 146 313 22 3985 14 567 1492 3028 
286 24 25 12 1797 40 19806 15 1492 20 1286 22 
3525 24 936 15720 14327 286 3405 80 
1934 40 856 19 568 313 413 400 206 422 20 
422 24 141 592 55 22 3370 14 1739 19162 24 
5 1317 12 21 230 2836 24 31 313 413 21 
125 15 1499 904 4074 15 4204 187 8177 6472 
71 5 1317 12 112 129 12 3693 139 413 312 
230 313 24 40 1286 3650 313 1515 1495 18275 
20 1505 1352 24 
1192 1192 1192 1192 1192 1192 1192 1192 1192 1192 1192 1192 1192 1192 1192 1192 1192 1192 1192 1192 1192 1192 1192 1192 1192 1192 1192 1192 1192 1192 1192 1192 1192 1192 1192 1192 1192 1192 1192 1192 
15 19807 3484 3190 
15720 19 2742 19 2742 286 3405 55 5464 
936 370 80 221 71 11 2352 
1546 40 18 219 219 219 
1920 8726 24 335 
1192 1192 1192 1192 1192 1192 1192 1192 1192 1192 1192 1192 1192 1192 1192 1192 1192 1192 1192 1192 1192 1192 1192 1192 1192 1192 1192 1192 1192 1192 1192 1192 1192 1192 1192 1192 1192 1192 1192 1192 
15 4533 3484 3190 
15720 19 2742 19 2742 286 3405 55 5464 
936 370 80 221 71 11 2352 
1546 40 18 219 219 219 20 
1739 1626 286 1298 
20 124 40 260 38 17 8719 
20 885 117 24 
1920 7386 24 335 
1192 1192 1192 1192 1192 1192 1192 1192 1192 1192 1192 1192 1192 1192 1192 1192 1192 1192 1192 1192 1192 1192 1192 1192 1192 1192 1192 1192 1192 1192 1192 1192 1192 1192 1192 1192 1192 1192 1192 1192 
15 12297 3484 3190 
13494 1481 219 219 
15720 19 2742 19 2742 286 3405 55 5464 
936 370 80 221 71 11 2352 
1546 40 18 219 219 219 20 
1739 1626 286 1298 
20 124 40 260 38 17 8719 
20 885 117 24 
20 
422 3503 1626 2030 3200 
1277 541 7143 55 15 1276 230 593 40 
1920 578 1573 24 313 234 1284 6261 40 15947 936 
3200 24 
38 5 2341 313 234 15 286 3405 19 
15 30 40 18 206 20 1546 40 11638 
203 320 24 
20 24 24 24 24 24 24 
24 24 22 3370 14 15 578 404 3650 1943 
10595 2804 10600 1382 55 15 1276 24 
1920 19808 
1739 2667 40 2353 219 219 219 
31 313 2353 28 2482 87 280 390 34 2402 17 5464 1720 15 3047 14327 273 401 547 447 2411 14 17 2353 219 219 219 
390 3698 46 3273 7416 19 2955 833 10395 
369 14 10394 19809 187 2955 187 18242 239 239 479 479 479 479 479 479 479 479 479 479 479 479 479 479 479 
544 61 479 479 479 479 479 479 479 479 479 479 479 479 479 479 479 479 479 479 479 479 479 479 479 479 479 479 479 
370 55 4924 10394 479 479 479 479 479 479 479 479 479 479 479 479 479 479 479 479 479 479 479 479 479 479 479 479 
4924 10394 1919 479 479 479 479 479 479 479 479 479 479 479 479 479 479 479 479 479 479 479 479 479 479 479 479 479 479 479 479 479 479 479 479 
2387 86 479 479 479 479 479 479 479 479 479 479 479 479 479 479 479 479 479 479 479 479 479 479 479 479 479 479 479 479 
2482 289 1041 412 479 479 479 479 479 479 479 479 479 479 479 479 479 479 479 479 479 479 479 
286 86 479 479 479 479 479 479 479 479 479 479 479 479 479 479 479 479 479 479 479 479 479 479 479 479 479 479 479 479 479 479 
390 34 10494 4623 2458 40 17 1946 173 869 14 15 
194 2369 6142 46 
2369 3649 14 352 24 5642 208 670 18 
2369 3649 14 337 24 335 2308 8138 7416 18 187 7660 7416 
273 1311 3825 3159 240 1274 
344 60 280 17 2353 20 22 3985 14 17 6423 414 8029 40 
19810 230 15 2322 2458 40 15548 7 19811 7 19812 24 
349 60 280 15 419 1805 1899 4924 10394 203 40 
15548 7 19811 7 19812 24 
352 60 383 2482 1919 15548 7 19811 7 19813 24 5 12 22 2308 8138 2482 
573 40 1709 22 4924 10394 2353 24 5 12 585 2353 878 
249 24 
221 203 1271 230 313 40 1088 18 4087 19 3749 19 833 6280 12 584 38 19814 2353 24 
4008 59 