Subject: 24 3570 24 880 857 2044 
390 464 5705 40 313 28 22 3614 20 1247 91 313 569 35 1189 71 5076 17 589 1685 857 370 24 1235 313 625 91 857 401 80 541 610 354 15 5225 14 630 631 552 19 2742 108 2549 239 313 328 5681 17 370 857 1277 347 1176 612 12414 25 24 312 313 643 585 286 86 91 34 4240 17 370 19 2030 87 4803 292 239 31 568 19 313 433 40 2915 17 857 1277 354 46 295 46 187 187 267 24 24 53 
230 22 935 333 249 24 24 24 
390 5121 313 40 1505 3516 14 522 2443 8160 5225 55 11768 53 4640 24 3429 17 11768 53 370 1277 20 1384 3688 1982 1413 1794 15 2782 5225 14 928 1920 2349 24 230 22 935 333 249 19 2915 17 11768 53 370 230 1499 928 1920 2348 24 2425 108 1193 20 313 413 856 25 230 3158 219 40 3429 17 857 370 87 1499 414 31 17 11768 53 370 12 618 123 19 1463 40 295 46 187 187 267 24 24 53 
33 46 
630 631 983 14327 11768 53 401 151 416 610 437 20 1210 401 80 1488 1504 24 3738 40 2487 10 3540 19 630 631 380 21440 1276 574 34 151 1120 1685 11768 53 370 28 19848 24 234 17 2 96 347 25 2 96 551 1776 219 40 3429 17 857 370 87 1499 414 31 17 11768 53 370 12 618 123 19 1463 40 295 46 187 187 267 24 24 53 
211 211 211 211 211 211 211 211 211 211 211 211 211 211 211 211 211 211 211 211 211 211 211 211 211 211 211 211 211 211 211 211 211 211 258 313 433 22 11768 53 
344 24 234 22 1301 370 230 868 
455 313 80 22 3600 19 22 2030 87 1499 1176 553 1523 102 7 18 22 564 19 313 569 683 91 17 456 102 7 18 86 12 551 2140 87 423 551 3625 40 420 24 131 19 11768 53 21441 151 1922 470 56 11165 20 10540 60 40 3429 11768 53 401 593 40 18823 3671 152 24 233 129 413 249 35 869 410 11768 53 370 71 15 1049 19 1322 1050 80 21442 40 5681 1120 401 347 537 2771 28 1176 612 24 409 876 80 46 
7 21443 51 19 53 
7 8929 51 21444 19 53 
7 21445 51 21446 19 53 
7 946 51 21447 19 53 
349 24 1267 2370 17 102 7 18 86 558 1192 
587 17 1685 11768 53 370 1637 313 40 856 17 4878 55 15 1276 24 313 34 1267 151 40 2370 17 102 7 18 86 558 421 313 151 17 1685 11768 53 370 24 17 34 35 450 40 1931 17 102 7 18 86 45 869 1276 4445 40 641 233 313 1685 25 219 2003 15 11440 20 316 313 34 1384 28 21 587 40 3257 2836 21448 313 2370 17 102 7 18 86 24 
352 24 1367 14 22 43 723 1635 239 402 11768 53 208 219 1192 
31 313 151 543 324 22 43 723 18050 71 15 3655 19 313 328 5681 17 11768 53 370 323 24 421 313 151 17 1685 11768 53 370 19 313 34 35 450 40 400 25 230 22 3869 43 723 86 56 267 19 21449 19 53 60 1635 55 24 
1192 934 46 313 34 618 903 17 4387 40 2627 17 286 1146 24 22 11768 53 370 19907 91 313 856 17 286 20 43 86 184 3765 237 4387 313 80 38 24 