Subject: 6574 1511 20 4945 
1715 2 96 234 1243 40 15 431 24 
139 244 917 230 3276 4051 1050 91 
643 20 433 40 1286 22 5284 14 345 761 108 3175 24 
312 313 151 22 15764 5967 40 2370 15 5793 
14 17 438 3158 239 
406 313 215 40 3683 15 3158 91 940 249 5443 133 239 
31 313 402 5 12 40 1210 40 35 425 87 80 17130 
112 5 569 21 35 230 313 24 24 24 1322 151 416 17899 
40 140 25 1515 35 675 19 17900 87 17901 40 4284 
8731 432 23 16376 45 522 3275 24 
15 1839 12 390 151 1322 1050 71 522 918 91 8731 
422 1982 761 108 3175 45 15 4945 14 1120 1685 85 20 
80 15640 71 349 7 352 1037 3202 16748 20 587 2398 
13324 1935 4803 20 4626 24 
904 406 313 215 40 46 
344 24 10884 7021 4803 19 2030 20 3519 10611 17518 239 
349 24 2338 221 13544 45 432 1621 14 17902 19 17875 19 87 17794 239 
352 24 611 22 4830 17903 88 567 364 1909 239 
904 133 46 
344 24 17904 20 6051 180 4803 20 4626 4945 239 
349 24 611 20 17905 4803 6574 19 1407 25 20 2338 25 239 
352 24 4430 22 352 40 892 2962 8395 1498 55 17 3650 239 
364 24 6280 1286 868 20 17 13544 1314 7178 7 620 19 
17902 7 620 19 17906 7 620 19 16564 7 620 19 4425 7 620 19 17907 7 620 19 
20 1634 1314 10511 239 
80 313 22 3524 17908 19 3524 17909 20 22 135 91 3947 141 
14872 40 151 15 404 71 3158 239 
80 313 2946 14 17910 91 421 71 22 3112 943 
150 25 2 96 917 1243 354 313 239 
16961 940 151 2838 1120 14254 354 15 3385 249 40 391 149 
1037 20 4460 141 328 2 254 233 141 518 2 254 24 
31 313 80 1500 133 4081 17 3158 24 24 24 
383 14097 1468 344 7 355 7 17911 7 17912 56 2308 9423 13248 349 8747 6 60 
193 16552 219 7 21 16401 219 
404 684 
17913 3628 
7 7 7 7 7 7 7 7 7 7 7 7 7 7 7 7 7 7 7 7 7 7 7 7 7 7 7 7 7 7 7 7 7 7 7 7 7 7 7 
40 4458 259 231 38 4458 71 54 