Subject: 157 1451 230 6227 7 1725 17 16490 3158 7 24233 
1277 432 3807 19 2046 14 4142 19 413 1596 1771 46 
1192 40 35 841 7 23856 
1192 40 2105 104 15 14247 14 556 20727 
1192 11064 15 1394 14 556 20727 
1192 15 8404 40 20795 20796 
1192 6041 15 18722 103 7 3288 
1192 40 2105 104 23857 6806 
1192 15 3684 133 17694 19 173 157 16574 
1192 40 11294 15247 23858 
1192 15 8404 14 209 556 5287 40 643 630 16490 
1192 40 11294 18761 354 432 4142 
1192 40 151 593 40 22 2191 8138 21865 
157 19 1797 40 644 1451 55 6227 2 96 4432 8404 
18722 4432 4866 2 96 
1869 
28 
890 15745 20 10155 23859 19 1338 24 763 24 
1443 6227 249 234 22 16499 14 15 5089 141 413 
192 45 16490 7 1279 249 22 1892 1328 313 413 1596 11064 
91 2458 14 5089 24 
5 12 22 11623 157 1451 2233 568 1322 1856 
2776 20 5896 4432 4866 2 96 313 2 1278 35 17436 24 
31 313 1 2 3 1771 1292 157 71 15 208 1892 1328 
91 2105 13251 17 16490 3158 390 2 1278 427 17 3650 24 
15 2398 3649 14 5 1451 12 249 1920 447 24 2425 173 1920 352 24 2425 2369 
20 2396 24 
40 2353 217 18722 4432 8404 217 383 380 7 24234 7 24235 2308 2411 22 2549 
87 313 413 146 17 414 87 3650 2353 230 1920 339 24 2470 40 
23861 6846 
14373 1624 956 
1919 23862 23863 
157 4389 19 14429 24 23864 
5 6 12 445 71 6462 14 15 157 102 7 18 10494 46 
4441 2391 24 108 4441 2391 19 2247 56 22 60 56 349 60 56 768 60 14 96 24 14087 
40 35 7604 45 522 102 7 18 885 259 383 355 7 11048 7 23865 
87 313 413 102 7 18 928 354 24236 1125 51 2038 24 53 