Subject: 494 14548 497 37 46 904 40 3719 1175 2246 
869 14 15 498 15348 14 14548 12 25 2 96 13294 24 869 14 15 
498 504 38 14548 56 71 226 582 60 12 25 2 96 13294 24 40 
15159 55 15 303 1566 46 13294 908 5816 19 
1612 20 9801 413 5467 40 1500 3655 504 24 1505 
608 1946 5 589 134 56 1175 2246 60 24 4851 2 96 286 130 
3050 40 15349 15 7134 14 14548 13294 24 568 500 31 139 
1235 1580 5 655 239 139 518 611 22 15272 
540 46 217 2603 217 19 139 518 2022 5 20 221 226 10540 518 
930 40 5 2887 24 503 19 500 31 15084 501 91 
3108 2086 217 1175 2088 217 1301 84 22 1795 369 239 3108 518 2022 
5 1839 20 221 557 10540 518 930 40 91 2887 24 
1176 612 569 2498 217 1175 2246 217 20 595 1176 612 569 
2498 217 2551 2246 217 24 15 614 328 35 15350 46 432 505 225 28 
10540 40 15351 15093 45 432 869 848 1950 2 3 505 38 
641 4445 19 515 15352 15 2036 24 
568 258 139 3128 379 15 13294 5040 71 14548 139 
140 390 328 35 15353 150 20 904 390 400 206 24 129 328 
35 409 405 40 1402 40 15 2036 14954 24 71 5 542 19 139 
406 215 40 125 22 15272 540 217 2603 217 87 217 1175 351 217 
3159 40 15 3677 14586 1795 90 56 87 1173 91 328 35 22 
15354 239 60 24 
12 129 22 1633 405 40 2529 5942 2361 187 12684 40 15 
2036 56 3677 60 14586 14954 239 31 21 7 1757 390 433 22 405 24 
34 
7 7 7 71 14548 51 5085 24 53 19 217 4851 14568 7 14569 217 
191 46 
192 14548 415 3705 20 12486 5040 230 329 5 
1323 14 
192 642 24 
192 
192 934 91 15 599 17 217 1175 2246 217 80 1175 40 80 21 15 
192 15127 436 19 220 1266 3123 547 25 24 
192 
192 500 313 312 12 611 22 15043 1720 15 3123 71 1528 19 
20 400 
192 15 2224 6343 14 15 1795 7141 40 1840 15 
2732 2246 24 
192 2672 19 313 400 15355 7141 71 40 
351 15 
192 15207 40 15 3123 24 
192 
192 1295 344 56 1387 55 15356 2 96 60 
192 71 5 1295 19 129 12 22 1795 9510 217 1188 217 19 14 
15272 217 2036 217 19 38 
192 22 2224 15357 4555 40 267 24 1188 24 53 24 22 1795 14 15272 
192 217 15272 217 20 15097 217 2036 217 12 100 584 24 129 12 22 
192 15358 14 15 217 1188 217 1795 2639 71 15 
15359 24 
192 
192 
192 
192 
192 1188 
192 
192 
192 
192 2036 
192 
192 
192 
192 
192 
192 
192 
192 
192 1295 349 56 1387 55 34 2 96 60 
192 71 5 1295 19 129 12 22 1795 14 15272 217 535 217 56 15 928 
15360 
192 15346 60 19 550 3123 14 15272 217 135 217 56 15347 20 14376 60 19 20 
550 3123 
192 14 15272 217 2603 217 56 15 15347 20 14376 7113 2246 60 24 15 15347 
20 14376 
192 3123 1573 151 22 6660 9510 217 7113 723 217 237 1604 
15 
192 2732 2603 1795 24 22 1795 14 15272 217 15272 217 20 
15097 
192 217 2603 217 12 100 584 24 537 217 260 11 217 1288 14 5 
1795 1132 
192 91 15 2224 6343 55 22 1795 14 15272 217 2603 217 6495 
40 15 
192 2603 436 24 2672 19 129 12 22 217 6719 217 15358 230 15 
192 15346 1795 19 20 22 217 6201 217 15358 230 1573 14 15 
550 135 
192 3123 24 
192 
192 
192 
192 
192 
192 15346 59 
192 1193 59 928 15360 15361 
192 
192 
192 
192 
192 14376 
192 3442 4229 14376 
192 
192 
192 
192 
192 15347 
192 2423 15347 
192 
192 
192 
192 
192 14376 723 
192 
192 
192 
192 15347 723 
192 
192 
192 
192 7113 723 
192 15 2603 14 22 
928 
192 15360 2966 24 
192 
192 
192 
192 2603 
192 15 2224 
6343 55 22 
192 1795 14 15272 217 2603 217 6495 40 15 2603 
436 
192 
192 
192 
192 
192 
192 
192 
192 
192 
192 
192 139 402 313 413 125 91 390 151 902 22 3421 545 14 4895 
91 413 35 
192 532 71 15362 2667 40 351 15093 40 1175 203 
14 1849 
192 5245 24 
192 
192 391 127 230 15363 133 15364 56 1188 1795 15365 60 354 15 1188 
59 
192 343 71 3521 71 2059 2781 24 5 2887 19 
6017 45 
192 15 1159 1795 4173 15365 2036 56 1159 15366 60 34 1623 313 40 
192 14955 11043 7664 627 3123 19 3864 936 
7664 84 
192 3123 71 1120 1685 1243 19 11043 500 458 203 294 
80 100 
192 15367 14 432 462 1795 19 20 5417 14 458 1210 1551 24 
192 
192 14548 415 15368 3109 38 10538 38 15 3655 
15364 
192 2887 71 653 24 
192 
192 404 684 
192 
192 4851 
192 211 211 211 211 211 211 211 192 4851 14568 7 14569 
192 2433 19 14548 1462 344 24 0 
192 3403 19 15364 8743 690 
192 
192 
192 7 7 7 7 443 6 7 7 7 7 7 
192 192 45 46 217 15084 15085 217 
192 192 40 46 217 2 14548 51 5085 24 53 2 217 
192 192 647 46 
192 192 13218 46 
192 192 15369 46 37 46 494 14548 497 37 46 904 40 3719 1175 2246 
192 192 369 46 15370 24 934 
192 192 445 46 2212 4775 59 64 46 275 
192 192 
192 192 139 402 72 12 3788 133 2246 20 187 87 3029 13163 28 458 
2435 
192 4624 
192 192 91 80 1175 40 15 15127 169 24 230 1295 31 869 12 
15371 
192 593 585 
192 192 2203 55 1188 19 72 187 3108 569 643 40 289 267 24 1188 24 53 84 
22 217 1175 217 
192 723 19 
192 192 87 15372 1951 20 1840 22 1095 2203 13703 55 
5 43 
192 723 
192 192 91 1746 429 7 1402 40 15 15127 354 2983 24 936 217 1175 217 
192 192 2246 187 1783 187 15093 518 100 35 1604 532 28 15 
12263 24 
192 25 
192 192 679 40 35 6110 203 902 19 84 71 217 324 22 43 14 
192 203 217 
192 192 910 3029 2374 20 1120 5842 24 904 312 313 602 390 
1692 
192 5 239 
192 192 
192 192 15084 
192 192 7 7 7 7 7 443 6 7 7 7 7 7 
192 192 45 46 4851 14568 7 14569 494 262 46 4851 24 14568 7 14569 51 3876 24 24 24 497 
192 192 445 46 1170 19 4775 2326 19 59 491 46 1539 340 
192 192 40 46 14548 51 5085 24 53 
192 192 54 46 37 46 494 14548 497 37 46 904 40 3719 1175 2246 
192 192 
192 192 
192 192 413 313 1884 500 313 1744 28 217 11087 1175 2246 217 239 
139 1 2 3 
192 192 2454 500 313 151 71 653 902 24 
192 192 
192 192 4851 
192 192 
192 192 211 211 211 211 211 211 211 192 192 4851 14568 7 14569 
192 192 2433 19 14548 674 344 24 0 
192 192 
192 192 7 7 7 7 7 443 6 7 7 7 7 7 
192 192 45 46 15298 51 720 24 24 24 494 262 46 15298 51 720 24 24 24 497 
192 192 445 46 2326 4775 59 275 46 5594 
192 192 40 46 14548 51 5085 24 53 
192 192 54 46 494 14548 497 37 46 904 40 3719 1175 2246 
192 192 
192 192 
192 192 15 614 38 91 1692 12 91 15 6017 45 6749 
192 192 641 15127 24 139 244 1203 21 71 15340 14 22 3070 
230 
192 192 1614 458 631 22 3070 24 22 1301 1692 406 35 40 
1402 22 
192 192 157 2435 369 1757 540 217 2603 217 20 1402 585 2322 
192 192 1336 2464 24 91 541 2643 19 139 244 21 71 15340 14 
4081 187 6567 
192 192 1332 15341 40 15 14586 15342 24 568 221 71 221 19 139 399 
402 
192 192 14 22 512 12597 655 40 5 614 24 
192 192 
192 192 91 2 96 1499 226 1505 55 25 19 432 489 406 35 1455 24 
192 192 
192 192 34 
192 192 
192 192 7 7 7 71 14548 51 5085 24 53 19 15084 15085 191 46 
192 192 192 151 313 543 15 217 15243 217 9786 239 2637 15 
2029 
192 192 5989 
192 192 192 228 25 12 3663 40 5835 217 3029 2374 217 20 902 15 
15127 
192 192 192 6343 413 35 22 1158 87 22 14548 15105 24 129 12 1080 230 22 
192 192 3070 71 
192 192 192 237 313 413 15167 17 3653 24 217 15343 217 12 
3663 
192 192 40 35 
192 192 192 532 71 2753 240 15 1045 87 2203 12 13 14 22 2417 19 
568 
192 192 91 
192 192 192 9786 247 2 3 1305 40 2185 24 230 2836 127 129 19 31 5 
3144 2 3 
192 192 22 1210 
192 192 192 1354 19 259 1772 593 24 25 2 96 22 1528 139 151 551 24 
192 192 192 
192 192 192 15084 
192 192 192 
192 192 192 7 7 7 7 7 443 6 7 7 7 7 7 
192 192 192 45 46 15298 51 720 24 24 24 494 262 46 15298 51 720 24 24 24 497 
192 192 192 445 46 1170 19 4775 2326 19 59 344 46 65 244 
192 192 192 40 46 14548 51 5085 24 53 
192 192 192 54 46 494 14548 497 904 40 3719 1175 2246 
192 192 192 
192 192 192 
192 192 192 904 312 313 5835 1175 2246 71 14548 24 139 2 1338 136 22 
1336 
192 192 192 2464 38 22 1332 2435 369 19 679 22 600 15339 138 19 12 
129 
192 192 22 
192 192 192 630 12597 655 239 
192 192 192 
192 192 192 
192 192 192 
192 192 192 
192 192 192 
192 192 192 
192 192 192 40 132 22 6 19 146 25 40 46 14548 51 102 24 24 24 
192 192 192 
7 7 7 7 7 7 7 7 7 7 7 7 7 7 7 7 7 7 7 7 7 7 7 7 7 7 5085 9998 7 7 7 7 7 7 7 7 7 7 7 7 7 7 7 7 7 7 7 7 7 7 7 7 7 268 7 268 192 
5085 15281 
25 2 96 1797 24 25 2 96 10017 24 404 14 221 19 25 2 96 1468 219 
40 132 22 6 19 146 25 40 46 14548 51 5085 24 53 
40 285 19 146 22 3410 6 40 46 14548 7 285 51 5085 24 53 