Subject: 37 46 494 14548 497 14548 20 9540 7 37 46 102 7 18 187 3070 15240 703 174 239 
139 2 254 416 4680 149 45 2951 40 5 19 40 125 500 940 406 1564 
208 24 220 139 15224 38 15241 91 15 13294 91 12 1445 71 40 
14548 525 2667 71 237 526 413 437 35 11908 24 936 2667 
289 56 220 433 21 35 935 40 60 46 
7 22 15242 622 1830 12 217 526 217 19 237 172 458 
15207 38 1439 7457 80 3790 40 6069 90 14 526 
24 24 24 
7 22 872 157 15127 91 12 15243 641 869 19 20 237 8620 
14 3693 220 526 55 15 1236 15127 24 
7 22 4131 9786 19 622 15115 12 217 526 217 19 237 15244 
6660 13135 91 80 5943 71 1439 405 12 3790 40 2364 
15 1069 14 1439 526 15223 20 203 14862 12 541 
5942 24 
14 581 19 3198 14 5 12 217 2036 217 24 936 113 400 15 
13294 14 15 2036 19 237 12 1260 40 1623 7151 87 
166 7 15245 3891 14 5 20 458 5245 24 91 7151 
518 7140 608 6642 15246 24 230 15 14586 40 1402 217 526 217 
40 537 1830 6842 406 139 140 35 15247 354 5 2524 24 220 432 
4445 413 611 537 1685 6842 91 3185 15 14586 869 19 136 15 
194 2499 46 
15248 
1439 139 643 40 1564 133 500 526 
2001 24 
22 5374 627 14586 1728 553 80 1189 71 5 19 20 847 
2519 19 40 1823 2764 409 14 936 3891 91 15143 38 15 
113 847 2519 12 1064 406 19 25 679 40 682 19 35 589 
6110 24 1120 14125 1279 585 2322 549 14 4069 
5356 19 6684 19 20 325 19 518 112 7140 608 2159 230 
1555 2374 71 869 87 630 14586 14954 354 432 2322 333 19 
20 187 87 1555 9786 90 71 15 14548 2029 354 15 333 14 
15249 14 409 1462 344 24 2687 87 349 24 0 24 
1323 684 
4851 14568 7 14569 
480 14 157 1216 19 15139 
2433 19 14548 1462 344 24 0 
1149 46 273 2077 56 0 60 15140 15141 
4309 46 273 2077 56 0 60 15250 15251 
286 46 4851 24 14568 7 14569 51 15139 24 53 
7 7 7 7 7 443 6 7 7 7 7 7 
45 46 15252 19 15241 494 262 46 15241 24 15252 51 14656 24 53 497 
445 46 767 4325 59 64 46 5585 
40 46 2 14548 51 5085 24 53 2 
54 46 37 46 494 14548 497 14548 20 9540 7 37 46 102 7 18 187 3070 
15240 703 174 239 
139 402 526 12 589 33 220 139 402 91 14548 328 1505 22 
4901 15253 84 40 500 5040 80 532 40 3005 25 7 286 19 
43 7 4987 87 1439 7 71 571 15 419 405 91 14548 12 6836 40 19 
220 241 21 14455 19 15 1849 3984 1051 71 237 25 12 40 35 
532 24 
150 6846 83 526 139 402 25 2 96 630 71 15 6518 14 14548 40 
151 845 38 7457 83 84 217 526 217 631 40 6798 1266 
6872 91 15254 25 24 24 24 
24 24 24 1706 139 402 91 526 12 1731 217 312 7 450 217 71 15 3078 14 15 
14548 390 151 323 24 1757 15 249 1694 40 15 2768 3790 45 
15 14586 406 35 15 1694 14 217 526 217 40 15 1830 6842 24 
15241 
7 7 7 7 7 443 6 7 7 7 7 7 
45 46 946 12786 494 262 46 8212 8973 51 353 24 14959 24 53 497 
445 46 767 4325 59 2212 46 2270 
40 46 14548 51 5085 24 53 
54 46 37 46 494 14548 497 14548 20 9540 7 37 46 102 7 18 187 3070 
15240 703 174 239 
14548 1462 344 3686 15 13111 40 2364 3029 15255 45 
15 8911 4261 24 390 1235 21 3283 15 913 14 526 24 
503 19 14548 12 543 40 35 585 6158 2036 20 184 3060 
34 151 1555 2442 3159 422 333 24 390 406 215 40 1715 
15 1320 10493 20 234 526 45 1739 3654 14 
5197 2070 347 15256 309 432 3159 2442 24 
587 2643 5 31 129 12 22 433 230 83 22 526 4041 112 
1757 1642 1189 518 156 15257 127 22 166 13111 
91 390 518 391 354 71 15 3655 24 
946 12786 
15084 15085 191 46 
192 
192 4163 46 
192 
192 1285 526 12 33 40 15239 20 25 10128 91 
15 
192 3029 2464 56 20 187 87 15 10151 187 3029 4445 60 12 2771 6129 24 25 
679 
192 91 15 456 1462 14 14548 344 24 0 525 585 2054 15258 14 
192 7141 91 5248 38 6846 187 4984 1438 84 15 2374 159 
192 910 15 3610 117 19 6261 7 2252 19 20 5191 154 24 
192 526 87 9540 38 15 6127 1389 406 592 608 1829 
71 
192 22 132 7 3610 1832 24 500 406 35 650 38 17 
4977 
192 12 40 530 15239 20 6957 38 22 7633 15259 
192 30 930 215 482 1131 2 96 24 5 930 27 13091 
192 12494 286 19 1986 15 217 15260 217 14 15 934 19 11187 5 10 84 
7141 
192 38 2322 4131 6872 19 20 11432 25 415 15 6997 
192 1799 40 6394 15 286 71 3777 14 537 894 24 25 413 19 230 
192 1295 19 14861 455 15 18 12 217 5171 217 87 217 15261 217 87 
217 4478 217 
192 20 112 1709 25 71 22 1696 1733 24 
192 
192 139 402 15262 526 20 286 406 35 3055 230 15 2433 87 
192 10151 547 22 13077 20 1827 19 220 25 2 96 21 520 40 682 
455 
192 83 22 3082 406 879 15 2442 20 14066 14 14548 24 
192 
192 500 312 313 402 19 946 19 2719 239 500 12 15 1585 14066 14 14548 239 
192 
192 15084 761 24 15085 
192 
192 7 7 7 7 7 443 6 7 7 7 7 7 
192 45 46 15076 51 15080 24 1442 494 262 46 15076 51 15080 24 1442 497 
192 445 46 330 19 4325 658 19 59 491 46 1561 244 
192 40 46 14548 51 5085 24 53 
192 54 46 494 14548 497 14548 20 9540 7 37 46 102 7 18 187 3070 128 
192 174 239 
192 
192 241 470 151 432 2997 14 128 40 226 1528 490 239 1757 
192 313 92 597 17 5904 55 904 15238 34 3083 630 
192 9540 7 1757 5943 9540 627 3627 20 
192 15239 91 1402 429 40 13071 239 
192 
192 902 12 585 2203 71 2433 20 3612 91 10595 409 4261 46 
192 
192 295 46 187 187 267 24 15263 24 53 187 15264 187 3029 187 15265 187 2939 187 15266 1565 349 24 2610 
192 
192 1815 19 
192 4163 15076 
192 
192 7 7 7 71 14548 51 5085 24 53 19 217 4163 15076 217 191 46 
192 192 
192 192 
192 192 500 3082 14 15 14548 15074 15 526 466 40 
192 15 
192 192 848 14 2939 239 869 14 15 33 2189 14 317 3029 12 
192 192 15 2366 40 1165 22 550 7 405 864 627 15 3757 20 
192 192 1641 24 526 518 1463 449 40 409 43 1621 87 605 102 7 18 84 
192 585 
192 192 586 24 139 6420 15 2029 2022 20 533 1757 84 585 
192 5518 
192 192 13 14 15 15075 878 586 19 139 1579 2 3 125 5 3906 84 585 
192 192 1836 2464 24 
192 192 
192 192 869 15 654 1035 14 15 550 7 405 1276 12 40 853 71 
192 192 2148 230 5943 526 24 409 2997 14 2036 2196 40 
192 192 4512 91 154 406 260 3545 435 2435 230 15 157 
192 192 4446 1049 24 
192 192 
192 192 4163 15076 
192 192 295 46 187 187 267 24 15077 24 1583 
192 192 
192 192 475 24 96 24 38 847 2519 139 244 1299 2159 230 22 1958 7 10 
192 192 1288 20 15078 5809 133 317 3550 24 139 2 763 
192 35 
192 192 879 1189 71 12911 4689 91 518 7686 1891 38 22 
192 192 10872 40 2763 1050 22 6199 886 1080 56 43 15079 87 
192 458 60 
192 192 230 1322 7 40 7 1322 1609 24 
192 192 
192 192 
192 192 
192 192 4963 4963 4963 4963 
192 192 4163 922 24 15076 7 4229 46 295 46 187 187 267 24 15080 24 1442 
192 192 929 7 7 7 102 46 15076 51 475 24 24 24 
192 192 8849 7 7 7 7 7 3 46 273 344 24 8852 24 11354 24 15081 
192 192 961 7 7 7 7 7 7 7 15082 46 15083 
192 
192 40 132 22 6 19 146 25 40 46 14548 51 5085 24 53 
192 
192 40 285 19 146 22 3410 6 40 46 14548 7 285 51 5085 24 53 
192 
192 
192 40 132 22 6 19 146 25 40 46 14548 51 5085 24 53 
192 
192 40 285 19 146 22 3410 6 40 46 14548 7 285 51 5085 24 53 
7 7 
2487 2192 834 4774 
1299 40 1725 15 6874 14 3029 2535 24 
2362 522 43 723 354 295 46 187 187 267 24 14586 24 1583 
40 132 22 6 19 146 25 40 46 14548 51 5085 24 53 
40 285 19 146 22 3410 6 40 46 14548 7 285 51 5085 24 53 
2362 522 1276 723 354 295 46 187 187 267 24 14656 24 53 
432 107 2984 71 5 6 80 1642 14 15 3504 
2310 19 533 240 15 2310 1204 1132 206 40 35 
15 107 14 14656 883 24 
40 132 22 6 19 146 25 40 46 14548 51 5085 24 53 
40 285 19 146 22 3410 6 40 46 14548 7 285 51 5085 24 53 
7 7 7 7 7 7 7 7 7 7 7 7 7 7 7 7 7 7 7 7 7 7 7 7 7 7 5085 9998 7 7 7 7 7 7 7 7 7 7 7 7 7 7 7 7 7 7 7 7 7 7 7 7 7 268 7 268 192 
17 5256 618 1950 2 3 625 500 313 312 24 354 559 141 2 1278 625 240 24 
15 294 19 15050 833 15051 14 1191 354 3539 80 
15052 24 15 249 1528 12 80 313 1546 230 91 1323 14 4986 239 
40 132 22 6 19 146 25 40 46 14548 51 5085 24 53 
40 285 19 146 22 3410 6 40 46 14548 7 285 51 5085 24 53 