Subject: 5256 370 1368 
6041 17 5256 1368 
592 2362 522 2603 354 19 295 46 187 187 267 24 17955 24 53 
1468 1423 
312 313 625 553 17 11184 80 20 500 141 1235 239 
312 313 625 150 17 8937 208 8767 239 
80 313 5908 133 240 17 5256 16689 242 239 
1277 313 413 6877 71 15 3080 13163 14 5 12056 24 
927 15 6703 17956 553 151 6632 1120 
180 5256 8937 1368 24 
221 17957 24 25 2 96 1797 24 1499 1062 17 303 370 608 
522 317 1952 19 20 71 562 390 34 165 313 25 2 96 2985 
20 571 630 24 125 31 390 2 254 4247 17 180 5256 
370 1368 223 522 1171 1037 14 3600 829 24 
644 22 3789 1368 19 173 7 1468 17958 14 15780 17959 38 
17 5256 2 96 1443 8421 17958 14 15780 833 17960 24 221 71 1284 
3784 24 17 5256 370 1368 17961 12 2282 2687 
2348 217 19 9311 14726 307 24 25 12 17962 17963 
28 17 1443 8421 17958 14 15780 71 1284 15582 17964 
17965 24 422 3503 1557 55 5256 20 17964 1368 24 
259 592 2362 522 2603 354 19 295 46 187 187 267 24 17955 24 53 
1468 1423 
5102 14 401 2487 483 24 
344 7 355 7 226 7 16689 