Subject: 553 12 553 219 219 219 
5 12 22 3983 286 541 445 28 265 16472 24 24212 24213 
956 24 19 24214 19 14429 24215 24 1149 24 56 15713 60 15424 7 24216 24 286 24217 344 51 24067 24 1442 24 
15 1805 1566 19771 38 4441 2391 
4069 5369 40 14089 14 16326 5197 
1261 18 24 40 4458 17 370 45 522 885 3989 19 259 
286 46 24217 344 51 24067 24 1442 38 4458 84 15 54 24 390 2645 522 
1227 24218 19 20 1302 230 432 9073 24 
925 2966 19 
313 464 131 4623 28 15 5412 14 1389 11390 230 22 1468 
10644 55 15 2487 3522 24219 2 96 553 2 96 553 5464 7 5465 24 
295 46 187 187 1728 24 24220 24 53 187 3570 187 24221 187 
420 19 5 723 12 230 11864 19 3613 19 833 14072 
249 219 
522 1389 11390 5412 18016 203 45 1322 3774 
3728 19 76 3600 7664 20 9521 19 4350 
3593 19 15517 20 5180 1783 19 3600 1840 
3462 19 43 3272 19 20 24222 45 438 1728 24 
84 22 1072 12808 3600 71 17 2196 14 5000 19 390 
140 17 3608 24223 589 1500 6118 230 
6665 55 15 2487 3522 24219 2 96 553 2 96 553 5464 7 5465 24 
40 2645 15 2237 14 4955 19 390 1265 313 40 350 55 15 43 
86 8971 490 20 6877 127 15 1096 600 14 203 
1274 230 6665 24 
129 12 184 3649 87 14067 40 35 3906 55 15 2487 
3522 24219 2 96 553 2 96 553 5464 7 5465 24 221 4034 34 1615 22 1468 
16519 3459 14 15 2487 3522 24219 24 
295 46 187 187 1728 24 24220 24 53 187 3570 187 24221 187 
420 19 5 723 12 230 11864 19 3613 19 833 14072 
249 219 
226 9295 488 19 
24224 22 24 24225 
5412 14 1389 11390 