Subject: 1920 9173 7 1920 3503 1934 40 856 
904 40 104 17 4048 88 1920 9173 7 1920 3503 3989 219 
38 217 2859 3650 8404 217 24 323 2 96 11655 19 5247 405 40 104 
17 4048 
88 219 184 5665 505 19 184 3779 87 14051 1274 24 
6 7 657 46 
2743 14 1050 1499 215 313 80 136 936 8404 20 13489 
5665 3650 1573 
3175 24 313 1 2 3 563 22 512 18018 213 936 8404 413 35 168 71 1709 
3989 219 313 
34 125 1629 55 17 589 2126 414 24 
869 4866 34 1639 313 904 40 1863 868 22 3825 1468 4631 
3989 219 1495 3056 
15 17907 400 3650 91 24054 40 313 24 5 869 4866 34 
104 17 4048 
88 1920 9173 40 1920 3503 3989 19 3825 1468 24 56 125 475 24 336 60 
599 91 17 11144 4123 1950 2 3 165 313 24 3201 18951 869 
512 1931 91 413 
1384 313 1920 3503 7 1920 12014 16863 55 17 4544 11144 24 56 125 475 24 352 60 
151 313 416 19518 28 17 14844 239 141 2 1278 18452 936 8404 
423 1 2 3 4106 24 
1 2 3 1715 206 217 1876 313 217 24 390 1639 313 904 40 5572 1120 19428 127 14 
15 7685 
20 1384 313 2743 14 3606 7 3606 313 413 563 2126 2991 24 56 125 
475 24 2282 60 
433 4009 260 239 477 15 16748 400 1468 4009 260 24 3201 18951 
240 40 683 
1468 4009 260 19 1243 71 17 1041 24 56 125 475 24 332 60 
2667 40 234 3650 230 8943 7 71 1115 5304 19 3688 1920 334 14036 71 
8943 923 
20 895 7 3649 18477 130 123 19 595 2296 1413 14 25 2117 2 3 14169 24 3201 
3965 313 240 15 3650 12 20 904 40 1215 24 56 125 475 24 339 60 
3778 3489 313 413 400 40 24055 868 149 55 15 575 8933 19 
12788 15 15209 29 
20 4088 22 2898 4626 1134 230 17 3655 24 56 125 475 24 3290 60 
545 593 17 1685 85 2901 2030 40 3170 19 22227 20 1384 1920 63 19 2742 40 
1920 345 19 2742 16863 
55 17518 24 56 477 31 17 2030 3721 22 3636 60 24 3606 313 413 400 230 
16821 19 157 4544 19 
157 20652 19 8900 10054 19 87 1499 5256 10017 219 56 125 475 24 767 60 
3367 21748 7 1384 55 17 17920 24 24 24 25 20791 40 414 14881 230 
24056 213 336 19 2742 24057 5225 19440 2041 19 3173 464 1052 71 
14604 4538 24 105 16786 17105 40 19674 213 1920 344 19 21752 24 335 24 3201 
18951 904 40 234 1468 260 219 56 125 475 24 2286 60 
313 413 168 936 1298 71 1709 3989 19 7057 17 4048 
88 
1920 9173 7 1920 3503 87 630 19 3175 1279 3175 24 25 2 96 1504 19 1633 19 20 1797 219 15 
217 2859 
3650 8404 217 3721 15 9693 1274 40 3178 936 20 15 1322 
458 4075 
3650 10869 1298 71 15 3201 24 
7 344 7 
31 313 643 40 156 1749 5665 88 1277 219 313 16288 25 40 868 
40 1505 22 391 354 936 
1298 3989 219 
5 15554 3201 1881 12029 230 1920 2270 24 2425 19 220 31 313 24058 547 
15 2126 3282 1702 19 313 2473 15 11181 2465 14 249 1920 3327 24 2425 173 
1920 352 24 335 230 2369 24 
1499 230 2358 19 313 34 1615 46 
22 1468 7177 3201 217 500 567 16453 328 625 217 24 
22 1468 2443 7177 3201 55 217 10910 7 923 7 4626 
7054 230 15 8943 3935 217 24 1935 56 8828 354 422 1920 2270 60 24 1934 1468 24 
40 2353 46 146 414 19 12894 87 3650 2353 230 1920 3327 24 2425 173 1920 352 24 335 230 
2369 20 
2396 40 46 24059 3540 24060 8917 9748 10651 19 7270 
24061 7 24062 24 221 2365 2452 208 670 3989 24 
273 273 273 273 273 273 273 273 273 273 273 273 273 273 273 273 273 273 273 273 273 273 273 273 273 273 273 273 273 273 3170 902 273 273 273 273 273 273 273 273 273 273 273 273 273 273 273 273 273 273 273 273 273 273 273 273 273 273 273 273 273 
1529 19 139 643 40 2359 17 217 2859 3650 8404 217 230 1920 3327 24 2425 173 1920 352 24 335 
2369 20 
2396 56 928 3606 60 24 38 22 552 2549 3650 149 4954 24 
1286 12340 87 3650 2353 8029 40 24059 3540 
414 574 46 313 413 280 2353 1621 20 3985 14 17 414 24063 354 15 
4818 14 5 1621 40 24059 3540 24 280 40 46 56 21379 60 24064 7 24065 
2308 2411 22 2549 24 
87 877 25 71 15 18 40 46 24059 3540 24060 8917 9748 10651 19 
7270 24061 7 24062 24 
414 869 46 1920 1705 24 2425 56 60 87 1920 4062 24 2425 56 60 230 9529 3984 
2402 40 46 
221 2365 2452 208 670 19 3989 219 