Subject: 494 14548 497 37 46 904 40 3719 1175 2246 
139 15224 38 15084 2 96 1883 14 22 1175 723 24 40 1402 876 
14 226 1685 24 22 15127 133 15 3539 14543 542 569 151 22 
1175 351 40 15 15344 4469 2603 20 15 15345 4308 71 15 
542 24 87 22 15127 4992 15 1421 24 96 24 15346 569 4960 2088 40 
15 7113 2745 230 2423 15347 20 3442 14376 24 
139 2948 641 370 230 1175 2246 226 35 217 1175 2088 217 
34 
7 7 7 71 14548 51 5085 24 53 19 4851 14568 7 14569 
191 46 
192 413 313 1884 500 313 1744 28 217 11087 1175 2246 217 239 139 
1 2 3 
192 2454 500 313 151 71 653 902 24 
192 
192 4851 
192 
192 211 211 211 211 211 211 211 192 4851 14568 7 14569 
192 2433 19 14548 674 344 24 0 
192 
192 7 7 7 7 7 443 6 7 7 7 7 7 
192 45 46 15298 51 720 24 24 24 494 262 46 15298 51 720 24 24 24 497 
192 445 46 2326 4775 59 275 46 5594 
192 40 46 14548 51 5085 24 53 
192 54 46 494 14548 497 37 46 904 40 3719 1175 2246 
192 
192 
192 15 614 38 91 1692 12 91 15 6017 45 6749 
192 641 15127 24 139 244 1203 21 71 15340 14 22 3070 230 
192 1614 458 631 22 3070 24 22 1301 1692 406 35 40 1402 22 
192 157 2435 369 1757 540 217 2603 217 20 1402 585 2322 
192 1336 2464 24 91 541 2643 19 139 244 21 71 15340 14 
4081 187 6567 
192 1332 15341 40 15 14586 15342 24 568 221 71 221 19 139 399 
402 
192 14 22 512 12597 655 40 5 614 24 
192 
192 91 2 96 1499 226 1505 55 25 19 432 489 406 35 1455 24 
192 
192 34 
192 
192 7 7 7 71 14548 51 5085 24 53 19 15084 15085 191 46 
192 192 151 313 543 15 217 15243 217 9786 239 2637 15 2029 
192 5989 
192 192 228 25 12 3663 40 5835 217 3029 2374 217 20 902 15 
15127 
192 192 6343 413 35 22 1158 87 22 14548 15105 24 129 12 1080 230 22 
192 3070 71 
192 192 237 313 413 15167 17 3653 24 217 15343 217 12 
3663 
192 40 35 
192 192 532 71 2753 240 15 1045 87 2203 12 13 14 22 2417 19 568 
192 91 
192 192 9786 247 2 3 1305 40 2185 24 230 2836 127 129 19 31 5 
3144 2 3 
192 22 1210 
192 192 1354 19 259 1772 593 24 25 2 96 22 1528 139 151 551 24 
192 192 
192 192 15084 
192 192 
192 192 7 7 7 7 7 443 6 7 7 7 7 7 
192 192 45 46 15298 51 720 24 24 24 494 262 46 15298 51 720 24 24 24 497 
192 192 445 46 1170 19 4775 2326 19 59 344 46 65 244 
192 192 40 46 14548 51 5085 24 53 
192 192 54 46 494 14548 497 904 40 3719 1175 2246 
192 192 
192 192 
192 192 904 312 313 5835 1175 2246 71 14548 24 139 2 1338 136 22 1336 
192 192 2464 38 22 1332 2435 369 19 679 22 600 15339 138 19 12 
129 
192 22 
192 192 630 12597 655 239 
192 192 
192 192 
192 192 
192 192 
192 192 
192 192 
192 192 40 132 22 6 19 146 25 40 46 14548 51 102 24 24 24 
192 192 
192 192 40 285 19 146 22 3410 6 40 46 14548 7 285 51 102 24 24 24 
192 
192 
192 40 132 22 6 19 146 25 40 46 14548 51 102 24 24 24 
192 
192 40 285 19 146 22 3410 6 40 46 14548 7 285 51 102 24 24 24 
7 7 7 7 7 7 7 7 7 7 7 7 7 7 7 7 7 7 7 7 7 7 7 7 7 7 5085 9998 7 7 7 7 7 7 7 7 7 7 7 7 7 7 7 7 7 7 7 7 7 7 7 7 7 268 7 268 192 
5085 15281 
25 2 96 1797 24 25 2 96 10017 24 404 14 221 19 25 2 96 1468 219 
40 132 22 6 19 146 25 40 46 14548 51 5085 24 53 
40 285 19 146 22 3410 6 40 46 14548 7 285 51 5085 24 53 