Subject: 16996 17047 16998 17036 17007 17001 1919 491 6374 336 
3290 22 892 
16998 13253 16986 17034 9672 239 17027 17053 17004 16996 16998 13253 17051 16998 17028 239 15602 24325 17016 16996 17021 15593 19211 10487 10484 19211 16986 19298 17051 16998 16996 22431 17018 16998 239 239 
4313 24326 15602 12058 16998 13253 10484 17015 4313 17020 4310 17031 17045 17046 17027 17047 24327 239 17015 17030 19211 9672 17000 16978 17030 4311 17000 17007 24 
4313 24326 17045 17045 17027 13253 5399 17012 12058 56 17008 10191 17039 10487 63 18977 10484 60 24 
19214 17055 19 16986 17028 17004 17046 15602 16998 17030 17015 17001 17018 10484 17003 17005 19454 19300 56 17045 17019 578 24328 60 19214 13073 17015 19210 23461 17012 12058 19 
4313 24326 17045 17045 17027 13253 16595 17012 12058 56 17008 10191 17039 10487 336 18977 10484 60 24 
17045 17033 19 17032 239 17034 17015 4310 10175 17032 239 17032 17000 56 447 17006 9537 18988 17019 10484 17005 60 19214 13073 17015 19210 24329 17012 12058 19 
4313 24326 17045 17045 17027 13253 24306 17012 12058 56 17008 10191 17039 10487 767 18977 10484 60 24 
4313 24326 17045 17045 17027 13253 11919 17012 12058 24 17008 10191 17039 10487 352 18977 10484 24 
17032 17012 17054 17027 17015 19210 17020 239 18988 19474 17007 17038 18140 17012 17031 9672 17030 4311 17013 
192 
17016 17040 239 24084 19210 8780 17012 12058 56 17007 17038 18977 239 19468 10484 13073 24330 17012 17031 9672 17030 60 24 
19211 16999 19 24331 63 19 24331 59 24 
17004 17016 16986 17028 17021 18977 16996 17017 24 17020 16999 10484 10484 17021 18977 16996 17017 15602 17032 19214 17015 17016 17001 17000 17033 19 18988 17003 19214 17012 17028 10176 19211 9672 219 
17016 17040 239 24084 19210 8780 17012 12058 56 17007 17038 18977 239 19468 10484 13073 24330 17012 17031 9672 17030 60 24 
24330 17016 16986 10484 16986 60 
17020 19214 20026 9672 17004 9672 13073 46 
344 46 17032 239 17039 15602 17020 19214 10484 10175 239 19215 20026 19 16986 20027 17004 17051 16998 17000 10191 17040 22805 17054 17032 17012 10484 4313 17004 17016 16986 17000 17016 17001 24 
349 46 17027 17045 17020 19214 18140 17012 17031 9672 17030 983 17012 12058 19 16986 20027 17004 239 19215 17007 19301 16996 20324 17020 19214 10484 10175 239 19215 20026 17016 17006 19214 10488 
17027 17017 15602 17032 17001 17034 17031 16999 17032 12058 17030 17029 19215 17001 19456 17047 17053 19 17004 10191 17001 19456 17007 19301 9672 17004 17008 17054 16986 17000 17016 17001 24 
17001 10191 15602 17032 17001 17034 17000 19298 10484 16999 17051 16998 16986 17015 15602 19301 19214 17003 19214 17012 16998 13253 17012 17009 17021 17054 17006 239 4313 10175 24 
10484 16996 17000 13253 17032 17003 16996 16996 16996 17040 17016 17001 17008 13073 46 
239 10175 17045 24332 239 17051 10175 46 17054 17004 15602 16999 16986 4311 4310 19454 9672 17050 16986 16996 
239 10175 17045 17053 16996 16996 46 10484 16996 17000 13253 17032 17003 16996 16996 4310 19454 9672 17050 9672 10484 16996 16996 17016 12058 17032 19598 
16996 17028 17001 17018 46 17031 15602 4313 17974 17020 19474 
19600 17007 17040 46 24333 24334 24335 24336 
17016 16986 17028 17055 239 10175 20026 46 
239 10175 17045 24332 239 10484 9672 46 17054 17004 15602 16999 16986 4311 4310 19454 9672 17050 16986 16996 16998 17027 22425 17004 10484 334 17007 17040 
16986 24337 17045 17031 46 17031 15602 4313 17974 17020 19474 
17016 16986 17028 17055 4313 17006 17047 17053 46 24338 
17034 17043 239 17032 12058 10484 4313 17004 17016 239 239 17020 17039 17039 17031 16996 17040 24 
17034 17053 16986 17000 17016 17001 17032 17012 17027 17047 17051 239 10484 9672 17016 17053 15602 17032 4310 12058 17027 17051 46 
18978 239 17005 46 24339 7 24340 
17039 17019 19776 46 24339 7 24341 
16986 10484 239 13253 46 24342 
102 7 18 46 24343 51 19780 24 1442 
16996 239 16996 239 16998 13253 17051 16998 10484 17015 17021 10484 19 15602 17032 17001 17034 17004 17019 15602 12058 16998 13253 18977 9537 17000 16978 10484 10488 17016 17040 10484 16986 17051 16998 9672 17055 15602 239 24 
18977 17020 17000 17054 17047 19210 17004 13706 17008 19211 24344 4390 16998 17036 344 17012 17047 491 17045 17028 