Subject: 37 46 904 413 139 383 22 197 251 45 641 197 
217 761 24 674 24 762 217 191 46 
192 139 244 71 3060 31 1935 936 57 80 3061 40 505 233 141 
192 1736 197 3062 24 1602 15 431 3063 230 1295 28 3064 
192 1536 71 556 1451 12 2793 19 5 3062 92 1808 230 1306 3065 
192 3066 24 244 139 1243 239 87 241 5 545 187 3067 56 60 2592 3068 
192 585 897 2235 19 1706 28 7 909 15 614 239 
192 
15 3132 40 22 3101 2814 12 585 169 19 84 12 15 427 429 45 
3067 24 5 2001 91 313 151 40 400 22 3133 40 3134 17 1685 1674 
56 237 80 221 3135 14 169 60 24 25 12 15 3136 2 96 3137 40 
2692 91 313 249 312 3138 3139 19 20 40 1988 22 3140 31 
869 222 24 25 2 96 1984 15 419 134 91 2004 150 313 400 609 87 
3141 7 7 313 1515 2692 91 313 625 500 670 313 80 3142 150 313 
1505 1292 127 14 936 3143 24 
192 
192 660 313 80 354 25 19 3069 24 35 1323 1066 40 3070 55 15 194 
192 56 1878 3071 60 1528 46 
192 
192 1594 15 3072 1623 22 197 3073 2235 71 237 1739 
192 3074 80 26 56 102 24 103 24 230 368 3075 60 904 413 869 234 221 15 
192 327 2804 1670 239 1306 3076 19 432 197 413 249 3077 55 
192 537 1685 197 3078 24 12 129 22 1162 24 3079 1192 96 1192 56 60 3080 
192 87 244 139 3080 1292 239 
192 
368 3075 3144 2 3 519 15 134 313 433 40 3145 133 24 45 15 197 
3146 349 24 344 55 19 129 12 184 405 230 22 197 40 467 432 458 197 1716 19 
477 547 537 1685 197 3078 24 71 458 307 19 15 
645 24 3086 56 60 251 71 15 349 24 0 3146 415 416 3090 19 20 34 
1254 427 1392 24 
313 399 467 458 197 3074 56 1757 153 55 458 1590 60 
1225 449 7 7 5 12 3115 40 15 405 288 1886 24 313 413 249 
1840 599 91 80 153 71 15 419 288 1057 1737 56 3147 60 84 313 
80 24 31 313 433 40 467 203 71 458 56 368 3148 60 2124 14 15 
419 3078 56 1564 19 40 1513 2361 40 22 377 1073 60 19 313 2 37 1488 40 
433 40 400 409 3091 83 84 3149 87 3150 19 87 1669 1932 901 19 
230 5 624 24 
192 
192 1610 313 19 
192 827 
192 
3119 3120 
192 
192 475 24 96 24 406 313 625 14 22 197 3073 91 415 3081 40 1580 5 
192 2 3082 2 14 1849 3074 239 
192 
1584 2816 415 22 3151 14 5 1692 40 368 
3075 24 15 1354 12 91 313 3152 1739 3074 56 1757 153 55 
2379 1741 60 38 3153 327 24 150 22 199 91 12 21 13 14 22 
109 12 1121 19 25 12 3154 3155 40 869 14 15 1590 2210 
15 2322 3078 24 421 313 156 22 109 19 25 3156 55 91 1095 
3078 3157 537 3158 24 
5 2442 12 71 15 154 14 541 3159 40 1581 2 96 1578 
84 590 7 7 1184 40 35 1106 20 2262 71 
333 230 15 352 24 344 3026 2128 24 
40 285 19 146 286 40 287 51 288 24 264 24 53 20 289 71 15 290 
14 15 6 217 291 197 7 292 217 24 
293 46 295 46 187 187 293 24 288 24 264 24 53 187 293 187 197 7 292 24 298 
294 46 295 46 187 187 288 24 264 24 53 187 320 187 197 187 321 7 294 24 298 
287 260 46 295 46 187 187 267 24 296 24 53 187 297 187 166 187 166 24 298 