Subject: 15 24112 7 4545 2259 
15 24112 
4545 2259 46 2179 3273 294 19 483 24 
10875 56 24113 7 16335 60 
1036 2465 7 1920 24 5643 
2619 2991 1060 7 1920 24 2620 7 1920 344 24 3047 
2127 14014 7 63 24 336 14327 12923 
11141 7 339 24 349 14327 12923 
38 3575 8032 587 16849 1594 2781 1135 19 390 328 1277 391 230 
7094 91 942 45 6279 18055 24 1195 19 12297 7 44 15045 
80 11141 14873 223 936 333 5800 19 84 1050 391 40 24114 
1120 24115 40 110 45 21451 16941 8032 24 390 1277 3719 22 1827 
91 34 21 249 1286 3650 45 6279 12297 8032 19 220 12 22 3065 24116 
2966 84 590 24 
2179 3273 294 56 24113 60 415 416 1064 12297 2554 
71 3488 230 1322 1037 24 1120 3587 4680 12 3303 71 15 24117 24118 
17894 1796 19 1243 627 550 2554 16537 28 24119 44 
56 24120 7 15442 7 491 352 187 334 60 19 15 8305 14012 1827 55 15 15442 56 2741 1037 60 24 
24119 2 96 5568 12297 2555 71 15 1049 12 14757 3520 7 1243 2126 40 24113 2 96 
2198 17894 7 38 3610 6142 14 249 1920 1127 187 24121 71 3377 24 1594 24122 19 
2198 17894 415 437 4167 352 14327 24123 14 12297 19 38 249 352 1413 14 
15 6806 14 15 17894 24124 568 1486 24 184 2066 91 141 131 6423 22 
5288 4644 1807 38 24113 19 237 1921 230 24120 40 2473 230 6055 6142 
91 151 437 916 24 
258 312 390 402 91 24113 12 22 24116 2966 239 423 233 24120 415 
10965 127 352 14 1120 303 63 5288 4644 3030 71 15 303 2191 1037 19 354 575 8032 24 
630 11441 19 3488 12 3773 2776 84 15 6658 3649 1709 71 15 1049 40 
2555 12297 19 568 477 31 18315 4487 1738 354 15 1920 9173 2237 19 15 24113 6660 34 
618 35 589 15604 19 1594 2127 6142 40 2555 80 1291 1920 578 187 24121 24 503 19 
31 12297 19424 40 1920 7351 19 1443 23967 7893 34 1506 19 20 390 2 1278 100 942 24 
522 6122 12 40 4545 24113 354 8032 593 40 1920 349 19 38 22 2505 7 6545 676 
2465 14 1920 63 7 892 24 1594 14912 12 1969 40 156 71 22 1892 2133 19 566 1629 71 15 
589 2647 3655 24 
40 3409 40 3655 3546 87 199 24125 203 
4992 15 2179 3273 294 19 483 19 259 350 55 15 2322 351 490 
20 1501 146 24 
15 24112 415 1121 22 2495 14 12923 14 2179 3273 294 19 483 24 
2892 1182 230 15 245 20 2345 14 5 3201 24 15 24112 20 187 87 
537 14047 2804 1685 12923 14 24113 19 20 569 4545 87 11638 12923 354 432 
333 1279 15 6101 14 5 3201 24 233 15 3612 16325 5 1182 19 
129 569 35 22 14049 14 292 71 15 24112 2 96 13234 20 3992 24 15 
24112 12 21 22 610 4591 2988 19 1826 87 3783 24 2359 14 5 
1182 569 35 543 14059 19 20 569 516 71 15 3636 14 409 87 221 14 
432 4591 939 24 
211 211 211 211 211 211 211 211 211 211 211 211 211 211 211 211 211 211 211 211 211 211 211 211 211 211 211 211 211 211 211 211 211 211 211 211 211 211 211 211 211 211 211 211 211 211 211 211 211 211 211 211 211 211 211 211 211 211 211 211 211 211 211 211 259 7704 350 55 15 490 351 40 35 4007 45 879 1609 24 
211 211 211 211 211 211 211 211 211 211 211 211 211 211 211 211 211 211 211 211 211 211 211 211 211 211 211 211 211 211 211 211 211 211 211 211 211 211 211 211 211 211 211 211 211 211 211 211 211 211 211 211 211 211 211 211 211 211 211 211 211 211 211 211 15 24112 
4545 2259 46 2179 3273 294 19 483 24 
24126 56 24113 7 16335 60 