Subject: 494 14548 497 507 3622 3632 
904 25 12 397 40 146 3315 15207 12824 71 15 1626 3622 3623 2768 1220 22 512 14548 2022 239 
9420 12 869 14 15 217 6083 217 4991 91 12 136 630 631 869 3622 3623 2036 56 1159 7 1160 7 349 19 3416 3691 10943 19 15293 19 15294 20 1277 15295 60 24 
390 151 4069 40 146 15 3029 354 559 71 1159 7 1160 7 349 20 3416 3691 10943 20 397 15295 24 56 221 14 206 412 522 1133 3671 11682 60 24 
139 15296 91 1486 3467 4991 92 151 15 1700 614 24 
1188 46 668 6343 241 21 3758 15 614 19 233 3685 12 1254 15 419 24 
139 1209 22 1892 472 19 220 230 3198 14 206 139 130 1240 25 130 1243 19 568 139 406 215 40 2199 17 489 24 
344 24 12 25 397 40 400 3623 9786 230 91 56 2637 129 12 184 433 40 217 1630 217 15 10 60 239 
349 24 12 25 397 40 400 9984 215 71 1188 11 12499 56 102 24 103 24 
15281 
25 2 96 1797 24 25 2 96 10017 24 404 14 221 19 25 2 96 1468 219 
40 132 22 6 19 146 25 40 46 14548 51 5085 24 53 
40 285 19 146 22 3410 6 40 46 14548 7 285 51 5085 24 53 