Subject: 494 14548 497 133 15 405 14 2694 2977 71 14548 24 
662 24 
139 244 22 3403 14 22 690 230 4858 15 405 40 400 14548 71 
8399 15517 2030 1049 24 139 406 938 31 1419 518 
165 682 904 40 7416 14586 7 14581 15518 38 14548 24 31 397 19 139 
406 215 40 151 22 3789 24 15 15519 258 139 433 221 5 12 84 2024 46 
139 244 1367 14 667 15520 20 112 7118 537 29 40 14548 24 
15521 12 541 532 84 585 1230 16 71 8399 15517 2030 
1049 24 56 15 405 40 289 15521 1183 84 25 12 71 14548 415 22 
1874 14 5451 22 2443 400 7 237 139 34 402 133 25 1635 24 60 
139 244 1367 14 15522 585 1230 572 91 14 3029 2240 608 
22 14548 2022 24 
230 15 208 4729 19 139 244 3786 904 40 7416 15 15521 11 
203 71 14548 24 129 12 1499 133 15 419 11 10 20 1230 
10 14 14586 7 14581 71 15521 24 1673 19 139 15523 1920 560 219 103 15523 56 15524 15515 91 31 139 312 15 
419 642 230 15522 14586 7 14581 11 203 71 14548 19 139 518 
7416 15 15521 11 203 71 14548 24 
230 1295 19 599 71 14586 7 14581 2528 71 15 194 19 12 139 15521 
551 24 
102 24 103 24 344 46 2104 24 10015 19 344 46 552 24 15525 19 344 46 2395 24 15526 19 
349 46 2104 24 15527 19 349 46 2326 24 15528 19 349 46 2470 24 5190 19 349 46 578 24 15529 19 
349 46 4845 24 15530 19 349 46 8725 24 14852 19 349 46 7464 24 8363 187 1025 24 
139 15531 133 217 349 46 578 24 15529 217 24 3693 130 2528 71 15 
14548 2887 24 150 139 3193 593 217 15043 217 1220 
15532 24 1964 19 139 1052 22 1288 1175 40 217 15529 217 71 
15043 24 14586 7 15272 24 1188 20 15043 24 1159 7 2977 24 1188 24 112 139 2889 40 
4848 904 40 3761 217 15529 217 24 568 139 499 14 6193 15 3789 
14 217 15354 217 237 12 1700 40 217 15533 24 56 15 429 14 217 15354 217 
12 5851 71 15043 24 14586 7 15354 24 1188 24 60 139 1052 15 194 3025 
45 15534 24 1188 1220 876 19 1220 15535 24 1964 24 
305 9526 
139 3193 593 14548 2887 20 14548 24 2029 20 
15039 344 24 0 24 15536 24 2111 19 31 25 12 397 40 854 217 2977 217 215 71 
1805 24 
2637 217 15354 217 130 450 40 3761 19 217 2977 217 130 21 450 40 
3761 24 56 5 12 22 15537 7 22 1709 40 3761 217 2977 217 71 
217 1733 217 130 1052 71 14548 344 24 0 2120 24 503 19 71 14548 344 24 0 19 217 1733 217 
436 130 13892 24 60 139 2 254 3274 45 1050 1382 682 91 129 80 550 2667 
14 2694 15043 24 208 869 12 22 251 136 217 15355 217 
1220 15 217 217 24 15 458 869 12 40 3761 38 
217 6660 217 24 503 19 5 251 40 3761 38 217 6660 217 413 35 
3620 71 15538 14 15127 19 20 71 15242 14 15127 19 
237 71 1322 5664 24 71 5 19 139 1900 2 3 683 127 240 217 2977 217 14 14581 19 
406 35 3225 230 24 138 1733 14 14548 344 24 0 2120 20 15 2360 
15043 464 2201 19 1322 5664 1700 40 15 2786 14 14581 464 
1052 24 
139 1341 91 45 5 642 19 14581 130 499 40 35 2984 38 
14548 71 14586 24 5634 19 139 402 91 14586 151 100 499 14 237 
6660 40 3761 15 429 14 14581 83 84 2977 24 
192 45 1805 3066 19 139 406 215 40 625 904 40 7416 14586 7 14581 15518 
71 14548 24 
15539 15540 
2801 2096 
7 7 7 7 7 7 7 7 7 7 7 7 7 7 7 7 7 7 7 7 7 7 7 7 7 7 5085 9998 7 7 7 7 7 7 7 7 7 7 7 7 7 7 7 7 7 7 7 7 7 7 7 7 7 268 7 268 192 
15281 
25 2 96 1797 24 25 2 96 10017 24 404 14 221 19 25 2 96 1468 219 
40 132 22 6 19 146 25 40 46 14548 51 5085 24 53 
40 285 19 146 22 3410 6 40 46 14548 7 285 51 5085 24 53 