Subject: 15 1830 14 1795 8674 56 130 37 46 494 14548 497 37 46 904 40 3719 1175 2246 60 
4851 14568 7 14569 70 46 
494 55 1795 8674 497 
192 15 1872 230 11514 5 5665 15428 12 10929 40 1623 
192 230 6520 13294 1878 631 15 15429 91 34 415 
192 416 2640 133 24 25 12 230 6578 19 237 241 21 
192 592 230 1468 24 
488 230 15 1791 19 4851 24 139 2 1338 1488 40 665 40 15167 5 
195 22 1856 19 20 259 1303 1468 40 232 432 
15430 24 
15 1795 545 436 12 249 1668 7 7 25 441 
6578 249 12514 19 233 7667 312 21 625 904 40 
644 24 31 226 14548 224 30 12 21 3109 40 1703 22 
217 15431 217 1830 19 25 2 96 6671 1488 40 312 432 1301 150 25 1761 593 
15 1795 20 12747 91 15 217 15431 217 1830 12 4323 40 15 
1288 
217 22 6117 2236 84 5851 28 15 15431 
2887 14 4390 7 345 7 337 24 217 
1602 15 14548 30 415 409 1253 7 3421 
56 139 24 102 24 21 7 595 7 3651 60 5739 7 3685 224 5975 24 22 
3812 541 34 151 40 15432 3747 19 644 15 1288 19 20 
112 9694 15 30 71 409 405 19 87 585 4446 166 34 1286 
6652 1387 55 15 5739 7 3685 1288 24 
587 22 2036 405 40 683 1668 12 22 589 1210 1354 7 7 
391 354 15 3400 14 15433 19 20 15 590 7 1895 288 412 91 
415 13880 24 503 19 1737 6578 56 908 3812 
12554 60 175 45 15 400 14 410 13162 213 313 433 249 
22 6121 370 19 21 15 1795 545 436 24 
71 5 2820 19 14548 6121 401 80 3315 40 1188 
11166 7 13369 401 19 533 91 141 151 2191 2923 19 
6842 273 5809 273 15434 19 3229 14 550 24 
221 15 404 19 
946 
7 7 
946 15160 946 51 15160 24 53 
295 46 187 187 267 24 15160 24 53 187 
7 7 7 7 7 7 7 7 7 7 7 7 7 7 7 7 7 7 7 7 7 7 7 7 7 7 5085 9998 7 7 7 7 7 7 7 7 7 7 7 7 7 7 7 7 7 7 7 7 7 7 7 7 7 268 7 268 192 
15281 
25 2 96 1797 24 25 2 96 10017 24 404 14 221 19 25 2 96 1468 219 
40 132 22 6 19 146 25 40 46 14548 51 5085 24 53 
40 285 19 146 22 3410 6 40 46 14548 7 285 51 5085 24 53 