Subject: 1402 3507 40 17 1552 19 56 5568 405 60 
193 19 312 313 625 91 313 413 6259 17 269 2 96 3507 576 45 448 1413 7 7 2290 1413 630 19 910 22 410 154 540 24000 24 
24000 12 15 24001 14 17 29 19 40 1725 7066 1502 19 25 18086 15554 1629 19 15 872 154 2346 2907 631 364 
346 24 175 38 1287 15732 1612 880 
15 30 24002 15 2221 19 19262 19549 14 15291 24003 20 1034 1921 20 6468 6893 19 237 12388 
15 24004 20 24005 28 84 571 84 767 1413 24006 19 347 313 39 15 12449 3507 
3363 313 2743 14 3606 71 3755 6259 3649 24 
1886 55 567 1552 45 15 24007 21765 40 15654 
184 6052 151 416 3118 
230 630 2224 19 350 15 351 490 20 369 630 880 
262 46 1529 2077 51 10300 24 24008 24 1442 
313 80 21927 5 6 233 313 151 449 11824 40 
522 3395 87 3982 91 313 643 40 2635 5 369 14 286 55 641 2603 24 31 313 1303 91 
313 3964 5 6 71 236 19 259 350 15 351 490 20 369 4458 71 15 54 878 
262 46 21486 448 51 10300 24 24008 24 1442 
390 3989 19692 221 454 40 35 7604 45 5 885 24 5 6 12 541 445 40 313 71 
6462 38 15 7660 5071 230 5197 102 7 18 56 720 24 3876 24 24009 7 4441 4845 19 2247 
56 102 60 56 344 60 56 22 60 60 20 10494 96 24 14087 3385 3017 915 28 15 8725 403 928 2969 24 