Subject: 37 46 904 413 139 383 22 197 251 45 641 197 
5 12 15 251 84 2528 71 15 264 288 1668 20 2151 24 139 
402 31 630 1050 55 5 1530 3121 15 333 40 3122 936 2032 19 112 
936 3123 640 2 3 35 83 22 3124 24 139 1 2 3 1247 240 313 234 15 
913 91 3062 22 197 12 432 1626 631 3062 432 458 1323 14 288 
369 24 500 397 217 3065 1872 217 92 3062 1808 233 25 2 96 22 197 239 
327 80 3125 184 1626 91 432 458 369 14 288 670 24 
15 1872 3086 56 60 130 3090 19 84 590 84 15 3126 130 230 
855 3066 56 568 91 3114 12 3127 60 24 568 15 251 139 2528 12 15 
3065 19 3128 3129 28 264 19 251 14 197 1609 24 
7 2589 
217 761 24 674 24 762 217 191 46 
192 139 244 71 3060 31 1935 936 57 80 3061 40 505 233 141 
192 1736 197 3062 24 1602 15 431 3063 230 1295 28 3064 
192 1536 71 556 1451 12 2793 19 5 3062 92 1808 230 1306 3065 
192 3066 24 244 139 1243 239 87 241 5 545 187 3067 56 60 2592 3068 
192 585 897 2235 19 1706 28 7 909 15 614 239 
192 
192 660 313 80 354 25 19 3069 24 35 1323 1066 40 3070 55 15 194 
192 56 1878 3071 60 1528 46 
192 
192 1594 15 3072 1623 22 197 3073 2235 71 237 1739 
192 3074 80 26 56 102 24 103 24 230 368 3075 60 904 413 869 234 221 15 
192 327 2804 1670 239 1306 3076 19 432 197 413 249 3077 55 
192 537 1685 197 3078 24 12 129 22 1162 24 3079 1192 96 1192 56 60 3080 
192 87 244 139 3080 1292 239 
192 
192 1610 313 19 
192 827 
192 
192 475 24 96 24 406 313 625 14 22 197 3073 91 415 3081 40 1580 5 
192 2 3082 2 14 1849 3074 239 
192 
192 55 62 19 339 1618 59 19 396 3083 191 46 
192 
192 192 139 402 91 1295 569 249 505 230 3084 192 211 349 24 344 
192 192 136 3084 349 24 0 902 12 500 139 312 24 24 24 
192 192 
192 192 3085 96 211 56 3085 60 3079 56 60 24 3086 56 217 3085 217 60 213 
192 192 162 1987 211 96 24 3087 56 60 24 3088 56 60 213 
192 192 
192 192 25 2 96 551 3089 3086 56 60 130 3090 19 233 15 3091 2528 
192 192 490 679 202 630 3092 24 
192 192 7 3093 
192 192 
192 192 7 7 7 7 7 443 6 7 7 7 7 7 
192 192 45 46 2589 674 494 262 46 3094 51 3095 24 53 497 
192 192 445 46 446 19 1280 339 19 59 892 46 1539 244 
192 192 40 46 197 7 292 51 288 24 264 24 53 
192 192 54 46 37 46 904 413 139 383 22 197 251 45 641 197 
192 192 
192 192 
192 192 40 383 22 197 45 641 197 19 313 433 40 234 22 1840 40 15 
192 192 197 91 313 643 40 383 28 136 15 645 24 15 197 91 
192 192 313 643 40 383 45 458 327 1515 168 22 1840 40 436 71 15 
192 192 197 3078 24 400 3067 56 60 20 3067 56 60 1480 40 3096 
192 192 5 24 5 12 2410 225 71 15 680 56 60 251 14 15 3097 197 46 
192 192 1389 2569 680 56 3098 3099 60 1690 2826 
192 192 1586 
192 192 3100 24 680 56 3099 60 213 
192 192 187 187 1402 5 197 40 15 3078 
192 192 3079 56 60 24 3101 56 217 3102 217 19 5 60 213 
192 192 1589 
192 192 112 168 5 71 15 1525 197 46 
192 192 3102 263 192 192 56 3102 60 3079 56 60 24 3067 56 217 3102 217 60 213 
192 192 1277 313 413 400 15 1840 217 263 217 40 1735 1480 71 15 3097 
192 192 197 24 
192 192 7 2589 
192 192 
192 192 479 479 479 479 479 479 479 479 479 479 479 479 479 479 479 479 479 479 479 479 479 479 479 479 479 479 479 479 479 479 479 479 479 479 479 479 479 479 479 479 479 479 479 479 479 479 479 479 479 479 479 479 479 479 479 479 479 479 479 479 479 479 479 479 479 479 479 479 479 479 479 479 479 479 479 
192 192 40 285 19 146 286 40 287 51 288 24 264 24 53 20 289 71 15 290 
192 192 14 15 6 217 291 197 7 292 217 24 
192 192 
192 192 293 46 295 46 187 187 293 24 288 24 264 24 53 187 293 187 197 7 292 24 298 
192 192 294 46 295 46 187 187 288 24 264 24 53 187 320 187 197 187 321 7 294 24 298 
192 192 287 260 46 295 46 187 187 267 24 296 24 53 187 297 187 166 187 166 24 298 
192 192 
192 
192 479 479 479 479 479 479 479 479 479 479 479 479 479 479 479 479 479 479 479 479 479 479 479 479 479 479 479 479 479 479 479 479 479 479 479 479 479 479 479 479 479 479 479 479 479 479 479 479 479 479 479 479 479 479 479 479 479 479 479 479 479 479 479 479 479 479 479 479 479 479 479 479 479 479 479 
192 40 285 19 146 286 40 287 51 288 24 264 24 53 20 289 71 15 290 
192 14 15 6 217 291 197 7 292 217 24 
192 
192 293 46 295 46 187 187 293 24 288 24 264 24 53 187 293 187 197 7 292 24 298 
192 294 46 295 46 187 187 288 24 264 24 53 187 320 187 197 187 321 7 294 24 298 
192 287 260 46 295 46 187 187 267 24 296 24 53 187 297 187 166 187 166 24 298 