Subject: 37 46 494 14548 497 3623 20 174 401 230 8399 
192 15 249 2626 12 55 15 1336 14 15334 9786 24 5 1515 35 
192 450 40 35 5670 608 22 15105 56 15 15312 14 15 15127 60 19 20 
192 15 2902 14 15105 249 1623 10718 7 334 3671 40 35 2984 24 
192 
192 1673 19 8399 19 20 458 13529 19 413 2805 3029 1336 19 20 
192 9786 401 20 6343 42 19 136 15 10718 7 339 3622 545 19 584 
192 141 7827 15 15334 40 10718 7 334 3671 24 
129 12 184 217 10718 7 339 3622 545 217 20 129 80 184 217 10718 7 334 3671 217 24 
15 545 14 15295 56 2429 3622 545 19 4513 3670 19 4513 1159 15335 60 
3671 413 35 1385 71 1322 1626 2667 19 237 289 56 2010 
940 60 46 
7 10718 7 334 
7 10718 7 339 
7 3657 38 8095 3622 1604 
15336 14386 
14656 883 
494 5 18 130 1869 136 4065 7244 30 497 
192 4851 14568 7 14569 
192 2433 19 14548 1462 344 24 0 
192 
192 7 7 7 7 7 443 6 7 7 7 7 7 
192 45 46 946 12786 494 262 46 8212 8973 51 353 24 14959 24 53 497 
192 445 46 1755 4775 59 345 46 3963 
192 40 46 14548 51 5085 24 53 
192 54 46 37 46 494 14548 497 3623 20 174 401 230 8399 
192 
192 
192 15303 
192 14548 6542 221 15 1669 3623 2148 14 1188 24 1706 10718 7 339 12 
192 1901 24 174 401 2639 71 15 1994 2029 12499 230 400 71 
192 14952 80 593 40 15 166 24 
192 946 12786 
192 
192 15337 51 15338 24 87 24 4927 191 46 
192 192 
192 192 390 151 409 8983 40 400 14548 71 2096 24 550 14 206 80 84 
192 192 2024 24 
192 192 
192 192 344 24 390 151 4069 40 445 3029 71 15295 7 349 412 24 390 80 15300 
192 192 3029 2535 28 15301 10718 7 339 71 2096 24 312 313 2917 91 390 400 
192 192 20 379 15 3623 10718 7 339 71 14548 239 
192 192 
192 192 349 24 390 12058 3329 215 40 400 8399 307 84 1188 174 401 71 15146 
192 192 14 14548 136 585 9 10931 14 2029 87 11166 24 12 25 
192 192 397 40 400 8399 174 71 15302 215 5 239 
192 192 
192 192 684 19 
192 192 
192 192 15303 15304 
192 192 15305 3029 
192 192 
192 192 
192 192 40 132 22 6 19 146 25 40 46 14548 51 5085 24 53 
192 192 
192 192 40 285 19 146 22 3410 6 40 46 14548 7 285 51 5085 24 53 
192 
192 7 7 
192 2487 2192 834 4774 
192 1299 40 1725 15 6874 14 3029 2535 24 
192 2362 522 43 723 354 295 46 187 187 267 24 14586 24 1583 
192 
192 
192 
192 40 132 22 6 19 146 25 40 46 14548 51 5085 24 53 
192 
192 40 285 19 146 22 3410 6 40 46 14548 7 285 51 5085 24 53 
192 
192 
192 40 132 22 6 19 146 25 40 46 14548 51 5085 24 53 
192 
192 40 285 19 146 22 3410 6 40 46 14548 7 285 51 5085 24 53 
2362 522 1276 723 354 295 46 187 187 267 24 14656 24 53 
432 107 2984 71 5 6 80 1642 14 15 3504 
2310 19 533 240 15 2310 1204 1132 206 40 35 
15 107 14 14656 883 24 
7 7 7 7 7 7 7 7 7 7 7 7 7 7 7 7 7 7 7 7 7 7 7 7 7 7 5085 9998 7 7 7 7 7 7 7 7 7 7 7 7 7 7 7 7 7 7 7 7 7 7 7 7 7 268 7 268 192 
611 17 2030 43 723 17 405 1277 354 15015 24 53 24 
25 2 96 15 1504 19 1797 405 40 234 317 19 40 4480 17 2030 19 
20 40 11638 17 320 20 2070 24 665 15015 24 53 1277 24 
40 132 22 6 19 146 25 40 46 14548 51 5085 24 53 
40 285 19 146 22 3410 6 40 46 14548 7 285 51 5085 24 53 