Subject: 1329 10054 2090 35916 28 24 144 755 1829 
1329 10054 2090 35916 28 24 144 755 1829 
249 343 45 2405 
9548 45 11564 391 
2501 1468 1127 1598 215 24 144 219 45 9 1237 13793 17 2234 
574 1597 504 17687 49 59240 1924 45 124 376 21 
377 34 315 12 16511 4202 10120 58 2110 2020 542 1829 31 
1373 48883 12 
315 12 10120 58 205 3868 3869 4 28 1329 10054 215 12467 219 
1132 49 765 13978 1010 12 125 2149 395 47 2110 45 214 112 23 
2948 4207 540 112 208 31 28 429 3570 21 198 9 399 
12467 4099 408 109 28 3264 182 4 28 2532 7551 204 17 540 58 
1866 12467 1597 49 28 1335 36577 1010 12 214 915 1315 1762 
9585 23 2948 49 2119 1388 2179 31 28 4207 12 214 58 
2110 205 19734 130 28 1762 31 1166 1136 23 59241 45 
11044 12 
24 144 2469 43824 2501 6538 2 231 4202 124 212 8752 3521 31 28 
819 31 48883 213 482 21 4141 4 24 144 150 204 5566 31 2162 
2234 1127 49 982 143 59242 1924 12 2051 59243 18 77 
7898 49 9129 17 17793 24 144 150 204 59244 215 14348 219 12467 
1422 12 231 
49 959 430 45 81 66 2 
2501 1468 1127 1598 215 24 144 219 
321 12 322 12 323 59245 45 9548 45 11564 59246 391 
1068 2 215 141 648 219 4014 17314 143 17705 45 51 2 215 141 648 219 4014 19839 143 45587 
240 143 628 2 24 144 391 302 5990 12 1217 
2298 2 1050 2 397 397 59107 12 5990 12 1217 397 24 144 391 397 11012 144 12 1056 