Subject: 
4962 734 2774 684 48446 0 5127 734 5646 14 2233 1924 138 138 138 
70 700 684 734 48447 734 17024 14 3115 48448 1676 6440 14 3116 746 0 33569 684 15671 3115 
2320 12 14 2774 746 5153 3115 746 0 9 1713 48449 4836 14 566 574 
746 1738 12 
1713 684 3757 14 48450 5646 707 48451 4540 12 48452 3969 0 48453 
2757 48454 45800 48455 734 2233 1924 746 9693 12 700 4969 
4916 746 4894 48456 12 48457 3282 714 732 48458 215 705 0 17770 4416 
7545 746 4480 17755 718 48459 718 48460 219 746 0 9 700 48461 714 2536 12 
4829 12 20078 5005 8492 12 
151 12 