Subject: 8163 964 21 1250 3471 109 8381 193 
8163 964 21 1250 3471 109 2261 8381 
10475 15 599 150 204 4561 10820 124 47 2340 12 6196 2261 8381 
1375 8379 2261 8381 4572 17 53146 12 
6196 2261 8381 124 17684 21 2162 38 28 7883 4222 49 2261 8381 12 
419 2892 11475 84 8 1379 21 34927 19306 125 12440 31 8147 17493 8381 3570 12 
306 6196 2261 8381 45 38 35 7843 4222 125 28 1213 31 15 3314 347 157 308 28 17829 31 9 
6165 1164 12 
20 150 204 3260 45 941 17 53415 38 483 193 419 18 66 38 23 15 1213 12 
38 35 7843 19306 125 8147 17493 3570 17 3042 15 1036 12 
1319 38 1549 15 1036 45 670 16168 8424 504 3555 18 
1211 38 306 5926 395 15 3617 124 4156 12 15 13813 124 13388 193 
959 430 487 
43714 15 599 124 28 96 4173 38 150 587 1355 481 193 
28 235 626 112 102 21 38 130 70 44129 143 4 4183 21 52870 3199 
1184 12 419 18 7227 21 1121 38 4223 2529 109 28 3867 17 1184 34 
1543 38 508 12 72 38 467 21 9253 81 6460 109 28 3979 1905 12 
81 5247 14 125 15 110 12 
52870 3199 1184 
1051 12 12 3519 
8381 1257 397 636 397 338 618 2 1529 321 12 282 12 