Subject: 595 628 12 12 12 12 
98 
72 38 35 3078 4218 12483 45 7 35 8 570 95 2939 37 497 45 259 
7 150 151 3084 38 87 445 220 208 5499 12 4322 306 2391 1 19673 
49828 12 38 35 2164 1121 772 819 49829 45540 45 251 161 164 
65 144 17 644 1630 648 397 644 231 49830 21 49830 12 72 214 926 107 8 28 8917 144 17 644 1630 
109 540 443 199 869 45 38 150 587 8 21 49831 3192 509 347 3933 
3812 49830 21 49830 45540 12 
96 
3267 
143 143 143 143 143 143 143 143 143 143 595 626 143 143 143 143 143 143 143 143 143 143 
632 2 606 45 1257 3048 4284 847 2 952 2 610 143 1974 215 22770 219 
125 2 49832 49833 
21 2 49834 302 37285 12 49750 12 1309 
627 2 
4425 3267 45 
221 15 626 328 1 570 4059 1379 21 20655 12483 12 20 187 
77 502 49 28 570 21 66 2391 17 36 2051 2382 45 111 419 
90 548 109 2473 214 35 36 28 12483 214 4694 12 2391 124 4 2643 395 
559 1551 1535 17 98 84 1324 1456 23 2051 2589 215 322 219 215 997 21 
930 219 4182 143 2657 143 49835 347 215 747 219 4182 143 2657 143 49836 12 26 274 5046 28 2088 10049 
259 20 124 1553 4182 347 274 7783 251 570 18 181 83 12 419 8 
997 21 359 483 4 28 1239 17 93 9874 306 1354 213 187 83 
2473 21 1410 28 1457 12483 12 72 68 2141 124 21 77 98 150 204 6605 
31 430 49 9 2012 2141 111 7 187 2937 144 2018 10677 21 
20609 45 208 21 1410 12483 17 21 85 37 3314 21 39 37 17 
212 21 611 37 21 28 198 109 28 13275 177 214 221 37 125 
187 77 28 96 185 21 6127 12 347 214 90 1061 21 20609 306 9 
40141 45540 17 481 1322 31 515 214 4694 12 419 8 28 12483 251 7 
207 107 474 419 8 2423 3191 214 3196 87 12 2391 124 28 208 21 1844 
6169 49 195 68 12 226 98 124 4 6372 45 72 214 90 66 
2391 1397 2391 12860 2354 49 13889 49 9 76 45 111 36 4 4244 
306 14 21 2949 14 28 1508 31 2051 1522 306 2391 215 2391 124 107 109 
273 17 7 8 1349 3682 306 1456 445 74 3852 45 
540 124 5488 125 11076 219 12 7 90 111 548 306 98 49 1456 21 
36 1379 21 28 12483 12 84 7 4691 195 68 306 98 45 220 
38 482 21 138 
96 1204 45 
49832 17 4052 