Subject: 5392 58326 2628 
7359 58327 45 
58328 2062 57874 58329 58330 2606 58331 58332 17230 7448 7450 21516 393 
58333 45 3969 632 5621 58334 58335 24581 5483 58336 58337 1971 
5483 58338 2062 57920 16827 2628 215 24581 58339 57851 137 58340 219 
24581 58341 58342 13833 14983 58343 57652 240 24581 58344 58345 24581 1219 150 15158 2062 58346 
240 58347 3409 1971 12 1291 58348 55966 2062 58349 7 58350 58351 2606 58352 
24581 1248 58353 8452 58345 24581 58354 9 21516 12 
393 55998 58355 58356 2 7450 14 393 58357 58358 53377 9 58359 
24581 393 8452 3497 9 58360 12 3969 734 45 3078 58361 45 53364 1248 58353 
32440 58362 58346 45 58363 9 53307 58364 2628 58365 302 7618 12 1217 
31180 7454 58366 240 42510 58367 55966 1248 26979 58364 240 143 628 12 11180 57874 
57020 12 734 23207 17230 58368 58369 2062 58370 6569 58371 5487 31180 16827 
57836 240 143 628 12 
2606 58372 1248 26979 58364 15158 57844 58373 7450 17230 26979 58374 29545 
19796 12 
143 143 143 
1050 2 397 397 434 12 323 12 22910 397 58375 143 391 397 
58376 1248 7987 33949 56988 58377 58378 9 43120 45 34772 240 58379 2 393 1248 
7987 33949 58380 3969 58381 58355 3422 7987 33949 58382 12 1219 150 15158 58383 45 240 734 
15158 57941 2298 58328 322 23207 53324 32440 12 734 55960 58384 1248 57636 2062 58385 
3422 58386 24581 58387 32440 53364 58388 24581 1291 2443 12 
143 143 143 
42510 58389 3946 17230 55967 58390 407 1050 215 1248 2298 219 58391 57915 4048 58392 
5396 58390 5621 58393 53336 2 1193 150 58364 3688 45 1248 53378 2062 9752 7450 
58391 58394 45 1248 58395 5396 57022 58396 58397 45 734 58398 5161 240 7 
19668 58399 322 359 45 5392 58400 58401 58402 45 58403 57027 58404 
240 215 4 58405 58406 219 58407 58390 58398 57876 58408 58409 2062 58410 
58411 12 734 23207 58412 2062 58413 17230 240 143 628 57870 4048 259 240 195 150 58364 
3688 58414 58415 58416 1248 5646 2062 57071 57072 7450 58391 58394 45 
1248 58395 5396 17687 58417 
143 143 143 
11180 2062 58418 5392 58419 24581 5841 58420 58421 58422 5392 53339 1966 
2606 7775 58423 12 58424 3946 17230 58425 231 58426 231 17230 58427 2062 58420 5879 58428 53344 
1662 2659 1966 240 58429 4048 57892 58430 2062 58431 8694 58432 
240 157 848 12 57870 711 58433 58434 45 1219 150 15158 58415 1248 58435 24581 58436 
58420 58437 58438 1248 57892 57835 58439 11671 231 182 9858 231 
58440 5841 58441 58442 24581 58443 52946 53344 1662 14494 24581 
58444 58436 1237 9 3422 58445 12 5392 1966 58446 
58447 57874 45 3969 58448 5879 58449 1193 150 53575 12 
143 143 143 
734 53371 58450 2606 5392 58451 9657 632 17230 150 58452 9 58453 58454 
58455 43769 240 36027 12 
53307 15158 58410 58456 2 58457 7 55985 55986 39597 2387 2062 17230 58327 
3946 16827 58458 55985 58459 57890 24581 1193 150 58327 58343 58460 1248 57889 58461 
143 143 143 
58462 150 1241 4492 15158 17230 58463 58464 58347 2606 13833 58465 4 58466 12 58467 
16827 58468 2062 58469 58470 3969 393 58471 24581 58472 58473 138 24581 14983 19926 734 
58474 58475 17230 53327 5646 138 322 2228 58476 1248 35908 
58477 138 58478 138 58479 58462 150 1241 4492 58480 57889 53307 193 5392 57927 45801 
393 17410 7450 58481 58482 45 3969 734 42762 16827 58483 195 150 58484 58436 
17410 58485 1248 57892 2062 58486 12 58487 57889 2606 58488 58489 193 1050 2 397 397 1051 12 58490 12 1217 397 58491 397 1119 1775 5543 12 1056 
143 143 143 
58492 9 58493 11671 58494 5396 58495 12 1248 58495 15158 1248 58496 
58497 53336 58498 1193 150 8223 45 1248 1237 240 5621 57850 58499 
55998 58500 12 58501 1248 58495 58502 58503 17230 58504 2062 58435 
58505 15158 58503 58506 5487 17230 182 143 964 58328 2062 58507 58508 12 
1248 47875 11669 58509 7450 58510 24581 6485 58511 3078 58512 7 
2815 12 
2606 58328 58453 58513 47899 1248 58514 12 17924 24581 3473 53361 4 1219 2 4089 8694 4089 
22313 17410 11669 2062 5487 17230 3979 57941 43043 12 14516 58515 58516 9 470 58517 1775 115 1775 1170 4089 1740 
1173 4089 43043 472 45 6825 16827 58326 58518 58519 58520 240 58521 
3078 58522 17230 57847 7450 648 9 848 2 648 58523 143 848 58524 12 
58525 5621 58526 58527 58528 58529 58530 58531 1248 1225 12 
143 143 143 
2606 58512 1248 57636 2062 58532 2062 8694 55994 55995 58347 58533 
5392 8833 2062 53323 9956 57851 48037 24581 3473 58534 1248 1225 215 6485 55998 
58503 58535 58525 8694 58536 58537 53323 9956 58538 24581 
58539 393 6569 58540 7987 33949 219 12 2606 58541 58542 9670 58543 58544 5396 6619 
215 1457 6460 219 3409 58545 5396 1225 41 58546 41 7895 215 1193 150 47871 
46657 4 8156 9 58547 219 41 2939 2062 58548 215 1193 150 47871 58543 4 35433 9 58549 219 
41 9956 41 58550 1248 58551 58552 240 58553 137 58554 673 12 
57635 193 215 55965 45 53307 33627 393 58555 3409 6113 1512 219 
143 143 143 
58467 58556 9 24581 58557 53371 58558 58559 3014 53341 138 1248 57022 
17687 17410 58560 58503 58561 150 15158 5392 58557 58562 24581 58563 58564 45 
3969 31180 7 5615 55999 3409 53307 58390 58565 58561 150 15158 5392 57875 58557 
48604 57879 12 57653 58405 58566 3409 3078 58567 5621 58527 
5396 42911 12 
143 143 143 
30509 215 10812 1036 42733 219 15158 17230 57847 2062 58568 2606 58569 
1248 58570 4 1636 58571 58572 240 58573 2606 5392 58574 
407 19652 58575 9 1971 45 4048 423 759 2298 45 240 143 628 45 58576 
30509 15158 57844 58577 7450 2 52761 45 9794 45 10173 45 240 58578 19537 215 24581 
58579 15158 139 12 1217 219 12 
17230 58580 58390 29545 58581 30509 15158 58381 1050 2 397 397 1051 12 58582 12 3519 397 12 57653 45 
58464 58346 45 53307 58390 7450 5392 57880 2062 58583 7 58581 30509 
215 24581 393 57899 55995 58584 8039 58585 9752 219 58586 16827 
57897 53363 58587 12 
57661 23207 3409 1050 2 397 397 1051 12 58582 12 3519 397 14350 397 30509 1775 58588 12 1056 3473 57899 
47899 57911 7 30509 43478 4 43146 2606 1248 53317 12 58347 2606 13833 58589 58464 
2606 53318 193 
143 143 143 
58590 734 55960 53375 53376 2628 55974 58591 57020 58592 
17230 150 273 9 53307 58364 2628 58365 302 7618 12 1217 31180 7454 58366 
240 42510 58367 55966 1248 26979 58364 240 143 628 12 
393 55998 58355 58356 2 4 6816 195 150 55991 848 5396 58593 58594 333 
42721 335 393 55994 55995 55996 8797 4 58595 53307 7448 
393 58502 58596 57067 2062 58597 58598 12 
7 207 107 9 58356 12 38 18 107 128 184 840 461 125 14 4606 
20 124 38 213 3592 37 74 305 21 14 12 
58599 9 58600 57634 
7285 