Subject: 1 2 2206 4649 384 
98 45 
41 7 8 777 9 2411 306 49822 49823 45 1616 2051 1981 21 670 1617 45 
41 67 28 408 34 38 164 9129 12 59 214 58 65 102 14 9 39 
41 31 208 31 15 451 12 90 38 81 13 14 28 1446 6311 49 68 
41 358 215 361 2 231 6541 368 4187 74 363 863 231 219 138 
41 
28 358 6144 4 28 382 401 31 28 
431 236 382 109 2231 384 1238 21309 143 1820 45 
49824 2149 45 321 12 38054 143 14185 45 28 7656 31 4729 8187 215 2643 219 
41 7 207 47 1891 4 15 548 45 540 124 3037 1846 21 91 31 28 
41 548 7 8 506 12 7 207 1960 4 1162 1702 49 2206 
41 4649 215 363 143 863 219 384 17 4 68 760 7 777 21 1131 
41 9 1163 45 540 124 959 8137 1032 28 208 38 164 568 12 28 
41 411 2696 31 132 548 31 203 124 28 1702 31 28 2206 
41 2275 
41 31 222 9 408 12 
41 
41 7 439 150 440 83 2428 38 4758 45 251 7 8 275 20 47 1376 21 861 
41 2076 21 1846 548 12 7 150 282 474 161 1906 77 9 356 31 37 45 251 26 
41 14463 765 9 6224 31 1124 12 8 38 9489 9 9083 109 28 
41 627 138 72 194 45 187 38 188 72 7 576 20 138 20 187 77 47 4223 21 14 45 
41 130 7 18 77 1544 21 3047 132 2016 1028 12 
3835 45 132 2016 124 1003 4 2444 45 7 12 240 12 231 132 2228 31 28 2229 231 
2898 
18 107 95 38 12 7 4758 306 38 34 1846 548 14463 765 9 6224 31 
1124 45 
259 7 1929 15 4076 4 5528 516 2076 12 7 18 
8 9 933 23 28 2076 7 576 17 5383 499 1510 540 90 77 
1368 49 38 215 7 18 13 37 21 38 997 1867 219 12 6463 38 90 2949 14 
541 67 15 1036 4342 138 
41 212 3203 34 7 4428 21 672 38 124 2428 28 863 143 408 17 
41 28 
41 573 34 38 164 568 164 4348 397 6822 138 72 107 45 7 187 77 47 
41 1891 21 5615 28 1702 1470 109 37 12 
7 207 118 251 28 863 143 408 124 107 4 9 2228 34 20 90 77 
576 74 411 255 215 6463 997 1209 121 9 1 143 3996 219 12 251 
161 124 359 1021 21 13 38 573 2900 74 670 48015 408 
215 38 35 450 28 48015 408 487 2 
96 97 45 
49825 
49825 49826 1068 12 2 141 2449 143 638 143 41412 143 10030 
4667 4668 51 2 141 2449 143 638 143 41412 143 26134 
49827 3399 273 2 49826 302 3399 12 
4669 143 4670 143 4671 12 454 3400 143 4668 12 1095 
4672 4668 45 1331 