Subject: 1 2 1170 1923 451 
4425 98 12 12 
118 21 85 259 122 509 182 21 38 12 7 150 938 274 7224 9 5491 21 
3990 499 15 451 17 3042 148 23 37 215 7990 49 564 109 28 
5898 2585 3314 17 127 219 12 192 49 50 37 12 7991 1339 306 
28 3806 358 34 3552 6145 17 670 3511 1365 1400 12 
20 150 204 502 21 450 4091 568 28 1400 49 411 1950 12 3320 7 
8 21 4603 7992 107 2603 109 28 7857 38 7993 2585 6145 
215 2527 765 1369 219 17 2854 215 2527 765 1957 219 12 34 124 45 7 
450 28 2923 45 251 7 7949 2937 1553 1400 124 222 34 38 
824 8 824 21 220 20 34 185 12 6145 45 49 3521 45 3320 20 7994 765 
1369 45 2932 7994 34 164 2214 4 3614 31 1957 215 28 
1920 4 260 219 12 670 1946 90 77 576 21 3511 765 1369 12 12 
38 150 151 8 21 8 9 7995 7871 2585 1369 371 109 28 
7995 31 769 1957 12 251 7 220 450 2473 28 373 1473 7996 
7997 21 28 373 218 1704 12 3545 45 7 207 148 
19 21 148 765 28 411 451 12 12 
7 150 587 8 21 933 964 34 7998 143 5528 1400 358 531 12 20 18 77 
502 21 2666 12 7 150 587 65 4618 21 36 182 21 38 306 959 1402 2600 
67 28 358 12 12 
2016 124 963 998 7999 45 130 38 3196 1916 12 7992 474 38 83 515 
7 2173 12 158 219 
192 120 
282 
41 42 40 45 
41 653 639 
41 7 925 38 164 312 673 45 1960 109 420 49 28 
41 1550 31 15 2016 12 
41 653 639 
41 130 6364 1616 670 2411 4 7729 45 7 207 50 
41 38 2116 451 109 28 572 31 2714 2527 49 28 
41 2691 31 1170 1182 12 28 8000 358 124 9 
41 498 45 540 419 18 13 4 28 997 224 31 1910 21 28 
41 8001 1181 12 4 68 358 45 419 164 568 15 3511 1365 
41 1381 45 130 505 130 6145 12 7 187 94 15 2600 
41 1012 109 68 498 12 4 68 358 161 124 65 9 6311 21 
41 70 972 358 74 8002 17 8003 45 6143 28 7998 143 5528 
41 1400 34 419 572 12 
41 653 639 
41 28 2076 49 28 411 754 451 164 2 
41 653 639 
41 470 1081 171 12 6394 472 
41 913 12 99 45 1219 12 1218 45 1221 12 1220 45 1219 12 151 12 1222 
41 17 1221 12 1223 45 653 1819 3 1170 1182 49 1183 28 
41 1184 31 430 1206 45 653 1820 1224 174 4 1225 340 45 
41 359 12 1227 2 553 143 1179 45 136 45 286 12 1228 143 1229 12 
41 653 639 
41 470 4375 1082 12 6394 472 
41 913 12 99 45 1221 12 1220 45 1219 12 1218 45 1219 12 151 12 1222 45 
41 653 1819 2167 3 1337 49 28 928 31 1170 8004 
41 17 1182 45 653 1820 401 31 28 236 382 109 
41 1170 1923 215 4375 653 1822 219 45 8005 1837 17 234 45 359 12 8006 2 
41 553 143 1179 45 335 45 286 12 3224 143 811 12 
41 653 639 
41 470 8007 1082 12 6394 472 
41 913 12 99 45 1219 12 1218 45 1221 12 1220 45 1219 12 151 12 1222 
41 17 321 12 8008 45 231 125 2298 8009 4282 21 2298 8009 3261 45 231 
41 401 31 28 5565 382 109 384 852 17 8010 45 
41 335 215 21 108 219 12 
41 653 639 
41 7 467 38 195 28 96 306 15 2016 193 
41 653 639 
41 98 99 
41 653 639 
231 515 150 587 8011 256 67 14 8012 2354 31 1456 195 8013 17 111 949 120 
130 8014 479 109 138 231 
15 4134 970 45 231 214 150 587 256 7289 12 231 
7 450 9 294 295 12 8015 12 8016 164 107 259 47 8017 121 195 12 214 18 
256 7289 12 55 84 481 964 104 188 959 1394 12 
653 847 653 847 653 847 653 847 653 847 143 143 3270 17 8018 215 8019 8020 219 
1051 12 851 12 8021 12 1309 397 8022 397 4619 397 4619 302 851 12 8021 12 1309 
1051 12 3034 12 3519 40 302 3034 12 3519 
2000 12 8023 12 2426 40 3034 