Subject: 1 2 1049 49 2133 150 1082 
107 259 1276 21 28 7959 
6463 1535 4406 7786 
28 7960 124 52 7961 7962 2563 
347 28 208 124 52 7963 
28 5898 124 10 45 5898 7905 18 85 38 
21 28 382 2445 4 336 4406 20 7653 5820 848 143 1535 4406 
47 1276 
397 7964 
315 12 7734 7735 7736 3261 17 2636 340 45 2394 
1272 2 141 2248 617 7737 7738 1970 7739 245 31 341 45 7740 
4656 1272 2 141 2248 1250 7741 636 784 734 143 1876 7729 
51 2 141 2248 617 848 952 5816 7742 
273 2 7734 302 2394 12 7740 12 734 
1051 2 1050 2 397 397 1051 12 2394 12 7740 12 734 397 763 7734 397 
109 1302 45 246 846 335 45 98 99 101 2 
41 
41 
41 7734 7735 101 2 
41 
41 41 673 369 7 83 540 1055 34 124 12 
41 41 20 124 9 502 1055 12 
41 41 28 5922 7953 7954 161 109 28 185 21 5913 5920 
41 41 5898 124 394 7769 2606 160 448 7770 
41 41 5923 124 6240 7769 2243 7804 
41 
41 41 
41 41 28 1055 124 6463 646 4406 7786 125 28 382 2445 12 
41 41 251 161 124 65 7953 12 
41 
41 192 49 28 430 12 
41 220 38 83 72 20 124 4241 28 7959 138 
41 
41 41 
41 41 124 28 80 673 138 559 4114 7770 138 
41 41 
41 
41 28 1874 1889 34 419 7950 199 7965 7769 1320 45 
41 540 7 2937 124 274 765 4114 7804 12 
41 
41 98 
41 
41 