Subject: 1 2 1742 11451 1145 12 
13758 48418 101 2 
41 41 4425 3901 45 
41 41 
41 41 7 2937 7 187 937 49 1416 144 12 7 439 150 440 8 48 5161 2596 251 
41 41 7 220 8 2596 306 22872 540 13886 38 21 1324 1219 15031 125 
41 41 5161 12 208 13350 21 15 1416 144 124 34 20 37974 28 231 213 124 985 
41 41 21 220 20 138 231 1021 12 2 143 219 7 187 111 481 22872 11433 49 15 1219 
41 41 15031 12 
41 
41 
41 208 13314 21 34 124 34 38 13260 28 231 3047 1319 1853 19798 231 
41 5609 45 17 38 187 8 21 46701 28 1742 11451 1285 
41 49 184 294 10260 34 4091 4694 21 1853 109 12 
41 
41 72 38 35 4268 28 571 31 28 1742 1285 4 959 2713 45 7 35 
41 2949 38 72 20 187 3577 921 28 5161 7634 1988 38183 45 17 23 1557 
41 9 6264 6638 109 2473 122 20 187 85 12 
41 
41 31 203 72 28 2195 124 274 21 36 20 916 109 9 1174 1329 45 74 
41 195 3530 572 22872 130 34 187 77 28 21036 3203 21 220 215 49 208 
41 1329 650 219 12 
41 
41 143 13758 
41 
41 
72 7289 959 1032 9 46701 124 1403 21 3619 21 9 218 
1329 650 12 
72 359 1285 538 164 829 347 26 35 77 4118 48419 150 151 111 7 12099 150 440 
8 9 1021 306 28 13314 31 1219 12 251 7 93 439 150 440 8 184 
2159 9684 487 12 
48384 