Subject: 1642 150 1082 2 936 1828 
3093 741 12 3094 45 
734 2750 2310 3095 685 3096 45 2780 14 2294 
1641 936 215 3097 902 3098 3099 219 14 3100 
231 3101 1148 31 28 1707 1946 231 45 3102 3103 
689 243 203 109 1662 215 1642 150 1082 219 45 1645 3104 684 897 
3105 1753 718 336 3106 732 1778 3107 2 
143 3108 3109 689 936 12 687 3110 3111 3112 
3113 3114 3115 3116 3109 12 3117 14 70 322 3118 
746 747 3109 3119 732 3064 12 70 2783 45 3120 897 3121 
3100 746 3109 12 
143 3122 3123 689 936 12 
143 3124 707 3125 1676 1645 21 3126 215 3127 
3128 138 138 219 
143 3129 707 3071 3130 215 2838 746 322 741 12 3131 138 219 747 3132 
684 1671 2 105 45 3133 16 45 139 17 51 2589 45 
240 143 628 16 45 3134 3135 14 3136 2297 3137 3138 12 
732 3139 3107 1645 3140 2297 3141 1749 689 1642 150 1082 
691 2319 704 21 1642 150 1082 1645 1682 3102 1884 45 898 3142 714 
729 3143 609 3144 45 898 2908 2909 245 23 1884 
215 282 12 9 12 7 12 1630 12 219 12 
732 1511 1645 3145 714 135 2 454 143 1254 2 1529 12 21 578 707 902 3146 734 
694 936 700 1876 1860 12 3147 2787 908 707 21 1642 215 1862 
1860 219 
1645 1700 3148 3149 734 3150 732 1511 12 
2788 1753 21 3151 3106 684 2308 3152 718 3153 
1674 1511 12 1645 691 3154 2780 12 
2780 14 21 3155 707 21 936 45 1727 1645 1722 684 685 21 3105 
1753 718 648 3156 335 12 21 1642 150 1082 3157 2294 3158 3159 
1676 1645 3160 3161 2828 12 
2789 1655 21 3162 12 3163 3164 3165 897 3164 14 687 741 12 
3012 
707 3166 3167 12 
691 1758 
1230 1220 
143 143 
1232 315 12 1230 1220 1068 12 2 141 454 143 648 143 1233 1232 
1232 2329 1234 141 454 143 648 143 1235 215 1236 219 1232 
1232 1237 17 1162 1238 1239 12 1232 
1232 1240 12 31 316 317 318 1232 
1232 1241 12 1219 12 204 12 241 12 231 320 231 1232 
1232 327 325 326 51 2 141 454 143 648 143 1242 1232 
1232 268 240 143 628 2 1230 302 1243 12 320 12 350 1232 
