Subject: 4231 2 5629 109 28 48654 
669 45 
109 3214 31 48655 405 45 2847 8902 48656 215 824 219 17 1904 164 
1383 305 9 32 109 28 235 627 2 5629 109 28 
1971 12 
68 32 1491 23 3197 28 974 17 48657 31 5629 
109 28 2298 17 419 187 435 21 66 255 213 548 4 68 2018 4 
73 21 3571 430 173 3867 45 561 45 
2076 45 12 12 12 
959 1951 45 68 32 18 216 28 235 2906 2 
143 2003 1337 49 5629 109 28 1971 215 9700 45 573 
3261 45 237 1504 45 1710 1504 45 1475 2283 45 12 12 12 219 12 70 
48658 1334 31 443 1337 18 77 869 306 1832 
1400 9134 12 
143 1366 49 5629 109 28 1971 306 1172 6843 31 443 
1366 109 9 3992 8032 
143 561 45 2228 31 28 2229 45 11490 12 670 1120 124 21 3989 109 
68 977 386 17 419 925 38 18 77 8161 21 95 434 12 
68 32 35055 1475 3618 213 467 21 11403 9 3831 3620 31 
5629 109 28 1971 45 31 1357 1366 17 1337 17 31 
2483 561 12 20 874 35 77 576 130 9 6311 1460 74 
6165 2572 45 3199 2572 45 7246 2572 4 73 21 
3565 515 35 77 2697 125 5629 17 2473 21 6539 20 12 20 
35 65 77 1368 21 2492 45 8187 17 1086 2572 213 87 
21 6539 443 1337 12 20 18 1211 37 306 28 456 
430 109 5629 109 28 1971 45 28 9631 1518 
17 2473 21 4018 347 1509 28 572 31 5629 109 28 1971 4 
769 3570 12 
28 632 31 418 124 3041 49 1886 2405 12 5620 1322 18 77 
2669 4 1090 12 72 1349 45 28 32 18 77 996 921 
1103 17 869 1357 21 28 6134 31 1133 12 
405 48655 215 1051 12 405 143 48655 12 1217 219 124 28 429 57 31 
20 1918 422 4 1090 12 68 32 18 77 27 4 28 
231 1100 3834 231 6185 540 48659 4 28 437 31 
422 48660 2585 28 6311 1460 17 28 3264 244 12 
419 187 77 47 5693 72 38 90 1211 184 430 540 
3196 95 434 21 3047 68 32 12 
46 38 47 48 4 269 49 15 95 12 
96 97 45 
48661 48662 
40606 
512 143 1304 1628 48663 48664 
48665 1089 
1068 12 19777 12 48666 12 48667 