Subject: 15 2974 1971 1166 6605 
5247 4441 1905 12 
195 5247 3592 164 40111 3572 3923 12 
7 12 282 12 1219 12 
1971 3199 10899 
124 15 2974 1971 1166 5036 425 
359 411 425 2529 38 9 959 2974 1326 
31 1971 1166 1237 193 
1981 670 2298 2404 23 2 
419 38606 195 1971 1166 1237 2950 
419 8 28 96 6237 1357 
419 18 107 77 59741 193 
17 419 5697 20 193 
28 35623 4214 31 
1971 1166 341 
6261 240 143 628 1237 2 
4634 628 2659 143 143 143 143 143 143 143 143 143 143 143 143 143 143 143 143 143 143 143 143 143 143 143 143 143 143 143 445 392 3363 
53806 36656 642 143 143 143 143 143 143 143 143 143 143 143 143 143 143 143 143 143 143 143 143 143 143 143 143 143 143 143 445 392 29116 
42940 2778 171 143 143 143 143 143 143 143 143 143 143 143 143 143 143 143 143 143 143 143 143 143 143 143 143 143 143 143 143 143 143 445 392 4176 
42940 19785 143 143 143 143 143 143 143 143 143 143 143 143 143 143 143 143 143 143 143 143 143 143 143 143 143 143 143 143 143 143 143 143 143 445 392 1082 
42940 2778 171 7217 143 143 143 143 143 143 143 143 143 143 143 143 143 143 143 143 143 143 143 143 143 143 143 445 392 10928 
3519 66 1221 448 12 0 143 143 143 143 143 143 143 143 143 143 143 143 143 143 143 143 143 143 143 143 143 143 143 143 143 143 143 143 143 143 143 445 392 4176 
3519 66 7217 143 143 143 143 143 143 143 143 143 143 143 143 143 143 143 143 143 143 143 143 143 143 143 143 143 143 143 143 445 392 39741 
39022 143 848 143 143 143 143 143 143 143 143 143 143 143 143 143 143 143 143 143 143 143 143 143 143 143 143 143 143 143 143 143 143 143 143 143 143 143 143 143 143 143 143 445 392 4176 
352 628 143 143 143 143 143 143 143 143 143 143 143 143 143 143 143 143 143 143 143 143 143 143 143 143 143 143 143 143 143 143 143 143 143 143 143 143 445 392 4176 
53806 1221 827 12 0 143 143 143 143 143 143 143 143 143 143 143 143 143 143 143 143 143 143 143 143 143 143 143 143 143 143 143 143 143 143 143 143 143 143 143 445 392 29116 
53806 1221 644 12 0 143 143 143 143 143 143 143 143 143 143 143 143 143 143 143 143 143 143 143 143 143 143 143 143 143 143 143 143 143 143 143 143 143 143 143 445 392 4176 
240 143 628 16 6185 1237 2 
59742 143 143 143 143 143 143 143 143 143 143 143 143 143 143 143 143 143 143 143 143 143 143 143 143 143 143 143 143 143 143 143 143 143 143 143 445 392 16927 
21057 143 143 143 143 143 143 143 143 143 143 143 143 143 143 143 143 143 143 143 143 143 143 143 143 143 143 143 143 143 143 143 143 143 143 143 143 143 143 143 143 143 143 445 392 16927 
11520 143 110 143 143 143 143 143 143 143 143 143 143 143 143 143 143 143 143 143 143 143 143 143 143 143 143 143 143 143 143 143 143 143 143 143 143 143 143 143 143 143 445 392 16927 
3826 19855 59743 143 143 143 143 143 143 143 143 143 143 143 143 143 143 143 143 143 143 143 143 143 143 143 143 143 143 143 143 143 445 392 39008 
3826 19855 56005 143 143 143 143 143 143 143 143 143 143 143 143 143 143 143 143 143 143 143 143 143 143 143 143 143 143 143 143 143 445 392 39008 
240 143 628 302 13663 5037 143 143 143 143 143 143 143 143 143 143 143 143 143 143 143 143 143 143 143 143 143 143 143 143 143 143 445 392 4176 
240 143 628 302 13663 5037 781 397 171 143 143 143 143 143 143 143 143 143 143 143 143 143 143 143 143 143 143 143 143 143 445 392 16927 
16 6230 33762 143 143 143 143 143 143 143 143 143 143 143 143 143 143 143 143 143 143 143 143 143 143 143 445 392 1082 
2298 59744 1221 827 12 0 143 143 143 143 143 143 143 143 143 143 143 143 143 143 143 143 143 143 143 143 143 143 143 143 143 143 143 143 143 143 143 143 445 392 10928 
243 2298 2404 1237 2 
2298 2439 59745 8198 143 143 143 143 143 143 143 143 143 143 143 143 143 445 392 13756 
2298 2439 59745 773 143 143 143 143 143 143 143 143 143 143 143 143 143 143 143 143 143 445 392 1082 
3981 53403 619 143 143 143 143 143 143 143 143 143 143 143 143 143 143 143 143 143 143 143 143 143 143 143 143 143 143 143 143 143 143 445 392 7848 
423 4130 143 143 143 143 143 143 143 143 143 143 143 143 143 143 143 143 143 143 143 143 143 143 143 143 143 143 143 143 143 143 143 143 143 143 143 445 392 2449 
423 4130 2778 143 143 143 143 143 143 143 143 143 143 143 143 143 143 143 143 143 143 143 143 143 143 143 143 143 143 143 143 143 143 143 445 392 1082 
240 143 628 1316 2 
419 65 8 394 9881 19788 294 240 143 628 2588 17 
70 3076 231 5247 110 231 504 1357 
49 143 143 143 143 143 143 143 143 143 143 143 143 143 143 143 143 143 143 143 143 143 143 143 143 143 143 143 143 143 143 143 143 143 143 143 143 143 143 143 143 143 143 143 143 143 143 445 392 1082 12 
1350 1316 1357 1324 328 193 
591 959 2950 21 518 125 193 
1981 670 2298 2404 23 2 
26725 164 12969 1237 54695 
195 1442 34921 1237 
195 1876 3471 14217 397 359 59746 1322 
38 6456 298 10199 125 670 1446 504 2298 8025 
2974 306 3040 74 3040 13896 1139 193 
38 18 107 861 443 2950 19798 49 982 
419 18 18585 347 9206 184 6237 
31 14217 437 1237 193 
1324 7 12 282 12 1219 12 328 
215 35876 219 31915 143 16868 
347 51 15 73 3214 21 2 
215 35876 219 56137 143 59732 
215 1833 15 105 45 139 140 45 240 143 628 16 219 
1981 670 2298 2404 23 2 
419 6147 195 1237 1357 109 21027 
17 419 18 107 77 59741 193 
3210 28 2 
7 12 282 12 1219 12 1237 839 
49 445 392 2449 12 1529 833 204 317 747 
17 8163 4711 3471 21 1512 3471 109 195 1237 
1404 321 12 1219 12 17 20540 6843 1357 
49 298 3893 1324 347 51 15 2 
215 648 219 105 
215 144 219 3133 16 
215 827 219 240 143 628 16 
215 644 219 139 140 
21 2 
7 12 282 12 1219 12 
139 2 215 35876 219 31915 143 16868 
51 2 215 35876 219 56137 143 59732 
347 628 15 2377 3214 21 2 
26725 
36323 12 1237 839 3274 12 
321 12 322 12 323 59747 
59748 45 4425 12 59749 
419 3357 195 3986 1058 12143 2 
4578 824 8875 1059 824 
1009 4634 824 8438 1059 
419 35 65 3357 4190 74 51 193 
2858 51 15 4322 21 2 
35876 143 56137 143 59732 
259 439 150 440 464 45 1324 328 68 3359 124 49 9 864 92 
445 193 
1324 7 12 282 12 1219 23 2 
139 2 215 35876 219 31915 143 16868 
51 2 215 35876 219 56137 143 59732 
1981 670 2298 2404 23 2 
198 15 73 328 1427 47948 977 17 419 150 587 77 1011 21 
13 38 9 1174 39 17 270 184 463 38 229 8 12 347 
1324 434 17 419 18 1844 38 670 1446 504 2298 2404 2588 
5247 4441 2 
21 77 6617 125 670 133 110 347 
21 77 4077 21 670 231 3831 5247 110 231 
17 21 77 6617 125 591 411 133 1316 130 505 45 
2858 521 21 2 
1050 2 397 397 1051 12 59740 12 1217 
195 5247 3592 164 40111 3572 3923 