Subject: 81 2666 12 
59155 11311 504 
59156 1241 12 59157 
50282 45 8741 
59158 
215 22110 219 16454 143 59159 
59160 302 59161 12 3519 
21 4577 20 229 5929 45 2059 45 229 648 45 136 
7689 193 132 105 124 59162 12 7 8 2110 1339 9 3314 11311 504 12 7 207 305 68 849 
107 445 21 4018 1904 45 251 21 3359 132 1184 4 28 414 2088 130 505 12 
413 4 68 2088 31 1166 164 28 235 2 
11311 397 133 45 573 9545 45 5831 397 
50518 45 52807 45 17 2119 411 1184 4150 109 38 150 1 7558 571 12 
7 207 5485 21 36 1339 259 81 439 150 440 464 21 66 14 12 
116 45 
59162 55321 