Subject: 1 2 298 4221 49 49558 9656 2385 
98 45 
419 8 13085 291 1379 137 21 49559 6047 215 419 164 9 532 
11909 1191 219 45 251 7 150 151 77 1011 21 270 9 2351 463 347 481 9 
372 49 38 12 
143 100 
143 143 143 143 143 546 626 143 143 143 143 143 
125 2 98 99 470 2723 2 613 302 1243 12 320 12 350 472 
102 2 2366 45 247 264 45 7284 729 2 1973 207 
21 2 49560 302 49561 12 1217 
635 2 14 
627 2 298 4221 49 49558 9656 2385 
42 2847 12 49560 45 
7 548 4 9 1086 245 17 419 164 9422 9656 
3867 45 
21 518 208 21 77 576 4 9 1086 2141 12 7 187 435 21 672 38 
2428 419 164 8120 49 9 298 4221 49 28 49558 2385 12 
20 90 77 31 990 2489 21 670 1172 12 
192 4 269 49 15 95 12 
98 99 