Subject: 4231 2 4688 8362 8363 2405 2 1125 15 1508 4 268 
470 419 6060 72 38 128 1123 1322 31 68 628 12 472 
1211 28 96 1422 4 28 4688 8363 2405 1397 229 644 17 36 
298 387 17 1061 1947 49 28 4688 150 2405 8110 109 1886 
264 143 623 4 8358 45 268 193 
352 8364 21 9 425 150 204 2483 4158 143 231 8365 628 231 21 591 143 
35 77 9 47 6238 185 49 37 21 3264 9 8366 347 9 504 12 
534 45 130 419 195 83 45 48 31 68 8365 628 124 93 31 359 1543 21 
28 8367 31 28 255 34 128 20 12 508 31 20 8368 964 8369 497 45 
107 445 8370 28 483 34 28 425 4140 109 20 45 251 65 8371 964 
8372 8373 8025 347 8374 21 77 8375 12 
72 28 425 777 9 10 1743 31 213 769 2483 4158 
199 45 26 187 83 959 8376 213 21 13 20 21 45 259 91 31 68 
8373 17 4155 90 77 79 12 874 45 235 9 1349 4688 
8362 977 1209 215 450 8377 421 648 45 8013 335 219 45 4688 58 274 
3944 9 294 8362 8363 49 2405 2 
231 35 38 8378 213 187 77 1891 4 8379 9 8380 8381 
3617 17 1844 70 6827 953 138 231 
68 8362 124 1091 74 4688 45 28 3348 1611 17 
3 3511 12 28 2195 31 4688 124 21 2181 424 45 1333 17 
231 1801 231 1145 31 2116 1085 1182 34 8382 1086 45 
1136 17 1036 2 3515 215 2089 1506 219 45 3516 215 3517 
2636 219 45 3397 215 1329 3 219 17 3518 215 237 1504 219 12 
419 2574 184 650 31 1597 21 443 1440 45 4133 1510 
2103 184 31 28 4688 1127 347 184 2190 31 443 12 419 164 
65 1891 4 411 1597 568 411 1127 45 226 4688 124 
1891 4 528 159 21 8383 2473 4688 1127 8384 21 
411 1337 12 
28 8385 18 77 1521 21 1125 9 1893 358 109 769 1946 23 
28 4688 150 2405 8110 109 3348 1611 17 3 215 264 143 623 
1886 2405 219 45 4 8358 45 268 12 15 832 18 77 298 31 299 17 
419 18 63 38 9 1061 1947 31 6252 3914 12 
2340 1915 2 
343 1551 2405 7925 31 573 
644 229 2405 488 49 764 
618 229 2405 1083 31 8386 
333 143 623 1886 2405 4688 150 2405 8110 
49 959 430 45 81 1981 8387 2 
1050 2 397 397 1051 12 4685 12 4686 12 853 12 590 397 4688 397 12 
96 1204 45 
3267 1600 3437 8388 
8389 8390 1329 1086 