Subject: 1 2 1049 49 2133 150 1082 
673 369 7 83 540 1055 34 124 12 
20 124 9 502 1055 12 
28 5922 7953 7954 161 109 28 185 21 5913 5920 
5898 124 394 7769 2606 160 448 7770 
5923 124 6240 7769 2243 7804 
28 1055 124 6463 646 4406 7786 125 28 382 2445 12 
251 161 124 65 7953 12 
124 28 80 673 138 559 4114 7770 138 
7689 
7734 
315 12 7734 7735 7736 3261 17 2636 340 45 2394 
1272 2 141 2248 617 7737 7738 1970 7739 245 31 341 45 7740 
4656 1272 2 141 2248 1250 7741 636 784 734 143 1876 7729 
51 2 141 2248 617 848 952 5816 7742 
273 2 7734 302 2394 12 7740 12 734 
1051 2 1050 2 397 397 1051 12 2394 12 7740 12 734 397 763 7734 397 
109 1302 45 246 846 335 45 98 99 101 2 
41 669 193 
41 
41 41 7795 138 1906 77 541 959 7795 1055 138 
41 41 7 7949 83 540 16 138 
41 
41 28 430 7 8 67 28 1055 124 2 
41 7795 1055 45 96 7955 
41 204 12 440 7956 360 397 323 7957 
41 7958 7729 
41 
41 41 419 3196 2564 4 268 997 1209 12 
41 41 
41 
41 450 38 997 1209 111 193 
41 
41 41 
41 41 502 1980 306 15 358 23 2133 
41 41 
41 
41 192 193 
41 
41 96 1204 45 
41 
41 98 
41 
41 