Subject: 11414 28 41499 368 848 143 639 1010 306 20258 193 58887 
8 38 211 31 13538 54033 215 20258 219 138 138 138 
13383 74 15 2745 54035 54036 45 20258 15608 56907 4 
15 639 204 45 837 959 4 15 454 204 17 638 204 45 9635 7888 
4 28 56908 31 3986 54044 833 195 411 34948 1846 
21 972 962 12 
68 35 369 77 47706 193 193 193 4 35775 31 35223 3361 45 
20258 58 205 3376 21 13640 28 235 2 
824 1425 6290 19581 17 9180 53253 19692 308 11944 193 
824 6164 37793 7895 
824 5247 53750 17 53990 
824 6203 20513 17829 17 6054 53991 1896 
824 6054 18509 45 5566 17 4215 
824 53992 20461 4097 17 13538 
824 9633 28 37458 408 
824 7207 11039 17 23552 7876 
824 6526 182 15 6290 150 204 16572 92 18573 848 143 639 1010 
4 448 524 31 8009 193 193 193 306 359 6219 9605 193 
49 959 430 347 21 73 8366 45 
81 1981 670 3981 23 1050 2 397 397 1051 12 58888 12 1217 
72 38 164 2255 21 1448 670 3981 45 81 273 434 23 2 
2723 2 58889 2405 302 6824 12 1217 347 
2723 2 58890 2405 302 6824 12 1217 
17 419 18 273 430 182 21 38 12 
861 499 2473 20258 35 231 11414 28 41499 368 231 49 38 193 193 193 193 
215 236 54739 164 1530 219 
653 653 653 653 653 653 653 653 653 653 653 653 653 653 653 653 653 653 653 653 653 653 653 653 653 653 653 653 653 653 653 653 653 653 653 653 653 653 653 653 653 653 653 653 653 653 653 653 653 1874 6460 109 3979 1905 21 77 42009 125 
840 1826 12 