Subject: 236 628 73 774 12 571 3424 397 4119 95 193 
42 2632 45 
419 164 70 236 628 73 425 148 49 6205 
306 9 990 548 54128 17 28 9987 21 19653 23 1557 
392 2862 143 392 648 45 2862 2606 76 386 92 347 392 144 45 1857 21 959 1032 392 248 45 1857 
2606 76 1446 92 1960 125 3314 193 
28 6047 49 670 8366 1479 215 765 6190 218 3867 219 124 259 
990 419 87 21 7730 959 255 21 504 28 2165 8424 
6816 12 
359 818 12157 347 2596 124 1403 12 419 7730 38 17 
1211 2901 1947 21 7812 15 2487 12 
38 18 77 10459 407 28 1971 4 28 12227 31 15 2745 3314 
17 38 18 4192 15 548 954 12 9 4781 48295 
31 248 143 848 954 9 1867 124 1403 12 28 18489 38 2698 125 
15 9177 35 1022 38 4 1740 31 15 92 45 15 16063 45 17 
15 2261 193 
72 38 150 938 4080 411 4787 4 28 1335 34 8 13346 21 11416 
964 21 769 12278 45 111 38 150 587 861 68 21 77 218 1032 2423 
3191 38 164 3524 31 193 193 
68 124 107 9 36 11614 4553 2398 12 
38 1906 548 21 19653 18489 193 
15 4561 1335 926 107 8 21 77 15 4561 460 12 
259 672 1897 12 12 12 
953 138 953 107 138 953 107 14 138 953 107 369 138 
1324 445 72 38 164 5648 193 
7903 143 29319 143 59334 215 952 954 219 
231 195 670 28892 35 3078 6548 143 
72 419 8 28 19633 21 10880 37 231 
143 55730 55731 
41 41 41 41 41 41 41 41 41 41 41 41 41 41 41 41 41 41 
13 70 273 21 59335 143 3274 302 14096 12 1217 306 5247 130 28 627 12 
41 41 41 41 41 41 41 41 41 41 41 41 41 41 41 41 41 41 
4178 164 107 525 193 
72 38 83 31 2622 213 229 77 1891 4 68 1129 111 
81 19 68 273 12204 37 12 
46 38 