Subject: 990 386 143 92 347 1821 3372 193 
824 824 824 824 824 824 824 824 824 824 824 824 824 824 824 
419 8 5680 6612 306 1058 561 34 419 87 21 198 
4 28 532 5338 143 34925 9899 4 15 2088 12 
487 124 515 38 220 2 
648 12 4018 1897 21 28 13039 5338 347 4013 12 
144 12 572 670 4114 3471 6238 5334 540 20495 37 2473 68 3547 
5680 323 18 8163 769 4158 12440 31 7804 45 77 9 
12159 1059 49 769 1166 45 17 481 37 125 392 729 12 1529 21 
392 1535 12 1529 347 959 49 5820 11613 102 4 12 
827 12 861 9 502 4189 109 28 12802 45 198 28 323 161 45 17 256 
34 7289 959 87 77 506 45 195 38 87 124 2051 105 17 
16 259 28 425 35 13 1456 28 1114 4190 12 
15 59065 18 77 392 848 49 5820 323 38 198 12 
74 3309 9 2364 38 90 65 19653 9 1114 31 392 848 
49 1320 1036 34 3378 125 34 13039 12 34 124 31 203 9 
48 959 35056 2563 45 130 20 18 63 38 49 524 347 1010 
49 9 47 532 2954 12 1324 648 143 21884 143 2679 143 59066 1285 827 952 954 21 
128 28 277 193 193 
21 77 6617 125 670 133 110 45 650 2 167 59067 302 6824 12 1217 
4 28 215 21 2 219 2088 17 215 5247 219 4 28 627 2088 31 9 294 240 143 628 
17 13 12 