Subject: 1 2 762 143 4073 7806 
7 2937 28 260 125 540 28 7910 7911 125 124 515 124 28 
2918 31 28 7842 1382 12 20 124 125 68 6280 540 7 187 
7912 7913 28 231 7816 653 648 231 408 12 
28 2918 31 132 408 124 21 77 159 21 85 9 4601 31 865 573 
2188 109 20 17 111 21 77 6391 109 573 540 20 58 107 3870 1397 12 
7 572 7854 86 20 124 7914 45 251 72 865 573 199 
1357 17 7915 90 77 576 12 28 2918 31 132 408 124 107 274 
21 220 505 109 7820 12 
28 231 7816 653 648 231 408 124 28 310 130 9 408 540 7916 28 
7814 430 765 28 830 31 7820 17 111 124 7811 109 9 
386 31 34 573 12 28 445 2923 124 34 20 112 28 7854 
7917 213 5029 28 7814 430 107 28 7806 
7917 12 28 2177 1449 7918 34 34 124 2473 28 7814 
430 
112 5029 12 20 124 49 34 311 34 7 439 150 440 2937 28 231 7816 653 648 231 
408 926 1211 9 7822 49 4280 12 874 45 21 270 15 
260 7919 143 28 231 7816 653 648 231 408 7920 193 193 
72 38 7869 34 28 231 7816 231 124 9 2432 5036 21 572 45 130 
20 479 306 7854 111 38 90 7921 7869 34 28 7922 2939 
540 1316 540 2193 1417 4 540 2939 17 65 479 306 7854 
124 65 9 2432 5036 12 
7 7819 28 7814 7822 4 28 185 38 369 1929 86 
4 34 185 20 124 7923 28 310 1382 130 132 408 12 132 
7822 7924 14 21 7843 28 7895 31 132 408 7913 28 
7895 31 9 7845 408 7923 28 310 1382 12 
28 445 185 38 90 7843 132 408 21 28 231 7816 653 648 231 408 187 77 
72 7854 199 21 7925 9 294 386 31 7820 17 28 7816 2589 199 
107 2684 12 4 34 185 195 31 28 115 7820 187 2111 2432 
865 573 17 28 429 3203 7 187 220 21 132 408 124 5883 28 
7814 430 193 193 
7 767 68 124 28 3812 2439 21 85 67 443 3508 130 9 
999 2411 112 6221 964 23 7860 12 161 112 9 7926 49 
384 540 4602 150 440 572 865 573 12 20 112 3919 215 313 107 
7927 219 34 443 384 90 107 518 28 429 2193 4 28 
2107 74 7928 130 28 429 2193 112 28 508 7847 12 
72 38 1449 2892 28 231 7816 653 648 231 408 124 28 6382 7822 45 111 
81 6384 28 2918 31 34 7822 12 515 124 20 103 38 67 
15 408 138 
192 49 15 358 143 7 150 938 777 9 4553 7929 1461 45 251 18 2666 
7850 765 28 781 397 240 12 20 1465 47 999 21 3451 7930 150 204 548 12 
8 38 2666 2051 2016 138 
3253 