Subject: 164 38 5648 67 15 460 138 
28 460 124 487 369 45 17 306 20 479 15 1129 21 9504 109 28 
21036 2165 14214 4 5610 193 1158 8443 109 28 1971 124 
4558 21 10999 21 392 7355 21016 74 10854 12 28 13353 3264 49 139 504 
124 38134 21 77 765 392 144 54045 45 17 59331 31 4002 16979 4 28 434 18 
3558 964 9 392 5665 21016 3264 12 
70 1129 369 5777 21 9504 109 443 57948 12222 45 17 9180 9 
41232 18489 49 15 460 12 670 2195 124 21 3359 8202 5820 2375 34 
479 921 28 3314 347 157 45 3359 28 14209 9 48672 45 17 23 28 310 92 
6825 9 53416 109 143 985 12831 408 49 28 48711 213 95 10999 28 
425 12 179 15 4158 481 109 143 1479 6204 45 38 19653 
4186 12 3084 28 2483 193 
68 124 9 2369 2370 1129 306 70 3568 21016 143 7770 236 
10895 36253 45 17 419 87 374 36031 12 86 68 124 70 1971 143 
371 1166 45 161 164 8202 359 10063 9968 21 9081 15 13538 12 
72 38 35 450 28 2483 487 45 17 72 38 482 959 430 45 7 37874 38 21 
66 434 12 28 460 124 487 45 164 38 1027 49 20 138 
1324 41409 298 648 143 21884 143 59332 143 59333 45 17 955 15 105 45 2088 1285 17 139 140 45 
306 28 96 92 21 1448 38 45 17 208 31 670 3555 18 66 38 12 