Subject: 1 2 4231 2 1772 2 549 1365 17 2527 
4425 49059 45 
41 7 207 1891 4 549 1365 17 7 112 3209 72 38 90 152 
41 14 91 34487 2458 4 28 2018 12 
505 49 218 1473 31 549 1365 450 132 3905 23 
1050 2 397 397 1051 12 48894 12 1095 397 49060 12 5051 177 38 861 9 356 31 2113 21 28 
1237 1357 45 65 49 7273 5615 397 1174 6843 12 
41 132 431 260 4161 21 2527 12 4 132 1086 7 207 1891 
41 21 450 72 20 124 261 21 861 3039 6345 31 6987 12 7 
41 968 34 9 2527 1381 187 77 516 12 90 12449 
41 1844 14 184 11 109 2473 7 84 1946 68 1021 138 
161 124 1237 1357 34 1031 20 35 3511 11404 12 124 20 34 
515 38 482 21 220 138 
35100 10319 
653 653 653 653 653 653 653 653 653 653 653 653 653 653 653 653 653 653 653 653 653 653 653 653 653 653 653 653 653 315 12 35100 10319 
1801 340 11909 
48895 618 
48896 48897 
1331 
1068 397 51 2 141 2449 48898 48899 