Subject: 1 2 91 514 125 2014 
4071 47690 101 2 
41 42 195 45 
41 
41 7 87 21 1983 38 31 91 3387 4 2014 540 18 8 
41 9 48279 109 28 2141 765 28 997 2351 524 12 7 150 282 305 21 82 
41 8139 83 369 45 259 34 161 124 91 92 49 14389 1397 
41 28 1841 1892 68 1867 12 
41 
41 1544 579 1028 215 23 28 1212 28 4605 31 1038 219 45 7 18 77 
41 9 774 143 11652 31 9 3042 143 964 425 21 548 109 549 1603 12 7 18 
41 7227 21 548 49 848 3471 31 28 92 49 2014 176 17 132 
41 7291 13244 18 77 3842 282 143 47623 12 68 18 1211 35365 4 
41 1153 49 23 1557 28 997 2351 524 12 1412 45 68 2671 
41 18 8 91 13006 49 28 2141 45 17 68 626 
41 9397 28 600 130 7 450 20 12 81 82 14 83 72 184 
41 840 841 124 539 12 7 18 420 91 92 23 28 
41 1841 49 2411 31 184 1148 34 3078 964 12 
41 
41 161 18 107 77 9 1276 1333 10827 2585 28 425 
41 17 28 2141 12 602 45 419 4998 42942 31 3590 17 11862 
41 2585 28 373 12 28 425 18 107 572 215 347 8 184 13124 21 219 184 
41 4427 2030 1389 282 143 47623 12 20 18 77 11949 21 9122 
41 3387 4 28 2141 45 251 18 107 8 15548 1379 21 
41 184 2141 1508 12 161 124 65 70 1129 21 1191 964 91 31 
41 28 2141 150 204 3544 130 97 11018 143 143 143 1208 45 28 
41 425 35 3359 91 31 542 1508 31 3264 3261 49 572 4 
41 28 341 3996 2563 12 28 425 18 65 77 1011 21 
41 77 2214 130 239 2704 3869 306 150 28 2141 45 72 68 2971 
41 306 28 1118 150 204 3590 12 
41 
41 130 2342 130 42711 150 204 548 1370 28 2141 7653 215 1208 4 22072 648 219 45 
41 419 18 77 13081 182 670 37572 6470 12 670 13002 3590 
41 164 21 3619 47971 21 2475 1136 12 38757 45 419 2563 
41 670 3986 37572 4 22072 648 215 130 2606 28 3623 219 21 77 1922 
41 17 11024 31 28 408 12 
41 
41 7 150 151 5633 2411 31 28 1148 34 3525 125 443 538 21 
41 13339 23 28 1841 12 72 38 767 34 161 164 463 21 540 
41 38 482 3940 369 45 82 14 83 12 
41 
41 1034 45 
41 
41 143 143 22267 
42 195 45 
28 514 34 22267 124 2087 21 9 3042 143 964 425 17 34 214 18 48280 
848 3471 31 2051 92 21 3842 28 2141 124 924 9 3986 2671 4 28 
2141 1948 12 130 21 369 45 445 9 48281 31 463 3078 21 132 188 2 
143 28 1118 87 21 83 515 28 2439 31 2014 176 
124 306 6177 21 28 2141 12 515 331 31 10498 35 28 2141 
13970 16319 369 138 7 2173 2 4 3614 31 3842 160 215 204 219 397 4427 17 
4 3614 31 48282 12 150 204 2745 1957 17 3590 12 130 3385 108 369 45 20 
1465 130 72 42711 12 124 3554 985 21 3539 28 3540 31 3553 31 
3544 506 23 411 8025 12 130 56 45 28 1957 397 3590 31 28 
2141 13970 164 4636 12 
143 20 35 77 56 45 308 48283 45 34 28 1360 31 4213 255 109 
28 1742 6219 23 42711 12 58 205 208 31 28 3986 1440 49 28 
1118 12 68 58 9725 4 1360 31 1712 17 5566 109 12899 
1148 12 21 68 45 28 411 8448 8 778 74 2498 964 769 2745 
2099 45 17 74 1413 21 48284 769 9177 130 2342 130 261 12 
443 1928 8 107 205 13669 74 184 2603 2439 74 42711 12 28 
48285 67 28 3540 31 12514 384 11066 34 48282 12 39773 150 440 
369 9 2603 5566 31 515 542 2745 1957 17 2099 164 4 28 
1742 397 48286 397 409 12 2088 
143 28 2141 58 107 205 7813 673 143 5048 74 28 7807 213 9570 34 
541 45 74 185 31 10498 17 1712 45 112 48287 12 
143 369 45 20 1465 34 28 294 600 18 77 2336 74 13081 3192 
42711 12 48288 215 515 926 68 2173 219 45 17 74 35716 109 1476 
47971 921 9 2475 408 12 251 68 33669 48289 9 140 
31 411 45 959 20901 1148 2 10864 31 28 1603 408 45 
3540 31 28 1433 3830 45 2473 21 16 215 72 419 93 164 985 
21 219 22455 45 48290 21 3031 45 409 12 17 12 120 45 1742 397 48286 397 409 12 
143 68 195 21041 21 28 140 31 463 419 314 777 21 2223 17 
3529 23 28 997 1841 12 17 45 48291 45 7 220 107 450 45 23 1125 2473 21 
48292 37 12 419 314 777 2 
143 9568 1148 2 515 21 21 997 4 28 2119 42759 
143 3047 9 149 49 28 375 12 130 2342 130 7 83 107 837 9 498 
124 369 1357 12 179 18 419 77 4 9 2439 21 13 9 2743 
1841 195 28 8448 48293 138 
369 419 65 8 2 
143 3540 31 42711 12 21 1022 20 48294 2 124 42711 12 4 9 2439 21 7227 
4213 28 2141 138 58 20 583 4427 21 220 259 138 515 124 42711 12 
48295 397 1957 397 3590 306 6177 21 28 1959 138 4 68 
6177 45 124 42711 12 963 21 28 1841 306 9 2603 2563 45 1141 
2587 49 6311 758 4 28 2119 2088 138 213 124 93 985 21 
10055 28 2141 215 7 2173 45 34528 219 138 35 22267 16319 28 829 
48288 45 837 72 445 109 28 11911 6219 45 78 28 12677 
9130 214 124 369 17684 21 138 4577 926 42711 12 3390 4 28 2141 
1520 31 138 
82 14 1907 34 443 8121 164 107 93 9395 21 22267 215 21 
4577 195 132 1204 49 9 48296 2086 521 219 45 251 21 2014 
176 12 82 14 65 1907 34 20 124 17797 34 419 164 6336 67 
443 514 373 2660 1397 949 49 28 1841 12 
96 97 
3430 47691 