Subject: 8007 1082 
42 262 99 2 
72 38 8 293 28 310 626 130 1528 45 81 3213 28 272 
208 12 12 
15 2080 
358 619 4118 8024 
231 3 1170 1182 31 2298 8025 1369 231 
58 3386 434 130 1521 358 12 
195 451 752 49 8007 150 1082 18 77 595 21 28 839 756 
49 367 45 17 38 18 77 2601 31 28 3243 31 15 358 215 204 219 74 
28 3965 31 134 45 335 12 49 15 460 1041 45 81 459 21 28 
414 5193 140 215 204 219 12 
46 38 49 4440 15 358 4 8007 150 1082 12 
116 45 
8007 2387 469 
8007 1082 1775 1236 302 8026 12 521 12 5764 