Subject: 315 12 1220 397 8007 1082 8027 
42 315 12 1220 45 
451 18 77 378 72 20 8053 28 597 469 74 1886 454 12 
358 1550 74 273 124 107 378 12 
840 2623 84 77 869 21 8054 143 144 302 8043 12 8029 12 774 12 5764 
46 38 12 
8007 1082 839 756 469 
143 143 143 
41 
41 42 8055 45 
41 
41 7 207 305 21 38 3932 28 1556 143 1027 30 31 670 358 
41 215 358 619 2 8007 1775 8024 219 12 
41 137 21 8056 548 8057 45 419 18 77 159 21 13 38 28 358 
41 306 9 1893 523 12 28 358 1122 306 195 870 1979 
41 18 77 102 3193 215 2366 45 1886 609 219 74 4288 12 
41 130 26 307 434 125 28 4288 8058 45 38 18 128 20 
41 109 3079 45 1886 608 12 
41 
41 4 28 254 45 419 35 13 38 3193 28 358 74 240 143 628 45 
41 17 28 411 1979 215 387 486 45 5705 486 45 
41 8059 486 219 74 51 12 
41 72 68 3984 124 673 306 38 45 81 1983 434 109 28 
41 240 143 628 16 17 28 51 140 177 38 482 434 21 13 
41 28 414 1979 12 
41 
41 81 3357 670 1321 49 68 523 12 
41 
41 96 97 
41 1230 1220 
41 
41 
41 
41 
41 
41 
41 
41 8007 1082 101 2 
41 41 
41 41 42 262 99 2 
41 41 
41 41 7 207 376 21 1983 38 34 28 839 756 58 378 15 
41 41 358 3027 
41 41 
41 41 358 619 4118 8024 
41 41 231 3 1170 1182 31 2298 8025 1369 231 
41 41 
41 41 58 205 378 49 28 379 23 8007 150 1082 12 
41 41 
41 41 7 187 435 21 672 38 21 1878 49 28 1556 1027 358 2182 21 
41 41 28 365 5684 17 28 358 4442 8028 12 28 365 5684 17 
41 41 8028 124 1357 125 28 3981 215 
41 41 1050 2 397 397 1051 12 8029 12 774 12 5764 397 8007 1082 397 219 12 
41 41 20 18 65 77 6282 21 28 412 6133 1510 8030 4 8031 12 
41 41 412 125 8031 164 870 21 3305 430 125 28 3981 12 
41 41 81 817 34 28 8028 3592 195 31 1612 21 1549 28 
41 41 2080 49 3992 143 8032 1550 1122 306 8033 1027 358 12 
41 41 23 28 75 31 68 273 45 28 375 150 2600 49 15 752 
41 41 2080 164 65 862 179 15 2080 58 20 12 7 925 38 1878 49 
41 41 15 838 358 306 1510 4 188 12 12 
41 41 
41 41 28 358 84 77 102 21 28 235 16 359 1892 1032 1886 1535 45 
41 41 335 12 20 18 107 77 8034 21 1833 15 358 4 28 401 45 72 
41 41 28 358 18 107 77 752 306 8035 28 8028 17 28 
41 41 1550 488 12 
41 41 
41 41 28 418 17 379 31 15 358 18 77 8036 109 28 
41 41 581 31 28 680 31 15 387 578 12 179 38 13 434 15 
41 41 2458 45 81 65 817 34 38 18 77 1403 21 481 28 
41 41 387 12 
41 41 
41 41 28 473 849 215 204 219 18 65 77 102 74 3133 628 306 28 365 
41 41 5684 12 
41 41 
41 41 195 2458 49 15 358 84 77 102 21 2 
41 41 8007 150 1082 469 
41 41 1219 397 322 8037 1524 3874 12 
41 41 8038 8039 143 8040 8041 12 
41 41 644 143 1257 143 343 8038 
41 41 8042 143 2520 45 8043 1967 143 8044 
41 41 8031 
41 41 1068 2 141 1069 143 827 143 8045 143 8046 51 2 141 1069 143 827 143 8047 143 8048 
41 41 
41 41 46 38 49 15 466 21 8007 1082 12 7 207 148 19 21 5120 38 
41 41 23 28 382 12 
41 41 
41 41 8049 8050 
41 41 839 756 1176 
41 41 8007 150 1082 
41 41 
41 41 143 143 143 2600 143 143 143 
41 41 20 229 77 1376 21 3807 28 4572 8051 31 1170 1957 45 86 
41 41 2298 8025 164 1394 413 591 1142 12 28 412 84 2603 2473 21 
41 41 3807 28 8051 8052 12 
41 41 143 143 143 2600 75 143 143 143 
41 
41 143 143 
41 1232 315 12 1230 1220 1068 12 2 141 454 143 648 143 1233 1232 
41 1232 1234 141 454 143 648 143 1235 215 1236 219 1232 
41 1232 1237 17 1162 1238 1239 12 1232 
41 1232 1240 12 31 316 317 318 1232 
41 1232 1241 12 1219 12 204 12 241 12 231 320 231 1232 
41 1232 327 325 326 51 2 141 454 143 648 143 1242 1232 
41 1232 268 240 143 628 2 1230 302 1243 12 320 12 350 1232 
41 