Subject: 5193 2939 430 
42 1230 
2915 38 861 28 5193 2939 430 125 9 224 31 2660 12 
1440 2 21 5736 1170 650 17 411 430 143 837 28 2476 143 
1465 21 77 9 42439 31 548 45 17 143 959 2340 143 419 6638 
541 48936 454 17 390 3471 62 77 6573 12 91 6230 
48937 12123 256 26 35 45 251 7 439 150 440 83 2473 26 220 20 143 
26 1906 10897 28 310 1440 12 7977 8 9 933 23 68 3521 1838 
125 28 2915 2939 2 
1051 143 2429 143 22038 143 648 12 30167 12 3519 
448 
397 48938 397 48752 397 648 12 1056 45 
397 48939 12 1056 45 
397 6230 1775 1971 397 276 397 648 12 1056 45 
397 397 36379 397 648 12 1056 45 397 48940 397 48941 397 648 12 1056 
20 15608 306 28 2739 125 540 28 1170 124 963 125 45 431 
430 124 28 92 6572 45 17 28 977 124 28 13853 31 28 
449 214 4210 12 
28 2739 2 4 68 3521 542 9 2429 125 9 504 17687 12 125 34 
419 187 256 45 68 124 9 9 48942 1170 215 107 1347 45 107 176 219 12 
28 13853 2 214 485 15608 306 28 48752 143 2171 45 1032 214 124 985 
21 9 48939 215 331 31 95 219 45 997 124 36379 143 2171 45 1032 214 124 
16378 28 16457 143 2171 17575 12 
28 414 124 195 67 670 1441 4118 648 67 28 6230 143 1369 215 515 419 
56 124 6463 107 670 47707 1441 219 12 274 49 430 12 
7 1844 38 28 4118 144 430 67 1369 17 769 8816 4 9 431 
2939 12 
97 
746 
1232 746 45612 1232 
1232 2095 430 1184 2447 48943 48944 138 1232 
1232 14292 143 48945 143 17464 793 167 18576 306 514 138 1232 
1232 151 143 48946 45617 215 1331 219 48947 16291 35060 2 1232 
1232 1068 12 141 2449 215 0 219 19777 48948 143 0 45 51 143 648 1050 2 397 397 1051 12 48949 143 6230 12 1095 1232 
1232 240 143 628 2 45612 302 48949 143 6230 12 1095 1232 
