Subject: 3397 143 110 2 1314 2 236 4372 2298 936 215 4564 48620 49 28 4372 2298 219 
81 3357 1321 21 28 1123 48621 45 48622 308 28 
4372 2298 628 143 110 1153 7203 158 143 219 
1324 49 451 
236 4372 2298 936 215 14474 219 
231 4564 17 561 
49 28 4372 2298 231 
1050 2 397 397 1051 12 14473 12 2426 397 14474 
4 2186 306 28 14477 1484 
2965 4 386 74 28 883 340 2140 215 1036 39565 219 
4 2186 306 13294 38860 
4 2186 306 11205 7284 17 1169 7284 
8113 45 3815 45 391 
1038 454 143 337 7284 
1324 49 451 2 
28 4372 2298 124 9 5566 2 28 605 31 3312 573 109 28 2298 3579 17 
9970 4 9 185 34 20 35 77 576 74 2000 107 274 49 5680 2870 45 
251 49 1447 45 1145 17 13861 31 573 1495 2119 561 12 
4 73 21 481 68 5566 9 4169 49 28 2298 45 2441 3031 45 
1127 17 3541 1906 77 1351 21 11001 2000 21 481 959 
2193 31 28 2298 45 306 28 966 31 1476 28 2298 959 1368 49 9976 12 
7805 17 1127 21 1022 1329 143 2699 573 109 28 2298 164 
9119 3309 9 772 4697 49 591 1182 12 49 28 2298 21 4073 45 
2950 1906 77 159 21 2176 17 368 573 837 179 443 2950 8 
205 1351 9926 2169 12 28 2298 35 1448 542 1446 2483 
445 72 20 7835 9 198 177 573 35 77 7781 17 3572 74 
1443 1366 130 505 130 74 255 12 
109 28 341 6219 45 2298 143 12777 1924 17 1127 164 528 
2030 215 240 12 913 12 4046 143 2198 45 38860 141 10525 45 38860 143 2097 45 2347 143 935 219 45 2198 17 
8996 1145 1337 164 528 9714 17 44618 17 2298 
1184 1145 3031 164 528 3579 215 240 12 913 12 48623 45 45542 219 12 28 
2487 31 28 4372 2298 18 11928 109 9 39306 13219 31 443 
1127 12 28 936 124 9757 21 1536 8161 21 2897 21 28 
4372 2298 12 542 2697 13741 124 9 10 2194 1162 17 8377 45 
31 1510 5928 21 1131 294 2494 456 341 17 561 49 
28 4372 2298 12 20 84 1460 28 460 48624 49 1126 460 
773 21 77 12516 13353 12 419 876 1137 1501 21 28 
42840 4372 2298 4564 17 649 130 505 130 1501 
67 9667 561 564 13350 31 68 4564 12 
443 1036 2403 164 65 2697 21 1211 2584 49 28 
12463 341 7917 17 13748 9177 12 
131 1142 1833 2 
7136 28 4372 2298 
572 31 4372 2298 1924 17 9139 397 4046 4564 
1161 17 8969 
4372 2298 49 240 143 3 17 240 143 340 215 10056 573 45 10063 
430 384 45 17 1087 1088 219 
4372 2298 49 240 143 1166 17 762 143 4073 1162 1153 
4372 2298 17 4656 45 7784 17 14479 2636 
4372 2298 17 1152 573 
1162 9143 
1164 1826 17 561 4 28 4372 2298 
4372 2298 11556 17 13538 6 
3533 2584 49 4372 2298 561 
420 
1550 488 2 134 1535 902 45 7284 
1555 31 473 2 229 1535 902 45 7284 
1556 215 2298 219 143 1027 2 1886 1535 902 45 7284 
936 2 1038 454 902 143 1038 337 3083 45 7284 
1550 1519 
1501 164 1521 4 28 486 31 9 1446 358 215 2734 12 639 449 219 12 28 
361 455 84 1833 105 45 4704 45 17 240 143 628 16 31 28 
42568 12 
451 18 77 10116 109 769 466 21 28 2411 45 17 91 18 
77 1180 49 379 12 451 8 21 77 752 3991 215 4 
1056 347 6394 219 21 14541 14542 215 273 2 9782 12 14542 302 48625 12 1105 219 12 
840 418 4 9 1181 124 1389 8990 12 
936 2390 756 
8019 10964 45 
14317 14076 245 45 391 
215 24864 302 851 12 23467 12 1309 219 
1587 8938 45 
8113 176 45 391 
215 1587 302 8075 12 8113 12 1309 219 
14541 14542 45 
1096 45 1090 
215 9782 12 14542 302 48625 12 1105 219 
1214 46260 45 
8113 176 45 391 
215 48626 302 48627 12 8113 12 1309 219 
839 756 
14521 14522 45 176 31 11982 231 5392 8913 231 45 284 
12021 48628 45 781 827 1219 391 215 39565 219 
9924 14534 45 176 31 42486 45 391 
2734 2461 12 14539 45 176 31 14120 45 391 
3267 14540 45 10720 176 45 5692 
1565 1566 45 298 176 31 1606 45 28 351 
14502 14503 143 14504 45 14308 9386 1095 5398 215 14512 219 45 2509 
5963 14554 45 48629 11691 45 284 
3790 14561 45 176 31 2910 4742 45 391 215 39565 219 
35497 14488 45 13294 17 176 31 11504 45 391 
14566 14567 45 3696 8043 1086 2022 45 8031 
13828 14490 45 176 31 175 45 590 
14516 14517 45 10173 1086 45 391 
14519 14520 45 11077 2228 176 45 391 
14523 14524 45 781 827 1219 317 176 31 48630 45 391 317 284 
14525 14526 45 9795 9796 45 590 
14528 14529 45 8113 176 45 391 
1562 48631 45 298 176 31 3896 45 170 215 39565 219 
13476 8020 45 781 827 1219 45 391 215 39565 219 
14530 14531 45 28 3558 176 45 590 
14532 14533 45 10362 45 1090 
11750 14543 45 1052 143 1053 317 2523 12 31 1013 45 268 
3267 9931 143 14323 45 13876 1127 45 391 215 39565 219 
14548 14549 45 176 31 1606 45 28 351 
11421 8939 45 176 31 1564 45 1331 
14559 14560 45 176 31 48632 45 1331 
11213 1600 14570 45 298 176 31 1606 45 28 351 
143 143 
14541 14542 1775 1775 
397 397 4089 
1096 48633 143 39744 45 1775 397 1775 1775 1775 1775 1775 
397 1775 219 1232 239 397 219 1232 4089 4089 397 1775 219 
23033 45 1490 1095 1193 150 1133 45 215 1775 1775 1775 397 1775 1775 1775 215 1775 397 1775 397 397 397 1775 215 1775 1775 1775 1775 1775 1775 1775 1775 1775 1775 1775 1775 1775 1775 1775 1775 1775 
39749 3083 1004 45 397 1050 2 397 397 1051 12 48625 12 1105 397 48634 
48635 9439 143 48636 9440 45 397 9782 12 14542 302 48625 12 1105 
1090 1775 1775 1775 1775 1775 1775 1775 1775 1775 1775 1775 1775 1775 1775 1775 1775 1775 1775 1775 1775 397 9782 12 14542 302 298 12 1105 
143 143 143 143 143 143 143 143 143 143 143 143 143 143 143 143 143 143 143 
3397 1132 110 
