Subject: 1 2 1333 2385 1357 
4425 98 45 
192 49 28 3949 193 217 435 38 8 506 9 356 31 548 4 
28 2088 12 7 150 282 294 21 28 2088 1904 12 7 150 587 6184 8 9 933 
23 15 451 193 
97 45 
14299 4054 12 
109 332 45 608 6284 2405 45 98 99 101 2 
41 669 45 
41 
41 7 8 2850 15 2385 17 20 217 47 530 12 
41 38 3196 77 1891 4 670 548 109 28 572 31 49023 
41 1362 49 2692 1170 1182 12 38 35 861 28 
41 235 451 4 132 2298 455 
41 1050 2 397 397 1051 12 1243 12 320 12 350 397 763 613 
41 
41 824 913 12 99 45 1219 12 1218 45 1221 12 1220 17 1219 12 151 12 1222 45 
41 231 2527 28 1369 31 762 2298 8025 921 1182 45 231 401 
41 31 28 236 382 109 1329 3 45 2405 45 286 12 11734 143 11735 12 
41 
41 824 913 12 99 45 1219 12 1218 45 1221 12 1220 45 1219 12 151 12 1222 
41 17 1221 12 1223 45 231 3 1170 1182 49 1183 
41 28 1184 31 430 1206 45 231 401 31 28 
41 1085 382 4 1087 18047 215 1081 150 171 219 45 1224 174 
41 4 1225 340 45 1241 12 1227 45 286 12 1228 143 1229 45 553 143 1179 45 136 12 
41 
41 824 913 12 99 45 1219 12 1218 45 1221 12 1220 45 321 12 8008 17 
41 1219 12 151 12 1222 45 231 762 143 4073 1365 31 8009 573 109 2298 8025 45 231 
41 1517 8014 8110 109 362 1170 1171 45 2405 12 
41 
41 824 913 12 99 45 1219 12 1218 45 1221 12 1220 45 1219 12 151 12 1222 
41 17 321 12 8008 45 231 125 2298 8009 4282 21 2298 8009 3261 45 231 
41 401 31 28 5565 236 382 109 384 852 17 
41 8010 45 1221 12 415 45 286 12 7547 143 7765 45 335 12 
41 
41 824 913 12 99 45 1221 12 1220 45 1219 12 1218 17 1219 12 151 12 1222 45 
41 231 2167 3 1337 49 28 928 31 1170 8004 
41 17 1182 45 231 401 31 28 236 382 109 1170 
41 1923 215 4375 150 1082 219 45 8005 1837 17 234 45 1241 12 8006 45 286 12 3224 143 811 45 
41 553 143 1179 45 335 12 
41 
41 
41 96 97 45 
41 
41 98 99 
41 
41 
41 38761 101 2 
41 41 
41 41 1333 2385 1357 2 
41 41 
41 41 28 235 8172 2385 124 1357 125 
41 41 1050 2 397 397 43867 12 3416 12 10145 12 1309 12 10374 397 10885 397 451 397 6230 397 6230 12 1056 
41 41 2600 14580 12 
41 41 
41 41 361 2 6230 2527 49 8998 8800 
41 41 365 2 14299 4054 4435 
41 41 
41 41 127 31 2636 1333 2385 49019 617 397 1529 
41 41 
41 41 2080 2 
41 41 
41 41 419 244 373 6230 2527 1362 49 8998 8800 12 
41 41 4 28 429 1381 45 419 6132 34 1320 1170 124 7921 7877 21 
41 41 12446 21 
41 41 208 31 282 7994 31 1369 17 34 28 1170 150 204 9820 49 1320 3816 124 
41 41 2900 7890 2182 21 9 2397 34 6225 109 28 3816 
41 41 17 
41 41 28 3511 34 28 1170 7464 21 12 
41 41 4 28 431 1381 45 419 6132 34 1320 1170 124 7921 7877 21 
41 41 12446 
41 41 21 208 31 282 7994 31 1369 1427 1320 3816 124 7921 7877 21 
41 41 12446 21 208 31 1241 7994 31 3897 12 28 9820 49 9 1170 3816 
41 41 13132 124 2900 7890 2182 21 9 2397 34 6225 109 
41 41 28 
41 41 3511 34 28 1170 7464 21 17 28 3511 34 28 3816 7464 
41 41 21 12 
41 41 419 5736 7895 2640 49 1710 2202 11107 
41 41 12426 49 443 373 1362 21 49020 28 8216 49021 3869 
41 41 4 568 443 1362 12 1710 2202 11107 12426 926 
41 41 107 
41 41 108 21 77 12702 11450 49 443 1325 2189 12 
41 41 419 2339 9319 36791 21 
41 41 1710 2202 11107 12426 49 28 1325 2189 17 
41 41 1374 
41 41 1168 109 9 48877 9820 573 432 12 28 1464 1708 164 
41 41 3260 45 
41 41 8382 505 17 
41 41 28 1508 31 28 1168 
41 41 4758 306 28 9599 9593 125 28 2013 8121 12 
41 41 
41 41 208 31 28 1708 2214 4 28 2385 
41 41 124 2174 4 670 49022 372 408 23 
41 41 1050 2 397 397 43867 12 3416 12 10145 12 1309 12 10374 397 49024 397 49025 397 
41 41 38 35 65 450 28 7895 31 28 408 215 4 1342 92 2 143 219 219 23 
41 41 1050 2 397 397 43867 12 3416 12 10145 12 1309 12 10374 397 49024 397 43959 397 49026 397 8084 397 49027 12 21969 
41 41 
41 41 97 45 
41 41 
41 41 14299 4054 4435 
41 41 
41 41 143 143 143 143 143 143 143 143 143 
41 41 4783 21 28 9595 302 13847 12 9345 12 1309 133 110 12 
41 41 21 9253 45 13 70 273 626 21 11091 302 13847 12 9345 12 1309 
41 41 306 28 7255 231 9253 9595 231 4 28 6290 31 28 626 12 
41 