Subject: 669 
53015 15 59184 12 12 12 1457 369 193 
68 124 28 9499 38 8 205 5830 49 
38 439 150 440 482 21 19854 68 208 
3828 2 68 124 1342 193 193 
6821 68 964 59185 17 38 150 587 77 1476 208 31 
28 508 58456 2912 31 15 2261 
2666 68 9533 193 193 193 193 193 
81 3357 132 9770 72 68 112 102 21 38 4 1409 193 
38 164 67 21 481 23 1557 392 390 45 1857 143 4 982 1032 4114 2660 
2666 28 862 839 12 12 12 111 2666 20 120 193 12 12 12 
4425 45 
132 105 124 59186 59187 45 17 7 207 28 208 213 102 38 68 
240 143 628 215 72 107 45 4091 7 102 68 21 3919 21 955 132 
1198 219 12 429 45 82 14 10452 38 34 68 124 1342 12 7 207 9 
987 4 772 127 4 59188 45 3815 158 274 70 4180 160 
274 130 38 181 164 45 251 207 314 5824 21 2111 
54065 6189 515 7 8 1355 59049 12 7 35 1929 72 38 
7949 2892 14 1457 369 45 251 7 37874 38 21 85 9 3547 92 21 
2666 68 17 6463 2937 67 20 49 9 2351 2660 12 34 7303 204 515 7 
106 12 7 5927 68 310 240 143 628 67 373 524 2663 12 7 112 
40118 45 251 121 91 5501 7 3919 21 521 49 20 12 7 
3919 34 28 392 639 539 21 3042 112 9713 59189 215 6214 72 
20 112 9 54427 7 112 985 21 521 21 28 28860 306 28 2588 
1905 17 36 28 8820 916 20 53040 259 34 214 10266 7303 440 52955 
2354 2622 3191 219 12 505 45 21 132 33612 45 7 293 132 1537 
215 38 7303 587 861 499 67 1510 1892 219 1370 373 1910 407 240 143 628 12 
1028 7 221 9 3277 323 17 9 110 31 373 9881 240 143 4756 215 195 47 
941 219 17 1339 50 2661 1461 9 6261 273 839 7 
2850 12 3212 112 941 121 34 45 17 28 5634 112 
20566 4 12 17 12785 132 960 215 7 8 359 311 21 13003 21 38 45 
132 16 124 1905 17 28 977 3203 7 482 124 9773 628 49 28 
6134 31 132 2261 219 12 72 38 164 1449 8085 45 3047 14 17 7 18 
270 184 463 38 8 12 68 9939 124 28 1129 31 9 
53402 45 439 7303 440 82 20 6821 38 74 12 
116 45 
59186 59187 
59190 12 781 12 322 12 781 12 
3560 
42 18794 45 
28 862 430 124 541 7 5865 82 42823 1461 132 
42715 12 35770 45 579 1892 7 1 143 2666 3212 17 
2143 
91 968 17 244 21 20 12 
132 105 124 1975 59191 12 373 1010 2663 45 28 4207 7 
2023 23 49 28 1335 6300 1010 3192 143 13754 17 132 2439 112 
9671 12 121 52949 3372 992 45 7 3919 21 3558 
132 
2745 1166 12 765 28 1335 1209 45 7 16907 591 14592 
4561 
1440 12 7 19606 132 599 45 17894 45 17 52950 765 392 667 45 1857 12 
28 
10829 112 564 9 41409 109 132 1166 17 7 274 10266 150 440 1029 
21 
481 8368 2564 12 7 777 21 52799 17 18539 7913 132 3314 21 
1947 132 599 17 49146 1166 12 7 9939 2892 20 112 
6459 49 14 21 77 4 19605 435 68 12 23 34 3315 541 
7898 6519 4 132 2261 17 7 207 305 21 2176 132 
2596 
4 7716 34 68 18 2671 15 2261 19728 12 12 12 12 35903 193 193 193 
4 3965 143 511 45 7 293 68 839 407 273 12 2041 524 
1481 
21 357 68 839 7 777 205 50 497 49 430 
109 
2119 1166 4787 12 195 31 28 2950 7 293 45 
4 132 
6351 45 199 107 64 6238 12 26 199 1553 531 1376 
49 
14 21 18529 347 28 4143 4173 112 531 48 49 14 21 
4998 
21 450 72 26 2023 347 107 12 208 4701 7 150 151 481 9 9881 
7804 
4 208 1209 12 12 12 20 4602 150 440 2949 14 7 150 151 8 21 3047 9 32 21 481 
20 12 
251 435 7 112 9712 45 4 511 31 150 3876 7 293 68 839 12 
7 
4602 150 440 13 49 20 45 347 672 49 20 45 26 274 221 132 105 2354 9 
133 
110 12 46 46658 49 34 193 193 193 121 3344 20 1315 225 45 
21 
481 474 7 112 3344 20 3811 45 7 10266 150 440 2892 132 12551 12 
487 
112 9 483 143 1476 6053 12 7 90 36588 130 48 130 7 
4428 21 
3042 45 308 3373 14 840 4 19605 12 121 7 221 9 52951 
17 
358 17 12737 20 499 45 7 187 23 1557 36 132 483 182 12 
121 
2610 34 28 839 124 14217 17 107 9 2208 849 45 7 
3919 
231 953 107 231 12 
38835 7 102 499 848 45 1857 2661 12 20 445 64 14 67 392 1535 12 1529 
49 
132 92 109 143 1479 12 28 990 3203 67 273 124 34 7 4602 150 440 
87 184 
483 49 2871 21 13 499 28 839 45 445 28 64 21 
59192 132 
4157 12 7 207 103 38 435 20 124 45 7 925 20 1931 150 440 6526 38 
2354 45 
251 7 6364 1904 34 7 187 107 231 52955 143 2354 231 2622 45 359 1384 
2473 
48 483 20 64 14 193 12 
4 982 1032 208 1867 45 7 112 1544 21 128 4157 49 2385 
4118 648 12 
74 3391 636 902 45 7 777 293 512 4157 49 2385 4118 648 12 179 38 
2666 
28 5697 4 28 839 45 38 18 450 34 231 38 1906 128 
1535 
21 639 4157 49 2385 4118 648 1370 373 1910 12 72 38 
439 150 440 45 
13 499 959 2950 395 38 220 193 231 132 429 3040 4 1476 
392 390 45 1857 4 639 21 4114 2660 112 506 12 74 3391 454 902 45 7 777 
293 
34292 4157 49 2385 4118 144 12 72 38 521 182 21 28 5697 45 231 38 
1906 128 1876 347 959 4157 49 2385 4118 144 1370 
373 1910 12 72 107 45 13 499 959 2950 395 38 220 12 
1319 38 8 1876 4157 45 28 6134 124 941 45 43339 45 38 
18 481 15 392 390 45 1857 2195 12 231 505 45 7 777 34292 4157 49 2385 
4118 144 45 
3876 959 1032 7 539 12 259 7 4106 182 17 6398 12 74 1551 264 902 45 
31 
132 38426 31 848 45 1857 45 7 293 392 783 45 1857 306 959 963 4 
5820 
517 12 
7 484 2354 195 132 52827 17 6221 9 48 539 294 11602 12 81 
85 
92 21 2666 28 2915 839 45 20 18 2671 15 2261 
19728 193 
1074 45 20 9921 548 72 38 439 150 440 4618 20 12 68 839 926 
548 45 
251 38 1906 6482 20 1318 193 1012 28 2097 31 107 
1413 21 
198 15 105 4 9 218 198 12 20 1931 150 440 548 45 38 150 587 
13260 499 
109 9 356 31 483 193 2385 4118 144 7872 68 12 3559 6482 
28 
5697 45 1535 21 639 4157 49 2385 4118 648 45 17 1876 347 959 4157 
49 
2385 4118 144 17 38 18 481 392 390 45 1857 347 959 4 639 21 4114 2660 12 7 
207 
8012 822 34 20 1930 193 193 193 
72 38 518 107 21 436 4 68 839 45 7 150 282 118 12 20 
93 
124 9 990 1129 306 3547 64 347 4998 21 38 12 72 38 
518 
21 436 45 6482 28 839 17 38 18 77 109 15 185 21 
4561 10820 12 
72 38 164 9 2048 1166 5338 17 38 164 4 4561 
2896 
435 7 112 45 347 38 482 21 3042 15 2745 1166 45 3088 68 
9 
5912 12 7 106 193 
116 45 
1975 59191 
3054 220 38 8 184 605 515 336 45 5924 392 729 52801 215 392 783 45 1857 219 933 435 
52958 
964 109 9 52959 5681 138 20 150 204 52960 193 
9 2901 817 125 28 3238 31 68 839 
74 28 92 38 8 2666 28 862 430 17 8082 765 
28 
862 839 17 1537 45 38 84 8 12671 34 222 
9 
839 45 17 208 34 124 14217 45 90 107 8 205 7548 74 
70 
53490 12 
82 14 2949 38 9 3547 67 1904 12 7 777 9 35056 
1166 49 
2978 1010 12 111 4 12128 132 1166 13617 18800 2354 12 7 112 
312 
28 310 3385 34 199 2594 1349 49 14 45 251 20 
3794 150 440 
1960 12 2209 45 7 12737 20 499 12 20 3794 150 440 14 45 20 112 28 
10829 12 
13641 17 53491 777 42039 28 13526 10829 34 777 
205 
306 434 226 53492 12 7 439 150 440 8 21 2949 38 515 6519 21 28 
17837 677 12 12 12 86 591 31 38 83 125 429 2894 
2596 12 
161 199 959 1927 17 53493 1032 1355 1397 12 
28 4605 8876 112 53494 12 1510 213 934 515 26 199 
312 
11472 53495 17 223 964 12 1510 213 106 107 45 1141 1510 
213 
4430 777 2423 21 8163 347 36588 45 199 2087 3192 921 28 
17095 
31 28 4333 12 130 28 9712 7653 45 231 28 11614 36 37962 17 28 
4333 36 
47657 12 231 28 5112 1362 31 1476 483 18 4430 3318 
38 
21 231 3619 964 231 347 231 36 11614 231 45 13641 18 450 21 34 12 
38 8 274 293 430 34 35 1844 38 4561 
3389 
49 28 6134 31 15 2261 45 306 231 359 4998 231 17 231 274 9 3547 657 
31 
2954 12 231 38 35 481 959 483 4 28 997 2351 524 1032 38 
8 1355 41977 12 
7 84 65 776 499 34 7 18 107 450 9 18518 31 15 483 45 
7712 
2622 3191 213 58 1866 9 53400 49 68 839 12 7 
8 
314 869 765 2116 9881 7804 193 7 8 53496 125 28 
839 121 50 499 765 609 45 1857 2950 12 369 7 8 
1315 
8058 540 3264 68 17 1315 411 2950 487 4 28 
434 17 
8063 12 74 28 8014 45 419 467 21 3264 28 150 1971 150 74 9 
8392 306 8873 109 1479 12 
6482 28 839 1318 130 5041 12 220 107 2671 20 4 184 
185 12 
20 1930 13167 505 130 20 124 369 12 1074 21 273 9 39 
31 
68 2494 839 21 8139 34 38 35 2937 31 12 208 31 
28 
255 38 13 68 21 229 13 499 390 45 1857 12 12 12 17 15 105 18 
77 109 
5820 208 31 37 193 12 1074 3320 45 28 959 38 13 499 45 28 
959 
2483 4158 38 18 1448 12 
259 132 18794 45 7 8 78 38 28 2568 45 430 45 2458 
17 
1129 21 2111 35903 374 45 20 124 964 21 38 
369 193 
231 2937 67 20 231 
1397 38 6631 68 839 125 15 35159 45 130 7 5865 106 45 
85 
9 3547 92 21 2666 20 17 93 2937 67 20 12 36 9 52951 
17 
4946 499 515 90 13339 179 38 436 12 4946 499 28 
12503 261 3793 17 359 1384 2473 38 7819 20 45 38 
18 
1449 481 9 356 31 483 193 6184 36 182 515 38 11472 12 
184 
14487 38 8 18 35054 179 15 429 4157 3078 4 12 20 
1930 193 
3253 10300 45 20510 45 23194 
487 150 204 2473 68 14343 839 18 481 38 392 392 392 392 392 392 
82 150 204 256 34 38 3807 21 3042 532 45 274 21 450 2473 20 7653 45 
17 
419 150 587 6132 38 17 195 1510 3869 13 499 144 45 1857 2950 
1320 12 
82 150 204 65 6132 34 28 133 9661 9 12 729 3471 3793 12 568 
9 
502 110 28 3793 90 77 48 10 12 65 591 255 
18 
13 499 12440 31 35775 31 2950 3915 31 144 45 1857 12 251 
12740 306 68 3521 45 38 13 499 445 144 45 1857 2950 12 
306 9 
12 729 3471 3793 45 34 124 445 848 4157 49 2385 4118 648 12 1510 848 
255 
3820 74 50 499 144 45 1857 2950 1320 49 9 834 31 639 45 1857 12 
499 
31 1510 12 729 3471 45 1876 255 3820 17 73 2385 4118 144 12 1510 1876 
628 
499 144 45 1857 2950 1320 49 9 834 31 438 45 1857 12 28 12 729 3471 3793 
21 
34 124 648 45 1857 4157 49 2385 4118 827 12 1510 648 45 1857 13 499 144 45 1857 
2950 1320 49 9 144 45 1857 45 1857 834 12 28 12 729 3471 3793 21 34 124 
848 45 1857 4157 49 2385 4118 644 12 34 150 204 848 45 1857 3968 7770 52801 49 
38 12 
5634 193 193 193 193 15 834 18489 4 68 3521 124 392 390 141 392 2862 141 392 5620 
141 
392 390 45 1857 49 9 834 31 392 1764 45 6245 193 193 193 193 
1074 18794 45 68 124 4177 648 45 50202 499 31 144 45 1857 255 
38 
628 21 18 220 5054 7289 12 12 12 17 19854 68 
839 193 
52946 21 2937 49 9 3315 515 187 13339 72 
8139 
347 1894 102 499 1876 45 1857 2950 3915 31 445 144 45 1857 12 
2892 
14 45 591 255 18 220 34 17 959 193 74 28 185 45 15 64 21 
436 
4 68 124 6606 7289 12 38 3091 314 8 70 
1971 
2375 
17 273 124 298 193 193 193 2385 4118 827 18 2482 38 28 96 1362 49 
6261 
38426 
17 11601 273 1316 12 
68 124 9 13271 45 14217 45 483 1476 1129 12 20 
926 59193 38 21 3078 4 66 306 255 45 220 184 584 
548 45 17 96 
31 195 45 38 4430 8 21 955 28 930 6133 21 36 28 628 12 
72 
38 2892 34 53481 38 150 587 36 34 536 9499 34 38 150 938 
205 
5830 49 45 68 124 20 193 2858 6482 28 4441 45 17 15 
38048 18 3078 6548 12 68 1711 143 1313 273 73 3199 
839 
1930 12205 12 12 12 1876 3471 5820 92 12 273 124 28 6165 1470 31 28 
460 12 85 13350 31 68 393 143 52944 1381 31 
3836 369 193 193 28 3806 38 4293 45 28 959 255 18 77 
312 
1166 568 273 12 36 15 4601 31 68 2135 193 193 
1711 143 1313 3199 215 23352 219 58 2209 11910 53482 12 20 
124 
528 38066 4 28 16538 1166 127 45 17 1404 8113 
1086 
17 28 12754 2464 1181 8 9694 34 2585 390 3471 17 785 3471 
31 195 
14202 17 1184 18 77 18431 11004 1711 143 1313 1362 74 
28 
3965 21 554 9983 150 204 12 68 124 9 1711 143 21016 7770 1347 17 
31 28 
2862 45 1857 53483 4 28 434 45 639 3471 215 1876 45 1857 219 869 769 52745 
4 28 
977 1315 1010 4 23352 12 2152 45 4282 2482 1064 255 
2111 
53483 12083 1461 1711 143 1313 3199 12 
4441 
419 23 282 12 322 12 1219 12 3199 1166 45 8 9 1381 31 5044 
7462 34 93 1930 1876 3471 5820 92 12 7 207 474 34 38 
90 
572 392 390 45 1857 21 392 9830 45 1857 4 28 997 639 21 4114 2660 12 1397 38 256 
231 13925 231 45 81 2666 28 839 6579 12 
68 124 107 9 2208 849 45 251 9 12205 14217 483 1476 
1129 12 3554 45 68 124 515 419 220 2 130 306 195 
1711 143 1313 
1166 45 419 9180 670 1166 74 17100 294 8448 17 
18432 
670 3867 12 5820 2228 4 28 391 13886 38 21 17259 294 
1711 143 
1313 1166 8448 45 17 419 3359 9 8366 49 5820 7770 
102 12 
15 4157 3078 17 164 9774 1461 28 628 45 259 38 
164 107 
3869 4 2901 18432 12 38 220 20 19394 4 15 2745 
3314 45 
13039 347 157 12 
68 124 28 2612 1711 143 1313 628 73 3199 19798 2 
3040 215 648 219 73 195 2116 644 1537 3804 74 105 17 140 12 220 
68 
74 13376 28 2385 125 1320 31 28 2116 644 2587 
3804 
109 28 997 455 12 49 1320 2385 45 13 392 729 5634 17 9 
9118 143 
2591 45 41536 20618 215 1166 2861 4118 848 219 21 28 
160 3804 49 28 1402 2385 12 236 
4157 
84 65 1833 392 648 416 49 190 12 20 124 
2435 
34 38 1546 28 105 17 140 31 28 2385 
870 
21 28 160 38 164 13376 125 12 38 18 87 195 
2116 
644 1537 86 38 18 77 42839 17 49259 
37 12 
220 107 47661 28 2587 347 2905 411 1032 515 28 
4441 256 12 2340 2 3559 1211 310 143 517 
504 109 195 4157 12 
3040 215 144 219 1455 28 105 17 16 1389 2385 4118 648 
306 
117 45 2087 28 208 34 112 161 3192 21 2385 
4118 144 12 
3567 28 105 17 16 1389 2385 4118 144 21 2385 
4118 827 45 
2087 28 208 34 112 161 21 2385 4118 644 12 28 105 
17 
16 34 112 1389 2385 4118 644 124 6831 125 28 
110 
17 68 20977 124 359 1450 109 28 185 21 28 400 12 
179 
312 68 45 481 3039 38 650 28 2587 
17 
2588 8376 193 220 107 13835 964 2087 
8366 397 2385 
9585 193 193 193 
3040 215 827 219 3312 869 28 1403 538 4 28 105 110 45 8163 
20 
130 9 549 215 12 19919 219 2939 4 20 150 204 2745 2422 21 77 576 
306 
2942 273 839 38 435 12 120 45 2385 4118 827 18 
2949 
38 28 96 1362 31 6261 38426 17 1439 
273 
1316 12 
3040 215 644 219 273 9 39 31 28 3509 839 215 195 31 68 124 47 
2340 219 21 8139 9468 16 38 35 36 15 
2276 
109 12 3042 306 17894 17 34459 226 38 35 
2574 
37 21 85 13350 31 68 9897 483 143 1476 
1129 12 34 150 204 515 7 106 12 17 26 6582 14 369 45 
959 
1032 1355 12 111 45 273 21 2622 17 8139 193 572 
15 
56539 193 38 35 36 273 2588 125 
3570 109 
28 1971 213 53395 4 273 133 1316 12 
443 
164 47 45529 45 1876 45 1857 2588 49 559 392 667 12 1529 12 
2340 2 38 3050 150 440 36 9 502 3793 72 38 572 70 972 110 45 
259 
3559 3214 9 44008 45 294 110 12 38 18 861 499 177 21 
15198 
443 1316 179 38 73 28 2116 644 1537 12 
3559 1211 310 143 517 504 109 195 4157 193 193 193 
1403 1537 
824 824 824 73 1320 2385 74 140 17 105 824 824 824 
3559 13 9 9118 143 2591 45 41536 20618 
17 392 729 5634 49 1320 73 34917 28 
1402 2385 74 105 17 140 
38 1906 1833 15 240 143 628 16 
2385 4118 648 
231 2473 21 481 392 5665 45 1857 1461 1711 143 1313 6165 231 
73 2385 4118 648 125 2 
781 12 322 12 781 12 3560 
3277 323 59194 
59188 45 3815 59195 
2385 4118 144 
231 3986 42901 17 1711 143 1313 6165 231 
73 2385 4118 144 125 2 
282 143 59196 
59197 49063 37119 12 
5891 5913 45 3815 59198 143 59199 
2385 4118 827 
231 4373 49 28 96 133 1316 231 
73 2385 4118 827 125 
29368 236 
59200 781 12 2476 35808 315 12 
59201 45 22445 59202 
2385 4118 644 
231 9422 1711 143 1313 6165 3593 231 
73 2385 4118 644 125 2 
58121 8172 12 
27035 40252 3083 12 
7785 59203 45 3969 59204 
1943 
7 207 50177 132 52745 34 7 869 74 50 499 68 839 12 
38 531 45 18 77 1476 483 4 639 21 4114 2660 45 72 38 6482 28 
4572 3052 15606 4 68 133 12 
21 77 35903 374 124 21 77 298 12 298 21 481 
4561 
2431 130 4430 1397 12 521 921 1166 45 36 921 
36177 45 
53041 347 85 9 7798 12 359 3806 18 9 1360 31 483 4579 
38 
182 12 
534 45 47 2351 255 1448 4561 19609 45 86 
179 
1129 59205 45 26 518 21 3213 20 12 20 124 48 13144 
21 256 
231 359 231 1032 231 194 231 45 17 68 124 28 260 34 38 1906 270 12 
18 
38 3213 68 14343 1129 347 18 38 85 13350 31 
20 138 
72 38 220 7289 45 38 8 6182 2619 541 17 7289 
18 
2671 12 81 1 143 2666 68 1979 45 68 124 9 818 
1129 12 
72 38 8 184 463 45 81 767 298 21 3047 21 28 183 
31 
68 430 12 38 18 36 9 2917 17 3930 149 12 
132 1381 124 4572 12 7 3616 35775 31 255 9 8366 49 392 729 
34 
875 14 53046 21 2706 17 273 12 7 84 65 776 499 
34 
68 839 124 14217 17 8139 213 45985 18 481 
483 12 
68 124 107 9 2208 849 347 53429 54427 12 23 225 38 8 
181 
293 2208 462 45 309 38 21 13 483 45 109 4166 45 251 
509 
7289 4 611 45 359 8366 515 143 259 143 1355 193 107 445 164 2208 
462 
43882 45 251 28 4998 31 4091 35195 28 2208 1375 37 
477 
59206 12 
38 164 3358 9 13271 8366 21 15 255 12 121 26 
15198 28 8366 125 38 45 26 4095 959 17 52962 
37 12 
20 150 204 4572 298 9130 12 130 38 4705 125 28 862 
1979 45 
28 8366 124 9 155 31 2116 644 4561 17 1166 
1537 12 28 
430 13226 4 443 1537 18 107 445 95 38 4 
1476 
15 832 4 68 839 959 3582 45 251 18 77 
1368 
21 38 4 184 411 1166 2431 38 481 4 28 1010 
3388 12 
38 164 65 8379 28 13124 21 42838 195 31 28 1537 45 
540 
18 77 13153 125 38 74 1510 21 4577 38 628 68 839 12 
28 
11400 208 17 373 455 1537 38 18 77 8379 35 2164 77 
16937 158 8218 21 28 47984 12 
96 1204 306 28 839 17 502 1980 193 
231 20 112 9939 14343 231 
231 107 528 28 53002 650 45 20 227 14 1315 1910 21 481 964 
132 
188 21 436 4 68 839 12 251 37811 130 7 207 45 7 
3919 34 28 4143 4173 112 259 3547 34 161 112 
359 185 
34 7 90 107 36 583 4157 21 23 1557 36 132 483 182 12 
18550 45 
112 7 1355 3800 179 7 275 132 9597 13754 417 157 323 
53003 306 4157 193 7 18 481 959 483 68 1209 1032 184 
2978 
1010 31 132 2261 1397 12 231 
4626 59207 45 59208 45 6485 
38458 49 2487 
13 49 15 2116 644 1537 3923 259 38 18 8 37 
179 
28 
4157 3042 963 4 12 179 38 128 9 392 729 73 45 38 1906 
13 499 
28 8366 397 504 21 28787 306 434 3133 17 21340 14459 12 
361 
1254 4644 54462 17 54463 1208 2228 34 2 231 9 8366 347 
504 1906 77 6566 49 483 293 12 231 
1427 38 4293 49 28 1537 21 947 2 
648 12 105 15 294 425 12 38 35 572 15 2745 105 72 38 
9987 12 
144 12 36 9 417 157 323 215 2350 219 12 
827 12 4127 28 2587 17 2588 109 28 839 12 38 1906 
1074 45 
15 105 17 16 521 997 21 2385 4118 648 17 28 757 
195 
3619 3192 208 45 306 28 8000 208 528 59209 2354 28 
110 12 
644 12 3305 130 591 273 2588 130 261 21 13 395 
38 
128 28 430 109 133 110 3570 4 
2385 4118 827 12 
729 12 3807 109 28 140 31 2950 38 5631 21 13 499 12 
28 
959 38 13 45 17 28 1030 38 13 37 45 28 959 
483 
38 18 481 12 
448 12 121 133 28 2950 45 36 1027 21 6392 28 4157 12 
248 12 2340 2 3559 1211 
310 143 517 504 109 4157 38 128 193 
617 12 481 3039 28 849 17 1537 164 12568 17 8088 12 
15 5697 
28 4322 776 540 52661 15 2487 124 2858 68 2 38 
1906 
128 1535 21 639 4157 49 2385 4118 648 12 68 124 9 1906 193 193 193 72 38 
439 150 440 
1370 373 1910 45 273 499 959 2950 395 38 220 12 111 9 
224 
31 1910 1892 38 84 128 23 1557 1876 4157 49 2385 
4118 144 45 72 
38 439 150 440 45 13 499 959 2950 395 38 220 12 1319 38 8 
293 
1876 347 959 4157 49 2385 4118 144 45 215 85 9 11688 13099 219 38 35 12570 
182 
17 43339 45 86 38 164 985 21 481 23 1557 
392 390 45 1857 12 
33457 20 124 9 13720 5697 12 31 1510 213 
8 
2142 4 28 839 17 3386 28 414 52661 143 195 
59210 769 392 390 45 1857 2195 12 65 45 1074 45 5820 92 15 
105 124 
223 3192 28 110 38 164 4 6059 31 9 218 2385 45 259 38 
35 
3832 6608 31 15 839 74 11891 515 255 164 13376 
125 38 12 
20 150 204 34 941 45 93 45 20 124 193 193 193 
1074 2 
231 214 213 59211 7289 45 87 107 925 49 2423 12 231 
231 36588 9 3547 92 45 11039 17 483 369 347 
1424 49 20 49 28 6134 31 15 2261 12 231 
3054 215 125 59186 59187 219 
72 38 8 3919 21 436 45 502 49 38 193 7 467 
38 502 1980 12 274 208 3203 3320 12 2942 38 220 45 439 7303 440 1844 
497 28 1537 12 7 83 542 12454 21 1844 37 21 15 17894 
17 34459 12 7 5865 106 45 251 111 7 13617 21 2937 515 187 
13339 72 8139 2143 497 274 729 1537 12 220 28 547 17 
38 7303 587 861 499 34 20 90 64 28 255 3869 59212 
12440 31 35775 31 7804 12 187 38 482 4091 21 48560 
38 34 185 138 20 1465 51235 251 124 47 59213 21 68 4241 
7990 408 12 130 122 130 8139 1528 28 408 45 8139 
18 77 11614 12 118 72 68 13297 435 2194 2193 21 38 45 542 
274 34 33763 255 435 14 13182 439 7303 440 2937 67 
3385 435 68 17 7 4428 21 481 474 34 359 208 7985 
7920 499 31 28 548 26 1022 921 68 12 1319 120 502 1980 
17 439 7303 440 56558 125 305 14 72 38 8 184 3606 12 
143 143 143 143 143 143 143 143 143 143 143 143 143 143 143 102 568 3831 5992 143 143 143 143 143 143 143 143 143 143 143 143 143 143 143 
3831 5992 124 1351 21 13 240 143 4756 21 9 110 31 
3239 308 21055 28 15550 110 21 28 
3239 12 20 124 70 8398 13242 240 143 628 1470 49 50 
4197 45 3199 430 45 59214 347 411 
6261 628 2458 125 9 671 215 1793 143 13450 219 240 143 628 
1203 61 12 13886 38 21 1903 6215 17 8808 
35000 647 45 35624 
55695 1051 12 3831 12 3519 49 959 430 
143 143 143 143 143 143 143 143 143 143 143 143 143 143 143 143 34297 30 143 143 143 143 143 143 143 143 143 143 143 143 143 143 143 143 