Subject: 28 92 49 4561 3389 124 369 193 193 
13619 5455 1 143 47909 2621 2489 10899 
42 2048 54151 45 
68 849 124 70 751 10851 21 1448 38 193 419 187 435 21 
914 125 38 1370 28 997 952 21 1809 52953 12 1026 45 68 58 3386 
38 23 70 59704 92 49 15 13002 149 193 15 442 124 
539 328 130 15 294 18489 35 3042 4 130 3547 130 644 21 248 2660 
125 369 193 
419 482 38 21 914 429 143 2894 67 70 2494 35229 4 
483 143 1476 4787 12 28 13619 5455 1 143 47909 12 68 124 28 
3260 45 4572 17 508 1367 483 143 57083 38 8 7838 21 8438 193 
1086 58 3376 34 9 160 150 204 2483 49 2487 9787 
74 4711 3471 179 357 7625 8028 12 419 1843 38 21 2111 
3869 4 68 941 45 251 58879 839 34 3513 2901 
8028 125 670 2894 143 40146 2072 389 12 1320 58 28 
8198 46387 17 1354 21 6061 1460 38 21 15 
4561 3389 12 38 35 3923 37475 70 2003 839 34 
13303 28 235 2 
648 12 12817 1405 143 12591 54361 17 13 37 21 38 12 
144 12 3390 1947 143 11416 1932 382 3625 
827 12 248 12 1257 59705 122 9261 17 10890 157 12 
644 12 11600 17 20555 28 8366 485 21 15 4158 45531 12 
729 12 491 38 14023 74 19655 19831 4634 21 15 6059 9858 12 
448 12 39854 38 28 13000 1129 21 19653 392 952 45 1857 141 2606 76 193 
248 12 2706 294 18489 109 9 43107 92 45 386 92 347 1446 92 6280 12 
38 83 515 35331 58 3559 205 53770 74 28 1410 2351 213 
199 28 429 21 85 13350 31 9 294 17 1367 1129 12 
34 1129 124 487 12 12 12 12 12 20 124 28 13619 5455 1 143 47909 193 
28 92 49 15 4561 3389 124 369 193 193 
38 1906 45 534 45 77 47 5648 17 11702 67 53431 28 
18489 68 839 2529 12 49 68 311 45 419 8 5041 670 
2072 21 48280 92 445 21 1510 213 164 4195 67 
1183 769 4561 600 12 
164 38 9579 148 49 9 1342 839 34 2932 762 
36176 138 72 259 45 419 37874 38 21 1324 670 157 23 28 952 17398 143 41409 
298 140 12 
648 143 6255 143 59706 143 59707 
955 434 9 626 17 419 18 77 2601 31 15 3793 12 419 
18 21350 611 15 1324 306 195 28 430 38 18 87 21 
36 38 109 15 185 21 1476 70 4148 18489 779 68 1867 193 
1074 12 12 12 12 12 11862 124 3212 193 193 
21 15 2487 45 
5580 45 59708 45 5975 45 580 45 9099 45 8098 317 58830 
13619 3199 3390 171 
648 143 6255 143 59706 143 59707 
231 68 124 28 839 757 4618 21 39 12 7 10407 8100 13619 231 143 3253 
36468 45 3815 
231 7 150 938 4430 3870 222 9 3260 17 4572 185 21 481 9 762 18489 231 143 
3821 19719 45 15349 
231 13619 124 28 7990 3314 143 371 1166 45 17 28 483 124 990 231 143 
4423 59709 45 3815 
231 23 977 9 1342 839 12 306 3260 483 12 12 12 192 13619 143 204 12 39351 45 15349 
231 7 2143 964 109 23352 45 13619 869 14 9 52995 120 45 1370 144 1910 7 8 
869 392 648 45 4229 231 143 1219 12 204 