Subject: 5900 
2289 45 4505 8504 2 
8505 5220 2308 8350 45 3115 898 8506 215 8507 219 746 3115 8508 21 8509 
5123 4820 4813 215 8510 143 7 1298 8511 3652 143 2757 8512 8513 1676 
1713 2771 718 8514 707 21 4688 45 14 1535 45 1857 1291 8515 219 12 747 8508 
8516 143 705 8517 322 8518 8519 707 1656 5345 45 3014 1645 8520 2836 
1682 1296 143 3283 732 8521 2 
2819 685 8522 1656 8523 689 8524 8525 898 
8455 397 8526 215 8527 1755 2835 219 8528 7556 8529 215 8530 
898 240 219 8531 143 8532 1676 700 8533 694 8465 1312 718 609 12 1529 12 
8534 2807 707 4802 700 639 45 1857 397 517 215 8535 14 8536 8537 
8538 8539 8540 12 5123 45 746 701 2832 734 8541 219 12 685 21 5176 2757 
8542 215 8451 219 343 45 1857 3014 322 8543 6418 704 4399 684 5350 746 2303 
1535 45 1857 12 70 734 8544 1288 2807 746 6448 5298 5123 2303 8545 3153 
1656 7556 746 8546 718 8453 1298 724 704 4413 322 913 12 99 
707 687 4387 8547 8548 322 741 12 8451 718 231 8549 231 12 
707 21 8550 1645 3650 1291 1645 4382 14 732 8551 746 1291 5950 
8552 746 8553 4542 143 8554 193 4833 705 2308 8548 8555 
14 687 8556 1676 8557 215 8530 898 2502 219 8558 8482 8531 143 8559 746 
687 4387 1645 8560 746 3748 3629 12 
8480 714 8550 2 
8561 8283 714 333 143 646 8562 898 3747 1220 8563 215 8564 746 
8565 689 219 3282 8566 898 8550 714 8567 1676 8547 8568 45 734 8569 
215 6410 8570 219 746 8571 21 150 8572 150 21 4387 1645 3071 21 8573 713 
8574 215 705 8575 3069 705 700 3771 8576 21 8577 689 
8553 45 3014 4380 1645 21 8578 219 12 
687 5793 687 12 12 12 8579 1288 8580 689 8275 1676 8581 1521 
707 21 5572 897 4820 4813 45 746 3071 6687 704 4399 684 3644 746 144 143 827 
4833 818 8582 689 8583 12 12 12 12 8584 8585 707 732 3752 12 12 12 5093 689 
5793 4405 684 3295 8565 4542 143 8554 687 8586 1661 687 
8587 45 684 3757 4759 689 8588 215 5568 700 7 2807 219 8589 4468 691 
8544 746 3020 684 8590 6417 45 746 70 3773 45 8591 8565 746 707 8592 746 
5093 704 5298 734 2750 689 8593 689 741 12 4459 1676 8594 1291 282 12 
4814 14 8595 45 714 21 8596 8597 12 12 12 
4829 746 3679 704 3742 732 8598 3775 193 
5568 2843 
4528 
3054 12 5093 897 684 4382 7286 14 8599 8600 707 1656 2794 8601 45 7 
8602 8603 898 2404 689 4688 143 2405 746 8345 1297 1298 8604 1755 2807 689 
4901 2757 8605 215 4660 707 8606 898 1051 12 4682 12 1095 397 3515 7 734 
1296 8607 45 7 5093 897 684 1298 3644 4416 8608 2377 219 12 