Subject: 17363 2 619 17 7627 49 28 294 3981 
42 315 262 99 45 
419 164 376 21 377 28 4130 31 9 294 17363 3981 45 1051 12 17363 12 16842 12 
15 34542 17 7627 49 68 2404 164 130 1528 2 
34542 2 48708 
7627 2 48709 248 22789 
130 9 406 8424 38 35 369 6456 48710 6843 31 28 17363 
1941 4 1103 45 1106 17 7365 215 411 2234 6843 18 
77 1357 219 45 35114 670 1738 31 43747 39537 17 16582 
1947 3307 17 6456 7760 2580 109 218 
1142 2891 4 17363 1139 12 
38 18 861 430 67 17363 1511 765 28 963 524 17 35 
4292 6230 49 443 1511 12 28 17363 3390 18 66 38 21 1075 
15 387 17 270 184 463 38 229 8 12 
28 2404 65 2529 430 109 2578 1277 21 16582 17877 45 
13742 109 2110 1113 341 11473 4 1133 45 2113 21 43747 
7462 11037 17 1166 35577 1504 11004 1133 45 21 6826 
5528 2102 17 21 1368 35784 49 48711 17 17876 12 
117 116 45 
17363 
336 45 1628 1095 17879 
1193 143 2371 16554 215 48712 219 
139 2 141 17880 4736 9411 
51 2 141 17880 4736 17881 
273 2 2377 302 17363 12 16842 
1971 2 1051 12 17363 12 16842 