Subject: 1 2 366 193 
98 45 
591 192 12 7 752 4 3595 17 777 132 3716 4 134 45 477 9 
7966 93 12 
7967 17 7 18 77 23 2133 12 7 150 282 3197 9 358 109 132 2016 548 12 419 150 938 
7968 221 184 483 21 220 7806 548 23 28 3315 143 143 7 150 282 1960 49 3901 
7969 274 369 109 9 2141 540 1491 21 220 430 7970 125 
7565 573 12 313 419 229 8 91 483 4 28 460 72 3898 3078 
1461 409 12 
450 38 4 7742 45 
3451 
41 669 3451 45 
41 
41 7 8 274 275 499 215 74 3253 7840 219 34 38 8 370 15 2016 12 
41 366 193 2473 112 20 138 7 7971 38 164 9 218 160 369 12 
41 7 187 77 47 1891 4 9 39 31 28 2016 45 130 7 7227 548 109 28 
41 627 12 7 8 65 107 78 964 925 34 7 18 36 28 92 21 220 9 959 
41 7972 4601 31 548 17 34 419 18 36 21 3047 9 1181 358 
41 1122 45 130 7973 1319 131 12 164 38 1449 1960 109 7806 138 
41 
41 7 8 4210 15 2298 455 45 148 49 9 39 31 15 2016 17 275 
41 28 358 34 38 18 77 3197 4 2133 12 7 18 65 1125 9 358 
41 109 7806 161 12 177 164 38 3207 4 7729 138 14 17 1760 18 
41 77 3207 4 9 1055 52 231 7795 231 12 419 18 947 4 7729 109 2059 45 
41 1038 454 12 7 187 47 48 435 21 2564 38 161 12 
41 
41 148 19 21 4024 125 38 12 
41 81 45 1844 132 97 21 28 6134 31 28 255 4 28 1524 12 
41 
41 96 1204 45 
41 
41 98 
41 
41 