Subject: 9874 35 1022 38 4 28 8147 848 9585 109 1424 11009 435 434 
15 1166 18 481 483 952 143 954 9 517 193 
36 15 298 2385 31 15 3981 150 204 2439 109 3986 1424 11009 
74 2858 8371 499 28 486 1905 12 68 2385 18 77 28 508 2340 430 38 90 8 109 11078 10894 21 15 2404 12 
7207 
28 10894 21 15 3981 74 848 21 639 225 
395 2110 45 445 9257 3570 199 159 21 41760 28 19625 31 3312 
769 8025 14177 12 419 5697 45 4 305 45 34 38 18 77 1364 
1510 1410 2351 14177 347 15 483 182 12 
1512 3471 31 195 
255 572 1424 11009 21 861 515 26 482 109 28 1971 12 
6121 21 550 1993 2858 4440 15 2298 2404 21 28 1424 11011 
926 107 5697 34 15 2404 18 837 77 41468 215 347 3804 219 23 195 193 193 193 
419 5697 45 4 305 45 34 15 10894 18 7207 347 15 483 182 12 
1512 3471 31 195 
255 213 572 9 3986 1424 11011 4430 521 1335 28 8147 639 17389 
72 38 150 1 107 12909 1370 28 8147 848 45 347 28 8147 639 9585 4 28 3986 
1424 11009 568 8816 17 9518 485 1846 21 15 425 45 
38 13260 12 419 5697 4 305 45 15 2404 18 77 4 28 8147 848 347 
8147 639 347 15 483 182 12 
1424 11011 
38758 124 28 508 6238 1381 21 7207 10894 21 15 2404 
2298 17289 124 28 508 2340 3203 38 35 220 49 15 3981 
21 7207 10894 17 6165 12 306 765 6255 9881 35784 109 28 1971 45 
359 208 18 861 15 2404 74 2858 14038 28 3519 12 419 
5697 45 4 305 45 15 2404 18 77 4 28 8147 848 347 8147 639 347 15 483 182 
439 150 440 4293 193 193 193 36 15 298 2385 31 15 3981 150 204 2439 109 3986 1424 11009 
9 3981 58852 18 66 38 1370 952 954 45 274 6392 499 28 486 1905 12 
15 105 2 
15 2298 16 2 
425 105 2 
2228 2 
1166 139 2 
3314 139 2 
273 2 
650 31 1166 2 
72 38 293 68 4 1409 347 187 435 21 77 6617 125 670 110 45 
81 6460 487 