Subject: 4514 143 41499 35229 306 1615 31852 59163 
187 38 435 21 933 317 767 848 143 639 1010 53987 138 
187 38 435 21 7207 19692 20616 74 791 3471 317 1425 6290 19581 74 788 3471 138 
143 143 308 11944 193 138 193 
2473 67 1356 11039 10461 74 790 3471 138 
347 1356 37793 53988 317 7814 74 7848 3471 138 
195 31 68 124 369 261 2 419 3359 28 508 53989 1615 20258 13511 
1357 143 143 50257 964 74 248 1010 31 1086 143 143 21 95 38 2181 195 68 317 
959 193 
3042 59164 28 41499 368 328 193 
4 35775 31 35223 3361 215 306 359 6219 9605 219 45 20258 58 205 3376 
21 13640 28 235 2 
824 1425 6290 19581 17 9180 53253 19692 308 11944 193 
824 6164 37793 7895 
824 5247 53750 17 53990 
824 6203 20513 17829 17 6054 53991 1896 
824 6054 18509 45 5566 17 4215 
824 53992 20461 4097 17 13538 
824 9633 28 37458 408 
824 7207 11039 17 23552 7876 
824 6526 182 15 6290 150 204 16572 92 18573 848 143 639 1010 
4 448 524 31 8009 193 193 193 
49 959 298 430 347 21 73 8366 45 
81 450 2 1050 2 397 397 1051 12 59165 12 1217 
347 1324 670 952 17398 17330 306 15 105 45 140 317 
28 96 225 21 1324 2 215 21884 219 37989 143 59166 46 38 193 
6165 397 38606 2623 1530 215 107 23352 219 12 
653 653 653 653 653 653 653 653 653 653 653 653 653 653 653 653 653 653 653 653 653 653 653 653 653 653 653 653 653 653 653 653 653 653 653 653 653 653 653 653 653 653 653 653 653 653 653 653 653 653 653 653 653 653 653 149 306 6631 4 28 627 323 21 77 42009 
125 840 1826 347 1874 6460 109 68 3979 12 
653 653 653 653 653 653 653 653 653 653 653 653 653 653 653 653 653 653 653 653 653 653 653 653 653 653 653 653 653 653 653 653 653 653 653 653 653 653 653 653 653 653 653 653 653 653 653 653 653 653 653 653 653 653 653 824 824 824 236 399 240 143 628 3199 1184 1357 824 824 824 
6460 109 28 1905 3979 49 2974 277 12 