Subject: 1 2 2684 4375 38183 
673 45 732 7416 12 1645 732 3650 746 70 3654 5061 1645 48320 707 48321 
41 44047 6927 4318 10576 2 
41 
41 8792 8793 101 2 
41 41 
41 41 15096 45 3187 45 
41 41 
41 41 6907 15374 6774 38183 6766 7167 4317 15468 4318 34160 3173 11384 2 
41 41 
41 41 143 4312 3182 48322 3183 15850 3185 3186 34814 45 4312 6867 4318 18323 3186 
41 41 34814 14911 6893 12208 3173 8292 48323 7085 14913 6934 3186 0 12 
3186 
41 41 34814 6869 6760 7085 10599 4318 11339 6893 2901 
1834 12 
41 41 
41 
41 15096 45 3175 33438 3173 4318 10561 45 6854 6760 7428 7186 4317 6789 6790 3182 7078 
41 11329 4318 48324 11715 9656 2659 12 6760 7186 6758 2659 3182 
41 48325 3186 14690 1896 6758 4318 18323 3185 41928 6934 3183 
41 42556 6808 7057 48182 12 6919 11390 6756 4316 45 6854 6764 
41 3182 7071 7090 2006 45 4317 6760 7068 7508 7506 45423 6865 
41 41784 14697 12 11326 45 11343 3186 6951 4318 48326 12 12 12 
41 
41 6927 4318 6928 3185 3186 282 143 47623 45 7020 7159 18312 4318 6776 45 7067 48327 4317 4309 7044 4318 48328 
41 6760 7085 48329 6934 3186 48330 45 3177 48331 215 34814 1775 677 219 4317 
41 14943 3186 34814 45 42565 6934 3186 48332 4317 48182 3177 4318 48210 12 
41 6921 4318 6995 6784 6552 34814 1775 677 6808 14690 1834 12 
41 
41 41 143 6921 6771 4318 6772 48333 48334 4318 48335 48336 12 6789 11338 18304 
47234 
41 41 44401 6786 6871 4318 48335 47346 3182 48337 4315 11759 7154 6758 1170 
41 41 3028 215 6854 44375 4318 48338 3173 4312 6766 33775 6913 7167 219 12 
41 41 
41 41 143 6927 4318 6928 3185 3183 272 48339 45 7078 14636 18222 3182 48340 7036 6751 
7428 
41 41 7698 48341 6774 48342 3989 12 6869 45 3186 272 3989 6764 3182 
41 41 7071 35417 4318 11339 6893 8292 12 
41 41 
41 6854 3186 6781 3175 15468 4318 10561 12 6948 6792 7044 4318 48328 45 48343 7428 
41 6552 48344 12 3989 4312 6867 7698 45 3185 7044 4318 15574 14963 40283 12 3186 115 
41 3989 6795 4318 6993 6792 14963 648 3173 6773 48345 6795 4318 6993 14882 6774 48342 6792 14963 0 12 
41 
41 41 143 6921 48346 18222 3551 5831 4312 3186 14682 8292 48347 
4315 
41 41 6867 6883 12 45400 7036 3186 34814 6758 7698 6867 14946 4317 
3186 
41 41 10582 12 
41 41 
41 48260 45 6785 3186 6796 44375 4318 48338 3173 4312 3183 12208 12 
41 21 34814 6893 8292 48348 3173 11395 215 6751 219 45357 3186 115 
3989 158 
41 
41 41 6871 10632 48349 7167 47431 6786 6921 4318 15325 18222 44057 12 
41 41 
41 41 6906 6812 3173 3183 12 5161 4373 6893 48350 3173 48351 12 3183 48352 
3173 
41 41 3183 6913 4315 6872 45 3185 11384 6927 4318 10576 4317 48353 15482 42322 
45007 
41 41 6808 42556 3173 15482 6808 2901 1834 12 
41 41 
41 41 48354 45 7432 45 6929 15525 11342 4317 15320 6786 6921 6760 
48355 
41 41 41810 6919 11784 7154 12 6857 48356 42322 48357 6760 15567 14919 
41 41 15490 12 
41 41 
41 41 8178 3186 3173 48358 4311 12 6789 7528 3182 48244 11371 6881 11854 34192 
6788 
41 41 7027 3186 38183 4312 3182 14623 3173 11358 47234 44401 3173 3182 48359 
6953 
41 41 3182 48360 45 3174 6789 4318 4319 3182 6880 7508 15134 7167 4312 3182 
41 41 48361 7468 7125 7042 6758 38183 12 
41 41 
41 
41 48260 45 6777 45109 4318 6993 6912 47133 6758 48362 3173 48363 12 215 4518 219 
41 
41 6810 