Subject: 1 2 5294 2 632 31 17 1142 49 997 1841 
42 195 45 
41 4425 195 45 
41 
41 192 21 262 47723 17 8792 49 12195 14 31 68 
41 1845 12 262 12734 499 34 7 13346 21 817 4 28 3623 
41 34 419 2205 608 17 333 1886 49 670 997 1841 12 
41 
41 
41 161 164 9 140 31 3508 540 87 2411 13991 12 
41 
41 143 1110 
41 
41 20 1417 34 1061 21 8839 124 1376 49 91 255 12 2473 220 
41 255 767 67 1841 4 2643 3915 138 
11693 17 1904 274 777 9 2411 67 28 1800 31 28 
1841 487 45 130 3919 977 92 4 2014 12 7 5419 150 440 3870 2423 
4 48265 3932 4076 4 963 21 8839 45 17 7 150 282 
6470 3800 34 68 421 215 540 112 432 208 76 17 70 1894 
2663 219 124 120 109 28 1475 5681 369 215 754 1910 1397 28 1841 219 12 
6061 45 7 150 151 489 3522 5897 21 2643 17 1841 161 12 
41 
41 
41 143 1142 
41 
41 419 87 21 4758 9 3793 21 28 375 45 3198 4213 21 9 
41 3537 4 548 2563 12 
41 
41 1412 45 22072 144 571 2259 442 12 9731 45 419 84 481 
41 3039 34 161 124 9695 1163 125 195 1277 
41 8448 12 
1397 1544 3311 67 68 45 419 87 959 48266 67 28 367 45 
17 4 2259 2666 28 7807 150 204 2385 12 1427 7 112 4 3219 7 1810 
1404 42739 17 208 31 28 7807 215 13828 14490 219 12 26 2903 91 
3606 67 28 2141 659 158 20 124 2340 21 450 2428 45 17 
72 259 45 2473 1510 4143 3606 869 769 185 499 45 17 48267 4 
28 2385 12 
41 
41 
41 173 1170 143 11103 1171 45 47694 369 1039 34 45 86 31 
41 28 2954 26 482 21 1022 4 21 28 22455 1036 997 1209 45 26 
41 220 107 482 21 19871 21 312 7972 548 4 68 2088 12 419 87 
41 70 71 2563 12 
41 
68 124 9 47 4237 421 12 22455 17 28 1145 31 670 1125 215 17 
460 45 130 2342 130 28 48268 460 7653 219 4 9 22455 9114 124 195 
251 9 12104 421 12 419 150 938 4430 5856 9579 67 68 45 17 20 1906 
77 56 34 28 2341 2585 9 2298 143 371 215 17 1449 21 77 3046 219 
408 45 21 212 208 2966 31 1494 6350 2580 4 
70 1932 45 22455 408 124 150 4642 150 12 
251 120 45 1397 3311 67 48269 17 48270 45 419 87 21 
83 45 4 28 429 198 45 515 28 375 1432 434 21 220 12 445 
121 34 45 419 35 521 109 10035 7813 294 8973 12 259 7 48271 
34 2431 435 1510 48272 4 47694 626 77 432 12874 49 28 
92 528 12 
4 28 75 45 419 87 21 1929 515 28 48273 215 72 184 219 164 45 515 
419 164 870 21 220 45 17 111 2563 840 3544 12 
41 
41 419 65 87 21 367 2406 4 195 1527 17 12585 28 3623 12 
41 
41 840 6842 1530 12 
41 
41 1034 45 
41 
41 143 143 22267 
96 
3430 