Subject: 1 2 2834 2483 1720 707 21 5572 4688 143 2405 4820 4813 687 4802 138 138 138 138 
5085 2289 215 317 5793 219 45 
8346 718 8347 691 4820 8263 746 1645 3654 3752 4908 12 
41 3054 12 2726 684 5236 367 648 747 144 451 689 2132 143 2405 45 2780 14 935 158 
8348 8349 4848 732 4307 4829 138 8350 3635 5123 70 705 691 8351 
746 701 215 6684 3654 644 4816 3069 8352 8353 8354 45 746 4829 
897 8355 3775 687 8356 897 4805 3293 4820 4813 12 12 12 219 12 707 21 6697 
936 689 2132 1676 897 6418 322 2543 700 4829 138 747 2836 707 711 
936 4388 691 138 8316 897 2780 746 70 700 3120 897 732 3165 14 
5016 2377 707 21 6435 12 12 12 12 215 3635 734 5279 231 375 110 231 746 3014 3116 
2780 138 138 138 219 12 
1645 8357 8265 8283 3654 3752 193 
3726 3205 
4528 