Subject: 298 3982 3359 
49 150 15 150 47 2745 1876 3471 298 2298 2404 521 21 68 2404 2 
824 824 824 359 299 824 824 824 824 824 824 359 10498 824 824 824 824 824 824 359 1021 824 824 824 
1129 53543 17 1971 36031 532 347 
762 68 2404 124 65 49 38 12 19653 9 20814 
18489 3801 497 298 2298 8025 12 12 12 
314 8 9 2298 2404 138 2473 187 38 435 15 
2404 9970 21 35775 31 411 2298 8025 138 
521 21 68 14343 2404 17 861 499 2473 12 12 12 
824 824 824 359 299 824 824 824 824 824 824 359 10498 824 824 824 824 824 824 359 1021 824 824 824 
68 124 9939 985 21 77 28 2404 31 28 8861 193 
81 6342 28 19729 12 
68 18 77 9 208 92 298 3359 133 445 