Subject: 144 12 1257 4170 9 4406 12 143 143 359 53034 
6290 31 273 
144 12 1257 4170 9 5889 143 143 143 359 53034 143 143 143 359 1994 388 
8238 8873 150 204 429 1441 4 122 9261 
124 2209 59727 49 35531 317 54183 4158 12 
141 848 1209 972 425 
141 195 59728 35479 
141 1357 952 397 248 20712 517 2606 1209 
141 359 1058 4190 
141 359 17798 1285 2589 
141 51 17 382 1357 
141 359 14216 
141 4199 59729 317 499 31 2228 
1324 328 16524 12 4111 12 59730 17067 19660 
122 9261 49 144 12 1257 4170 9 5889 
28 96 9037 677 122 9261 4 28 391 12 
2232 539 193 107 23352 193 
481 392 1862 143 143 143 392 6255 9 517 143 143 143 261 
865 17 1947 1866 
2232 128 2 
824 824 2232 36 484 14023 193 
824 824 392 5661 12 1512 6567 193 143 143 37857 52705 34487 5810 203 
824 824 392 644 45 2862 12 1529 6567 143 143 1876 45 1857 833 13967 
824 824 392 48826 12 1529 6567 143 143 4322 74 51 1237 
824 824 392 48826 12 1529 6567 143 143 827 2660 45 144 9844 3333 53434 7798 
824 824 2862 1614 31 298 2916 
824 824 824 824 824 824 824 824 824 824 824 824 824 824 824 824 824 392 2862 12 1529 3594 10898 824 824 824 824 824 824 824 824 824 824 824 824 824 