Subject: 70 52760 59047 193 470 59048 472 
481 392 454 45 1857 4 28 997 638 21 394 2660 193 
3616 670 605 21 827 255 12 12 12 213 3616 827 255 12 12 12 
111 26 6482 38 1461 670 19689 
35331 34844 408 1476 959 483 18595 
17 13144 1032 38 1355 59049 261 193 
21 3042 15 52760 2208 17838 1461 
670 839 45 195 38 8 21 220 124 274 861 
827 255 213 482 21 481 3339 31 483 45 
107 7690 3339 31 3867 193 
179 15 827 8066 28 839 38 150 938 314 46285 
15 429 392 648 45 1857 17 59050 274 28 5824 193 997 
38 150 1 109 15 185 21 392 42978 4322 125 28 310 754 
255 12 12 12 17 20 150 204 195 5788 45 369 193 
17 12 12 12 20 150 204 1449 274 28 5824 193 
369 45 38 164 2087 193 15 2261 124 93 253 45 369 193 
15 754 255 164 369 1476 38 4190 31 392 5620 
17 392 848 45 1857 17 161 150 204 1449 259 48 959 193 7 90 521 
109 17 109 12 12 12 20 150 204 259 2494 193 251 45 274 21 3832 20 
4572 45 82 14 1022 20 68 185 12 12 12 
1320 17 5820 49196 124 9713 70 4180 31 392 135 45 1857 
21 38 193 17 12 12 12 8139 52794 15 8366 12 12 12 4149 193 
36 28 830 59051 193 17 77 4 28 2641 49 28 
3380 68 1209 193 81 149 306 231 59047 2377 231 
130 15 627 12 
21 15 2487 45 
59052 
3054 12 12 84 68 273 16 77 3192 12 81 
231 51 231 15 3793 3915 45 306 15 273 
16 1775 1775 1775 45 17 28 4778 231 59047 2377 12 231 
21 2 28456 143 24611 143 57224 12 