Subject: 231 298 231 392 1862 6261 628 1237 231 63014 15 1166 231 
15 273 16 112 78 21 14 130 9 160 1891 4 
1166 4787 12 12 12 72 68 124 107 3812 45 111 81 653 639 
3357 132 1321 12 38 18 107 77 129 120 12 
515 72 138 7 90 1211 38 306 9 392 1862 6261 273 1237 17 
2620 64 122 9261 45 833 15 2745 3314 1166 49 298 138 21 85 
13350 31 68 3359 45 38 18 87 21 2111 9 50786 4 132 
53497 12 298 55830 179 38 2671 15 122 9261 653 639 
504 21 670 2620 677 3593 12 1319 38 8 2008 15 619 4118 7 653 639 
187 111 13 38 3212 6364 4 68 849 12 
17 
515 72 138 7 65 1211 38 306 9 298 2298 455 45 17 9 298 653 639 
3199 575 34 3552 3954 45 462 45 1237 45 17 48 959 138 
82 14 6384 12 
161 164 359 36102 875 193 653 639 
359 5912 964 578 193 653 639 
359 4781 3326 193 653 639 
359 3588 193 653 639 
17 653 639 
38 439 150 440 8 21 4060 67 2473 21 9180 15 1166 12 653 639 
274 6482 9 13720 2563 12 
20 150 204 34 4572 12 
72 38 164 5648 67 15 4561 460 45 274 149 21 68 
626 17 1022 3389 4 28 627 12 653 639 
15 4561 460 124 1370 15 38451 12 
7 8 28 270 21 15 1166 13538 1440 12 231 298 231 193 653 639 
2666 109 45 7 18 231 107 231 672 38 21 12543 184 483 193 
38 439 150 440 482 21 19854 68 208 193 7 231 18 231 1844 38 5054 231 298 231 9 294 
1237 52 231 3389 231 45 34 18425 49 392 1862 12 7 18 107 672 49 184 483 193 
3389 1237 13886 38 21 9123 273 2588 125 28 19356 45 
5990 4184 45 409 12 
3389 58 591 9903 45 1141 941 63015 31 28 2588 38 
87 21 43616 49 21112 12 38 35 9123 9 231 13242 231 31 9 2351 13963 45 347 9 
231 7926 231 31 35775 23 9 92 12 
18 15 1166 231 53015 231 138 653 639 
38 7971 20 18 193 20 58 21 193 193 193 193 
38 18 2111 9 386 31 28 231 445 53497 4 28 3509 423 231 653 639 
34 58 68 63016 193 
998 306 231 3389 231 45 7 1211 38 306 9 231 990 231 45 231 298 
1166 231 45 34 38 35 2867 109 28 1971 17 2354 12 653 639 
572 3389 4 28 1166 7 1211 49 38 45 347 231 3389 231 4 653 639 
15 115 1166 12 195 38 18 87 21 220 21 3042 15 6230 
35967 328 17 837 8 15 298 2298 455 124 21 2111 9 50786 
4 132 53497 12 653 639 
49 4553 17 298 277 45 274 18467 149 306 231 3389 231 
4 28 627 1479 17 38 18 128 430 
67 68 2494 1129 1457 497 193 
7 933 19 21 15 3793 12 