Subject: 1 2 2193 12191 
1315 1846 3385 8 205 6187 964 259 2342 2 
143 2473 220 255 220 12571 138 177 220 28 2193 12191 
3078 125 138 2473 164 26 347 35 26 77 2214 397 3579 138 
143 78 9 2205 432 31 7826 45 2473 505 220 255 12572 138 124 20 
12573 138 220 218 12082 4758 138 
143 21 515 2613 164 28 1440 137 21 4333 2886 2193 
12191 45 28 7263 31 28 7826 45 28 12082 
2901 12574 45 17 397 347 28 1002 31 12147 12 
143 164 2003 2193 12575 215 125 11409 45 7854 45 409 12 219 
1368 49 7806 384 138 924 45 1906 11928 109 28 1036 12 
143 310 463 4702 130 414 12 
12576 12577 2102 45 12578 549 74 2894 45 17 9129 
5788 12073 384 215 240 12 913 12 45 7806 384 219 164 31 203 1846 
215 130 3253 3508 499 219 45 86 28 384 164 1351 1951 21 
481 28 310 12191 34 255 481 12 17 28 4201 11910 
125 9129 384 35 1983 12571 45 4372 12073 
2102 45 2114 3948 45 409 12 
2473 926 28 235 1157 2 
648 12 3042 306 9 12463 432 31 47 7899 143 12579 7826 143 143 3198 
445 12112 12 4268 28 7826 568 12580 
7899 143 12579 1704 12 
144 12 8 1353 12082 12572 549 45 12581 37 21 481 
1458 125 28 1357 432 12 
827 12 49 7826 397 12075 177 161 124 12079 45 12582 953 17 
9493 28 432 31 12191 72 261 12 12583 3040 144 12 
644 12 7730 45 1853 45 17 7894 9 7806 408 109 28 549 12 
72 28 408 926 107 8382 130 505 130 28 1353 12082 45 
111 419 35 3042 21 1526 515 28 408 12584 34 28 
28 12082 8 12 68 35 65 1983 3040 827 12 
72 28 408 9688 130 505 130 28 1353 12082 45 111 419 
35 1853 28 408 4 28 760 31 9 1342 1036 215 3918 45 
12467 219 17 450 2473 505 20 9688 12 72 20 926 107 8382 505 45 
111 419 35 10851 21 481 28 2193 12191 215 432 964 4 
3040 648 219 959 1368 347 6238 12 7 12 240 12 45 419 35 12585 28 432 
31 7826 306 959 476 143 12579 12191 45 17 12583 
1544 23 3040 144 12 
68 124 9699 31 515 7860 432 499 21 220 45 534 45 161 112 359 
12394 31 12586 1493 2166 31 7826 21 9180 964 2166 31 
12587 17 6238 2193 12191 49 1342 561 12 
11973 12 
143 143 
10223 11974 215 11973 12 11974 302 11951 12 774 12 590 
11951 1341 31 1133 1598 219 1050 2 397 397 1051 12 11951 12 774 12 590 397 
12052 12053 2642 45 2010 340 3847 215 141 891 4227 12054 139 
2010 4225 644 644 3825 45 1620 1621 219 141 891 4227 12055 51 