Subject: 215 10984 219 13848 7284 2 1324 49 451 215 471 219 
143 143 143 143 143 143 143 143 143 143 595 626 143 143 143 143 143 143 143 143 143 143 
632 2 1302 45 623 956 7284 264 2 1783 2 891 143 11435 215 13849 219 
125 2 13850 11648 
21 2 13851 143 3239 2 158 
627 2 215 10984 219 13848 7284 2 1324 49 451 
936 109 1484 143 1846 573 1153 
4 1328 306 5549 7302 397 13852 7284 
5590 162 45 9835 45 391 
2059 45 229 646 45 7284 
1434 
9 7898 441 31 573 124 528 1345 13510 23 2119 
10461 109 28 1971 12 68 3552 1404 13853 573 215 23 13854 
1313 45 13855 1313 45 17 1036 1313 219 17 8959 573 
215 222 130 6670 6317 17 13856 3541 219 12 443 13857 31 
573 164 528 576 9112 21 13858 28 11683 31 28 
1971 45 21 1929 11487 45 17 21 12561 1971 
10894 8804 12 
48 31 68 573 124 1383 13859 4 2939 384 45 306 359 
9990 2899 21 28 6185 12 5417 1495 28 6185 
164 3946 8096 215 49 3521 45 12898 13860 219 45 17 161 124 3547 13861 12 
28 1360 31 6297 4 28 1002 31 573 3261 1375 20 
1376 21 2176 1508 12 
68 936 124 1471 21 1121 1122 775 17 
2569 4 28 10099 17 28 10895 1182 12 28 
10099 1132 35 3539 9 7898 3540 4 9260 28 
10895 1132 21 5237 17 368 1484 143 1846 573 4 9 
13862 185 45 568 10099 341 435 573 11023 45 10102 
1366 17 573 1365 12 28 10895 1132 35 3989 442 
31 28 10099 1132 21 28 1440 31 3842 17 4566 
10407 2475 573 215 137 21 28 13863 2475 1002 31 
573 12335 219 45 17 772 3326 13864 573 12 68 676 31 
2568 124 12899 21 10901 28 2228 31 28 2229 4 3842 
1484 143 1846 573 12 
1142 31 1543 
28 1142 31 1543 1833 45 251 164 107 864 21 2 
141 1971 10894 573 17 5188 
141 13865 8959 17 13855 573 
141 4426 17 13866 573 
141 2513 13553 179 13867 573 2166 
141 2475 573 11026 
141 11007 1337 49 762 4073 10894 573 
141 10102 1366 49 10894 3261 
141 573 1365 765 13853 573 
141 573 9141 17 9657 
1519 
28 936 18 77 915 109 2059 45 229 646 45 28 517 121 28 
7302 397 13852 7284 382 45 17 18 8 9 2853 390 143 390 13835 31 
2569 213 5498 45 13039 45 17 13868 762 13869 31 
1484 143 1846 573 45 130 505 130 775 213 8 9714 11007 
17 3261 1148 49 999 762 143 4073 1440 12 
28 2563 124 21 8 9 1446 143 517 936 12 161 18 77 9 1173 
1531 21 1125 28 2119 1420 143 1142 31 28 936 45 540 18 
432 28 4098 49 28 6627 2580 12 2580 18 77 31 
373 3581 2 1333 451 45 17 2439 2580 12 9 408 
1174 1531 124 65 3041 12 9991 31 92 18 77 8036 49 
2175 2585 28 196 12 
1550 6150 
3044 6987 31 1333 451 84 77 359 3806 1032 2041 
449 12 2439 451 17 408 1174 2403 84 77 23 508 373 
449 122 12 451 84 77 752 4 654 45 1056 45 6394 347 
1552 445 3991 21 1553 31 28 936 
7711 12 378 451 18 77 413 4 28 592 401 
869 1357 21 28 936 209 12 
2257 
412 31 378 451 17 10199 164 2697 21 1125 
769 548 23 28 936 12 757 213 482 21 436 
4 28 936 84 13 273 5931 1543 21 
1553 31 28 936 2582 45 74 134 609 45 7284 12 
387 430 18 77 869 1357 1892 12 
2340 1915 
1550 488 2 3048 1535 45 7284 
1555 2 3049 1535 45 7284 
1556 143 1027 137 2 3049 454 45 7284 
936 2 229 646 45 7284 
7711 2 
13870 12013 215 23 317 440 3683 143 1086 45 13871 302 1086 12 4250 12 1217 219 
13850 11648 215 23 317 440 3683 143 1086 45 13850 302 1086 12 4250 12 1217 219 
839 756 
8415 13872 215 9548 176 219 
13873 13874 215 176 31 12321 219 
13870 12013 215 23 317 440 3683 143 1086 219 
8440 10300 215 23 317 440 3683 143 1086 219 
13875 10162 215 10133 3683 45 13876 219 
13877 13878 215 23 317 440 3683 143 1086 219 
204 12 13879 215 10133 3683 45 13876 219 
13850 11648 215 23 317 440 3683 143 1086 219 
13877 13880 215 8113 176 219 
3977 13881 215 13882 384 1086 2445 219 
21 4196 347 9253 1897 125 
10984 45 13 9 11090 21 11091 302 851 12 10084 12 1309 306 208 31 443 1000 2 
4196 10984 347 9253 10984 
21 861 499 959 1414 13 9 11090 306 28 1479 2 
95 
21 417 461 45 521 21 2739 1051 12 851 12 10084 12 1309 397 10984 
