Subject: 7860 2 294 133 110 
4425 195 45 
419 150 938 432 964 9 294 110 21 2223 1148 1846 21 7860 12 28 115 
110 7860 143 2223 302 11951 12 774 12 590 18 77 13822 2354 3193 12 28 294 
110 124 2 
7860 143 2223 302 13823 12 13301 12 13824 12 734 
38 35 861 959 430 67 20 487 2 
143 143 
10223 11974 215 11973 302 11951 12 774 12 590 
11951 1341 31 1133 1598 219 1051 12 13747 12 11951 12 774 12 590 
12052 12053 2642 45 2010 340 3847 215 141 891 4227 12054 139 
2010 4225 644 644 3825 45 1620 1621 219 141 891 4227 12055 51 