Subject: 1 2 99 1550 49 2387 143 1945 7284 
3187 7000 4318 11851 4312 6792 7073 45 4309 7057 6795 4318 6993 11852 11853 1269 9040 12 11854 
6789 6749 11855 3186 7102 6865 11856 6865 12 
6802 7123 
7650 7103 
143 143 143 143 143 546 626 143 143 143 143 143 
125 2 231 2722 2533 231 
21 2 231 1241 12 4011 215 240 143 628 219 231 
102 2 2366 45 1038 637 45 7284 644 2 2449 640 
627 2 4731 2 99 1550 49 2387 143 1945 7284 
41 
41 
41 143 143 143 143 143 546 626 143 143 143 143 143 
41 125 2 98 99 470 2723 2 472 
41 102 2 2366 45 1038 637 45 7284 644 2 2249 640 
41 21 2 11757 302 2536 12 2537 12 350 
41 635 2 2534 302 2535 12 2536 12 2537 12 350 158 14 158 11750 11751 158 4421 
41 1218 158 3945 151 12 1222 
41 627 2 99 1550 49 2387 143 1945 7284 
41 
41 
41 235 132 2411 306 43 12 2533 45 81 861 2915 
41 670 1550 49 28 2387 143 1945 7284 382 12 
41 
41 98 99 