Subject: 55844 61 62874 
38 164 369 1521 21 2111 9 3830 4 68 
236 1166 425 17 19653 
62875 28 310 130 26 19653 12 
72 38 8 3870 411 55844 4138 45 111 38 
83 20 4784 12860 9 356 31 964 143 6059 483 21 
400 55844 12 306 68 43747 45 38 35 1014 
21 6825 15 3831 12194 41463 17 392 1876 12 1529 18 
36 38 1339 369 193 
68 124 435 359 411 839 1357 12 3210 757 
125 559 28 423 4 9 8392 34 18 6825 
70 38581 31 35331 17 16319 20 12 7952 28 
9657 45 130 505 130 45 47 53416 50185 49 7703 
411 8448 12 
20 124 9971 45 20 124 941 17 20 124 55844 193 
161 164 1123 18489 35203 306 68 839 
34 18 1022 15 18489 109 28 3260 143 6608 21 4561 36384 12 
49 2974 277 45 6460 28 3979 1905 17 650 
231 13 959 2377 231 4 28 627 1479 12 
2723 2 
195 5247 3592 8808 54349 6125 581 12 
81 1929 34 184 2954 21 53730 45 1276 347 9834 68 5247 
61 35 445 966 4 4076 49 757 4059 21 77 6617 
125 670 133 110 130 20 18 77 9962 21 85 2622 2354 28 
110 72 28 5247 8028 35 107 77 293 12 