Subject: 60259 10280 514 42610 60259 10280 60259 10280 60259 10280 60259 
10280 60259 10280 60259 10280 
824 824 824 824 824 824 824 824 824 824 824 824 824 824 824 824 824 824 824 824 824 824 824 824 824 824 824 824 824 824 824 
42 60259 10280 12864 45 
81 49778 68 19729 921 15 
231 9657 231 
419 2937 38 231 3196 77 231 1891 4 68 
231 864 3359 231 
10280 45 60259 31 9378 231 63507 
20580 231 
864 437 
72 1891 45 1981 670 2298 2404 23 
1050 2 397 397 1051 12 63508 12 1217 397 10280 397 
38 35 8 15 2745 4601 31 60259 10280 74 16378 670 2298 
2404 
1050 2 397 397 1051 12 63508 12 1217 397 10280 397 347 
6460 487 
46 38 47 48 49 15 442 17 81 49778 434 49 
63509 921 15 9657 12 
824 824 824 824 824 824 824 824 824 824 824 824 824 824 824 824 824 824 824 824 824 824 824 824 824 824 824 824 824 824 824 
4 6177 21 15 9657 45 72 38 187 435 15 16 
6617 125 670 133 110 45 81 13 9 626 21 
63510 302 6824 12 1217 17 38 18 77 6617 1370 1809 954 12 
824 824 824 824 824 824 824 824 824 824 824 824 824 824 824 824 824 824 824 824 824 824 824 824 824 824 824 824 824 824 824 