Subject: 653 138 1770 143 1771 143 248 138 167 138 0 397 11165 827 11166 448 240 617 11167 1259 11168 397 440 138 653 
11169 7093 
11170 4309 11171 11172 6758 11173 11174 6758 11175 
11176 7174 317 11177 11178 11179 11180 215 11181 4318 11182 11162 566 1055 1304 143 454 11183 
7284 219 12 
6789 7078 7094 11184 4318 11185 6751 11186 6991 3185 11187 7586 6776 11188 12 
11189 3182 11190 6792 11171 4315 11191 6907 11192 11193 6758 
11194 3173 11195 11196 6786 6789 11197 3182 11198 4318 6772 12 
3185 11199 
11200 11201 
11202 11203 