Subject: 7860 13536 141 3214 49 13537 
42 195 45 
78 28 2861 17 13538 31 7860 45 419 2937 20 124 28 3315 21 
4018 70 2038 756 12 419 164 2576 9 2899 4 540 
161 124 
824 70 2038 6231 756 45 540 187 1818 460 
1511 17 1172 2277 215 627 21 28 2382 31 11948 
756 45 78 34 7860 124 1389 28 3329 31 11948 219 12 
68 84 8 7778 2038 389 45 1141 
23 1557 208 125 1320 31 8872 45 1133 45 8873 
23 1557 373 570 389 
824 70 755 756 215 107 2038 219 45 21 6147 19 2596 31 
272 9592 409 45 13539 45 4 28 429 1485 
4164 11946 215 1176 219 
11988 11989 
12027 12028 
577 10400 
4151 28 2420 31 756 389 45 161 18 77 70 2420 
49 28 1176 31 28 756 12 
2622 109 28 7860 143 2223 133 110 18 77 3027 21 937 12 
2604 1540 124 2 
13540 135 2 3247 277 49 2420 3046 
17 3944 21 7860 143 2223 
13540 1304 2 488 49 2438 21 756 17 397 347 1176 
607 729 143 607 264 2 13541 1909 
607 512 2 1508 3944 
28 429 1382 31 28 756 18 111 77 21 2563 28 6482 143 964 
936 49 7860 143 144 45 3918 4780 964 125 28 1525 4 
13466 67 177 68 84 77 17 2473 2484 12 
419 164 107 779 432 964 21 128 2438 45 259 68 124 269 
3828 259 34 38 35 2937 67 2428 38 3196 467 21 13542 12 
419 2222 417 277 31 2473 21 417 2438 74 247 135 
215 181 107 48 836 219 4150 109 12 12 12 
824 824 824 3214 49 13537 824 824 824 
419 187 77 47 48 435 21 914 125 38 72 38 164 1891 
4 9260 306 
215 648 219 13543 28 2420 215 2196 74 
3311 21 8177 67 568 769 13541 1237 219 45 17 397 347 
215 144 219 1399 17 6176 9 13544 49 7860 215 3918 74 
1544 125 28 11948 13544 13545 13546 20 130 516 143 
450 11948 3314 455 
46 38 45 
4164 11946 
11988 11989 
11973 11974 
12027 12028 
577 10400 
143 143 
4164 11946 
987 1086 2048 1068 2 215 891 219 2371 13547 
430 341 1086 245 215 891 219 2371 13548 
176 31 2361 51 2 215 891 219 2371 13549 
13550 2642 
2361 13108 144 644 13551 273 2 4164 12 11946 302 10323 12 10324 12 853 12 590 
590 1050 2 397 397 1051 12 10323 12 10324 12 853 12 590 397 763 4164 12 11946 
