Subject: 144 380 1314 143 617 902 10640 2129 12 109 316 
1321 72 38 128 68 626 959 1032 1319 12 
81 45 2979 28 2915 654 347 10826 6215 
431 1324 49 451 
617 902 10640 382 109 316 
215 306 236 832 219 
617 143 848 2955 7284 
1055 10643 45 10641 45 10642 
1050 2 397 397 1051 12 851 12 10644 12 853 12 10645 397 10646 617 1050 2 397 397 1051 12 10646 12 350 
2072 
28 674 1225 1816 215 10647 219 45 4 2186 306 28 10642 
1225 1816 215 10648 219 17 28 176 31 10642 164 2390 28 
617 902 10640 382 109 316 23 10641 45 28 7462 31 
10642 10649 1616 617 143 848 2955 7284 12 272 2578 227 198 4 
267 215 2091 219 45 2558 215 2154 219 45 267 215 7306 219 45 2538 215 2037 219 45 267 
215 4284 219 45 267 215 1108 219 17 10650 215 335 219 12 
1550 31 451 
28 382 18 1853 4 1852 1849 45 306 1521 2495 45 9 
1086 6608 45 9 279 244 6608 45 1139 45 1138 17 818 
1511 31 8198 45 1433 17 1166 1543 12 412 164 
1521 21 1549 
824 1086 451 4 184 2088 31 1225 340 317 1238 45 
824 279 244 451 109 9277 20 561 45 222 130 240 143 8443 17 
240 143 10656 45 1971 143 10657 17 109 143 1479 1184 45 4656 2636 45 
1166 1611 45 9130 5036 2576 384 45 
8424 143 10827 1153 384 45 1087 1088 45 2743 
1153 45 10252 1127 45 409 12 
1272 12 151 12 2413 150 936 
10658 2492 125 268 45 10642 347 10659 164 2573 21 1549 
451 6143 769 546 548 4 2406 12 28 1119 2918 31 
68 936 124 21 676 2568 17 128 5089 125 411 10660 
775 17 6106 775 130 505 12 
1521 3066 
824 2084 4421 10828 45 2384 31 28 1617 31 
1225 340 31 28 176 31 9345 45 391 12 
824 315 12 98 10780 45 1236 31 28 10690 31 883 
10829 31 268 45 2134 49 231 28 430 1816 231 2141 12 
1138 
824 231 2098 28 430 1816 231 
824 231 571 17 10830 31 28 20 1347 4 268 17 10642 231 
306 10831 125 10656 45 1347 17 5276 12 
818 1511 
824 231 1237 10809 231 
824 231 10252 1127 231 
824 231 1971 17 2298 561 231 
2234 31 28 382 
1103 18 77 28 1824 2234 31 28 382 12 313 28 
382 124 3548 9 8437 49 430 676 2585 674 
1130 125 268 45 10642 17 10661 45 28 2596 124 34 
236 832 124 7898 12 393 674 143 6333 412 
164 2573 21 1549 451 17 436 4 28 382 12 28 
674 2234 18 397 229 77 576 445 4 10662 1511 45 540 18 
3989 109 1142 31 1430 1543 12 
430 21 412 
419 35 445 3357 1158 764 4 1552 45 6394 45 347 8083 
1519 21 28 16 2 10646 617 302 851 12 10644 12 853 12 10645 12 2953 84 107 9144 
5620 4778 12 3310 45 412 84 13 28 2080 31 28 358 
4 9 651 215 654 219 455 233 2 361 45 412 45 2080 17 
8816 12 7267 6215 215 49 53 2744 17 6496 219 18 77 1357 49 28 
1556 143 1027 838 1550 12 28 412 84 10664 4 28 429 
455 31 769 2975 215 2080 17 1446 358 219 45 2428 28 358 124 
752 49 28 1086 6608 347 28 279 3361 6608 12 
401 
28 382 401 18 77 27 74 9 1430 57 12 
1851 45 20 124 3041 21 2890 9 1420 143 1326 31 28 96 451 
130 9 417 143 401 3326 4 28 1224 174 215 1226 219 4 1225 
340 155 74 553 143 1179 12 9 3272 3326 18 77 27 
49 28 10665 31 28 1272 12 151 12 936 12 
2340 1915 
488 49 1550 31 6987 31 451 824 2 144 134 7284 
488 49 1550 31 1446 451 824 2 1257 134 7284 
1555 109 451 824 2 135 229 7284 
488 49 1556 143 1027 30 2 336 1886 7284 
824 231 358 231 3530 1086 451 45 279 244 451 45 17 451 49 28 
1272 12 151 12 936 12 
1042 45 7743 45 387 388 
6237 23 10643 1055 164 130 1528 2 1371 1044 49 1064 475 397 4496 45 
1874 1044 49 1764 475 397 4496 17 10666 1889 49 785 475 397 4496 12 
6237 1833 9847 17 1871 12 208 10667 31 10642 10668 648 12 248 3900 
347 4229 674 5925 10669 12 
161 18 77 10670 10671 74 10642 5893 12 65 45 161 18 77 
5898 7222 2585 28 10674 5922 17 1055 10643 31 10641 
109 28 2660 1397 17 121 28 382 12 
387 388 18 77 2575 21 9 2348 4781 12 28 382 
2582 18 1112 3599 28 1042 31 2492 17 411 
196 371 109 9 429 143 3078 143 429 143 9299 6280 31 769 
1036 12 
1801 839 
5496 18 77 9299 4 10643 1055 45 10675 9 5112 10676 
306 9 3304 2145 18 77 1091 12 65 45 1893 10677 18 77 
1880 21 1981 8025 31 10678 17 10679 5859 130 
505 130 21 1981 28 2641 1479 34 10680 10641 17 28 2481 31 
10642 12 
382 1176 
98 10681 45 883 17 10682 176 31 267 
2390 756 
1176 
10683 10684 45 674 1225 1816 
774 143 1176 
10685 10686 45 176 31 10642 
10687 10688 45 10642 1225 1816 
389 
1760 10689 45 10642 10690 31 857 
10691 10692 45 2689 400 31 10642 
10693 10694 45 176 31 10642 
10832 10833 45 10706 
10834 10835 45 10642 2050 
10695 10696 45 674 1225 1816 
10836 10739 45 674 1225 1816 
5791 10697 45 176 31 10642 
10501 10698 45 10642 1225 1816 
7104 10699 45 10642 318 10700 
10701 10702 45 176 31 10642 
10703 10704 10705 45 10706 
10707 10708 45 674 1225 1816 
424 756 
774 143 7711 
10709 10710 45 10711 176 31 2558 
10712 10713 45 176 31 10642 
389 
98 10714 45 176 31 10650 
10715 10716 45 10717 245 31 341 
10718 10719 45 10720 176 
5726 10721 45 267 176 31 3085 17 1166 
7104 4011 45 176 31 2538 
10722 10236 45 176 31 2538 
10723 10236 45 1333 176 31 1013 
10724 10725 45 6130 176 
10726 10727 45 176 31 6049 
10726 10728 45 176 31 1013 
10707 10729 45 267 176 31 3085 17 1166 
10709 10730 45 176 31 28 2545 
10731 10732 45 176 31 10642 
10733 10734 45 1333 176 31 1013 
98 10735 45 267 176 31 3085 17 1166 
4421 10134 45 2553 2554 176 
10736 10737 45 176 31 2538 
10693 10738 45 883 17 10682 176 31 267 
10722 10739 45 267 176 31 3085 17 1166 
10709 10740 45 3533 10741 245 215 440 12 240 12 7 12 219 31 267 
10742 10743 45 298 3558 176 
100 10744 45 883 17 10682 176 31 267 
10745 10746 45 176 31 10747 
10748 10749 45 4240 1333 245 
10709 10750 45 883 17 10682 176 31 267 
10751 10752 45 176 31 1013 
10753 10754 45 176 31 28 2545 
10755 10756 143 10757 45 176 31 10642 
10722 10758 45 3533 10741 245 215 440 12 240 12 7 12 219 31 
2558 
10501 10837 45 10642 2050 
7104 10759 45 10760 176 31 267 
10761 10762 45 10763 175 
10707 10764 45 176 31 10765 
10731 10766 45 176 31 10642 
10767 10768 45 883 17 10682 176 31 267 
10724 10769 45 10770 176 31 10771 
7104 10772 45 883 17 10682 176 31 267 
5580 10773 45 176 31 5574 
10774 10775 45 176 31 10003 9835 
10776 10777 45 2140 49 1086 17 341 143 9108 
98 10778 45 10711 176 31 2558 
98 10779 45 176 31 10642 
98 10780 45 883 1333 176 31 267 
6414 10781 45 10711 176 31 2558 
10709 2557 45 10711 176 31 2558 
10501 10782 45 176 31 10642 
10501 10783 45 10711 176 31 2558 
10784 10785 45 10706 
7193 10786 45 267 176 31 3085 17 1166 
98 10787 45 176 31 10642 
4421 10788 45 176 31 10642 
10789 2559 45 883 1333 176 31 267 
10790 10791 45 10760 176 31 267 
10792 10793 45 883 1333 176 31 267 
3253 3266 45 1225 1086 245 
9363 10794 45 176 31 1089 10795 
10707 1222 45 10770 1086 2445 
10501 10796 45 883 1333 176 31 267 
10685 10797 45 176 31 10650 
10798 10799 45 176 31 10650 
6277 6278 45 883 17 10682 176 31 267 
10709 10800 45 176 31 10073 23 10801 
10742 10802 45 176 31 2538 
10693 10803 45 883 1333 176 31 267 
10707 10804 45 10711 176 31 2558 
98 10805 45 176 31 2556 
10792 10806 45 267 176 31 3085 17 1166 
10807 10808 45 883 1333 176 31 267 