Subject: 
4514 41499 
187 38 435 21 
933 17 767 848 143 639 1010 53987 138 
23 2248 
187 38 77 1891 4 1356 
11039 10461 74 
790 3471 138 
2473 67 1356 37793 53988 7814 
74 7848 3471 
138 187 38 435 21 7207 
15 19692 20616 74 791 3471 
1427 12 12 12 23 28 310 92 12 12 12 9423 
6290 19581 74 
788 3471 
17 53750 
74 1799 3471 138 
31 203 38 187 193 419 3359 28 508 53989 1615 20258 
13511 1357 21 95 38 2181 195 31 68 17 959 193 
6526 182 28 18573 17 6526 964 28 11039 369 193 
4 35775 31 35223 3361 45 20258 58 205 3376 21 
13640 28 235 2 
1425 6290 19581 17 9180 53253 19692 308 11944 193 
6164 37793 7895 
5247 53750 17 53990 
6203 20513 17829 17 6054 53991 1896 
6054 18509 45 5566 17 4215 
53992 20461 4097 17 13538 
9633 28 37458 408 
7207 11039 17 23552 7876 
6526 182 15 6290 150 204 16572 92 18573 848 143 639 1010 4 448 524 31 
8009 193 193 193 
487 124 9 4218 31 274 9 2351 31 28 462 419 128 5820 1867 5813 
434 49 515 670 8366 58 506 12 
7 207 19864 193 28 517 1397 7 1339 564 28 20258 648 45 7 227 20513 
9693 12 111 7 13617 568 28 20258 648 130 9395 12 121 617 1910 7 227 20513 9693 
120 12 132 53993 143 648 1313 215 1346 31 20258 219 9672 9 1250 3471 7207 193 1851 45 132 
53991 13136 6741 125 9022 3192 21 800 193 7 6184 767 10 877 
17 5678 8 959 11039 12 21 256 28 1557 7 207 47 4208 17 376 
306 20258 648 12 132 16572 962 124 369 34 31 9 638 1209 972 193 
143 315 12 9 12 53994 282 12 151 12 45 962 394 45 3170 
9 1209 2663 45 132 20513 17829 112 7636 397 2117 17 7 112 109 20513 17829 
53995 12 7 65 1339 28 4514 143 41499 13511 45 20258 648 12 121 9 1209 109 28 
8366 45 132 20513 17829 124 369 2117 397 4711 143 143 17 7 5419 150 440 205 109 28 20513 
17829 53995 49 524 193 
143 13670 13202 45 53996 4267 45 3815 
121 144 1910 109 4514 143 41499 13511 20258 648 45 7 4767 9 4240 1313 31 
11039 45 6222 37793 11039 17 132 4215 17 5566 199 11285 12 132 20513 
17829 124 3192 21 6249 397 790 121 11061 143 17 20 1465 5820 411 517 7 8 21 
150 39032 143 964 150 28 53997 109 28 53998 23 28 53999 12 7 150 938 4767 9 54000 31 28 
40280 1389 132 13927 17 9 2671 4 132 54001 306 48 13144 39382 12 121 644 
524 45 7 445 87 729 954 18509 3915 31 248 12 208 1850 45 7 777 21 220 70 
416 54002 11061 274 21 54003 195 28 416 11039 193 121 448 
524 109 20258 648 45 132 20513 18450 10461 6741 125 2065 3192 21 785 193 65 45 132 53024 
58 6222 45 130 505 130 132 11039 17 8360 3845 143 143 68 8366 124 990 193 
143 315 12 9099 54004 45 353 1010 972 45 16538 35223 54005 45 3815 
130 9 496 143 3388 53984 54006 45 7 576 21 8 21 4293 9 5889 17 
9 1894 121 54007 45 49 132 18512 677 21 3078 3192 21 177 7 90 52766 
120 12 121 9 76 109 20258 648 45 7 35 369 52766 120 121 445 1064 33456 193 20258 648 
13208 132 5830 92 4 1894 193 
143 5048 27934 45 962 638 45 54008 45 3815 
179 7 211 20258 648 187 1425 6290 19581 7207 53253 19692 
308 11944 45 7 10266 150 440 2892 20 143 143 251 4 274 9 2351 524 7 230 644 
6296 559 132 54009 308 54010 17 132 6290 19581 6741 125 333 3192 21 
264 143 143 837 3320 7 11910 848 475 193 65 45 121 644 524 45 132 476 5566 
257 12 7 359 3806 87 28 54011 34218 21 2666 476 3990 12 
143 36495 54012 45 962 894 45 54013 45 3815 
7 8 205 564 4514 143 41499 13511 20258 648 49 3968 524 369 12 7 8 
205 1389 990 5858 4 132 1166 12 7 2892 34 564 4514 143 41499 13511 
20258 648 58 777 9 536 386 4 8035 132 11039 1313 964 17 3312 28 20616 21 
3799 678 4 28 10493 31 54014 12911 12 977 1867 7 3378 3192 
306 9 7986 12 33702 164 12976 109 14 17 1029 21 1853 769 203 143 51793 45 
54015 54016 45 17 111 33705 12 7 207 40088 1461 1510 1477 251 
959 3573 1032 1397 12 54017 193 132 12551 12736 150 440 130 54018 17 28 40280 109 132 
2276 53439 182 18595 12 132 19693 1029 21 8 10 12456 143 7 4545 20 4 132 
12900 143 17 7 8 959 11039 179 7 521 499 11071 12 
143 36183 54019 
7 112 564 54020 31 20258 49 765 208 1209 12 9 18794 131 
34 7 4618 4514 143 41499 13511 20258 648 45 226 7 112 3594 392 648 45 1857 9 76 17 
539 9 6055 21 44295 20 14023 12 4 144 143 827 1910 7 9570 10 125 28 
4514 143 41499 13511 20258 648 1032 28 830 92 7 112 509 28 54020 12 46 
38 4514 143 41499 13511 49 9733 9260 21 6054 132 2261 193 
143 54021 19863 54022 
7 8 777 54023 53991 10461 226 28 429 92 7 112 
7811 45 4 132 54024 12 7 112 109 4514 143 41499 13511 54025 49 445 648 76 179 132 
10461 6831 125 15618 21 7343 12 7 90 8898 2892 20 193 121 827 524 109 
4514 143 41499 13511 20258 648 132 34804 20461 13617 21 54026 23 28 50131 45 6281 21 
542 671 6575 12 7 8 837 205 159 21 1425 132 54027 53995 12 195 
31 68 308 3312 21 2671 2423 3191 67 132 41868 45 411 1032 
564 2351 53462 31 4514 143 41499 13511 20258 648 9 517 12 4217 193 
143 3821 19518 45 610 1010 972 
20258 648 124 28 37020 54028 31 11292 54029 20258 648 1357 109 28 
3264 328 12 54020 31 20258 1838 4 236 7210 164 4784 
52861 21 77 1838 130 9 18418 45 373 225 2606 517 12 28 7558 187 77 
564 2585 144 17 644 7210 2606 517 12 20258 648 58 765 2405 10220 2606 54030 17 112 
7548 21 54031 28 6290 150 204 2233 54032 31 20258 12 
515 124 13538 54033 215 20258 219 138 
13538 54033 124 9 34198 42504 48057 4 28 1353 6290 540 124 
54034 74 28 54035 45 28 8875 54036 31 28 6290 45 200 4 28 
54037 408 12 20258 124 9 54038 4359 48057 34 124 54039 
999 21 53243 45 540 124 54034 4 1893 54040 1616 28 429 2351 954 
31 18509 17 121 11944 12 20258 124 208 31 28 508 51619 54041 54034 45 
54042 13538 31 37037 45 54043 45 19693 17 54044 11004 28 6290 12 
4099 31 20258 49747 23 33668 12 
5820 754 1010 10669 4114 3471 31 28 37037 4 28 1353 6290 164 12693 
869 12 28 6290 124 8826 31 959 1032 1876 54045 37037 34 164 37669 
54046 17 54047 12 28 12798 17 28 49523 408 6348 769 546 
37037 158 534 45 4 28 12798 294 39956 164 37669 528 2094 21 
13039 17691 31 5820 294 2596 12 877 1611 17 28 3564 21 
2188 17 54048 195 11928 109 9695 13538 54033 12 13538 54033 
50971 54049 124 369 1357 21 11414 962 143 1846 34948 45 1141 
54050 31 28 40280 45 6222 6290 19581 45 54051 19692 36656 45 6222 
53991 45 54051 53024 17 11039 45 54051 12156 4278 17 6108 31 
54052 12 179 13538 54033 15266 1905 671 10461 45 54053 2529 
28 195 143 2233 2483 49 990 2489 12 13538 54033 124 70 14343 
48057 540 124 9971 17 6238 306 359 1992 6219 9605 45 72 1838 4 
28 6382 54030 13869 12 
20258 124 208 31 591 54037 54041 45 222 130 54054 45 54055 45 
53456 45 54056 17 54057 45 34 195 20326 4 4099 130 419 962 12 
54041 164 45569 4353 54058 37669 54034 4 28 54059 
4 73 21 36081 28 3544 31 28 9972 54044 12 28 2744 
54033 124 9593 125 9 674 2744 12147 21 9992 12 591 31 
443 54041 35 77 42039 21 54060 91 31 28 9605 31 41499 158 534 45 
20258 8053 2342 6189 28 1435 31 443 411 54041 12 107 445 926 20 
33634 16572 41499 45 251 20 13029 21 9733 11414 9 1478 6224 31 4557 
17 34948 2621 306 41499 45 1141 1476 28 40280 959 54061 17 
7221 53750 21 12887 12 20258 65 2971 53992 20461 4097 17 20461 6108 12 
28 54062 
54063 31 21125 138 
670 9510 34198 2706 20258 4 38581 179 419 164 10660 45 17 542 
4099 36306 54064 765 92 12 28 441 31 20258 121 28 962 31 608 15266 
67 135 3471 2606 1336 45 259 34 542 4099 124 79 4 1894 74 962 394 12 1427 
20258 124 107 294 45 542 6466 130 9 4063 58 205 864 12 12155 
47619 17 37947 8 205 568 20258 49 765 454 1010 109 35775 31 
35514 306 7572 1508 12 
3835 45 137 21 28 772 875 2594 2621 306 20258 45 445 28 
3999 13631 17 28 54065 8 205 54066 21 542 10898 12 212 
1021 58 205 34 28 762 20258 10047 45 8826 31 39126 46545 46579 
215 4359 219 45 777 205 445 6238 54029 1461 54020 12 534 45 9 
294 341 2030 74 4514 143 41499 11044 12 45 369 1375 20258 70 6238 45 
53146 17 494 71 12 
20258 4099 15266 74 4711 3471 125 962 608 21 7107 
13538 54033 54067 306 962 4 5820 33388 20688 34 58 205 7811 
21 632 12 28 441 31 20326 4 9976 15266 10669 135 3471 2606 1336 12 
68 1508 4 28 13538 54033 4099 677 528 79 4 1894 74 28 
962 31 394 12 9976 2706 109 9 14023 6280 2862 54068 2606 1209 23 962 639 45 
438 54068 23 962 638 17 646 54068 23 4711 1010 31 962 12 2585 28 9038 
31 1250 17 4711 45 9490 8139 124 12522 4 13538 54033 540 1508 4 
45749 45 347 54069 54070 54071 12 443 34948 164 386 31 28 
34950 52 41499 540 28 3999 1132 58 2581 124 107 9 671 
8104 12 54072 3564 17 11039 10461 15425 45 130 926 9502 
16839 12 1510 213 482 21 10442 769 54073 54074 17 53024 84 
1833 70 6238 13538 54033 54049 130 386 31 769 9826 54075 12 
121 9982 35223 3361 45 28 235 112 2581 121 448 347 959 
524 31 20258 54049 2 
2914 4215 
54047 31 28 12798 45 18512 45 54076 45 54077 45 54078 45 54079 17 
411 54044 
6222 37793 3845 17 7895 
6222 54080 
11285 37458 408 
1030 12537 17 34773 54072 
294 20461 13538 17 4097 54081 
54082 5566 
2914 11944 7895 17 11270 
6222 19692 36656 308 11944 
5030 31 53990 17 19581 
6222 53024 17 54074 
5030 4 772 20513 17829 
4568 4 18509 
4514 143 41499 
54083 5030 17 37054 
15425 4 24333 215 984 219 53991 
7207 4 54084 215 502 219 53991 
54085 31 54043 
124 20258 9971 138 
20258 58 205 1338 576 4 28 3999 1132 49 765 36577 1010 
17 58 205 3361 49 765 394 1010 12 54086 10319 45 282 12 151 12 17 1193 12 23064 37310 
1272 12 151 12 45 7811 765 6255 6205 17 7824 4 769 4284 244 34 20258 777 
7972 10898 17 359 6219 9605 12 
38 150 1 985 21 128 4514 143 41499 13511 49 1389 392 766 12 1529 12 12 12 
107 837 392 390 12 1529 12 12 12 38 164 985 21 128 28 3509 2261 143 253 4514 143 41499 
13511 49 445 392 1304 12 1512 12 68 124 107 9 54087 12 251 38 777 10 12447 3260 
86 47948 164 864 12 
3054 7 5865 5854 12 4514 143 41499 13511 479 306 9 208 76 
483 143 182 5697 193 259 15 208 143 92 578 124 52677 1476 15 1475 
4998 298 193 419 5697 34 72 38 164 107 7813 39315 45 274 611 
28 17230 143 576 35910 1370 454 2660 17 419 18 1844 38 9 1446 5495 31 28 
15198 80 12 
824 824 824 670 671 80 49 4514 143 41499 13511 124 392 1304 12 1512 12 49 
9 864 92 445 45 38 35 15198 9 827 76 2349 49 445 392 1809 12 1512 193 34 124 
9 48672 31 392 1808 12 4114 2354 670 3536 80 12 
419 18 65 7227 21 3359 38 28 4514 143 41499 13511 23 68 2620 80 130 
122 130 38 15198 125 434 4 28 460 12 21 85 13350 31 68 48672 
38 1906 73 1370 28 997 848 2660 12 
73 328 2 
13 445 392 1304 12 1512 434 215 1320 
19799 124 9 524 2349 12 219 
49 2977 3526 28 434 81 
1907 392 336 12 1529 
347 
827 524 2349 49 445 392 1809 12 1512 193 
49 2977 3526 28 434 81 
1907 392 336 12 1529 
215 1058 1059 45 5634 45 4322 45 347 483 73 219 
2977 124 298 193 
21 198 15 73 12290 6392 499 28 235 486 17 51 21 648 143 21736 143 26162 143 54088 12 72 68 1479 124 563 45 81 4618 34766 21 648 143 51211 143 13644 143 54089 12 
1971 430 1184 
3277 323 54090 
54091 45 12467 54092 
215 195 4157 9774 1370 952 954 31 357 37 219 
81 3318 248 2660 49 2531 12 
824 824 824 824 824 824 824 824 824 824 824 824 824 824 824 824 824 824 824 824 824 824 824 824 824 
1058 1059 73 486 
105 109 1058 1059 2 
16 2 
5913 397 2228 397 1284 2 
15 273 16 2 
141 141 141 141 141 141 141 141 141 141 141 141 141 141 141 141 141 141 141 141 141 141 141 141 141 141 141 141 141 141 141 141 141 141 141 141 141 141 141 141 
81 12532 208 
81 13 14 9 208 76 2349 49 392 1304 12 1512 
49 2977 3526 28 434 81 
1907 392 336 12 1529 
81 13 14 9 754 76 2349 49 392 1809 12 1512 49 2977 3526 28 434 81 1907 392 336 12 1529 
215 68 124 9 48672 31 392 1808 12 4114 2354 670 3536 80 12 219 
141 141 141 141 141 141 141 141 141 141 141 141 141 141 141 141 141 141 141 141 141 141 141 141 141 141 141 141 141 141 141 141 141 141 141 141 141 141 141 141 
1058 1059 140 2 
632 1058 1059 49043 2 
72 38 220 107 128 15 73 1370 848 2660 45 81 13 434 9 51 4624 
434 83 31 28 554 5750 12 
419 18 111 66 38 21 4946 499 953 38 8 107 293 15 73 12 
81 2949 434 15 139 140 2 
81 2949 434 15 51 140 2 
21 73 74 4322 347 483 73 2 
481 15 4322 34918 21 
1971 430 1184 
105 2 
16 2 
5913 397 2228 397 1284 2 
240 143 628 16 2 
72 38 220 107 128 15 73 1370 848 2660 45 81 13 434 9 51 4624 
434 83 31 28 554 5750 12 
419 18 111 66 38 21 4946 499 953 38 8 107 293 15 73 12 
81 2949 434 15 139 140 2 
81 2949 434 15 51 140 2 
46 38 49 15 1166 45 
1971 430 1184 
3277 323 54090 
54091 45 12467 54092 
51 21 648 143 21736 143 26162 143 54088 12 72 68 1479 124 563 45 81 4618 34766 21 648 143 51211 143 13644 143 54089 12 
5705 215 1219 219 1108 143 2405 
195 13124 5836 
4514 143 41499 13511 479 306 9 208 76 483 143 182 5697 193 
259 15 208 143 92 578 124 52677 1476 15 1475 4998 298 193 419 5697 
34 72 38 164 107 7813 39315 45 274 611 28 17230 143 576 35910 1370 
454 2660 17 419 18 1844 38 9 1446 5495 31 28 15198 80 12 
68 3946 124 2094 17 102 499 74 2 5035 3836 384 
21 77 6617 125 670 133 110 81 273 434 23 
54093 302 13116 12 1217 306 5247 4 28 627 1479 347 
1324 434 41409 298 23 648 143 21884 143 54094 143 41404 17 1844 434 15 273 16 
347 3047 434 23 2 2689 8075 21112 45 3277 323 4081 45 54095 45 54096 
649 143 655 143 656 2 248 657 