Subject: 1 2 4731 2 1712 49 1172 143 1103 
41 7 431 8440 150 204 776 67 13223 31 7854 573 49 213 5419 150 440 
41 2023 306 20 45 251 7 187 65 435 21 1907 212 776 12 
41 13223 124 107 9 1021 49 14 215 17 7 8 1468 7854 4 
41 132 12032 1237 219 45 251 28 13224 31 12560 
41 9599 124 959 9625 12 28 13225 573 13226 9 3089 
41 441 31 11410 430 215 6138 10049 45 13227 430 45 
41 231 12451 231 45 231 3581 231 45 17 13228 7235 7263 219 12 28 6058 
41 31 222 430 187 9579 13229 132 408 150 204 7895 12 
49 3521 45 28 331 31 11411 10248 573 1357 125 13035 141 12 
208 1422 21 68 124 21 1131 6476 2113 2585 7854 7826 
17 13035 141 215 347 411 12569 219 7826 45 251 34 124 9 762 17 1376 1382 4 
1948 12 
4423 12003 
384 1136 4013 
1103 2234 1958 317 11409 
2046 176 25 
352 1479 2 215 13077 219 13078 
2046 11409 6230 215 765 144 9881 11013 226 1839 335 219 2 
1050 2 397 397 12032 12 2046 12 2426 
2046 236 12032 31 1103 109 3992 143 8032 2 
1050 2 397 397 590 12 2046 12 2426 397 13076 397 13035 