Subject: 1513 2414 1324 49 451 
1324 49 451 
28 14455 236 382 109 1329 3 
617 143 618 1038 2414 
176 31 294 7785 9378 
9340 5692 
28 14455 236 382 109 1329 3 
215 1513 143 2414 219 18 77 915 23 28 176 31 294 7785 9378 45 9340 
5692 125 617 143 618 1038 2414 12 28 382 18 1121 1122 
775 21 676 2568 17 2385 427 2406 4 28 
3348 244 31 3 12 
2340 1915 
764 137 2 648 3595 2414 
473 2431 6282 21 412 2 333 1551 2414 
6537 1322 31 9485 378 451 137 2 1535 134 2414 
1556 143 1027 1322 31 378 451 215 9582 17 14456 219 
137 2 264 134 2414 
1142 49 1550 
1513 143 2414 14028 764 109 195 14457 31 1329 3 17 
1012 14458 451 109 1021 1527 45 1086 1142 45 
3 2220 45 17 1473 21 1172 34 1833 2 
824 28 3540 31 3 4 2233 2234 17 1742 45 5566 45 
2576 17 8965 45 1453 17 8959 45 2207 17 
7336 2101 45 10888 1740 45 17 959 2705 109 
3 49 7895 1950 12477 499 74 2231 
2232 158 
824 28 1706 31 424 14459 17 10524 45 28 
2691 31 14460 17 9326 6 45 17 
3 23 1123 10461 31 2206 17 7336 4079 158 
824 1140 561 31 1329 45 4133 1510 34 1207 
393 143 773 1337 158 
824 3348 6 31 1353 3 45 9450 1086 
34 9397 1140 3 1950 45 548 34 14461 
5984 1362 21 8383 294 9451 45 17 1164 
1144 4 540 3 14462 9 2689 3540 158 
419 65 1530 764 109 195 28 5112 1142 31 1329 
3 12 
1519 31 28 382 
28 382 18 77 774 143 200 306 6523 17 1705 12 28 373 
1111 18 14463 28 1867 1544 617 1038 45 2414 45 306 208 
3608 517 31 2147 1531 12 1513 18 1833 9 208 143 517 839 31 
1511 17 1139 12 68 18 77 5038 74 754 2660 31 
2495 45 3931 1849 45 17 592 14464 1351 21 11615 
2411 31 1086 4 1329 3 12 
28 382 18 1833 1404 1848 17 1852 14465 49 28 
379 31 451 27 4 28 382 401 12 
3066 18 65 1125 769 548 23 70 6005 3931 1531 45 
540 18 3318 382 209 21 2223 28 548 306 28 
412 23 9736 447 12 
4 2001 21 358 2580 45 161 18 77 2495 78 74 
754 1521 3066 12 81 329 49 28 1083 31 28 
2486 3066 49 68 1209 150 204 382 12 
358 1550 
412 84 1549 451 568 28 310 1519 17 447 130 18 
77 1403 49 28 838 401 30 12 1832 4441 45 
130 505 130 8130 49 6496 17 2744 164 1357 125 
1550 18 77 9583 1158 74 14466 451 21 28 
1513 143 2414 1550 2404 12 412 1906 1549 451 4 1552 
347 6394 1519 21 7812 670 3564 21 3990 37 499 49 367 12 
1513 143 2414 13886 10941 1550 21 411 1111 45 
1866 68 2177 124 1412 14467 109 28 1550 486 12 
378 451 18 108 4 28 382 401 445 72 
26 164 14468 125 411 1111 12 10941 764 
34 164 107 1412 9772 130 222 18 77 527 12 
367 368 
195 451 752 21 1513 143 2414 18 77 2666 74 23 1557 373 
375 45 130 505 130 70 2088 1176 12 419 18 6482 28 3617 
12516 4 2405 17 7284 31 9485 2334 451 34 164 
107 6124 4 769 4143 486 45 251 34 28 375 767 
35 77 2914 583 4 92 21 108 4 28 401 12 72 9 
358 124 9485 378 45 28 2584 49 473 18 
77 3551 3804 109 28 367 486 12 451 34 8 205 
9485 378 18 77 525 120 121 1 143 1550 12 
4148 430 
49 4148 430 45 450 28 2298 2404 49 28 382 23 
1050 2 397 397 1051 12 10074 12 14469 12 1309 12 10292 397 763 1513 2414 
540 18 1211 4148 277 130 26 2111 1357 12 72 
38 8 463 67 1513 143 2414 45 81 13 1158 628 21 
14470 14471 23 1513 2414 302 10074 12 14469 12 1309 12 10292 12 