Subject: 8435 68 60581 3263 17 36588 49 28 4642 54190 20 11802 306 769 294 3867 34 164 985 13353 
38 3196 482 21 8435 68 2377 1905 1397 38 36588 4 184 411 3263 193 
143 143 143 143 143 143 143 143 143 143 143 143 143 143 143 143 143 143 
63092 
399 1920 11044 12 215 22185 143 1872 219 
8205 4 28 12 512 6224 
109 3079 45 3391 892 
2159 63093 31 3986 514 
63092 14216 
3999 10867 1237 
130 505 130 63092 11056 6613 341 540 124 
2087 21 28 37053 31 
50096 9141 49 127 43996 559 28 423 
63092 514 23 2 
63092 3386 772 31 392 729 12 3882 
1481 21 1971 8133 
824 824 63092 2113 455 824 824 824 824 63092 2113 455 824 824 
63092 52749 2177 4152 215 644 143 455 133 4601 219 
9135 63094 12 1217 14384 63092 
1050 2 397 397 1051 12 63094 12 1217 397 
41393 41394 59003 
399 1920 11044 8238 2298 2404 
1050 2 397 397 1051 12 63095 12 1217 
66 430 22185 1872 2 63092 
2113 21 514 13389 215 115 21 338 143 848 143 338 219 
3999 63096 341 
28 641 143 1059 
28 11056 1484 
63097 2298 455 
1050 2 397 397 1051 12 63097 12 1217 397 
63092 6478 54777 215 1357 109 63098 12 1217 219 
1153 
6613 60380 941 185 21 9180 4747 
2120 4601 125 773 12 3519 1257 143 338 143 1529 
15545 2 419 164 107 34921 4173 48883 12 
419 220 107 17 62 4439 38 21 7690 347 3616 8206 12 
28 430 2712 124 
1471 21 1983 1891 13530 251 124 107 1471 21 77 
1838 130 4173 4070 45 17 124 107 70 3359 21 7690 347 3616 8206 12 
419 62 5697 28 4329 31 670 430 17 220 107 85 
10108 49 20 150 204 4329 12 
36177 84 3559 77 869 306 28 4070 31 9 34921 10820 
2364 226 54766 4 11600 124 10407 52748 17 229 77 
41186 49 195 251 47 34213 17876 12 
419 3357 359 15558 49 184 6108 11545 125 572 31 68 2385 347 20 150 204 6642 12 
4184 8 870 68 2628 63099 12 
419 229 4579 9585 4 3570 1076 
17 229 7690 347 3616 23 184 92 12 
149 21 63100 302 57678 12 1217 306 5247 21 9253 12 