Subject: 6261 273 49 4149 
653 639 
628 35775 31 273 461 
2606 4087 143 359 53266 193 193 
13 15 273 461 499 45 23 
648 45 1857 150 204 461 397 4087 215 1304 12 617 741 42911 219 
194 45 648 45 1857 150 204 31 461 70 4087 
36377 31 273 2588 
824 824 824 824 824 824 824 824 392 1876 12 1529 824 824 824 824 824 824 824 
38 150 587 128 144 772 143 6604 273 1237 2950 
8811 12 12 12 12 231 61152 6261 273 59519 231 653 639 
17 12 12 12 12 231 61153 53806 36656 642 231 
68 124 28 310 1237 34 195 6261 38426 1184 572 193 
65 1357 143 143 143 143 52962 13124 
143 143 143 143 143 143 143 143 143 143 143 143 143 143 143 143 143 143 143 143 143 653 639 
38 35 369 52962 68 4160 
38426 1237 17 19653 
392 1876 12 1529 2606 49196 
17 4430 220 184 8172 1947 
419 150 587 220 20 49 15 4158 
61152 6261 273 59519 30 448 12 0 17 
61153 53806 36656 642 30 827 12 3885 
49 8694 1512 17 8694 827 12 648 369 8112 343 653 639 
215 93 959 306 28 298 486 8796 219 2939 10106 
13 499 639 45 1857 141 3199 462 5820 1371 517 193 
347 12 12 12 5820 2351 2660 12 4 2177 45 179 7 13 499 274 9 2351 9911 3199 462 1320 517 45 20 1931 150 440 85 122 1397 7 150 282 7813 58283 306 273 2623 17 139 3625 12 68 124 47 941 21 220 12 17 1320 208 31 443 6261 8364 875 14 7289 12 7 35 12511 38 2473 21 220 68 17 1211 38 306 28 1366 38 150 587 87 12 
72 38 150 938 221 9 502 3199 849 45 7 150 587 2482 38 2473 21 3558 28 62883 12 38 150 587 77 57211 306 2623 45 13967 45 17 1342 6165 45 568 7289 251 273 12512 12 
305 9 502 3199 849 124 107 941 12 7 1394 8 21 62884 132 3199 462 9 1894 28881 225 1397 7 36 28 1508 7 150 282 148 49 12 251 1319 38 8 9 502 849 45 130 38 181 83 45 38 35 572 28 310 849 765 17 765 120 45 62885 17 12520 45 1538 6165 45 1867 121 1867 45 76 121 76 12 
20 12860 14 67 208 4087 21 13 132 3199 849 21 35775 31 44008 273 2588 12 7 35 220 68 45 192 21 9 8694 839 7 572 12 20 150 204 52 61152 17 61153 53806 36656 642 12 20 150 204 9 6261 273 59519 17 70 273 1237 839 12 72 38 150 1 1891 4 1158 3199 45 38 84 83 67 443 2950 12 
839 4118 648 2 61152 49 8694 
28 61152 6261 273 59519 28849 4572 549 6215 34 2622 35 6456 125 4739 45 60043 45 60044 39268 45 347 28 1971 12 443 549 6215 2586 4348 3954 45 8437 461 45 347 573 125 28 1825 2422 12 1320 31 443 6215 124 9774 306 273 2588 12 
61152 124 1351 21 2666 443 6215 17 36230 499 28 273 2588 12 20 111 9717 28 2588 45 21111 184 5248 45 17 10106 37 921 70 7876 2939 45 306 848 45 639 347 454 2588 2606 1479 12 68 124 195 506 4 208 4572 3040 12 274 776 17 6460 12 
38 150 587 87 1553 9 8694 371 1971 61 347 70 8873 109 143 1479 61 21 13 499 15 3199 462 12 7132 5990 7712 28 1971 10945 21 13 273 12 13 15 849 21 648 45 1857 255 347 848 45 1857 255 143 143 28 64 124 3559 28 310 12 7289 193 
294 193 1878 9 133 31 390 45 1857 141 653 639 
4 982 1032 9 648 397 144 4087 
72 38 3558 70 1971 61 45 38 35 13 1320 849 21 639 45 1857 141 255 12 28 294 61152 369 485 11945 2397 1316 12 91 255 164 3559 14032 294 2588 45 251 72 38 2890 9 2628 347 62886 45 38 150 587 77 568 28 310 2588 765 17 765 120 12 34 150 204 1342 2168 193 179 568 2588 38 150 938 2594 2191 45 38 35 25 9 2351 44028 17 1878 9 133 31 390 45 1857 141 4 982 1032 9 1894 4087 12 
215 21 36 9 110 31 195 28 1971 1379 1206 4 15 1430 2916 2088 33603 2 1050 2 397 397 62887 12 1217 17 6460 109 15 2088 1285 12 219 
28 61152 1369 1460 18 12511 38 45 3040 74 3040 45 2473 21 6456 28 1457 6215 45 2473 21 36230 28 2588 45 17 2209 45 2473 21 13208 17 37563 28 7363 2588 921 15 3199 849 12 347 45 72 38 8 70 1971 61 45 2473 21 6825 2397 1316 12 208 38 150 938 506 68 9 2351 225 38 3050 150 440 837 8 21 2937 12 20 150 204 34 4572 193 
49 28 62888 317 11104 2 6621 341 21 542 7728 
130 38 229 83 45 28 1961 31 50 8801 273 124 4784 59737 6125 45 17 508 504 1206 8 2097 7913 20 12 251 45 435 30118 143 11071 45 161 124 3547 43923 12 20 150 204 107 43882 12 72 4091 20495 38 34 20 124 45 672 37 21 1211 28 9534 215 17 439 150 440 82 37 1844 38 91 53599 67 4754 143 34 150 204 107 273 219 12 26 35 150 440 220 20 86 20 150 204 107 161 12 13182 45 179 9 356 31 255 53540 45 7 36 9 3828 849 12 17 34 150 204 67 20 12 
67 648 4 438 18 3047 182 17 2949 14 45 231 85 14 2354 28 110 231 45 540 7 35 220 45 192 21 62883 5247 110 6552 12 591 255 149 182 5813 14 49 50 37 132 3930 849 12 34 150 204 3559 465 12 508 255 3320 45 274 149 17 256 45 231 13 14 959 2377 12 231 4 68 185 45 20 4784 12860 14 373 347 754 462 21 1276 9 49196 12 
28 61152 1369 1460 18 1211 38 306 13720 10106 49 305 9 1349 3199 849 12 38 150 587 5615 17 62884 45 5615 17 62884 12 111 45 1319 38 150 938 221 20 45 274 1917 9 2351 44028 45 17 3558 28 62883 193 193 193 
28 61152 6261 273 59519 1383 8112 343 141 2939 10106 
648 12 4739 52957 2 13 15 3199 849 21 8139 213 124 916 9 4348 3946 12 7 150 587 12511 38 2473 21 6456 195 28 52957 125 184 1371 3946 2171 12 68 124 208 31 28 508 44112 110 31 49159 12 26 4322 769 273 5820 517 17 26 150 1 314 4 1166 12 
144 12 8873 109 143 1479 52957 2 6456 648 45 1857 2588 4 1535 1614 12 443 164 3076 1316 49 1166 21 1166 6165 12 
827 12 4739 8199 2 38 35 3210 9 8437 17 6456 12440 31 8437 461 4 9 1384 31 1614 12 
644 12 8873 109 143 1479 8199 2 518 125 4552 31 8199 12 195 502 11519 1316 12 
729 12 60043 8199 2 60043 13886 38 21 2164 48043 184 1524 31 8437 461 12 959 11519 1316 12 
448 12 1971 19356 2 443 164 195 11519 1316 12 38 150 587 77 159 21 13 15 3199 849 21 8139 213 16545 9 626 4 184 19796 12 2164 3571 648 45 1857 150 204 31 2588 2606 4087 12 
248 12 8873 109 143 1479 1825 2422 2 508 1825 18579 445 3318 38 21 1424 74 5913 17 2228 12 306 5990 45 38 35 1424 74 1166 650 45 62830 45 1225 650 45 409 12 68 124 28 32433 31 195 
1825 18579 12 9180 4642 11519 1316 12 
617 12 4739 1825 2422 2 68 124 9 3986 5036 12 72 38 150 1 8161 21 9465 15 133 21 9 1371 5913 45 38 35 3571 67 648 45 1857 273 2588 70 4087 12 
1257 12 60044 1825 2422 2 28 60044 1825 2422 13886 38 21 1424 49 255 371 109 1388 4778 12 443 164 502 11519 133 1316 12 9 1371 1424 35 2164 2698 729 45 1857 2588 12 
848 12 39268 1825 2422 2 999 21 28 4739 1825 2422 45 445 38 35 6456 2587 48 1030 12 38 35 2164 8140 12440 31 35775 31 2588 499 31 1320 31 443 1825 18579 12 
336 12 4739 2939 59759 2 72 38 1853 4348 3954 45 17 8163 28 4178 4 28 11272 2939 59759 45 38 150 587 77 159 21 2164 13861 443 2588 12 38 35 13 15 3199 849 21 8139 4 184 1371 18320 12 9180 8875 1316 17 9175 964 15 584 3845 12 
618 12 298 486 2 72 38 8 9 549 2939 306 273 2588 34 61152 926 107 1947 45 9453 164 28 298 486 8796 18 77 274 515 38 87 12 274 8066 9 1388 2744 21 1424 49 12 
636 12 4739 486 1834 215 8437 2416 18579 219 2 941 21 9180 11519 1316 487 12 1320 1424 35 2164 1121 38 2862 141 
2588 12 
135 12 39268 1834 2 72 38 150 1 2692 11519 1316 45 38 150 587 36 9 356 31 2588 47 3573 125 39268 12 
1535 12 651 2588 2 2666 61152 8875 6215 182 921 61152 21 8827 6215 17 220 41286 8364 12 65 1368 49 28 1153 31 273 16 1316 34 38 3196 15198 12 
61152 65 58 1997 21 3318 38 21 1833 347 28845 184 1536 31 2588 4 15 838 2397 1316 12 49 3521 45 38 90 1833 445 273 2588 34 10450 4 12 1217 347 28845 195 306 12 24402 12 38 90 28845 195 62889 45 2240 45 17 411 2588 34 5865 5697 9 4349 3793 12 443 1997 164 1442 49110 17 35 77 576 1122 12 
9180 16060 8875 6215 
61152 16166 8875 6215 49 1320 31 15 3199 462 12 72 38 6456 125 28 310 198 109 9 3536 6280 45 38 445 482 21 13 15 849 21 28 294 255 12 61152 18 7843 28 294 2588 306 1510 4 28 8875 2939 45 17 1878 9 133 110 31 445 294 255 12 28 294 2588 164 45 31 203 45 111 4077 21 28 8875 2939 12 306 1320 294 133 15 8875 2939 12791 17 12791 12 
38 229 6825 130 591 8875 1316 130 38 87 12 179 38 3042 9 294 3199 28795 45 38 150 587 482 21 13 15 294 849 21 8139 109 15 8875 110 12 72 38 3047 9 2628 45 1320 92 38 13 15 2628 45 38 150 587 13 20 21 8139 109 9 8875 110 12 
28 5247 110 
47 1394 45 255 18 149 17 2949 38 21 85 37 2354 15 133 110 12 198 443 2588 4 28 5247 12 22770 2939 17 26 18 4430 128 212 849 125 38 120 12 4 68 185 45 38 18 77 10652 15 1166 306 28 508 55085 
261 12 
439 150 440 77 12906 
419 8 91 294 12937 34 8 4080 21 39 61152 12 28 235 110 9397 953 61152 124 10 12 12 12 12 12 12 12 
824 824 61152 124 9 13364 45 12850 298 8366 12 107 70 4143 7925 12 
824 824 61152 479 306 765 1876 449 31 3040 74 3040 1922 12 
824 824 61152 124 28 445 208 3358 9 483 182 5697 12 
824 824 61152 58 959 53590 12 653 639 
824 824 8796 49 8796 45 61152 2529 959 9115 45 185 959 12 653 639 
824 824 61152 926 3212 195 28 757 824 2200 824 1445 12 653 639 
824 824 61152 124 74 2342 28 38417 21 572 12 
824 824 161 124 359 824 35623 17 59142 824 306 61152 12 653 639 
824 824 419 8 74 2342 45 28 96 1333 1947 12 
91 4553 547 
61152 35 63 49 1948 4 9 2351 2660 12 20 35 65 13208 15 3836 875 3192 21 5865 7289 12 2937 31 515 28 8362 18 220 179 26 36 769 61152 839 12 439 150 440 77 2893 4 28 33701 143 161 164 7848 9881 255 499 161 45 274 9 2351 44325 497 12 82 150 204 220 28 547 2 
143 273 390 45 1857 6165 462 215 12860 67 648 143 144 954 219 
143 82 150 204 256 15 8366 18 1121 38 392 729 4149 2606 49196 12 
143 82 150 204 65 256 38 445 36 9 648 3471 3793 215 19856 4240 219 12 
824 34 150 204 2862 4157 641 392 729 653 827 151 392 144 45 2862 4149 193 193 369 3084 515 2862 45 1857 462 187 220 49 15 1166 193 193 
515 35 7 3264 109 143 1479 138 
38 35 3264 2423 109 143 1479 568 352 273 45 34 35 77 45535 568 4341 3133 352 628 3199 12 28 5679 164 6606 60012 12 72 20 18425 2354 143 1479 45 38 35 3616 20 109 143 1479 12 
941 21 40076 17 941 21 2188 
28 61152 273 59519 1432 8694 12 28 14054 3586 20495 38 177 21 521 45 515 21 220 45 17 2473 21 220 20 12 195 38 87 164 456 1225 12157 34 35 77 4705 306 9 3547 1961 347 95 125 670 1225 52945 45666 12 
839 4118 144 2 61153 53806 36656 642 
220 107 36 68 839 3803 306 411 3792 6604 2950 34 1324 7997 231 53806 231 12 68 839 124 28 445 208 4 28 423 34 35 13 273 499 23 772 59591 306 208 1371 2375 21 28 1971 12 653 639 
68 124 294 45 35623 4214 273 341 12 429 31 20 150 204 331 12 12 28 508 1367 6261 273 183 4 28 423 12 12 7289 35 837 3078 1276 193 653 639 
192 21 670 8147 36103 150 204 45 68 341 124 369 1357 17 419 164 28 445 198 38 35 36 20 125 193 653 639 
824 445 231 208 231 19910 143 964 347 48752 2375 539 12 653 639 
824 359 959 20323 7222 12 653 639 
824 359 959 5830 21 13 762 13869 31 273 12 653 639 
824 13002 3793 21 15 36656 8364 12 653 639 
824 38 18 8 195 28 1740 17 33450 31 653 639 
50 273 28 185 20 84 77 102 12 12 12 4 4642 13869 193 653 639 
824 13 15 830 110 4 208 517 45 2428 20 77 2862 45 1857 653 639 
347 729 9881 143 17 274 12570 182 17 4293 49 15 653 639 
4157 21 16965 4 12 653 639 
824 359 959 7273 53283 2587 12 
6261 56588 150 204 38048 3078 6548 193 193 193 143 41 41 41 61153 53806 36656 642 
482 28 36377 31 2588 49 392 1876 12 1529 138 