Subject: 294 3314 1166 49 7284 193 193 193 
42 18794 45 
82 14 672 38 9 47 11551 260 17 1397 38 270 45 2937 67 20 49 9 3315 12 179 38 8 2896 1476 8368 2564 
109 328 150 204 18489 45 2473 220 38 1916 21 53041 17 11416 109 982 483 
1032 38 19653 369 138 2666 28 260 120 1397 38 521 109 143 20 124 9 
47 5648 260 12 72 15 18489 19787 328 45 2473 591 524 
90 38 36510 4 15 115 41868 306 359 483 963 4 138 
515 18 77 218 4 15 2261 373 1010 125 369 72 38 63352 515 38 164 312 369 138 
8238 8873 58 9191 434 21 2892 34 10820 
479 125 12322 12 779 419 925 419 4430 2111 28 
20480 31 48697 45 17388 34229 499 45 60136 347 12799 12 28 
61350 4169 49 508 255 124 28 20850 4 769 63353 
34997 28 819 31 769 12982 12 
672 1897 45 164 38 12 12 12 12 12 
824 20714 31 1960 49 4091 3191 17 509 484 515 
26 2949 38 38 150 1 9713 138 
824 220 15 1058 1059 55836 834 959 1032 15 400 8673 138 
824 20714 31 28 36 11614 4553 109 392 729 53754 2950 138 
824 20714 31 28 1711 1313 3199 41232 18489 19335 138 
824 148 49 1342 35331 138 
111 933 23 68 193 193 193 
824 298 9130 4 542 58633 486 45 107 1711 1313 3199 347 54363 12 
824 13720 10055 1603 408 3308 12591 54361 21 38 12 
824 1123 448 4946 41868 13341 58996 4 28 429 1209 12 
824 60012 1947 4 70 9114 31 1342 14029 12 
824 4711 3471 4149 109 195 6165 484 485 21 38 12 
670 3390 31 2490 124 148 49 9 2351 819 6205 
306 9 2159 548 54128 17 9987 21 2698 392 144 45 1857 21 392 729 45 1857 
2606 1867 125 28 12227 31 769 3314 12 306 729 218 18489 
35203 1357 419 12511 255 2473 21 2181 9 448 4946 5634 
13855 1370 28 429 448 21 618 524 17 2473 21 53041 49 502 1370 144 21 644 1010 12 
5648 9118 143 13087 306 9 2159 9987 21 
6054 769 13002 4561 460 1324 369 12 12 12 
648 143 6255 143 24582 143 61744 
2487 124 9 1384 31 1441 12 12 12 12 15 1441 3559 12 
20814 97 193 
21 77 6617 125 460 8364 149 21 68 273 
1389 580 204 12 53012 361 5021 3854 74 28 793 902 1200 12 204 12 6286 
68 849 35 107 77 2170 8797 130 122 130 
9 5247 3979 124 413 12 149 21 77 6617 12 