Subject: 417 15 1907 298 21 9830 45 1857 833 959 
1050 2 397 397 1051 12 62962 12 1217 397 138 619 653 62963 
62962 124 2692 9 4642 573 6816 49 38 21 628 15 2529 347 2739 
2588 21 12 28 839 18 77 6200 4 1477 45 306 2204 208 12 12 12 12 12 12 
28 44129 143 4 110 17 2422 314 4 198 12 161 164 314 765 62964 
4 28 110 49 38 21 13 15 3946 21 3923 12 
1876 3471 8797 298 193 143 38 13 628 1457 125 15 2298 9752 568 670 1367 
628 2659 12 12 12 
68 124 28 21036 2165 110 109 28 2298 12 161 58 53383 4430 205 9 
10 92 21 3210 12 68 124 9 2369 2370 3199 35229 23 20 150 204 47 
96 193 
36 1027 21 19876 2354 12 38 164 67 21 3210 28 52705 483 1476 839 
109 28 3519 193 
40266 17 20714 347 3594 954 4775 2950 34 439 150 440 548 17 439 150 440 
63 505 138 38 150 938 3078 21 28 1457 198 12 2778 483 628 1930 193 536 392 392 392 392 150 204 484 
499 4 4186 314 45 17 419 150 938 445 274 35337 193 
1050 2 397 397 1051 12 62962 12 1217 397 138 619 653 62963 
4425 7 221 15 273 16 86 38 102 14 628 12 72 38 62965 107 128 
184 959 628 125 14 81 13 14 70 273 23 62966 648 302 628 12 1217 17 38 18 
77 6617 12 
46 38 
45561 282 