Subject: 1 2 66 160 
3816 627 2 66 160 
42 315 99 
670 1662 1086 3817 9 3818 31 1142 12 72 38 90 82 14 83 28 
1002 31 15 3819 4 9 3547 959 2713 20 187 95 434 21 
3820 21 38 12 
97 
3821 3822 
1775 1775 1775 1775 1775 1775 1775 1775 1775 1775 1775 1775 1775 1775 1775 1775 1775 1775 1775 1775 1775 1775 1775 1775 1775 1775 1775 1775 1775 1775 149 3823 1775 1775 1775 1775 1775 1775 1775 1775 1775 1775 1775 1775 1775 1775 1775 1775 1775 1775 1775 1775 1775 1775 1775 1775 1775 1775 1775 1775 1775 1775 1775 1775 1775 
627 2 66 160 
365 2 613 215 613 302 1243 12 320 12 350 219 23 1971 45 3824 397 1219 653 3825 397 9 653 3826 
1862 397 321 653 3827 
632 2 637 397 3080 397 1082 848 2 2249 
824 824 824 3828 824 824 824 
68 628 58 3829 3526 15 2072 45 
1553 125 70 1373 3830 347 28 3831 1971 12 
3832 68 4 188 72 38 270 68 626 12 
42 859 397 860 45 
90 38 81 352 14 
21 28 508 1277 160 
49 1086 109 1610 
1611 4 3833 138 
90 38 65 82 14 83 
31 28 2739 49 28 1086 
2445 45 72 161 124 208 138 
192 4 269 12 
98 99 