Subject: 3397 143 110 2 936 1083 12 12 12 
817 2 
1321 49 4321 143 11467 12 81 95 19 68 1083 21 1510 
213 38 2937 3196 77 1891 12 46 38 12 
1324 49 451 
143 143 143 143 143 143 143 143 143 143 143 143 143 143 143 
236 936 109 1610 1611 561 21 240 143 8443 
1886 646 143 1304 45 7284 10988 10989 45 10990 45 391 
28 936 109 7296 1610 1611 561 21 240 143 8443 7301 18 77 
915 9978 215 310 1110 17 1915 219 306 28 7284 236 
382 109 1610 1611 
215 1050 2 397 397 1051 12 10993 12 1309 397 763 10994 397 1111 397 7284 397 11468 7284 397 11468 12 1056 219 45 1616 
1886 646 143 1304 45 7284 23 28 10986 10987 1407 45 10988 10989 45 10990 45 391 12 
2227 
143 143 143 143 143 143 143 143 143 143 
240 143 8443 124 2165 23 9 11469 11470 195 765 28 423 12 11471 31 
7804 164 528 11472 4 240 143 8443 11473 12 9116 17 494 
240 143 1166 384 164 9972 4 1183 1166 7895 12 
1610 1611 215 1662 219 1337 164 8815 576 4 2119 
11474 12 369 9 2660 1662 124 65 8986 4 28 240 143 8443 1347 12 1662 
124 1368 4 7136 28 2298 45 9260 11475 4 9986 2119 9898 
17 3897 45 8808 11476 4158 306 1277 2578 45 17 259 
109 12 356 31 1086 45 1136 45 17 1166 124 985 109 4 68 294 
1711 143 11477 1199 12 
68 936 11478 255 125 195 765 28 423 45 213 164 1960 4 
291 8225 45 1086 11036 45 3602 45 11479 45 17 
430 341 12 68 124 9 3986 2907 49 255 1960 4 184 
2696 31 28 1036 31 1662 21 1158 8443 12 
1435 2 
143 143 143 143 143 143 143 143 
28 1435 31 28 936 3552 2 
1164 1144 
279 143 371 2101 
8998 8800 
8959 317 1453 
573 1365 
1353 45 1225 2175 
2231 397 362 1170 1171 
430 1149 17 1162 143 371 1424 
1162 1163 
1329 3 
1711 143 7634 
1163 31 8366 45 8424 45 17 6165 1162 
10890 4169 
1170 3028 
6230 6162 17 11480 
6230 8366 1326 17 11481 
6230 6165 1947 
3836 765 1971 
6230 11482 10455 17 11483 
2231 11484 
2231 10895 2 11485 45 11486 17 11487 1337 
8424 11488 
6230 11489 
6230 11007 45 1149 45 17 8117 31 430 
8424 504 
2231 397 6230 3199 
8424 10827 1153 
561 17 9592 
2144 1508 
460 11490 45 17 259 109 11491 
81 817 34 28 414 110 124 107 9050 12 451 4 411 1277 
1142 164 65 508 1530 12 
358 1550 2 
143 143 143 143 143 143 143 143 143 143 143 143 143 143 143 143 143 143 143 
9391 412 164 1521 21 1549 754 1322 31 769 498 358 
215 67 644 21 729 449 219 21 28 936 1176 45 315 12 11492 11493 215 16 124 
78 1905 219 74 28 137 632 12 240 143 628 17 51 764 164 65 
4779 12 28 447 31 28 1556 143 1027 451 215 72 378 219 18 77 
864 21 248 449 12 451 1906 107 8 205 2594 27 347 
1383 752 49 418 1864 12 
28 429 455 31 28 498 358 84 1833 2 361 31 28 358 45 105 45 
4704 45 3133 16 45 240 143 628 16 45 3852 140 45 17 51 
140 49 1320 365 12 28 429 455 84 65 1833 28 105 31 28 
365 213 18 77 3197 28 358 215 72 378 219 17 9 446 31 729 
8816 12 
418 
143 143 143 143 143 143 143 143 143 143 143 
28 378 451 18 77 27 74 11030 25 215 287 219 4 4703 12 28 
401 18 77 1357 23 28 382 2404 12 91 378 451 
18 65 77 2170 49 1181 418 215 1028 121 28 936 219 12 
215 4 2001 21 28 4703 45 20 124 65 3041 21 2890 28 451 109 9 
3992 12 219 
1110 
143 143 143 143 143 143 143 143 143 143 
28 936 18 77 915 4 28 10986 10987 1407 1055 45 10988 10989 45 
10990 45 391 12 68 124 9 11045 1055 306 3076 382 7805 17 
765 827 45 1857 1889 12 28 1055 124 1614 125 28 10988 10989 5922 306 298 
11046 21 17 125 28 5922 12 68 1055 58 591 7798 17 
1007 9298 45 1141 2 11047 45 11048 45 11049 45 11050 317 
11494 11050 45 11052 11053 45 941 9287 11054 11055 45 11056 9823 306 
11057 45 11058 11059 11060 45 9826 11049 215 306 11061 7748 45 
11062 45 11063 45 12 12 12 219 45 11064 10890 4169 9984 1889 45 11065 11066 45 
11067 10435 45 9 140 31 9296 45 11068 2088 45 10435 45 12 12 12 591 31 443 
9298 164 3558 952 954 9 517 17 508 164 1411 49 4360 17 
4061 12 28 11069 1055 150 204 1044 677 49 382 209 124 47 
2348 215 5661 872 141 5810 219 2606 4496 215 359 416 299 49 1874 11070 219 
49 28 3265 31 28 382 12 
28 1055 124 1370 11071 9261 125 508 411 10988 10989 9298 
215 3986 11068 1527 45 1007 10672 45 476 11072 17 4496 
11073 45 298 2464 11066 45 12 12 12 219 12 49 28 2489 31 670 236 
3251 2 28 2228 31 10990 11074 306 28 6538 31 9835 45 
10128 45 11075 45 11076 45 17 11077 12 10988 10989 124 445 9 2351 11078 954 497 
125 411 3986 9300 45 1141 2 11079 11080 45 1194 6326 45 11081 45 3333 
9864 45 12 12 12 
358 1172 
143 143 143 143 143 143 143 143 143 143 143 143 143 143 143 143 143 143 143 
451 18 77 6391 49 10117 45 9398 45 4325 45 17 
11028 12 1320 358 18 77 1523 74 208 347 959 775 4 28 
11029 2088 12 
2340 1915 
143 143 143 143 143 143 143 143 143 143 143 143 143 143 
1551 618 45 7284 215 3079 219 2 498 451 215 67 644 21 729 449 219 137 
134 144 45 7284 215 3079 219 2 1555 31 473 
229 648 45 7284 215 3797 219 2 1556 143 1027 451 17 1405 143 387 137 
1886 646 143 1304 45 7284 2 936 397 382 
839 756 
143 143 143 143 143 143 143 143 143 143 143 143 143 143 143 143 143 143 143 143 143 143 
315 12 11495 3398 
1617 31 1225 340 45 176 31 11496 45 
1331 
315 12 11497 11498 
1617 31 1225 340 45 11499 2050 11500 45 11501 
43 12 11502 781 12 11503 
1617 31 1225 340 17 4729 1238 
176 31 11504 11505 11506 17 
245 49 3831 1158 8443 45 391 
215 1050 2 397 397 1051 12 11507 12 11508 12 1309 397 763 11503 219 
315 12 11492 11493 
127 31 1225 17 430 2045 
1579 11509 2228 176 45 391 
215 1050 2 397 397 1051 12 11510 12 1309 397 763 11492 219 
419 164 2576 21 1833 91 959 255 21 28 839 756 12 
66 430 2 
143 143 143 143 143 143 143 143 143 143 143 143 143 143 143 143 143 143 
49 840 430 81 66 45 
315 12 11492 11493 
127 31 1225 17 430 2045 
1579 11509 2228 176 45 
6255 11511 2464 45 11512 45 8325 11513 45 391 
139 2 11514 143 3791 143 11515 
51 2 11514 143 3791 143 11516 
273 2 11492 302 11517 12 11510 12 1309 
143 143 143 143 143 143 143 143 143 143 143 143 143 143 143 143 143 143 143 
3397 1132 110 
