Subject: 1 2 2193 12191 
7854 130 9 12282 12193 138 
7854 124 477 12403 45 17 20 124 12404 1368 531 12 
58 9 12197 1355 3078 964 306 9 12032 306 91 331 31 
2089 3979 45 2869 49 12405 12406 138 
65 2 
164 161 12180 109 68 110 138 
58 161 205 9 244 31 2744 143 2193 143 1458 4 10054 45 
2974 306 12407 67 12408 17 760 138 
1034 
12409 
12401 12402 101 2 
68 2411 12384 14 31 12385 150 204 12386 21 28 6832 34 508 
12032 12387 164 7289 251 231 9 12388 3860 12389 833 
4098 2488 231 12076 3801 28 10437 12390 9 12391 49 
179 20 124 516 21 12392 28 2744 4 260 12 214 1375 68 
776 4 28 760 31 12393 49 9 12394 31 12147 34 12395 
12396 4 231 122 2570 31 12173 231 45 540 124 3198 999 
21 515 8902 124 9712 138 7 207 3835 107 12397 583 21 
1355 77 159 21 5498 4 195 28 9599 4 515 8902 970 45 259 7 207 
274 12398 21 450 72 20 132 1743 124 12399 999 21 
757 150 1743 12 65 7 187 77 47 5693 72 2622 187 
2940 21 7714 4 9 959 1832 12410 515 8902 3530 
179 214 11945 259 12400 2 231 12277 3261 31 28 
12253 8804 4 9 7818 12278 21 77 959 9214 
31 1508 12 12279 45 68 5860 251 829 1382 124 107 509 28 
3306 20 12280 12 3915 45 483 124 12281 921 959 12282 3590 
34 12283 293 12284 12 231 
143 143 12401 12402 
12184 12185 45 1272 12 151 12 
1225 10363 17 12189 
176 31 12186 
1050 2 397 397 1051 12 2547 12 12187 12 3815 397 763 12185 