Subject: 9 143 618 6113 298 28146 321 51196 28 48970 
68 626 112 8826 568 42940 2778 6261 240 143 628 1237 12 72 653 639 
38 467 21 77 6617 125 68 35156 150 204 460 8364 45 81 149 653 639 
306 28 627 231 5247 231 17 68 1237 18 8808 9834 38 125 769 460 8364 12 
8066 28 5455 6036 59855 143 143 143 38 3196 6113 9 298 53002 
7798 
49 373 21 28 2612 53631 559 28 423 193 193 193 
6460 1457 487 45 1457 369 143 
429 7954 2 10988 10989 143 7952 9 780 3799 109 28 10988 10989 36230 
177 38 18 861 9897 35299 17 16578 11072 12 
431 7954 2 4054 5913 143 63391 4 28 63392 31 68 7785 38369 
1407 
2857 1427 53002 4 28 2342 10003 63393 12 
838 7954 143 38328 45 28 423 150 204 508 1085 5913 143 177 38 150 587 
35884 
17 43339 63394 7739 63395 12 
4 834 45 38 150 587 8 336 9844 17 618 2660 31 780 35299 
17 
53002 23 28 508 33398 53631 28 423 58 21 3359 12 251 
38 
8 8066 12 
6460 1457 487 45 1457 369 143 
515 164 38 5830 49 138 138 138 138 138 
273 