Subject: 1 2 6219 143 260 109 2193 143 12069 573 
42 1567 45 10223 45 17 3251 2 
1567 124 5054 3812 4 5650 34 419 62 1916 125 9 408 
515 9976 62 220 12 121 195 45 983 150 440 28 408 9659 21 1325 1353 
9462 138 7 187 107 482 9 408 34 926 231 10 231 1032 9976 193 17 7 
12099 150 440 83 515 222 9 408 187 2482 397 2173 12 
306 34 4 188 45 82 14 1907 34 179 12100 17 7 106 670 11557 
244 4 1820 45 419 106 20 130 12101 45 107 130 3348 12102 12 
419 274 4428 21 450 2428 208 90 1916 255 21 9206 4778 
12103 12032 7826 12 1412 45 255 35 445 220 259 505 215 4 28 
1250 143 4711 3471 6224 49 7567 45 2620 12089 45 409 12 219 12 259 419 227 68 21 2173 2 
11409 164 107 7990 6 31 1353 11410 1163 12 
68 1465 12104 251 1906 77 12105 4 184 11557 231 8362 231 
177 255 164 12106 49 772 1467 12 
419 35 6054 12069 7895 74 865 215 499 12074 199 12107 45 
3320 12108 45 12109 3066 219 45 17 419 35 6054 12110 45 130 306 
12111 45 251 7132 18 9598 1876 3471 1467 215 107 837 1276 21 20 45 
4606 419 164 4641 306 12112 219 12 
2744 2224 164 1913 17 107 627 21 9432 2097 143 143 9730 5706 28 
2923 306 6545 12 
12000 