Subject: 359 3921 19605 55775 
359 3921 19605 52824 839 
164 38 435 591 17 8 959 52801 1032 18489 138 369 34 28 3380 164 765 45 
28 52801 3042 20566 4 12 505 38 84 85 13350 31 68 3359 49 38 21 653 639 
52895 195 15 52801 921 208 680 12 161 124 359 1058 4322 539 21 837 653 639 
36 4156 49 68 839 12 359 774 143 63220 45 359 18489 9081 45 984 347 359 1058 673 12 12 12 12 12 
4114 3471 2382 677 12 13208 1543 4188 12 12 12 12 12 52895 1510 1058 1059 55836 12 653 639 
18467 149 306 56544 139 4118 17 15 105 12 419 18 66 38 130 1028 
130 261 12 839 124 1351 49 255 306 984 347 4333 1058 12 107 352 3921 21 
38 45 4188 164 102 21 52950 12 
298 2529 1905 
1232 68 124 9 298 392 848 12 1529 2916 1059 193 1232 
1232 1232 
1232 21 3566 68 2916 1059 1232 
1232 1324 648 143 6255 143 11937 143 63221 9802 50272 2 18958 63222 1232 
1232 1232 
1232 26 1844 38 9 1059 140 2 1775 1775 1775 1775 1775 1775 1775 1775 1775 1775 1775 1775 1775 1775 1775 1775 1775 1775 1775 1775 1232 
1232 1232 
1232 21 572 19910 2 648 219 648 143 21884 143 25237 143 63223 144 219 8066 15 1059 4118 45 1232 
1232 827 219 19910 648 141 2088 1285 141 140 12 4118 4118 6625 212 1324 12 1232 
672 67 208 298 1867 1320 76 31 48719 122 9261 
3625 12 952 954 45 248 2660 45 359 9655 4702 193 193 193 193 193 193 195 28 3625 
38 35 481 49 9 1867 1320 76 12 1324 28 6255 4118 414 4 28 
298 2916 1059 12 