Subject: 1 2 6219 143 260 109 2193 143 12069 573 
41 144 12 7 114 12297 150 204 2120 1762 49 11409 45 3901 12963 
41 215 12964 302 12297 12 774 12 590 219 67 7967 150 204 231 274 1844 434 28 11409 231 
41 776 12 255 482 11409 138 26 35 8 11409 45 195 
41 9710 12965 17 2055 17 12966 4 12967 12 399 
41 1957 1906 31 203 77 12968 45 251 7 150 282 12969 21 256 34 
41 2010 176 25 45 291 342 45 124 12970 21 3592 
41 125 28 291 1132 49 1086 12971 12 28 231 294 2010 
41 12032 31 1103 231 215 136 219 45 28 231 11400 2010 12032 45 848 902 
41 12972 231 215 335 219 45 17 28 231 294 2010 12973 31 1103 231 215 12325 219 
41 164 195 7818 143 371 12 72 38 482 9 1086 143 445 12058 45 3047 21 
41 3901 17 672 12 
7 84 1907 34 28 310 124 6548 31 28 2046 236 
12032 31 1103 45 1141 28 294 1846 4778 12973 2398 
12694 49 28 3992 143 8032 437 274 27 45 17 1446 11411 
10248 656 31 195 7567 45 7569 45 12338 17 6307 215 107 
413 4 28 3990 347 3992 143 8032 6843 219 12 9 176 2404 1086 
12058 875 2969 475 143 450 
1050 2 397 397 1051 12 13075 12 10360 12 853 12 590 397 13076 397 6311 397 573 12 5051 49 91 959 2713 
215 3320 7 5419 150 440 779 2684 68 455 21 1833 430 109 28 294 
1846 4778 2398 219 12 
4423 12003 
384 1136 4013 
1103 2234 1958 317 11409 
2046 176 25 
352 1479 2 215 13077 219 13078 
2046 11409 6230 215 765 648 45 2862 45 1857 11013 226 1839 335 219 2 
1050 2 397 397 1051 12 13075 12 10360 12 853 12 590 397 13076 397 12032 
2046 236 12032 31 1103 109 3992 143 8032 2 
1050 2 397 397 1051 12 13075 12 10360 12 853 12 590 397 13079 
1050 2 397 397 1051 12 13075 12 10360 12 853 12 590 397 13080 