Subject: 653 138 1770 143 1771 143 248 138 167 138 6844 448 14662 343 151 827 741 617 14663 648 282 0 653 138 653 
6905 6906 3173 6802 7423 7424 45 
6906 14664 3186 498 4312 3186 1827 1083 45 3185 7021 7167 12 
14665 2 
6899 219 14666 3182 7041 3186 14667 6758 11174 4315 14668 143 3080 12 
14669 219 7091 14670 3173 4309 2298 14671 45 10635 14672 14673 240 143 628 12 
14674 219 14675 144 1142 45 10635 14676 4318 14677 3186 1329 3 6934 3186 237 
1504 12 
14678 7432 3183 14679 14680 7027 14681 2 
648 12 14682 6760 4309 14683 14684 6758 11174 12 14685 6981 3186 7186 4309 14683 
14684 3182 6760 4309 14686 45 6971 3182 14687 6786 6871 14688 
7050 6789 6760 6808 14689 215 14690 14691 14692 6792 6771 4318 14693 
14694 219 12 
144 12 4315 11388 4318 11389 6865 14695 14696 45 14685 3186 7186 6865 14697 14698 
1314 45 6808 14689 3173 6808 4314 12 
6906 6812 7432 3173 6943 14699 3185 3186 839 756 45 3185 6929 10568 
6934 6943 14631 12 
14700 14701 