Subject: 1314 2 488 1028 49 7841 421 109 9422 7806 
1324 49 451 
824 824 824 824 824 824 824 824 824 824 488 49 764 124 2955 648 45 7284 824 824 824 824 824 824 824 824 824 824 
9422 2744 2193 7842 384 
9 818 421 31 28 1181 2233 2234 1238 
3342 6212 
10223 11974 
11951 1341 31 1133 
2010 340 3847 
2010 4225 644 644 3825 45 590 
4164 11946 
430 341 1086 245 
176 31 2361 
13550 2287 
2361 13108 144 644 13790 45 590 
1050 2 397 397 1051 12 13747 12 11951 12 774 12 590 397 7860 144 397 
1324 49 451 
28 2487 31 184 2141 4 2744 2193 7842 215 7806 219 124 
13791 9729 21 28 1172 31 7806 384 12 779 45 9422 
7806 384 58 4224 499 21 77 130 1376 130 12576 28 384 
4 28 429 198 12 7860 112 432 964 4 136 21 1121 1122 
775 21 2223 17 3529 68 1021 12 7860 143 144 45 28 431 
236 936 109 9422 2744 2193 7842 
384 45 729 143 448 1038 7284 45 6391 7806 384 109 373 4786 31 1382 4 
636 1353 1924 12 765 667 9973 752 4114 384 21 28 8362 45 
5931 34 161 124 70 1355 143 1356 1543 4 28 627 
68 818 421 124 2264 21 28 1172 31 2744 2193 
7842 384 306 9 818 2571 109 1508 17 
1496 11910 1461 28 7860 143 144 8362 125 28 776 
31 3620 31 28 7806 1382 13792 17 408 13793 12 419 369 1843 
764 21 28 818 421 45 873 184 31 45 251 107 864 21 45 
28 235 1142 12 419 1012 2574 764 67 7806 
4 1924 411 1032 1103 12 
261 1142 2 
824 3996 17 1172 31 2744 2193 7842 
384 4 184 2234 215 4 28 7860 143 144 8362 219 
824 1337 49 2744 2193 7842 
824 1362 31 9422 7806 384 
824 2692 4427 49 865 17 9422 7806 384 
824 28 9690 31 1172 109 408 1453 
824 2193 12191 17 2193 12575 
824 3261 31 13794 17 13410 31 1473 21 7806 
824 7806 4 864 9327 17 397 347 13795 
824 28 572 31 7806 4 215 399 219 561 
1550 430 
1549 451 31 184 447 964 21 135 1181 449 4 6300 776 
6298 45 1874 143 6292 45 306 208 6294 6293 12 1550 84 77 4 
1103 12 764 107 13796 21 443 6150 18 107 77 
525 12 
273 1550 124 2350 45 17 84 77 9395 21 28 818 
421 258 23 28 273 16 2 7841 143 1420 302 11951 12 774 12 590 12 28 627 
1479 84 2666 2 7841 7806 1550 12 2350 273 1550 
10106 164 2 13542 143 12512 6496 45 1552 45 347 53 143 2744 12 
2340 1915 
648 334 7284 764 
1535 956 2414 1555 31 473 
648 3048 2414 838 39 137 
6602 756 
13149 13152 176 31 28 13328 2476 
3217 11981 13797 31 8912 11983 11984 
11985 11986 11987 7353 1086 2445 45 3696 
11988 11989 5844 2062 11990 11991 5396 11691 45 1107 
1388 143 4054 4630 11955 243 245 49 340 17 341 
10223 11974 11951 1341 31 1133 
12000 12001 12002 176 
13798 143 13799 13800 5276 13801 45 13802 
12009 10393 10394 2050 
4164 11946 10323 45 176 31 2361 
12018 13803 28 176 31 8043 
12027 12028 176 31 12029 
13804 13220 2445 49 13805 45 10919 
10223 12030 176 31 11504 
2444 12064 7368 13806 1095 13772 
13807 1600 705 13808 5622 176 
1567 13809 13810 45 10541 1095 3338 
12041 12042 917 1086 2022 
12044 12045 13811 1127 5637 12 
13812 12048 176 31 6049 
577 10400 9332 9333 176 
12050 12051 5844 2062 11990 11991 5396 11691 45 1107 