Subject: 1 2 6219 143 260 109 2193 143 12069 573 
648 515 11557 138 
7 229 8 12169 28 1382 2 4372 12075 6189 2744 143 
2193 45 17 568 294 12075 9642 12170 12075 125 9 2205 110 12 
130 4 132 272 626 45 7 861 20 530 21 5498 294 
4372 2931 6842 45 1464 74 12171 12074 12 7 150 282 205 
11529 68 49 1086 49 28 11557 31 12172 
12173 12 
130 49 12170 2003 12075 45 7 2937 34 1412 91 255 164 
10 1032 757 12 2272 21 12174 1385 229 1121 
541 45 251 359 3529 28 260 12175 12 
144 12 11410 1704 
161 124 45 4 28 3128 45 28 12176 260 31 12156 
11410 1163 4 597 45 17 12177 2585 231 12178 
255 231 17 12102 397 12179 397 12180 45 213 35 1121 21 
7710 12157 17 1312 143 1704 12 
827 12 11557 125 1123 11409 12 
65 45 58 2622 506 28 959 9814 244 31 9986 
1353 12074 12170 7826 125 1315 11409 4 
2905 215 130 9 869 143 964 3521 2 231 68 8104 31 231 5681 231 124 
12181 150 204 9545 648 12 144 45 17 2010 150 204 9545 144 12 144 231 219 12 34 187 1907 9 
4291 215 7 12 240 12 20 150 204 959 1376 45 251 20 187 1844 91 4201 109 
28 255 3869 17 109 28 11409 130 505 45 5597 536 
12182 109 3804 7826 31 231 5493 231 347 231 311 231 4 2119 
11409 12 132 508 12183 161 124 1562 45 4 1106 219 12 
143 143 143 143 143 143 143 143 143 143 143 
12184 12185 45 1272 12 151 12 
6230 352 17 176 31 12186 
1050 2 397 397 1051 12 2547 12 12187 12 3815 397 763 12185 
12188 12189 215 1103 45 1106 45 7365 219 45 12190 