Subject: 1642 1082 
42 315 12 99 45 
429 45 7 187 435 21 4018 1904 130 28 294 1454 57 23 
2976 25 12 3595 648 7 227 765 2984 2985 150 204 4019 12 
41 125 28 4020 1041 7 4021 38 164 1891 4 
276 28 4022 1082 1224 174 17 34 38 164 991 2976 
25 130 9 57 12 90 38 314 2349 14 31 184 294 430 
173 15 1475 138 
148 4023 21 4024 125 38 45 
306 331 97 7 2982 45 
53 4025 4026 45 569 
1454 57 
2976 25 
1600 2987 1820 
2988 2989 1606 
351 
1068 12 141 337 639 4027 608 280 
51 141 337 639 4028 1795 264 
273 2 57 302 4029 12 304 
1050 2 397 397 1051 12 4029 12 304 
125 143 606 607 608 135 2 636 2 3080 335 
611 143 612 2 1244 
293 2 215 125 1244 302 614 219 74 615 215 616 143 617 12 448 397 617 12 448 12 618 219 619 620 4030 49 613 158 1302 45 144 3048 335 609 2 142 2 667 141 339 
293 2 125 320 12 350 215 1784 648 12 320 12 350 470 1785 12 1786 12 248 12 848 472 219 74 615 215 616 143 617 12 448 397 617 12 448 12 618 219 306 1251 619 1781 4031 49 158 332 45 648 3048 335 343 2 1064 2 1970 141 339 
293 2 125 4032 12 3 12 851 12 2497 12 1309 215 4032 12 3 12 851 12 2497 12 1309 470 799 12 144 12 4033 12 801 472 219 
74 320 12 350 215 617 12 1257 12 144 397 617 12 1257 12 144 219 306 1793 619 1781 4034 
49 158 332 45 648 3048 335 343 2 2449 2 338 141 339 215 633 219 
626 143 619 2 
293 2 125 470 798 12 0 12 0 12 648 472 74 4032 12 3 12 851 12 2497 12 1309 619 345 4035 158 
648 3048 1082 848 2 2449 4036 
125 2 2957 2496 
21 2 1760 1222 
635 2 2957 2496 
627 2 1 2 1642 150 1082 2 420 
4 143 149 143 21 2 15 626 31 231 332 45 338 3048 335 343 2 337 2 639 141 339 12 231 
641 143 2739 2 1050 2 397 397 1051 12 851 12 2497 12 1309 397 763 2957 397 
632 2 332 45 338 3048 335 848 2 2449 2 246 143 4037 
183 2 1244 
649 143 447 2 4038 
659 2 660 
641 143 661 143 659 2 662 
641 143 661 143 659 144 2 663 
641 143 664 2 665 666 952 240 4039 
192 1760 12 7 150 282 148 19 21 28 1841 193 373 463 67 
132 1522 2 
648 12 2473 122 84 20 77 138 
144 12 84 7 2563 21 572 2360 45 347 9 1225 4040 138 
1034 
2957 
125 143 606 607 608 135 2 636 2 338 335 
611 143 612 2 1244 
293 2 215 125 1244 302 614 219 74 615 215 616 143 617 12 448 397 617 12 448 12 618 219 619 620 4041 49 613 158 1302 45 144 3048 335 609 2 135 2 783 141 339 
293 2 125 320 12 350 215 1784 648 12 320 12 350 470 1785 12 1786 12 248 12 848 472 219 74 615 215 616 143 617 12 448 397 617 12 448 12 618 219 306 1251 619 4042 4043 49 158 1302 45 144 3048 335 135 2 894 2 667 141 339 
293 2 125 282 648 12 851 12 852 12 853 12 590 215 4044 2 0 302 282 648 12 851 12 852 12 853 12 590 470 2065 12 791 12 2066 12 144 472 219 
74 320 12 350 215 617 12 1257 12 144 397 617 12 1257 12 144 219 306 1251 619 4042 4045 
49 158 1302 45 144 3048 335 135 2 783 2 337 141 339 215 633 219 
293 2 125 4046 4047 12 851 12 852 12 853 12 590 12 74 282 648 12 851 12 852 12 853 12 590 215 617 12 617 12 617 397 4048 397 4049 143 144 12 0 219 
619 1964 4050 158 1302 45 144 3048 335 636 2 1529 2 2449 4051 
632 2 1302 45 144 3048 335 636 2 1529 2 1783 4051 
125 2 4052 2528 
626 143 619 2 
21 2 1244 302 1243 12 320 12 350 
627 2 1642 1082 
635 2 4053 302 851 12 852 12 853 12 590 
641 143 4054 143 652 2 434 143 654 
183 2 1244 
649 143 447 2 4055 
659 2 660 
641 143 661 143 659 2 4056 
641 143 661 143 659 144 2 663 
641 143 664 2 665 666 952 240 4057 
42 315 12 1222 45 
7 101 21 38 1315 1910 2663 309 67 4058 251 8 
107 293 15 149 12 7 207 4059 21 2563 132 1061 1028 45 259 7 4060 
72 38 90 95 14 306 91 430 12 
28 260 7 8 124 68 12 7 207 991 3933 132 599 306 14 
215 373 4061 144 17 617 45 17 132 3369 219 12 164 28 4058 4062 21 
68 138 72 7 63 91 4063 124 20 261 21 36 541 540 187 
77 502 49 68 12 347 124 34 107 261 158 220 38 8 434 4 4064 347 
541 540 62 1211 49 959 1032 208 160 12 
72 28 270 21 28 414 260 124 359 45 7 229 3078 21 1013 9 1867 
2532 306 132 599 17 8 9 3547 4065 12 72 28 270 124 194 45 
7 229 1121 132 599 306 14 45 49 23 1557 386 31 28 92 12 132 3369 
1319 4066 4 268 45 47 4067 45 17 55 229 4068 14 72 7 521 308 
104 12 
81 82 14 83 12 7 4069 34 38 164 47 563 306 28 2072 
31 68 45 17 7 187 94 184 4070 347 430 38 35 1844 12 
192 
4071 2528 