Subject: 63289 3992 143 241 53810 437 848 
63289 3992 143 241 53810 437 215 848 219 
21 77 6617 125 68 133 110 45 2858 18467 149 17 650 
231 5247 231 4 28 627 1479 12 46 38 45 63290 3682 12 
63289 124 70 1347 143 4213 42891 31 63291 
1468 384 34 11815 1388 1488 63292 17 63293 
222 130 2 
3992 3523 384 
3992 143 8032 7279 
3992 63294 
3992 54867 
824 824 824 817 2 21 128 818 1167 125 68 5686 45 77 474 21 
5855 231 3992 143 241 53810 437 215 848 219 231 347 650 20 921 28 
2911 2018 109 28 6230 73 486 12 46 38 12 
14659 397 63289 124 376 21 1509 28 235 53810 45 
53 143 729 3992 3523 408 12 48414 3523 408 306 
3968 644 641 20331 5831 964 21 639 3992 150 204 2606 4087 12 195 384 1833 2 
39433 31999 38676 215 14348 219 45 142 6110 31 4215 45 144 3825 9408 584 3845 45 
9956 3845 45 51188 45 6619 45 9122 45 63289 150 204 
63295 215 14348 219 3523 1237 45 17 8694 5151 215 14348 219 
63296 1237 12 392 63297 12 1529 
8086 3992 143 63298 7634 2 
3956 1813 3992 143 241 7634 4 63299 215 359 20372 279 219 3849 6110 45 15612 4406 45 
2641 109 3826 445 392 648 12 847 1320 306 4781 73 31 438 4773 12 
8086 3992 143 241 7634 4 20372 279 74 3986 42891 3849 6110 45 15612 
4406 12 45 4249 109 19679 1813 445 392 648 12 280 1320 306 4781 73 
31 1876 4773 12 
8086 3992 143 241 7634 4 63299 215 359 20372 279 219 74 3986 42891 
3849 6110 45 15612 4406 12 45 4249 109 19679 1813 445 392 648 12 7905 1320 306 
4781 73 31 1876 4773 12 
3992 143 241 3837 306 60779 641 4185 4082 568 34862 4229 11011 3990 644 4097 
485 109 28 1813 3992 143 241 7634 1427 9004 195 9903 31 
9 773 358 3837 20540 17 2387 10395 445 392 63300 12 1529 
644 641 618 641 215 644 641 3047 397 618 641 2666 219 3992 143 241 3845 143 575 3552 45 3992 143 241 
3845 45 827 4 208 34970 1237 49 20540 45 2387 17 352 3992 45 
208 2387 31 7634 17 9895 12 
15711 392 39550 12 1529 45 1373 392 63301 12 1529 
3992 143 22520 512 7 215 144 641 448 641 3992 143 63302 3845 219 3552 45 63303 
3845 45 208 63303 7634 45 352 3992 1237 17 9895 12 
15711 392 20712 12 1529 45 1373 143 392 9916 12 1529 
63304 397 24795 8505 
215 644 641 618 641 63304 3845 17 24795 3845 1373 12927 219 
3552 2 1373 8505 45 827 4 208 34970 1237 49 20540 45 2387 17 
352 3992 45 208 2387 31 7634 45 24795 53650 45 17 9895 392 24605 12 1529 
49 959 430 109 63289 150 204 1446 1479 31 3867 1141 2 
3992 3523 384 45 63305 3992 143 241 63306 45 3992 143 8032 
54867 317 7279 45 63294 45 3992 143 63298 37305 45 17 3992 143 241 7634 
81 1981 670 2298 2404 23 1050 2 397 397 1051 12 14659 143 63289 12 1217 12 38 35 
65 73 6230 1461 670 16319 2404 347 1324 9110 143 43345 143 4174 391 12 
38 35 65 51 347 240 143 628 15 73 12 670 51 140 124 
9110 143 43345 143 63307 17 670 273 16 124 73 302 14659 143 63289 12 1217 12 
81 1833 15 3852 140 259 34 419 35 1075 15 
73 12 2977 430 17 64 124 1357 6230 49 508 3897 12 
2977 17 2513 107 413 12 195 6237 164 63308 10157 45 3815 45 
391 12 
6237 17 6466 229 2671 308 4545 12 195 54873 45 
63309 17 2948 164 28 9686 31 769 8393 9622 12 
63310 4347 164 627 21 3808 12 
68 818 8368 144 397 264 397 171 12 