Subject: 1 2 2193 12575 143 231 130 124 231 347 7858 
259 2342 45 7 150 938 754 31 2116 4178 21 68 273 1947 9 2205 2193 
11964 12 7 12238 21 4758 306 28 8367 45 251 1183 7854 124 65 
9 13302 2195 12 132 836 11 13303 28 231 2193 13181 231 
4 9 185 34 926 107 2671 28 2193 11964 2 
231 3915 45 7 112 11529 34 9 294 3256 45 256 231 653 653 231 45 77 3579 49 
1320 2744 2193 140 12554 23 28 411 2744 2193 140 215 999 4 
1518 130 28 13190 3256 231 193 231 219 12 1404 12057 876 6348 769 
1481 13191 17 8447 12 561 568 7854 187 8 28 
1416 31 13192 7997 31 28 294 3256 12 68 65 187 3522 
2193 10066 1148 12 231 215 448 397 246 13170 13171 302 144 2 1267 640 219 
419 187 111 3559 2931 3897 306 28 13304 2193 140 31 28 432 31 
13305 7826 12 
7 65 8 3606 67 6541 28 2193 11964 1616 70 2954 
9468 2593 2918 124 21 2698 967 549 12 7 187 9773 21 450 294 
12057 308 4570 11024 31 195 7854 150 204 8447 215 540 124 9 
393 143 12104 441 31 548 219 12 7 152 28 572 31 9 231 2193 215 204 219 3087 4 
11964 231 2931 215 540 124 881 21 132 836 231 2193 0 231 2931 11 219 12 
13170 13171 
13306 781 12 13307 4592 12 
10554 45 1248 13308 143 13309 391 
13310 302 12137 12 3519 
215 13311 219 6236 143 13312 
143 143 143 143 143 546 626 143 143 143 143 143 
125 2 4164 11946 470 2723 2 4164 12 11946 302 10323 12 2361 12 853 12 590 472 
102 2 2366 45 1038 1970 45 2405 448 2 3884 207 
21 2 7860 143 2223 302 11951 12 774 12 590 
627 2 2193 12575 143 231 130 124 231 347 7858 
195 45 
419 150 938 5856 67 1311 2193 12575 45 74 3918 13266 397 2927 
7826 158 419 87 21 7710 4 188 28 12837 7913 130 505 12 487 
164 91 2600 31 10223 12030 150 204 2 
41 12 12 12 7 150 282 489 959 8085 67 28 2568 9509 559 21 481 
41 7133 21 28 7854 2193 11964 1208 49 68 
41 1172 45 4 3614 31 13181 7826 347 2927 9 294 331 31 3979 
41 347 2942 12 21 77 13267 7 8 107 5130 1461 28 2411 
41 195 34 6579 45 251 132 5929 124 34 419 18 13268 6607 4 
41 28 13269 72 419 7894 1337 109 9 2193 11964 34 58 205 
41 6841 49 68 2259 1172 45 226 369 195 419 83 67 
41 124 28 7895 31 28 1337 109 70 11964 34 150 204 205 
41 6841 4 34 185 143 143 4606 4091 3593 21 481 1510 538 
41 13270 765 28 830 2193 11964 12 8 7 12169 515 150 204 
41 1471 45 347 124 68 9 13271 5929 138 
41 
41 10223 
220 757 2176 11973 150 204 5929 138 72 38 2937 419 84 572 7854 
648 12 448 130 20 479 45 5423 369 193 
4164 