Subject: 7954 189 1510 772 3986 944 61904 
7954 189 1510 58632 63579 6237 193 193 193 
109 511 892 45 1108 391 328 7824 34 1166 61904 164 2697 21 37237 
10669 639 3471 4 136 12 68 124 109 8147 31 9 1535 3471 8442 125 1108 12 5116 
347 7798 61904 62 77 2342 9586 193 193 193 
591 255 2892 34 26 35 861 28 9848 61147 74 14038 
1461 28 591 109 143 1479 5751 384 1357 109 28 1971 12 653 639 
439 150 440 77 12906 193 193 443 5751 384 164 37775 45 34925 17 653 639 
3346 74 28 5916 7997 17 164 1394 3792 21 77 2684 12 653 639 
26 65 439 150 440 1833 591 31 28 12117 10670 5487 2950 69 
74 28 5916 12 653 639 
2473 1394 8 38 52 28 5916 347 15 1430 63722 17 653 639 
114 37 21 1844 38 769 9848 5487 45 445 21 861 34 28 160 41605 997 21 38 58 7224 769 20629 49 48 982 12 231 28 52966 150 204 1460 
21 1954 61147 231 18 4018 38 21 411 63723 13156 17 
2099 34 28 3986 5916 439 150 440 482 38 21 83 67 12 443 4373 
3359 12117 10670 38144 34 164 109 28 310 940 34 5916 164 
37900 757 9533 130 48 12 1364 28 3385 68 4223 32 18 
2482 38 164 2 
824 824 824 2473 21 36 28 5916 21 2424 38 67 38441 1397 26 521 6826 12 653 639 
824 824 824 5823 2099 5916 439 150 440 482 38 21 83 12 653 639 
824 824 824 2473 21 8163 23 1557 390 3471 109 236 1061 12 653 639 
824 824 824 540 5751 384 548 96 306 540 63724 
17 5916 45 12 653 639 
824 824 824 2473 21 36 20605 10671 49 638 3471 21 394 3471 2354 12 
2428 15 2195 124 21 521 109 34 7798 31 9 53402 347 21 1121 9 19338 653 639 
208 3314 21 28 599 45 231 28 52966 150 204 1460 21 1954 61147 231 18 2482 
38 34 2348 61147 125 19798 4 28 2476 164 2164 17 
63725 1370 15 1448 12 653 639 
953 1844 195 31 15 584 46285 483 21 28 5916 179 38 35 12543 34 653 639 
483 109 28913 1319 38 947 12 
13 392 1257 12 1512 215 4322 45 5634 45 347 483 73 219 
481 4322 34918 21 2 
8077 8077 8077 1061 8077 8077 8077 1460 392 
63726 4267 37119 12 9832 4118 29856 
63727 4267 45 3815 12 63728 
439 150 440 523 45 8163 109 15 997 5499 328 193 193 
653 827 151 653 827 151 653 827 151 653 827 151 653 827 151 653 827 151 653 827 151 653 827 151 653 827 151 653 827 151 653 827 151 653 827 151 653 827 151 653 827 151 653 827 151 653 827 151 653 827 151 653 827 151 653 827 63112 486 653 827 151 653 827 151 653 827 151 653 827 151 653 827 151 653 827 151 653 827 151 653 827 151 653 827 151 653 827 151 653 827 151 653 827 151 653 827 151 653 827 151 653 827 151 653 827 151 653 827 151 653 827 151 653 827 151 653 827 151 653 827 151 653 827 151 
194 8077 8077 8077 1061 8077 8077 1460 392 45 7 467 21 85 38 964 109 15 
3359 45 81 20776 14 231 28 52966 150 204 1460 21 1954 
61147 231 328 12 7 8 9774 499 68 486 49 38 653 639 
21 95 37243 132 73 12 
240 143 628 16 2 1775 1775 1775 1775 1775 1775 1775 1775 1775 1775 1775 1775 1775 1775 1775 1775 1775 1775 1775 1775 1775 1775 1775 1775 1775 1775 1775 1775 1775 1775 653 639 
7 467 21 63 74 2 4322 1775 1775 1775 1775 5634 2 1775 1775 1775 1775 483 73 2 1775 1775 1775 1775 
13 15 73 49 392 1257 12 1512 653 639 
8077 8077 8077 1061 8077 8077 1460 392 8077 8077 8077 
63726 4267 37119 9832 4118 29856 
63727 4267 45 3815 12 63728 