Subject: 1 2 7854 6843 
953 62 419 2671 28 2193 143 13343 252 17 13344 28 
13134 138 259 13345 15 408 6573 7854 648 12 248 2193 248 17 28 1353 12074 
6573 2193 1257 12 259 15 408 13346 45 251 252 419 861 499 34 419 35 
1524 2193 248 17 2193 1257 4 208 2193 3511 259 15 408 18 36 70 
4148 776 347 1894 347 776 215 2942 38 482 219 12 38 35 220 184 140 31 
13347 31 28 7860 13134 252 12 
1851 45 7 187 435 21 1907 34 107 195 538 164 31 9 864 1002 12 
4 11962 419 65 2033 5788 12441 31 7826 215 450 28 6521 17 
13203 13202 451 219 12 313 28 819 124 982 111 9 3586 13348 45 
13349 124 34 20 35 77 506 49 28 2974 5036 17 35 77 
6391 306 6177 21 28 3586 11557 12 72 68 1172 124 107 531 984 
38 35 28 1 143 7894 28 7860 13134 568 443 1443 12441 12 
1443 12441 35 77 1357 49 11701 17 35 77 3870 130 9 
773 12 38 90 837 2937 31 7854 130 9 5036 49 218 2870 45 
177 49 91 1348 9 959 3831 1313 31 2193 143 13343 124 4093 12 
12044 12 