Subject: 274 13383 193 609 9881 193 
20 112 274 13383 193 193 
653 639 
8811 12 12 12 36377 7536 12 648 
419 227 9 834 31 765 2082 9881 273 2588 125 591 31 28 
59124 3992 150 204 34 164 499 161 215 6221 37 195 143 91 199 392 1877 141 219 193 
419 4077 28 36377 419 777 4 11007 21 1510 12 179 419 
2200 37 195 45 419 777 4 34920 31 1876 141 9881 2588 
4 208 4642 2939 12 
419 111 1006 9 5455 231 9699 397 1095 143 59125 231 839 7913 68 4642 110 12 
20 13208 28 2939 3192 21 982 1032 646 9881 193 193 193 35 38 2892 34 138 20 
1465 34 508 255 34 164 18432 3992 150 204 164 59126 28 6826 
74 3373 9982 6215 31 2588 4 28 3992 765 17 765 12 68 
7548 591 11440 2588 12 26 65 777 591 839 
231 2900 231 273 2588 435 4739 45 28978 45 17474 150 204 45 409 12 
68 9492 9 37723 441 31 53432 45 17 49 1510 
34 572 53806 2950 45 59127 964 7279 3573 306 19854 45 409 12 
419 111 1006 9 839 34 13226 766 141 8816 21 5247 
2588 306 59128 45 59129 45 8360 143 1846 2587 45 34285 45 
7285 45 59130 45 35768 45 8797 45 409 12 45 409 12 65 9671 195 12 1309 45 
12 10089 45 12 2426 45 12 24402 45 409 12 121 34 110 112 1853 7913 28 3051 110 45 
20 79 20 3192 21 4241 609 9881 2588 193 
259 45 38 450 45 670 110 18 8163 255 12440 31 7804 8379 195 
757 34 164 499 161 109 3992 17 602 12 568 2854 18 77 435 
568 28 1876 141 9881 34 419 1339 306 45 251 9 356 982 483 17 
43544 982 92 193 193 
419 65 11314 10177 143 60960 215 392 25639 12 1529 219 3992 12 419 293 20 274 
1481 21 6218 4099 548 109 28 294 3992 12 419 777 670 255 
85 9 1998 4218 31 1877 45 1857 2588 125 28 59124 144 12 1257 34 
26 3863 12 419 576 9 839 34 13886 434 21 85 9 1998 
4218 31 2588 125 184 110 12 419 199 159 21 8 28 839 
85 5820 1257 902 16 45 876 3801 434 9 1877 45 1857 110 31 10177 150 204 273 
2588 125 8147 21 4242 12 419 106 107 9175 443 45 251 419 106 6825 
827 6161 6215 7697 10177 648 12 19919 45 10177 144 12 19919 45 317 10177 827 12 19919 31 1876 45 1857 
2588 1320 12 68 18 1844 195 255 34 572 28 110 9 1129 21 
13 628 21 28 110 1397 44169 72 769 3992 124 195 20 150 204 59131 21 77 12 
419 65 413 9 144 141 9881 231 5247 397 59130 231 2939 21336 921 6161 
6215 49 38191 31 4371 17 2927 21 15 2745 10099 31 21111 12 
231 38 35 7690 125 28 6134 347 38 35 7690 125 28 96 12 15 1441 12 
1775 1775 1775 1775 1775 1775 1775 1775 1775 1775 1775 1775 1775 1775 1775 1775 1775 1775 1775 1775 1775 1775 1775 1775 1775 1775 1775 1775 1775 
515 757 164 9712 2 
653 639 
231 7 293 28 3992 109 2059 6005 12 435 9 16268 306 9 294 1661 45 7 
3923 1339 60961 499 568 28 294 273 2588 12 765 
28 203 31 28 3205 45 7 8218 499 765 2862 45 1857 2661 17 7 
293 982 1032 13978 53432 193 193 7 207 9926 39315 
306 132 15198 193 193 192 39313 193 193 231 
7327 55455 
38769 45 15349 
231 68 110 124 9713 20 150 204 19695 4 3826 193 193 7 102 499 1876 45 1857 2661 49 132 
8366 17 293 765 1764 4157 193 
2629 55456 
294 10982 45 5392 
824 824 824 824 824 824 824 824 824 824 824 824 824 824 824 824 824 824 824 824 824 824 824 824 824 824 824 824 824 824 824 824 824 824 824 824 824 824 824 824 
653 639 
487 150 204 28 4242 1479 
487 124 515 38 36 179 38 73 328 193 
41 41 609 9881 273 2588 12 12 12 648 2606 1479 4 4572 549 1519 109 9 3992 12 
6215 164 4 3339 31 1876 45 1857 215 359 10049 539 21 3558 6215 219 12 
195 6215 164 7374 74 4342 105 49 15 1213 12 
653 639 
833 38 128 9 37723 5247 110 193 
653 639 
17 
653 639 
28 9 4607 31 59132 150 204 4365 110 12 
41 41 41 369 445 392 39741 12 1529 193 
68 80 124 6238 49 28 997 7778 2660 45 38757 28 80 18 77 
392 10928 12 1529 259 73 369 193 
195 1316 164 7813 298 31 184 5248 12 419 65 109 9 59133 
6280 45 1907 294 2587 17 5247 53432 17 5247 
3592 12 
653 639 
28 966 124 28 55661 273 2588 1357 19798 
21 572 765 17 765 120 45 49 9 34531 31 28 64 34 411 
3570 299 12 33602 4222 49 1439 273 1316 164 125 
648 41197 21 130 772 130 827 4170 2606 273 16 143 34 150 204 
231 430 52934 231 59134 193 12 
439 150 440 837 464 109 68 208 347 38 18 8901 499 109 28 508 
6238 185 21 3264 19798 12 12 1909 193 
72 38 8 184 840 463 347 21 198 70 73 74 
139 45 81 220 107 464 21 1324 434 23 2 
7903 143 15618 143 63048 
21 73 670 273 575 45 2858 3990 499 28 22274 73 486 
1905 17 51 347 628 20 21 670 157 328 12 
653 639 
419 3357 4578 45 4632 45 53474 45 4190 74 51 17 628 12 
653 639 
1775 1775 1775 1775 1775 1775 1775 1775 1775 1775 1775 1775 1775 1775 1775 1775 1775 
22274 73 486 
653 639 
653 639 
1775 1775 1775 1775 1775 194 193 7 187 435 21 73 36377 7536 12 648 273 2588 
49 445 392 39741 12 1529 12 
653 639 
653 639 
824 81 1410 208 31 28 235 49 2977 12 12 
653 639 
1775 1775 1775 1775 7 187 435 21 128 132 575 19655 12 7 150 282 1141 
392 1535 49 2977 12 215 3526 434 1907 70 4148 392 646 49 2977 219 
653 639 
1775 1775 1775 1775 7 187 435 21 128 132 575 144 517 2531 12 7 150 282 1141 
392 848 49 2977 12 215 3526 434 1907 70 4148 392 646 49 2977 219 
653 639 
653 639 
425 105 1775 1775 1775 1775 1775 1775 1775 1775 1775 1775 1775 1775 1775 1775 1775 1775 1775 1775 1775 1775 1775 1775 1775 1775 1775 1775 1775 1775 1775 1775 1775 1775 1775 1775 1775 1775 1775 1775 1775 1775 1775 1775 1775 
5913 45 2228 45 1284 1775 1775 1775 1775 1775 1775 1775 1775 1775 1775 1775 1775 1775 1775 1775 1775 1775 1775 1775 1775 1775 1775 1775 1775 1775 1775 1775 1775 1775 1775 1775 1775 1775 1775 1775 1775 1775 1775 1775 1775 1775 1775 1775 
653 639 
139 2589 1775 1775 1775 1775 1775 1775 1775 1775 1775 1775 1775 1775 1775 1775 1775 1775 1775 1775 1775 1775 1775 1775 1775 1775 1775 1775 1775 1775 1775 1775 1775 1775 1775 1775 1775 1775 1775 1775 1775 1775 1775 1775 
653 639 
51 2589 1775 1775 1775 1775 1775 1775 1775 1775 1775 1775 1775 1775 1775 1775 1775 1775 1775 1775 1775 1775 1775 1775 1775 1775 1775 1775 1775 1775 1775 1775 1775 1775 1775 1775 1775 1775 1775 1775 1775 1775 1775 1775 1775 1775 1775 
653 639 
273 16 1775 1775 1775 1775 1775 1775 1775 1775 1775 1775 1775 1775 1775 1775 1775 1775 1775 1775 1775 1775 1775 1775 1775 1775 1775 1775 1775 1775 1775 1775 1775 1775 1775 1775 1775 1775 1775 1775 1775 1775 1775 1775 1775 
653 639 
650 31 1058 1059 2 
653 639 
1775 1775 1775 1775 1775 1775 4578 1775 1775 1775 1775 1775 4632 
653 639 
1058 1059 4118 1775 1775 1775 1775 1775 1775 1775 1775 1775 1775 1775 1775 1775 1775 1775 1775 1775 1775 1775 1775 1775 1775 1775 1775 1775 1775 1775 1775 1775 1775 1775 1775 1775 1775 1775 1775 1775 1775 1775 1775 1775 1775 
653 639 
9828 632 1775 1775 1775 1775 1775 1775 1775 1775 1775 1775 1775 1775 1775 1775 1775 1775 1775 1775 1775 1775 1775 1775 1775 1775 1775 1775 1775 1775 1775 1775 1775 1775 1775 1775 1775 1775 1775 1775 1775 1775 
653 639 
105 109 1059 1775 1775 1775 1775 1775 1775 1775 1775 1775 1775 1775 1775 1775 1775 1775 1775 1775 1775 1775 1775 1775 1775 1775 1775 1775 1775 1775 1775 1775 1775 1775 1775 1775 1775 1775 1775 1775 1775 1775 1775 1775 1775 1775 
653 639 
441 392 1775 1775 1775 1775 1775 1775 1775 1775 1775 1775 1775 1775 1775 1775 1775 1775 1775 1775 1775 1775 
653 639 
653 639 
215 1403 219 7482 2 641 1775 1775 1775 1775 1775 1775 1775 1775 1775 1775 1775 1775 1775 1775 1775 1775 1775 1775 1775 1775 1775 1775 1775 1775 
653 639 
632 2 641 1775 1775 1775 1775 1775 1775 1775 1775 1775 1775 1775 1775 1775 1775 1775 1775 1775 1775 
653 639 
38 229 51 15 73 21 434 23 2 648 143 7903 143 15618 143 63049 
653 639 
4322 74 51 1184 193 
653 639 
72 38 187 435 21 51 9 4322 45 37563 15 4322 1905 17 51 20 21 
670 157 998 306 195 2707 21 2 648 143 7903 143 15618 143 63049 
824 824 824 952 4087 51 1184 824 824 824 81 37563 15 
653 639 
4322 487 17 51 20 21 434 23 648 143 7903 143 15618 143 63049 
653 639 
653 639 
72 38 51 9 4322 45 161 124 359 87 49 38 21 13 28 546 4322 12 
419 18 498 964 9 294 4322 45 306 28 2933 430 125 15 
546 4322 12 195 4190 18 77 915 49 400 13125 12 
72 38 767 959 6399 50 680 1461 28 628 45 
81 13 195 2707 17 4322 347 483 73 21 2 
653 639 
55002 3199 11044 12 
321 12 322 12 323 26053 
63050 45 17392 63051 