Subject: 177 124 195 28 53857 552 138 
167 1193 9 440 747 240 241 
74 7327 215 53858 219 8947 53858 302 53859 12 3519 
2298 2 1050 2 397 397 1051 12 53859 12 3519 
247 608 3083 7284 45 11500 45 11501 7536 644 12 359 12 144 
38 164 357 68 273 86 38 164 4193 21 28 53859 
133 110 12 72 38 220 107 467 21 128 273 125 53859 
21182 45 81 13 9 53860 273 21 9253 302 53859 12 3519 
306 28 2744 150 9253 150 4 28 6290 31 28 273 12 
72 38 36 184 53861 45 273 434 23 2377 302 53859 12 3519 12 
4322 499 28 19788 143 53862 143 294 143 933 53859 2404 193 
1050 2 397 397 1051 12 53859 12 3519 
781 747 240 241 240 747 9 204 9 1193 1193 440 747 240 781 240 7 241 151 1241 240 204 204 913 322 1241 240 138 
231 161 164 373 1438 21 8133 2164 1461 2261 2 
21 2892 3212 347 21 1450 3212 12 
1404 1438 8163 434 125 2493 12 231 
143 6228 53863 45 824 20543 31 53864 824 
10447 45 1241 12 28 12447 31 41632 53865 28 4778 31 212 12 
143 53866 53867 45 824 28 53670 150 204 12032 824 
91 92 2663 45 419 13827 53868 31 305 67 28 53869 12 20 112 
53870 2228 31 17105 143 28 19487 2031 45 49 434 45 28 53871 12 
259 45 419 12637 964 45 17 19787 305 67 20 12 369 45 308 49 208 
5889 50588 34 419 9610 4096 9 53872 4 28 53873 
53874 347 9 17684 53875 2017 12447 45 49 91 311 255 4 
11501 19787 50 434 12896 53876 12 419 8901 20 45 4 91 53877 
185 12 
182 4 136 347 335 45 9 8149 10160 31 53878 53879 2575 53880 
921 670 35159 12 28 451 199 34761 10655 109 19478 143 35035 
53881 17 53882 53883 12 107 21182 12 419 164 53884 12 
259 177 58 20 195 552 138 164 419 53885 3385 45 347 359 143 3385 138 58 
53859 7702 91 12896 49808 31 34963 138 84 419 2385 
6607 21 53886 45 28 756 49 53887 19897 31 
1031 31 28 671 138 
215 1050 2 397 397 1051 12 53888 12 1217 397 53886 12 35599 219 
20 187 77 941 21 6821 2354 68 53889 130 1816 150 204 7148 125 
28 53869 45 121 28 45689 53890 31 335 12 251 45 130 
13758 53772 7802 101 45 150 161 4430 112 70 6827 540 
4602 150 440 1948 87 21 77 3053 150 12 419 164 107 649 306 7801 
28 50724 259 2164 12 959 53891 434 12 
419 164 148 49 9684 12 12 12 117 12 
937 4 670 53857 35206 143 17 2949 434 38 2937 28 53857 124 
552 12 34 124 72 45 31 203 45 38 2937 20 58 552 19798 23 195 12 
937 23 2 1050 2 397 397 1051 12 53859 12 3519 397 8437 397 12896 12 1056 
470 21 937 45 53892 18 8 21 5912 964 21 28 321 1064 12 3519 2411 
1829 143 53859 35 4782 34 28 255 213 1853 321 1064 164 107 
389 31 91 53893 21474 53894 45 17 34 26 18 107 3616 15 
273 16 21 53895 143 53896 53897 8797 143 53898 12 472 
419 220 107 2173 21 1445 34 3385 12736 150 440 12896 13353 143 824 53899 
225 824 576 21 3832 6608 31 222 3385 306 542 53857 11012 45 251 
419 5419 150 440 3870 208 2110 12 4119 926 58 9 1894 143 455 31 7813 
671 53878 1537 4 542 115 421 143 28 429 4 9 1427 12 
274 68 1867 45 4 53900 45 28 20513 31 3083 12 53901 215 9 12 741 12 9 12 3083 12 
53902 219 58 53903 45 130 20 824 6117 824 926 45 109 28 9439 150 204 20932 
517 215 247 264 902 219 45 17 109 28 429 978 4 229 12 28 20513 45 
540 124 1023 824 4784 824 13731 45 124 13859 4 35477 53904 45 17 2575 
4 28 5913 150 204 53905 12 1166 130 771 45 540 124 274 130 505 143 
8868 58 20 34 72 28 18826 1931 150 440 53906 45 111 34241 
18 5894 53900 12 
182 109 3314 31532 45 419 106 861 9 53907 31 2946 19487 13689 4 28 
451 158 23 559 16524 52953 109 1839 264 902 45 4 28 8396 11500 53908 
36062 31 53909 215 31 195 6625 219 45 9 438 143 1877 4119 772 215 4114 282 219 45 1250 4119 215 608 282 219 
53910 53911 53912 53913 12 28 33399 53914 31 19416 112 7743 
23 70 4558 1876 282 12 321 12 747 12 45 17 6187 10894 21 9 53915 12 359 
53916 199 7824 45 251 208 11602 112 35779 12 21 6287 1495 28 
14256 45 68 45569 53917 229 1029 435 48 26836 67 53918 195 45 
251 7710 306 434 158 222 3385 164 9 35812 559 487 12 
53911 2411 2 
765 28 977 224 31 524 45 161 58 205 9 53919 31 19487 
28786 13689 12 9 2351 2660 1397 28 53911 19900 45 109 28 4496 31 
1839 135 902 45 91 53920 53921 53922 70 14343 952 53923 31 
28 53924 12754 34 53925 11500 150 204 19736 53926 125 28 53927 
143 28 9287 540 53928 11500 12 28 959 53920 53929 53930 
18 924 152 9 53931 2375 45 251 419 2937 34 443 
255 90 77 9 219 11614 45 53932 53483 213 9570 34 91 31 
11500 187 933 150 465 150 109 28 53933 347 167 219 53934 
50250 9285 53921 213 53935 28 53936 49 541 959 
4223 12 1553 185 45 26 199 3091 4132 34 28 53937 
3381 164 869 31 53924 12 306 28 1457 38477 45 90 77 
2164 18458 12 
111 45 4 28 2532 954 31 247 639 902 45 779 959 53920 
53921 21336 921 28 1103 3264 4 33628 5913 12 1319 4 45 26 
53938 6125 1315 13963 475 9713 31 17899 17 91 476 
53939 12 26 111 53940 45 121 1380 91 294 20595 12 12 12 
91 2934 21 28 53859 2411 131 53941 53942 45 347 
33628 150 204 10 8876 31 53943 12 419 187 20862 34 68 124 9 
34209 53944 31 28 294 275 53945 4 21474 1816 143 1342 347 
41977 12 12299 143 53946 5890 45 3312 4140 769 6547 45 164 
53947 53948 17 35195 921 6625 435 28 1103 3264 4 
73 21 36510 12 251 45 20635 74 38230 21 772 819 53949 45 
26 861 34 53950 53951 53948 70 53952 37057 45 17 164 
369 53953 21 9 2261 31 772 143 819 28786 45 435 28 10933 4 
28 1106 46619 45 824 53954 1095 53955 653 240 1257 240 824 12 
17899 53921 2411 2 
670 47707 31 195 28 427 150 19487 28786 150 13689 4602 150 440 837 
93 13339 45 20 1465 12 
109 1839 617 902 45 824 28 53937 255 824 6741 21 990 48068 21 216 9 
960 67 53956 53957 4241 53958 12 11506 53959 53960 
322 150 53961 45 112 1023 19599 273 17 2744 143 31 143 18171 
3932 28 53962 31 53963 125 53964 4 774 12 53937 12 
1616 70 53965 2585 28 53966 215 21474 28860 219 17 28 53967 45 
208 31 28 53963 777 53968 4 9 41394 45 7888 4 28 28816 
31 28 1430 11054 2349 12 
161 124 45 130 2342 130 419 83 45 9 53956 53964 3526 53958 45 17 
9 34261 4545 824 112 824 34517 74 53937 774 12 7366 12 534 45 68 
4545 112 9299 235 11054 53969 74 42610 53970 45 17 
2182 21 824 28 53937 255 824 45 1404 28 53971 31 28 53956 
40497 17 28 53966 20870 184 222 960 12 12 12 
215 
53972 317 421 1775 619 653 827 151 53973 219 
53956 53921 2411 2 
7327 8947 
247 623 2287 45 7284 
53859 2113 
824 28 21474 225 824 2 6460 487 21 4691 
143 6477 195 28 35053 45 6230 37997 10998 21 955 434 
53974 12 53858 1928 21 861 499 515 150 1932 150 3530 17 
953 20 4243 21 4239 109 542 12278 1427 985 531 2342 21 4239 
28 14202 
824 28 21474 225 824 2 312 882 548 
143 53858 9446 67 150 53975 7634 150 17 53976 306 
10076 882 
824 28 21474 225 824 2 1225 130 53977 
143 53858 9446 53978 385 306 10076 882 
53979 2 28 53980 188 
53858 109 28 53981 31 1353 4215 
1050 2 397 397 1051 12 53982 12 1217 397 
577 17723 1528 9 448 902 8861 53983 125 11501 21 284 143 74 
53984 
49 28 53859 10425 45 81 521 21 2 
35058 21 53859 
13 70 273 21 2 
306 28 2744 
4196 
4 28 6290 31 28 626 12 70 5788 9506 
84 77 257 21 38 74 240 143 628 1370 9 2351 1614 12 
19794 
13 70 273 21 
306 28 2744 
9253 
4 28 6290 31 28 626 12 
1333 1440 
72 38 164 3312 184 1333 1440 45 
81 273 5294 302 53859 12 3519 
53859 110 124 28876 74 1050 2 397 397 1051 12 53985 12 1217 
9 1446 1184 1453 425 