Subject: 408 17 1382 1334 13742 
7 207 10445 28 408 1836 2298 455 
215 1050 2 397 397 1051 12 2378 12 2379 12 853 12 590 397 1239 397 10226 397 12461 397 13743 12 1056 219 306 
184 294 13744 347 538 34 199 102 21 14 121 28 646 902 
1038 12 72 2622 58 840 538 347 13744 81 13 37 74 
28 75 31 247 
28 10106 49 408 1836 17 1382 1836 164 28 310 
130 1397 215 7 1833 37 1905 219 12 651 549 81 12 
10280 
196 2 
408 1836 2 143 
143 143 143 143 143 3042 143 143 143 143 143 143 143 143 220 107 6631 143 143 143 143 143 143 143 143 143 143 143 143 143 143 143 143 143 143 143 143 143 143 143 143 143 143 143 
648 12 408 105 2 
144 12 15 66 277 
105 2 
273 2 
1800 2 
827 12 1382 397 204 215 240 12 913 12 1103 195 4778 219 2 
644 12 106 38 572 184 865 573 1866 4 70 5788 865 
1048 138 2502 397 1241 2 
729 12 215 72 28 270 21 215 644 219 124 359 219 106 38 572 184 865 573 
1866 4 184 185 215 3918 130 9 5615 432 49 1933 219 138 2502 397 1241 2 
448 12 1334 215 5665 4778 2734 219 2 
248 12 8816 215 644 8816 2734 251 13498 9518 13499 130 648 2744 240 12 913 12 239 12032 7263 150 12 3272 8816 306 13501 219 2 
617 12 2739 233 4148 430 215 10405 219 2 
143 143 143 143 143 75 143 143 143 143 143 143 143 143 220 107 6631 143 143 143 143 143 143 143 143 143 143 143 143 143 143 143 143 143 143 143 143 143 143 143 143 143 143 143 143 143 143 143 143 143 143 143 143 143 143 143 143 143 
408 871 
1382 1836 2 143 
143 143 143 143 143 3042 143 143 143 143 143 143 143 143 220 107 6631 143 143 143 143 143 143 143 143 143 143 143 143 143 143 143 143 143 143 143 143 143 143 143 143 143 143 143 
648 12 1382 105 215 240 12 913 12 1103 195 4778 219 2 
144 12 15 66 277 
105 2 
273 2 
1800 2 
827 12 1334 215 5665 4778 2734 219 2 
644 12 2739 233 4148 430 215 10405 219 2 
143 143 143 143 143 75 143 143 143 143 143 143 143 143 220 107 6631 143 143 143 143 143 143 143 143 143 143 143 143 143 143 143 143 143 143 143 143 143 143 143 143 143 143 143 143 143 143 143 143 143 143 143 143 143 143 143 143 143 