Subject: 148 49 2620 36233 4222 138 
36233 
53044 1484 
8163 
5820 76 109 15 36233 680 193 
369 124 28 92 21 2 
15198 49470 
52799 
19605 52824 
3314 4568 
431 52826 
359 18489 17496 
670 
1444 18 8163 38 392 392 392 
7883 
36233 677 4 248 1010 193 
52799 
15 3314 17 8163 12440 31 7804 109 15 16849 680 12 
670 1484 31 36233 53044 164 34921 21 220 1166 4 
195 
390 6538 12 
68 124 9 298 504 17 670 4561 1780 2427 
12440 
31 3921 2950 1141 12 12 12 
15198 
49470 52799 45 19605 52824 45 3314 4568 45 431 
52826 45 
359 18489 17496 
9926 15547 17 
6822 
6460 
487 49 959 430 
82 28 53044 38221 49 15 1166 
17 
518 28 96 261 3359 109 28 3921 34 38 482 17 
6186 12 
9500 5812 53044 
20 124 4 670 96 1543 107 21 13 273 21 1510 
213 220 107 467 21 128 670 53766 130 
20 124 9 8373 31 670 92 17 4427 130 505 130 117 12 72 38 467 
21 77 42009 125 
670 460 8364 81 650 5247 4 28 627 1479 121 
6635 
487 