Subject: 1166 3359 
7 150 282 148 49 255 34 8 70 1543 4 9623 4148 18489 653 639 
1960 125 769 8022 306 2 653 639 
359 4173 
359 18432 
359 12575 
359 40217 653 639 
359 4561 4998 12 653 639 
68 124 9 107 70 23352 12 72 68 1543 38 45 81 1981 132 2298 455 23 653 639 
1051 12 6315 12 109 12 3815 397 41232 653 639 
72 68 273 58 3386 38 4 1409 45 7 6060 12 72 38 467 21 77 653 639 
6617 125 184 460 8364 125 670 425 81 149 306 28 2744 653 639 
5247 4 28 627 1479 12 653 639 
46 38 
125 138 138 138 138 302 138 138 138 138 648 956 37385 1529 2 1529 2 1529 
125 2 
21 2 
627 2 46 38 49 3343 670 133 110 
632 2 622 45 246 1303 136 636 2 1808 2 2449 141 339 
647 143 30 2 648 12 0 
649 143 650 2 549 397 651 158 
652 653 231 1770 143 1771 143 248 231 
649 143 655 143 656 2 1812 143 1813 
641 143 4697 2 827 
641 143 4721 143 4697 2 671 
641 143 4724 2 2094 74 1966 4724 1221 644 12 788 12 4723 12 827 
641 143 661 143 659 2 855 
641 143 661 143 659 144 2 663 
118 20 58 1838 434 259 122 21 13 38 670 429 2628 12 419 63446 670 2659 21 481 20 18595 49 653 639 
38 12 3835 20 227 9 224 31 524 12 81 1981 670 2404 328 12 653 639 
1050 2 397 397 1051 12 63447 12 1217 653 639 
46 38 45 
63448 
125 138 138 138 138 302 138 138 138 138 648 956 37385 1529 2 1529 2 1529 
125 2 
21 2 
627 2 1166 49470 317 53645 31 7748 
632 2 4106 45 1304 1303 136 336 2 609 2 264 141 339 
647 143 30 2 648 12 0 
649 143 650 2 549 397 651 158 
652 653 231 1770 143 1771 143 248 231 
649 143 655 143 656 2 248 657 
641 143 4697 2 827 
641 143 4721 143 4697 2 671 
641 143 4724 2 2094 74 1966 4724 1221 644 12 788 12 4723 12 827 
641 143 661 143 659 2 855 
641 143 661 143 659 144 2 663 
220 38 83 31 9 1166 34 571 9 5634 3921 138 
419 8 3260 63449 193 193 
347 3196 482 21 572 8722 17877 49 11601 184 
650 31 7748 45 385 45 36581 45 157 12934 45 59097 45 
1433 38477 45 3999 7748 45 409 12 
111 572 34 7748 21 1022 959 392 392 109 28 4242 1479 12 
81 1844 434 9 1324 23 63450 49 184 463 347 21 8 959 
430 17 9 1036 102 21 38 12 1324 28456 143 3242 143 63451 
63450 150 204 11416 63452 10899 109 13244 21 9096 38 
125 617 2 1529 207 21 448 2 1529 640 
3079 6742 978 
11862 124 3212 193 193 
13182 508 1166 87 44008 5634 21 
77 159 21 481 294 52963 12 
1916 28 96 504 34 38 8 1355 293 12 
81 8163 68 626 49 460 572 
347 1844 68 21 9 1166 18794 12 
46 38 49 15 92 12 8 9 47 17901 517 12 