Subject: 36233 49470 869 47 941 12 12 12 12 12 12 12 12 12 12 12 12 12 12 12 
49 53546 445 193 193 
220 38 482 21 63 2354 15 1058 1059 19605 45 
52799 15 2003 36233 45 347 85 499 
4148 5634 49 184 2918 138 
36 539 5634 49 184 311 193 193 
824 18539 483 837 72 38 164 4 2898 636 4960 
347 8163 15 3314 72 38 164 11103 54877 12 
824 63 2354 5810 53808 45 13723 45 347 6185 8673 12 
824 6203 15 16849 4188 12 
824 52895 15 52827 12 
824 481 3314 9588 158 1907 9 1044 45 9823 45 347 11049 12 
419 35 36 38 28 3921 38 87 12869 31 15 1058 12 
824 502 347 984 1058 673 824 9118 5980 673 
824 1481 4960 673 824 1058 1440 673 
5648 67 1183 15 41868 138 4702 369 193 419 35 95 12 
824 419 3599 28 49470 34 411 53044 6526 3192 193 
53546 45 49 9 3260 45 298 3921 4159 45 6392 499 28 486 6230 23 2 53666 
1050 2 397 397 1051 144 12 62873 12 3519 
72 38 293 68 4 1409 347 187 435 21 77 
6617 125 670 110 45 81 6460 487 
1050 2 397 397 1051 12 62873 12 3519 397 5247 