Subject: 1971 9396 4230 143 28 21012 
1971 9396 4230 143 28 21012 
2188 3212 67 15 17894 45 11074 45 53684 45 36232 
347 2622 3191 193 143 143 837 15 54136 193 143 143 837 1897 193 
68 59181 62967 6185 31 1971 8025 18 1211 38 
28 10883 17 508 115 2588 1357 109 28 3519 328 12 12 12 653 639 
824 6608 3192 70 972 19605 45 347 2622 3191 34 58 506 38 6459 193 
20 150 204 52760 45 17 259 591 294 573 8025 8 3078 6230 
4 28 1335 4114 2660 12 12 12 
824 765 1877 36253 4427 21 933 964 255 45 1058 45 1801 
10820 45 115 347 1335 12322 45 628 73 6204 45 653 639 
2588 45 139 2589 45 10067 21 5913 10038 12 12 12 
824 8435 15 599 5610 193 
4322 7550 45 19865 45 13219 347 1801 10820 5831 
4322 504 5831 347 917 45 10088 45 5486 12526 347 653 639 
16557 62968 12 
824 9204 70 972 18794 215 347 70 62969 213 124 62970 219 347 9 230 653 639 
6582 143 143 861 240 143 628 45 3852 347 16 430 109 2622 193 653 639 
837 933 964 824 53686 824 139 2589 193 
824 861 548 74 7136 4348 3954 195 765 28 423 193 
824 6613 9391 36232 143 143 
4322 1058 45 11078 347 34979 5831 
3345 18489 347 10741 37590 653 639 
824 4322 499 15 41453 150 204 294 53691 193 
824 861 1408 14385 17 9818 4157 193 
824 7952 28 62971 31 5528 499 9 60909 29587 143 657 
67 9 774 143 56777 12 
28 1971 124 9 1367 62972 31 430 45 653 639 
72 38 445 83 177 21 933 12 7 2949 38 2473 21 861 653 639 
499 9490 2423 67 12449 45 17 2949 38 1318 
177 21 861 20 193 
38 18 77 49967 21 861 499 515 2901 430 653 639 
411 255 35 861 499 67 38 193 4322 15 1058 653 639 
2385 259 38 35 3812 6459 430 34 229 77 653 639 
576 21 20870 38 1058 12 
1086 1897 429 193 38 150 587 77 62973 45 130 7 112 45 653 639 
23 2473 48 573 58 205 17854 67 38 12 
184 132 4642 6185 124 445 28 5824 193 1319 38 653 639 
9204 443 298 6822 45 2050 17 10656 2298 
8025 45 38 150 587 861 837 959 2113 21 837 959 653 639 
430 1424 11009 193 
653 639 
72 38 2892 215 435 7 220 219 34 28 430 34 124 
13859 67 1320 208 31 434 84 77 11965 9292 45 
38 150 587 482 21 450 28 62967 6185 7 150 938 9489 12 
3345 15 2745 5831 45 347 861 499 515 38 87 21 653 639 
83 67 757 12 
7 150 282 103 38 45 20 150 204 52760 515 38 35 861 499 
568 28 1971 193 
419 18 3357 4190 74 51 23 41166 143 36356 143 62974 347 
41 41 41 13 392 135 12 1512 5634 45 4322 347 483 73 21 2 
41 41 41 28 62975 1524 
41 41 41 321 12 322 12 323 62976 
41 41 41 3274 46570 
41 41 41 59083 45 2676 62977 
7 18 20776 182 21 38 132 62967 430 
49 21036 504 1833 15 824 240 143 628 824 16 12 653 639 
824 515 430 124 1357 143 143 17 2933 2739 21 36 161 193 
824 1318 177 21 933 49 143 143 17 28 41637 185 21 572 143 143 653 639 
28 414 1424 11009 45 17 19309 959 193 
824 132 941 143 21 143 35114 42051 62978 31 430 58 
132 2745 1334 31 2473 21 572 1320 2404 45 17 515 38 150 587 
861 179 38 36 161 143 143 17 13645 38458 109 2473 21 653 639 
9123 28 96 573 193 
38 35 83 3212 67 11701 306 68 
1971 9396 6185 193 
824 824 1028 21 77 1357 143 143 28 508 2974 236 1971 21012 653 639 
8025 1357 109 28 2298 328 824 824 
439 150 440 8901 68 208 347 38 150 587 77 118 653 639 
21 77 6617 125 670 110 81 51 15 16 21 41166 143 36356 143 62974 12 
1193 653 240 827 653 338 302 1200 653 0 167 