Subject: 195 4778 4 7860 
12027 45 3451 45 
7 65 2937 34 28 96 466 31 28 195 143 2744 1172 124 21 7871 
28 7895 179 13145 195 4778 4 9 549 12 
7 220 107 450 2013 3550 21 9081 28 1435 31 2744 2193 7842 
21 649 4778 12 6307 49 1485 164 70 530 9699 12 3545 45 7 
187 1929 72 28 1382 124 864 21 7567 45 13111 17 12338 45 251 7 
187 489 5633 34 1775 195 1775 13146 31 222 4778 164 2170 45 
13147 31 769 3540 4 28 6574 12 
212 530 3203 21 3088 124 28 13148 45 4342 45 1845 31 28 7908 
11404 45 12880 72 9 47 864 140 31 11404 124 21 77 967 12 
5170 45 58 28 2193 11964 205 7908 138 
96 
13149 
3451 7930 101 
41 
41 12027 45 
41 
41 7 2937 20 124 9 502 605 21 3565 1318 28 4778 540 18 77 13141 306 
41 4 28 231 195 4778 231 1382 12 130 2342 130 7 35 2949 508 548 109 231 195 4778 231 
41 1473 21 7806 8 1472 21 12341 7567 45 7569 45 12338 17 
41 13111 215 313 91 8 65 11960 6307 219 12 259 231 195 4778 231 
41 93 3530 231 91 7892 31 28 10244 2581 74 9056 2171 231 12 
41 
41 49 4328 20 187 77 465 21 1833 13111 17 195 7567 130 505 
41 215 489 1032 274 13142 31 12700 12837 219 12 534 161 229 77 3549 
41 3550 49 13143 28 1441 4 68 185 21 481 20 13144 21 2706 
41 28 3826 773 549 17 7 2937 28 508 2340 3203 124 21 4618 21 
41 7691 28 9699 31 7895 34 35 77 2697 49 384 540 10851 
41 21 12341 508 31 28 4778 4 549 12 
41 
41 96 
41 3451 
41 
41 41 12 3054 
41 41 
41 41 74 231 195 4778 231 2 11557 45 164 161 184 5702 21 434 13110 109 
41 41 7569 17 2032 4778 31 12700 12837 45 17 9 7892 31 28 12338 45 
41 41 7 12 240 12 45 107 11557 60 8876 3897 215 6544 45 6307 45 
41 41 6306 45 409 12 219 45 347 13111 17 411 13112 138 
41 41 
41 41 49 11948 1082 68 4224 499 21 77 10669 1894 31 28 5620 2744 549 12 
41 41 
41 41 419 90 65 220 9 4321 143 13113 10066 31 7826 21 208 347 373 411 
41 41 1924 49 9 7892 31 28 4778 12 187 2622 435 21 13114 21 220 
41 41 28 310 49 4148 4778 45 1553 7862 347 8808 138 
41 41 
41 41 12027 