Subject: 63626 7284 5299 143 4183 1555 63627 
3264 1896 7284 1896 
63628 4207 143 8205 8142 52733 2 60385 
42819 14728 2 644 12 248 10089 
4036 12 42819 4 48046 2 648 10089 
122 6196 19605 2 410 
427 3263 80 2 392 648 12 1267 
782 1867 80 6224 2 392 0 12 788 143 827 12 1529 
49 959 430 45 81 1981 1050 2 397 397 1051 12 63629 12 1217 397 60385 
824 824 824 824 514 42610 824 824 824 824 
63628 4207 17402 46074 
948 12 1304 45 2405 143 63628 4207 215 52733 2 60385 219 45 70 60386 49 294 1127 34 60388 11039 17 19880 28 9114 124 376 21 377 34 28 425 3531 9982 46074 11004 28 1209 2405 12 
4 1551 45 28 1620 6538 565 157 34517 565 4118 448 45 16683 45 3676 49 28 425 150 204 60390 341 12 28 565 112 34517 306 28 176 31 7785 4742 130 63630 12 63628 150 204 9175 11054 1127 342 124 28 9135 60789 49 28 368 12 231 419 2892 34 68 39503 341 18 77 28 1422 4 17054 42424 11004 28 2476 4 1841 460 240 12 321 12 9 12 11054 3031 45 231 9694 63628 2469 63631 63632 12 
4 247 45 28 425 17590 60395 45 11044 12 45 16843 31 70 9135 13353 39113 49 9 341 34 13102 17 38872 60397 17 60398 45 373 63633 60399 12 68 341 112 3597 74 1219 12 2461 12 63634 17 440 12 741 12 63635 17 124 37775 74 5580 9333 176 12 
4 2955 45 60385 3263 112 7745 74 28 60384 849 45 9 883 2628 306 9 333 1209 6608 13594 12 28 60384 849 124 27 16849 17 124 9 4221 371 4561 2628 12 49 765 13978 1010 45 28 60384 849 58 12155 4 1333 17 10092 3261 17 3264 11862 31 2620 7747 11600 12 2182 21 28 2628 45 28 429 1120 49 2176 80 124 964 921 28 392 644 143 392 729 2088 306 70 9650 9465 4 28 392 1257 143 392 848 7770 6224 12 
231 11054 124 9278 9 39168 11401 4 6047 17 124 2966 31 3309 28 10525 31 28 608 3083 8861 130 20 124 63636 2340 49 1353 2261 45 231 6628 63637 38347 45 258 31 28 60384 849 12 
824 824 824 824 824 824 824 824 824 824 824 824 824 824 824 824 824 824 824 824 
106 38 83 34 28 48919 124 67 21 12674 6203 28 60390 971 4 11054 138 38 229 256 45 231 505 2473 4 28 423 926 68 4702 21 14 138 231 505 20 926 12 5865 3212 34 38 1987 306 58 91 3979 21 11054 4 91 185 8169 347 486 12 1493 11054 18 2111 959 5488 17 28 3867 34 38 7690 34 11928 109 11054 18 2111 959 1377 12 3084 9 425 34 18 77 159 21 5247 28 829 13869 31 60390 23 9 34531 31 28 64 34 411 3570 299 12 
63628 124 9 425 34 18 220 274 34 12 9 19902 74 28 105 31 50219 63638 45 2030 70 9667 45 34843 45 17 982 5488 368 1427 1960 130 9 2084 23 28 176 31 7785 4742 12 104 341 18 2164 1425 28 53969 21 9 48 6203 1313 9772 74 28 10656 45 41419 9260 21 10442 9971 11054 47948 23 70 53146 80 12 
13853 34873 31 60390 2219 34198 4 17327 17 63639 47948 4 591 1527 31 28 2476 158 4133 4 28 12412 12 251 34 150 204 107 28 3986 1021 12 60390 58 591 1433 1348 45 222 130 63640 31 55638 17 10055 63641 45 63642 4 63643 17 58101 45 17 28 41339 31 35477 45 37603 45 17 4729 61557 12 4 28 1335 45 20 112 65 576 4 28 4099 31 10760 63644 1141 63645 17 63646 45 17 4 63647 45 4628 62324 45 17 13262 63648 12 28 63649 125 443 1348 130 505 130 28 63650 31 60390 125 8373 2900 74 37 58 4096 6222 10461 31 63651 60390 4 28 20900 150 204 11054 47948 12 
1319 120 45 81 1981 1050 2 397 397 1051 12 63629 12 1217 397 60385 
72 38 359 3806 467 21 128 670 298 2628 81 
1981 1050 2 397 397 1051 12 63629 12 1217 397 60385 397 5247 12 1056 
824 824 824 824 824 824 15545 824 824 824 824 824 824 
68 1979 124 528 1866 74 3264 1896 7284 45 70 1158 2628 484 74 28 57691 49 276 28 430 13226 4 68 2385 12 28 2694 31 63652 58 484 9 5501 31 848 45 1857 298 8205 42819 31 2194 3263 31 63628 4207 21 3264 1896 7284 130 680 49 28 418 31 28 430 13226 4 68 2385 12 3264 1896 7284 17 542 35111 8 3798 107 21 3616 28 2194 3263 293 130 680 49 542 1184 395 1303 618 45 7284 45 540 632 124 1535 2660 125 28 4143 15552 31 68 2385 12 121 222 632 45 3264 1896 7284 229 3616 222 42819 4 13241 31 184 12249 45 115 347 460 2385 347 430 46646 67 222 8206 12 86 3264 1896 7284 124 484 49 542 1184 45 161 124 70 11546 9719 31 1543 4 3264 1896 7284 150 204 10497 17 9684 17 222 10497 17 9684 62 77 2170 374 12 28 430 13226 4 68 6501 193 
8712 193 
193 
56021 124 49 37404 2870 445 45 17 107 21 77 44352 130 70 3359 21 3616 347 44353 31 70 3359 21 7690 184 10820 12 81 77 19479 34 63628 4207 8206 229 107 77 1357 49 49196 21 758 4 3039 6538 177 63628 4207 124 107 34921 21 3616 8206 12 3264 1896 7284 1375 359 1163 347 42980 7833 21 28 11265 31 28 12208 2712 7712 926 3264 1896 7284 2427 347 14485 34 195 1979 12208 829 21 481 70 4173 1475 164 2712 414 12 195 10497 31 9684 164 1510 31 3264 1896 7284 12 3264 1896 7284 13088 11961 109 430 7815 125 6826 54777 109 4772 3570 45 130 505 130 45 4 3039 12911 45 992 36228 74 3264 1896 7284 31 1153 31 4772 3570 12 17876 84 107 9704 15062 109 28 430 13226 4 68 418 12 489 45 17876 84 572 28 430 13226 4 68 193 
22870 193 
193 
63653 130 9 1544 776 49 16579 4148 1086 109 28 4772 3570 4 73 21 3318 28 52749 21 486 2051 347 104 2745 6351 173 28 4772 3570 12 54775 10497 13226 4 68 418 164 869 130 31 28 632 9694 17 26 164 627 21 2671 308 4545 12 3264 1896 7284 124 107 9 406 4173 57692 45 15346 347 9 35684 12 4173 4 28 3570 525 124 52748 17 13825 772 143 4998 17 229 966 4 28 6108 31 91 347 195 31 184 4173 869 4 63628 4207 12 41222 31 460 4561 1508 164 1866 15062 74 63628 4207 12 359 57693 164 78 34 63628 4207 18 2181 56 41222 12 68 418 3894 19 143 148 10497 34 164 627 21 4998 17 54776 34 90 5895 1508 21 
2172 57694 125 1510 432 1053 4 28 19 143 148 10497 12 443 19 143 148 10497 2427 28 44111 31 63628 4207 130 31 28 632 31 68 418 12 63628 4207 57695 184 13370 347 50099 21 5883 443 19 143 148 10497 12 