Subject: 7860 648 13731 1853 573 
7689 195 45 
419 8 6389 670 1285 21 13597 28 7860 143 648 13731 1853 
573 921 7860 143 144 1519 12 68 35 77 275 4 28 
7860 143 648 573 976 31 2 
1050 2 397 397 1051 12 151 12 13221 12 1309 397 763 13222 397 1285 12 1056 
13733 144 373 12 7204 12 7205 369 3552 28 1404 28 13731 1853 573 
17 28 3536 8362 573 125 7860 143 648 45 4088 
921 7860 143 144 1519 12 28 1285 49 1404 13734 124 65 
1866 12 81 82 434 83 31 184 463 45 3606 45 
2600 38 3196 8 12 
96 45 
8440 
143 143 143 
8440 13220 
1050 2 397 397 1051 12 151 12 13221 12 1309 397 763 13222 
36 15 298 6456 31 6823 9754 23 1050 2 397 397 9754 12 6823 12 1217 397 13602 12 5664 