Subject: 2111 70 9 141 12188 2387 63564 
28 14154 31 34235 17 4282 37062 34 125 2149 21 57293 45 1225 1846 12322 18 12892 74 394 3471 54581 12 34 7207 18 2173 9 50056 31 17589 17430 49 28 3260 143 2165 45 772 143 8172 11474 12 427 1537 109 28 514 54167 68 50056 12 259 45 2428 38 150 1 9 41433 430 9396 347 991 9 294 17388 45 231 9 833 231 8059 124 28 12871 17 15 5823 921 28 430 962 12 3309 9 141 12188 3308 38 21 28 7884 31 70 1347 34 124 49320 21 54710 765 28 997 827 143 336 1010 12 
231 9 833 8059 231 124 9 393 143 34926 215 7 12 240 12 51184 45 1966 219 1402 8059 34 59736 28 46448 31 9 1225 2662 8198 
161 164 373 10893 21 85 2 429 45 8223 215 56475 45 1594 45 46487 45 409 12 219 111 45 28 5727 12377 12 215 20540 347 21357 397 6113 219 
6125 2047 38 18 77 159 21 19653 2342 4240 54193 392 1032 1510 213 164 107 9 141 12188 12 
653 639 
670 2195 45 23 35973 35695 45 124 21 95 38 3040 1461 28 9858 31 28 430 962 130 9 9675 45 12591 17 12188 7 12 440 12 8198 306 9736 38527 4 15 17388 12 
28 9 141 8059 203 479 306 9 1877 455 549 45 373 215 144 219 56037 3992 143 8032 150 204 45 17 28 63565 10861 1237 12 28 3536 80 124 392 54292 12 1512 12 5855 68 3946 17 36 392 1876 12 1529 2354 193 193 193 193 193 193 
259 73 369 12 12 12 
419 18 3357 15 73 4 754 218 1438 2 
139 45 273 347 20820 628 
648 143 139 2 
1324 670 73 1479 369 193 193 193 21884 12 48977 12 63566 143 41409 298 
144 143 273 2 
13 28 235 73 486 21 2 
6165 302 63567 12 1217 
77 474 21 1022 231 73 231 4 28 627 12 
347 
827 143 20820 628 2 
3990 499 28 235 486 17 628 21 2 
35973 35695 
321 12 322 12 323 63568 
36323 2 10252 342 
63569 45 10025 63570 
1775 1775 1775 1775 1775 1775 1775 1775 1775 1775 1775 1775 1775 1775 1775 1775 1775 1775 1775 13208 487 1775 1775 1775 1775 1775 1775 1775 1775 1775 1775 1775 1775 1775 1775 1775 1775 1775 1775 1775 
143 143 143 143 470 470 470 220 107 5247 68 1285 143 143 41 167 12 240 12 143 29783 9 141 219 472 472 472 
2476 2 1775 1775 1775 1775 1775 1775 1775 1775 1775 1775 1775 1775 1775 1775 1775 1775 1284 4089 2476 1285 2 1775 1775 1775 1775 1775 1775 1775 1775 1775 1775 1775 1775 1775 1775 
273 16 2 1775 1775 1775 1775 1775 1775 1775 1775 1775 1775 1775 1775 1775 1775 1775 1775 1775 1775 1775 1775 1775 1775 1775 1775 1775 1775 1775 1775 1775 1775 1775 1775 1775 1775 1775 1775 1775 1775 1775 1775 1775 1775 1775 
81 12532 63571 31 680 12 
4322 483 73 1058 1059 
72 189 74 1058 1059 81 12532 650 31 1059 12 
4578 282 397 1219 207 12299 8438 
1058 1059 4118 2 1775 1775 1775 1775 1775 1775 1775 1775 1775 1775 1775 1775 1775 1775 1775 1775 1775 1775 1775 1775 1775 1775 1775 1775 1775 1775 1775 39049 632 2 1775 1775 1775 1775 1775 397 1775 1775 1775 1775 1775 1775 
105 109 1059 2 1775 1775 1775 1775 1775 1775 1775 1775 1775 1775 1775 1775 1775 1775 1775 1775 1775 1775 1775 1775 1775 1775 1775 1775 1775 1775 1775 1775 1775 1775 1775 1775 1775 1775 1775 1775 1775 1775 1775 1775 1775 1775 1775 1775 1775 1775 
834 441 413 2 434 392 48826 12 1512 
215 1907 392 848 12 1529 49 204 45 747 45 317 8381 1370 28 391 17 392 639 12 1529 602 219 
481 4190 34918 21 2 35973 35695 12 
1775 1775 1775 1775 1775 1775 1775 1775 1775 1775 1775 1775 1775 1775 1775 1775 13208 487 1775 1775 1775 1775 1775 1775 1775 1775 1775 1775 1775 1775 1775 1775 1775 1775 1775 1775 1775 1775 1775 1775 1775 1775 1775 1775 1775 1775 1775 
670 1086 13387 34 68 430 229 77 31 1543 21 38 12 
72 38 8 293 68 74 5412 81 13 70 273 21 28 
16 3804 1905 306 231 5247 231 4 28 627 12 15 653 639 
105 18 77 6617 125 670 10099 12 
5247 302 63567 12 1217 
46 38 12 
419 65 6147 9 2974 1479 31 62189 17 51184 8059 16616 12 653 639 
653 639 