Subject: 1 2 1712 49 1172 143 1103 
12027 45 
7 2937 20 124 9 502 605 21 3565 1318 28 4778 540 18 77 13141 306 
4 28 231 195 4778 231 1382 12 130 2342 130 7 35 2949 508 548 109 231 195 4778 231 
1473 21 7806 8 1472 21 12341 7567 45 7569 45 12338 17 
13111 215 313 91 8 65 11960 6307 219 12 259 231 195 4778 231 
93 3530 231 91 7892 31 28 10244 2581 74 9056 2171 231 12 
49 4328 20 187 77 465 21 1833 13111 17 195 7567 130 505 
215 489 1032 274 13142 31 12700 12837 219 12 534 161 229 77 3549 
3550 49 13143 28 1441 4 68 185 21 481 20 13144 21 2706 
28 3826 773 549 17 7 2937 28 508 2340 3203 124 21 4618 21 
7691 28 9699 31 7895 34 35 77 2697 49 384 540 10851 
21 12341 508 31 28 4778 4 549 12 
96 
3451 
41 12 3054 
41 
41 74 231 195 4778 231 2 11557 45 164 161 184 5702 21 434 13110 109 
41 7569 17 2032 4778 31 12700 12837 45 17 9 7892 31 28 12338 45 
41 7 12 240 12 45 107 11557 60 8876 3897 215 6544 45 6307 45 
41 6306 45 409 12 219 45 347 13111 17 411 13112 138 
41 
41 49 11948 1082 68 4224 499 21 77 10669 1894 31 28 5620 2744 549 12 
41 
41 419 90 65 220 9 4321 143 13113 10066 31 7826 21 208 347 373 411 
41 1924 49 9 7892 31 28 4778 12 187 2622 435 21 13114 21 220 
41 28 310 49 4148 4778 45 1553 7862 347 8808 138 
41 
41 12027 