Subject: 1 2 231 10 1163 2234 231 
3490 11977 970 2 
41 515 419 87 124 9 10 1163 2234 49 12147 1032 
41 2233 2234 347 1506 130 26 8 21 632 205 12653 12 
7 207 107 474 419 220 12 7 824 83 824 7967 18 12892 964 17 3192 17 256 45 
231 12893 45 274 86 9976 572 2233 2234 1931 150 440 2173 34 150 204 28 
445 1163 408 419 35 572 179 419 220 1662 397 10226 193 419 7463 150 440 
12894 670 2276 74 1476 28 6642 31 28 3955 323 9206 670 
4279 31 2473 419 9976 12895 3385 12 231 6182 12 7 4758 12 419 
35 45 17 220 45 572 195 3581 31 12896 17 513 1163 
384 215 508 3091 45 28 1507 1924 419 572 4 
9129 384 143 12897 45 1219 45 12898 45 2942 219 12 251 28 12899 2088 
177 28 1002 31 28 1163 2234 7835 10822 124 
179 419 3565 28 1382 1948 4 3614 31 9 393 143 2233 
2234 12 68 124 3526 28 182 143 323 12 259 72 3490 12450 470 12104 
3521 472 9 294 331 31 7915 540 58 70 9545 49 231 1853 231 435 68 2 
231 1853 231 2 653 215 1353 3619 12900 1232 1353 3169 392 7698 219 
392 7698 2 653 215 1166 1232 2072 1232 9130 1232 2141 1232 425 219 
419 90 195 12901 109 68 130 28 185 19 12 20 187 85 9 122 
92 21 12902 68 294 7915 215 17 187 6524 762 12903 31 
28 8706 12904 1260 397 11898 2415 193 219 251 515 12905 193 
419 90 195 77 12906 921 2493 419 164 1476 2406 306 7806 12 
251 7 207 824 47 824 12907 34 9 408 540 9688 541 435 12 12 12 
470 5615 648 472 231 7967 2199 9 536 2141 231 143 143 41 215 1353 3169 392 7698 219 
124 985 21 77 47 1368 12 
2276 964 195 1510 31 38 213 2937 28 7876 125 5615 648 124 9 502 
3203 12 
130 7 7900 45 477 9 762 140 31 38 12 
251 68 274 12908 28 1021 2 369 28 260 124 2 
124 231 215 1353 3169 392 7698 219 231 28 310 130 150 72 38 1853 541 
222 130 9 1166 347 70 2086 45 15 164 4 299 31 20 347 38 
3169 20 12 150 470 12729 4284 45 231 1853 231 2193 848 472 138 
226 5535 255 3050 150 440 77 159 21 1929 28 818 
656 215 231 215 1353 3169 392 7698 219 231 219 26 18 8 359 185 31 11891 
2428 28 408 124 3801 37 515 26 482 12 26 18 1449 8 
21 1046 9 1353 12032 193 
12722 