Subject: 37 46 2599 197 3291 
3292 191 46 
192 61 46 1866 19 2308 1618 59 337 46 2271 46 2326 273 3293 
192 45 46 3292 
192 54 46 37 46 2599 197 3291 
192 
192 193 129 19 
192 
192 488 230 15 880 220 139 151 40 1564 91 3294 22 197 38 
15 
192 3295 12 21 1292 520 3296 40 1247 24 139 3113 226 
197 56 96 60 71 
192 15 3295 8 84 313 3297 20 3298 206 153 84 141 406 
71 
192 1758 349 24 0 24 71 1415 24 1536 2 96 1451 25 228 91 71 2353 40 3299 22 
197 390 413 
192 3299 264 24 197 24 295 24 3300 20 112 3301 84 3300 
3302 
192 327 71 128 40 295 454 390 1286 45 22 98 24 
1592 15 
192 2322 1674 80 3303 71 15 2579 500 1984 312 139 
151 40 
192 312 71 2353 40 3299 226 327 239 139 2 763 215 40 1402 902 91 139 151 
437 
192 2461 409 29 24 127 24 216 56 60 96 71 226 412 568 91 246 175 
127 71 
192 15 3304 7 2656 367 24 5 12 21 1066 138 84 139 399 125 258 226 
192 327 80 21 153 1984 215 139 643 206 40 24 500 139 1744 12 
91 139 
192 413 125 240 20 150 226 843 864 2346 1709 19 139 413 125 
203 
192 3305 71 3306 19 139 413 125 150 15 327 80 1670 20 
192 3307 99 24 24 
192 
192 568 19 31 139 1209 22 197 540 3308 19 904 406 139 3299 25 605 
192 3295 7 344 24 0 239 
192 
192 1715 682 625 31 313 413 259 19 
192 
192 3292 
1382 902 390 1823 20 3299 1481 71 3309 24 3309 
247 2 3 625 1614 133 3294 327 1291 1584 2816 19 
220 25 2 96 3310 2014 40 3311 2816 608 22 288 523 91 25 
413 3299 24 215 568 46 
1389 670 3312 
1586 
1389 1479 2569 1976 56 162 3313 494 497 60 
1586 
187 187 2370 15 162 40 431 40 17 2816 24 2554 
162 494 497 96 211 1586 
217 768 46 187 1584 187 2816 187 3314 187 2816 24 2554 217 
1589 213 
1583 24 1584 24 2816 24 2816 24 1976 56 96 60 213 
1589 
1589 
15 3315 230 3295 92 391 1292 215 5 46 
1389 670 3312 
1586 
1389 1479 2569 1976 56 162 3313 494 497 60 
1586 
162 494 497 96 211 1586 
187 187 3316 2322 3313 902 
1589 213 
53 24 264 24 43 24 3179 24 3317 24 1976 56 96 60 213 
1589 
1589 
1393 15 3318 723 230 1468 85 1328 19 286 19 2630 19 102 7 3319 19 1055 880 24 24 1393 
1393 295 46 187 187 267 24 3320 24 53 7 25 2 96 333 40 1463 1829 219 1393 
40 285 19 146 286 40 287 51 288 24 264 24 53 20 289 71 15 290 
14 15 6 217 291 197 7 292 217 24 
293 46 295 46 187 187 293 24 288 24 264 24 53 187 293 187 197 7 292 24 298 
294 46 295 46 187 187 288 24 264 24 53 187 320 187 197 187 321 7 294 24 298 
287 260 46 295 46 187 187 267 24 296 24 53 187 297 187 166 187 166 24 298 