Subject: 1139 7 9232 5075 
193 19 
139 130 1897 40 407 5 55 84 313 92 35 1189 24 
15 2651 21132 5075 71 24189 71 3491 415 1277 3997 
1120 4411 15918 19 1110 24 553 20 4411 24190 4627 7 25 1761 40 35 869 
14 15 3587 617 91 13 14 15 2116 415 2201 230 409 333 19 
20 498 10017 24 
1120 723 12 354 
295 46 187 187 267 24 3334 24 265 24 2116 187 24191 187 1976 187 24192 187 24193 187 21132 24 298 20 12 71 
7054 14 4989 2 96 10225 24 
15 4627 289 3956 24194 56 24195 24196 60 19 24197 9990 56 892 403 
1110 24 553 60 19 769 24198 56 24199 24 24200 22890 60 19 6496 24201 24202 20 
4883 24203 20 1322 630 24 
3022 230 15 5256 87 38 316 24 
684 19 881 