Subject: 37 46 494 14548 497 11100 14548 55 1854 
488 
7 7 7 7 7 443 6 7 7 7 7 7 
45 46 15298 51 2038 24 53 494 262 46 15298 51 2038 24 53 497 
445 46 388 19 2781 2212 19 59 447 46 1855 244 
40 46 14548 51 5085 24 53 
54 46 494 14548 497 11100 14548 55 1854 
14548 3144 2 3 22 930 91 313 413 14024 2567 55 17 
1737 24 25 12 22 2036 91 6115 22 2022 2034 17 
1783 151 40 15286 40 24 313 518 400 432 2035 40 611 936 
2032 19 76 10132 219 
129 80 503 409 4950 2352 91 313 413 2629 45 
15 14586 2603 295 46 187 187 267 24 14586 24 1583 19 76 15 2887 56 71 
2111 60 84 590 84 22 11621 20 1795 8674 56 936 80 71 15 1621 14 
1964 2352 60 24 139 151 1209 184 504 15474 20 136 936 2352 
55 226 2652 1854 1737 
440 5 441 219 
34 7025 
7 7 7 71 14548 51 5085 24 53 19 15464 15475 15465 
191 46 
192 193 226 370 12 15464 19 413 139 2567 14548 71 11243 239 
192 
192 684 
192 
192 15464 15465 1338 24 768 24 
192 15466 15467 1393 9656 2166 15468 6984 15469 
192 1149 24 7351 12781 337 
192 15470 219 219 295 46 187 187 267 24 15471 24 53 24 15472 1393 
295 46 187 187 267 24 15467 24 53 24 15472 
192 295 46 187 187 267 24 15473 24 53 24 15472 
40 132 22 6 19 146 25 40 46 14548 51 5085 24 53 
40 285 19 146 22 3410 6 40 46 14548 7 285 51 5085 24 53 
7 7 7 7 7 7 7 7 7 7 7 7 7 7 7 7 7 7 7 7 7 7 7 7 7 7 5085 9998 7 7 7 7 7 7 7 7 7 7 7 7 7 7 7 7 7 7 7 7 7 7 7 7 7 268 7 268 192 
5085 15281 
25 2 96 1797 24 25 2 96 10017 24 404 14 221 19 25 2 96 1468 219 
40 132 22 6 19 146 25 40 46 14548 51 5085 24 53 
40 285 19 146 22 3410 6 40 46 14548 7 285 51 5085 24 53 