Subject: 37 46 1180 
3360 3361 3362 191 46 
192 
192 241 470 151 22 1730 500 518 139 400 40 1286 22 1180 237 
192 3363 40 1230 24 24 24 239 
192 139 151 255 40 400 3364 19 220 139 402 25 2 96 551 2140 40 
192 1771 24 24 24 3365 139 2 1338 157 71 5 217 288 599 217 20 226 3366 1887 682 40 
192 312 25 1504 24 24 24 46 56 
192 1610 313 230 17 3367 24 24 24 
139 151 22 564 14 886 14 5 1795 71 3368 892 14 217 288 197 
1272 217 24 125 15 1158 71 226 3369 24 
1292 157 1594 15 1451 12 1164 2 96 197 3370 24 25 
328 234 313 1488 1504 24 
7 3371 7 
7 7 
3064 1536 
3372 51 3373 24 1583 
1451 46 295 46 187 187 267 24 327 24 53 187 1451 
349 24 0 40 349 24 344 46 295 46 187 187 267 24 3374 24 53 187 3375 7 447 7 1135 187 3375 7 447 7 3376 24 298 
349 24 344 40 349 24 349 46 295 46 187 187 267 24 3374 24 53 187 3375 7 345 7 3377 187 3375 7 345 7 3376 24 298 
40 285 19 146 286 40 287 51 288 24 264 24 53 20 289 71 15 290 
14 15 6 217 291 197 7 292 217 24 
293 46 295 46 187 187 293 24 288 24 264 24 53 187 293 187 197 7 292 24 298 
294 46 295 46 187 187 288 24 264 24 53 187 320 187 197 187 321 7 294 24 298 
287 260 46 295 46 187 187 267 24 296 24 53 187 297 187 166 187 166 24 298 