Subject: 494 14548 497 14548 2055 15506 
139 244 22 15507 40 14548 24 139 1209 100 1562 15506 237 139 1209 
499 40 35 22 2379 3802 24 503 19 38 15 2128 14 15 
288 888 45 15508 833 14656 19 25 679 91 15506 12 1277 
15509 38 14548 84 15 888 12 123 45 91 2603 56 87 
14656 60 3229 14 15 14586 723 24 139 244 22 600 15279 24 
3390 15 15506 24 1583 2603 19 139 244 1592 91 15 15506 7 1958 
3802 12 1277 15510 24 244 139 232 239 12 129 432 83 642 84 585 
15506 2143 20 500 12 537 1830 239 
7 2698 
7 7 7 7 7 7 7 7 7 7 7 7 7 7 7 7 7 7 7 7 7 7 7 7 7 7 5085 9998 7 7 7 7 7 7 7 7 7 7 7 7 7 7 7 7 7 7 7 7 7 7 7 7 7 268 7 268 192 
15281 
25 2 96 1797 24 25 2 96 10017 24 404 14 221 19 25 2 96 1468 219 
40 132 22 6 19 146 25 40 46 14548 51 5085 24 53 
40 285 19 146 22 3410 6 40 46 14548 7 285 51 5085 24 53 