Subject: 37 46 904 413 139 383 22 197 251 45 641 197 
192 192 192 2604 3349 274 7 1618 7 335 364 46 2326 46 2212 340 192 192 192 
2940 191 46 
192 192 139 402 15 134 313 151 2838 
192 192 12 15 195 14 3350 3351 19 
192 192 129 80 590 1241 2667 
192 192 40 379 1446 1925 1054 
192 192 45 507 2485 55 15 
192 192 419 1162 38 3352 
192 192 3353 627 206 19 137 249 
192 192 3354 20 3355 3356 7 
192 192 21 10 24 
192 192 
192 192 71 2353 230 327 40 3357 19 
192 192 25 415 40 35 397 40 234 5 
192 192 2997 14 1681 908 
192 192 153 22 157 3147 108 2385 24 
2604 3358 46 
192 3339 3340 24 
192 139 1823 327 230 22 3341 1437 1832 19 20 
1673 19 312 21 
192 151 5 614 24 220 139 151 100 3342 904 5 614 413 35 
3343 24 
192 3344 390 3345 15 3346 14 288 327 230 22 655 239 
2594 3359 56 347 3119 518 187 334 7 192 60 
5 12 3343 28 3194 593 22 197 3078 230 1573 2385 7 
2971 239 
56 25 2 96 500 139 312 60 
2594 2595 
40 285 19 146 286 40 287 51 288 24 264 24 53 20 289 71 15 290 
14 15 6 217 291 197 7 292 217 24 
293 46 295 46 187 187 293 24 288 24 264 24 53 187 293 187 197 7 292 24 298 
294 46 295 46 187 187 288 24 264 24 53 187 320 187 197 187 321 7 294 24 298 
287 260 46 295 46 187 187 267 24 296 24 53 187 297 187 166 187 166 24 298 