Subject: 4009 2070 230 17 5256 20 2030 
904 406 313 215 22 1824 6397 1492 9919 1299 230 313 19 
17 5256 20 17 2030 230 249 18692 22 2549 239 
350 902 295 46 187 187 1328 24 24156 24 53 187 24157 24158 187 40 234 17 4009 4474 323 
350 902 295 46 187 187 267 24 24 53 187 24159 187 40 234 17 4009 4474 323 
455 25 2 96 22 1633 11570 4428 87 585 2054 4399 
24160 542 19 390 1452 221 1172 2160 14 15 4009 29 24 
1192 1468 4469 16033 55 17 889 
1192 4083 2482 21372 
1192 2186 14 221 17 4009 2032 833 16342 
1192 1505 2792 14 4924 504 
20 91 12 1499 15 4798 14 15 24161 219 
24 