Subject: 494 14548 497 15 1872 258 2543 239 
662 2836 
139 1499 927 5 690 24 
226 370 12 9603 15327 71 2096 354 15305 3029 24 
406 313 588 226 1528 239 
150 136 2543 20 167 2370 19 240 205 15 1872 91 
217 258 167 2370 45 4890 40 15328 239 217 
139 413 2 3 683 25 24 
15329 12 21 1066 40 25 24 
139 643 40 15330 40 11225 91 46 230 1295 
5 7779 12 15331 15 1872 91 1827 370 12 583 19 
20 34 445 232 869 24 
5 15332 12 303 869 24 5 15127 12 1106 24 
99 19 19 
240 168 71 936 15333 239 
684 19 
9603 15327 
15305 3029 2096 
7 7 7 7 7 7 7 7 7 7 7 7 7 7 7 7 7 7 7 7 7 7 7 7 7 7 5085 9998 7 7 7 7 7 7 7 7 7 7 7 7 7 7 7 7 7 7 7 7 7 7 7 7 7 268 7 268 192 
611 17 2030 43 723 17 405 1277 354 15015 24 53 24 
25 2 96 15 1504 19 1797 405 40 234 317 19 40 4480 17 2030 19 
20 40 11638 17 320 20 2070 24 665 15015 24 53 1277 24 
40 132 22 6 19 146 25 40 46 14548 51 5085 24 53 
40 285 19 146 22 3410 6 40 46 14548 7 285 51 5085 24 53 