Subject: 683 127 1614 55 470 219 219 219 219 
15 1276 16571 20387 219 219 219 
1771 1481 133 17 316 19 7709 19 16563 19 
3427 19 950 7 16891 19 477 17 3366 19 477 868 219 
902 2 96 585 1354 14 15 8404 313 34 6041 46 
234 470 2 96 370 20 86 38 1499 22 2042 13882 573 219 7 56 683 91 1192 219 1413 1920 553 3170 313 1794 219 60 
234 470 2 96 86 19 5444 6721 19 5227 855 573 7 38 1499 22 370 219 
11363 470 28 556 87 557 5227 855 573 219 
16579 2482 2478 219 234 470 2 96 2482 573 38 1499 22 370 7 477 16579 2478 219 
683 1050 136 1120 2482 573 
4596 1946 203 
3825 17875 
1763 219 152 36 316 19 16377 19 20 22 1908 13685 553 14018 17 8167 219 
146 5960 102 7 18 1314 16573 219 
17428 8404 219 6041 17428 8404 17 71 7 2430 1 2 3 643 313 40 625 219 
9024 470 219 400 15 3728 91 2037 17429 400 56 221 55 15 1276 60 17430 219 
3183 7 16583 219 1771 904 40 234 203 55 585 3183 7 16583 91 34 260 313 3416 71 4469 219 7 56 15427 593 15 435 17431 71 1176 2 96 24226 60 
8907 1423 7 4071 12340 219 683 127 133 17 5302 2 96 17432 219 56 87 557 17755 60 
611 22 1355 10717 6768 1243 40 22 135 2 96 4520 
4298 5970 219 1235 72 519 4035 8943 239 
683 127 219 31 313 80 541 16353 219 
1771 221 133 17 17433 7709 219 
1050 313 505 38 219 7 35 17434 28 500 313 2 1278 1771 133 1050 313 505 38 219 683 127 3688 1614 24 683 127 500 141 151 40 11293 219 
2353 17 3985 14 15 1276 16571 230 249 1920 345 24 335 273 1920 349 24 335 
230 2369 833 2396 56 1920 447 24 335 60 660 13133 303 24 234 1934 
323 219 219 219 
139 2804 3698 16387 12894 3650 2365 87 4803 12340 24 
259 146 16387 12894 19 414 19 87 3650 2353 230 17 
2359 14 15 1805 20387 40 46 
9570 24227 
15843 344 1146 5671 
3802 19 959 24228 
1421 24 96 24 22 24 
1610 313 833 151 22 2329 2549 46 968 60 
390 24229 230 432 24230 6131 15 4 1062 415 3643 31 313 1235 21 1870 40 2635 5 6 24 
5 6 12 541 445 40 313 71 6462 38 15 5942 
7660 5071 230 5197 102 7 18 56 96 24 14087 7 4441 2391 60 24 
217 4949 40 4441 2391 19 2247 56 22 60 56 349 60 56 768 60 14 96 24 14087 19 
4548 40 548 2624 19 5 1177 12 21 123 
71 15 1132 14 3521 19 3494 19 833 18462 24 