Subject: 17 180 1276 2030 848 
4458 3413 490 24 
221 4458 454 80 16309 204 3989 24 
139 24 1338 24 768 24 
1276 3484 6105 
12 17 180 1276 2030 2770 1827 
184 458 1827 2444 313 22 630 180 2450 
14 1276 2030 30 219 
2362 522 43 723 354 46 
390 19643 221 1276 2030 30 1298 
390 151 15 404 8032 123 
390 34 21 35 24162 219 
20 390 4954 25 219 
15 3396 3397 14 
1276 2030 648 
16383 102 7 18 30 46 
7416 18 1162 7 7 7 7 7 7 7 7 7 7 7 7 7 7 7 7 7 7 7 7 7 7 7 7 7 7 7 249 1920 8027 
16485 5789 5547 7 7 7 7 7 7 7 7 7 7 7 7 7 7 7 7 7 7 7 7 7 7 7 7 7 7 7 249 1920 8654 
6770 2780 4168 7 7 7 7 7 7 7 7 7 7 7 7 7 7 7 7 7 7 7 7 7 7 7 7 7 7 7 7 7 7 249 1920 16505 
6770 13021 7 7 7 7 7 7 7 7 7 7 7 7 7 7 7 7 7 7 7 7 7 7 7 7 7 7 7 7 7 7 7 7 7 249 1920 1125 
6770 2780 4168 6259 7 7 7 7 7 7 7 7 7 7 7 7 7 7 7 7 7 7 7 7 7 7 7 249 1920 6944 
1442 1221 674 892 24 0 7 7 7 7 7 7 7 7 7 7 7 7 7 7 7 7 7 7 7 7 7 7 7 7 7 7 7 7 7 7 7 249 1920 16505 
1442 1221 6259 7 7 7 7 7 7 7 7 7 7 7 7 7 7 7 7 7 7 7 7 7 7 7 7 7 7 7 7 249 1920 8726 
16510 7 345 7 7 7 7 7 7 7 7 7 7 7 7 7 7 7 7 7 7 7 7 7 7 7 7 7 7 7 7 7 7 7 7 7 7 7 7 7 7 7 7 249 1920 16505 
373 18 7 7 7 7 7 7 7 7 7 7 7 7 7 7 7 7 7 7 7 7 7 7 7 7 7 7 7 7 7 7 7 7 7 7 7 7 249 1920 16505 
16485 674 352 24 0 7 7 7 7 7 7 7 7 7 7 7 7 7 7 7 7 7 7 7 7 7 7 7 7 7 7 7 7 7 7 7 7 7 7 7 249 1920 8654 
16485 674 364 24 0 7 7 7 7 7 7 7 7 7 7 7 7 7 7 7 7 7 7 7 7 7 7 7 7 7 7 7 7 7 7 7 7 7 7 7 249 1920 16505 
102 7 18 86 3370 30 46 
24163 7 7 7 7 7 7 7 7 7 7 7 7 7 7 7 7 7 7 7 7 7 7 7 7 7 7 7 7 7 7 7 7 7 7 7 249 1920 20588 
24164 7 7 7 7 7 7 7 7 7 7 7 7 7 7 7 7 7 7 7 7 7 7 7 7 7 7 7 7 7 7 7 7 7 7 7 7 7 7 7 7 7 7 249 1920 20588 
24165 7 885 7 7 7 7 7 7 7 7 7 7 7 7 7 7 7 7 7 7 7 7 7 7 7 7 7 7 7 7 7 7 7 7 7 7 7 7 7 7 7 249 1920 20588 
12297 11669 24166 7 7 7 7 7 7 7 7 7 7 7 7 7 7 7 7 7 7 7 7 7 7 7 7 7 7 7 7 7 249 1920 24167 
12297 11669 21132 7 7 7 7 7 7 7 7 7 7 7 7 7 7 7 7 7 7 7 7 7 7 7 7 7 7 7 7 7 249 1920 24167 
102 7 18 51 3785 11076 7 7 7 7 7 7 7 7 7 7 7 7 7 7 7 7 7 7 7 7 7 7 7 7 7 7 249 1920 16505 
102 7 18 51 3785 11076 4229 187 4168 7 7 7 7 7 7 7 7 7 7 7 7 7 7 7 7 7 7 7 7 7 249 1920 20588 
86 317 11801 7 7 7 7 7 7 7 7 7 7 7 7 7 7 7 7 7 7 7 7 7 7 7 249 1920 1125 
43 24168 674 352 24 0 7 7 7 7 7 7 7 7 7 7 7 7 7 7 7 7 7 7 7 7 7 7 7 7 7 7 7 7 7 7 7 7 249 1920 6944 
3483 43 723 30 46 
43 3545 24169 3600 7 7 7 7 7 7 7 7 7 7 7 7 7 249 1920 21435 
43 3545 24169 2036 7 7 7 7 7 7 7 7 7 7 7 7 7 7 7 7 7 249 1920 1125 
2603 16212 657 7 7 7 7 7 7 7 7 7 7 7 7 7 7 7 7 7 7 7 7 7 7 7 7 7 7 7 7 7 7 249 1920 2296 
1049 1845 7 7 7 7 7 7 7 7 7 7 7 7 7 7 7 7 7 7 7 7 7 7 7 7 7 7 7 7 7 7 7 7 7 7 7 249 1920 2270 
1049 1845 2780 7 7 7 7 7 7 7 7 7 7 7 7 7 7 7 7 7 7 7 7 7 7 7 7 7 7 7 7 7 7 7 249 1920 1125 
102 7 18 1227 46 
390 100 151 2295 14327 4532 157 102 7 18 3405 20 
585 4074 217 4458 885 217 250 123 
230 7 7 7 7 7 7 7 7 7 7 7 7 7 7 7 7 7 7 7 7 7 7 7 7 7 7 7 7 7 7 7 7 7 7 7 7 7 7 7 7 7 7 7 7 7 7 249 1920 1125 24 
1332 1227 123 383 323 219 
1322 630 1298 40 2498 45 219 
2362 522 43 723 354 46 
18141 80 17670 30 15896 
221 3128 12281 30 
221 578 1413 4009 187 184 13254 4959 
313 2629 1468 6888 45 522 1284 250 43 2246 
180 38 4729 28 4729 7616 2151 219 
313 34 21 683 936 1298 576 230 2907 
390 34 12788 87 3382 432 8032 
14 4009 1262 30 219 
383 139 24 1338 24 768 24 323 
56 276 60 18142 7 18143 
87 280 17 2353 199 40 46 
56 276 60 18144 7 18145 
56 289 17 370 19 2482 573 19 102 7 18 86 60 
2362 522 43 723 354 46 
390 4461 221 30 123 55 2448 
20 390 34 21 35 24162 219 
927 15 46 
139 24 1338 24 768 24 30 930 
230 249 1920 2270 24 335 173 96 833 720 
20 1384 2397 1413 40 2425 1413 55 221 30 
1935 475 24 768 24 20 8530 2124 123 
230 1468 17466 383 87 280 17 46 
56 344 60 370 
56 349 60 7645 86 
56 352 60 102 7 18 86 
56 364 60 2482 573 
40 46 
139 24 1338 24 768 24 
2482 46 56 276 60 18142 7 18143 
280 46 56 276 60 18144 7 18145 
87 18 17 880 199 40 46 
18141 
4756 24 30 930 1138 24 
475 24 968 24 1146 24170 
24171 19 193 24 24172 
390 3698 221 654 4924 3319 46 
2955 1192 4134 10394 1192 
3273 7416 1192 6041 10394 
390 413 100 3698 12340 28 280 219 
423 280 17 414 40 46 
276 7 18144 7 18145 
568 1 2 3 4618 19 383 323 5 1317 12 230 22 935 333 
249 219 
383 139 24 1338 24 768 354 46 
2482 46 56 276 60 18142 7 18143 
280 46 56 276 60 18144 7 18145 
2362 522 43 723 354 46 
1709 17 2353 323 660 13133 303 20 390 2 1278 35 1871 40 
146 313 22 4153 3985 20 588 432 375 313 569 151 24 87 
383 928 20 390 34 1863 313 522 1284 250 43 723 3405 
4458 3413 46 
40 35 7604 45 522 884 885 87 
40 35 3159 40 522 217 377 4458 885 217 
20 40 35 7604 45 1322 458 884 1227 84 590 19 
423 1463 40 46 
295 46 187 187 267 24 18167 24 53 
221 4458 454 80 16309 204 3989 