Subject: 37 46 494 14548 497 4921 1336 19 14593 20 14968 
22 5969 431 19 946 24 390 1209 22 383 55 388 8162 45 22 2385 
1762 40 154 164 233 14 22 614 2327 15 2029 55 14586 2 96 
723 24 
684 
13058 
7 7 
13058 14559 
25 480 
15 2192 115 295 46 187 187 267 24 14560 24 2192 24 1442 
14561 19 14562 12651 8933 1149 46 273 2077 767 7702 9009 7844 335 
3577 280 46 273 2077 767 7702 9009 8973 3438 
14563 344 674 344 6374 14564 184 24 14565 
192 45 46 946 15160 
192 231 7 40 46 14548 51 5085 24 53 
192 61 46 1760 19 2348 6913 59 2282 46 649 46 2270 7 7846 56 11843 60 
192 40 46 14548 51 5085 24 53 
192 54 46 37 46 494 14548 497 4921 1336 19 14593 20 14968 
192 
192 4851 14568 7 14569 70 46 
192 
192 192 14968 1673 312 21 530 22 2768 7 1387 466 230 
192 192 2327 22 2887 91 3107 500 15 5478 2902 
192 192 80 230 15 9786 401 547 91 11166 24 71 5 1915 19 
192 192 129 12 184 3793 405 56 1387 55 15 2036 60 19 40 2785 22 
192 192 2022 91 2695 22 15171 136 7141 45 22 1095 
192 192 11166 24 
192 
192 129 12 585 15192 46 15193 6343 230 10929 5 624 46 
192 
192 295 46 187 187 267 24 4229 352 24 1583 187 15267 187 59 187 15268 7 15269 7 344 7 15270 187 1919 15192 46 15193 
192 
192 91 2643 19 139 402 91 5 6343 19 215 15 2123 15147 
192 12499 19 12 3054 5362 20 328 35 15194 71 
192 3610 2419 24 
192 
192 2804 19 1443 2029 7 87 5852 7 11287 1188 124 3837 15 2029 
192 87 5852 567 333 141 154 22 2022 19 568 141 413 6435 905 22 
192 29 5731 24 477 630 6129 19 6193 40 585 321 
192 2029 87 5852 5474 17 29 40 3454 14 250 56 1564 19 31 15 43 
192 1162 12938 15 2029 1880 905 87 539 22 5677 368 60 19 20 40 15195 
192 3455 56 31 1176 15196 15 1162 4680 15 2029 60 24 
192 
192 3283 5 46 31 221 14548 2032 2666 40 22 2029 4022 354 
192 14586 24 1583 19 15 2754 3029 1056 518 15197 905 31 14586 24 1583 5549 
192 15198 24 5840 20 5850 151 1120 1709 55 15 8743 1460 19 220 
192 328 35 532 55 15 3610 1460 249 71 589 2443 2753 24 
192 
192 
192 221 15 404 19 
192 
192 
192 946 
192 
192 7 7 
192 946 15160 946 51 15160 24 53 
192 295 46 187 187 267 24 15160 24 53 187 
192 
192 
192 40 132 22 6 19 146 25 40 46 14548 51 5085 24 53 
192 
192 40 285 19 146 22 3410 6 40 46 14548 7 285 51 5085 24 53 
40 132 22 6 19 146 25 40 46 14548 51 5085 24 53 
40 285 19 146 22 3410 6 40 46 14548 7 285 51 5085 24 53 