MailCounter  Accuracy  HamPrecision  HamRecall  SpamPrecision  SpamRecall
118 80,7017543859649 87,2340425531915 71,9298245614035 76,11940298507463 89,47368421052632
232 79,82456140350878 97,22222222222221 61,40350877192983 71,7948717948718 98,24561403508771
346 80,7017543859649 97,2972972972973 63,1578947368421 72,72727272727273 98,24561403508771
460 78,0701754385965 90,0 63,1578947368421 71,62162162162163 92,98245614035088
574 84,21052631578947 88,23529411764706 78,94736842105263 80,95238095238095 89,47368421052632
688 92,10526315789474 87,5 98,24561403508771 98,0 85,96491228070175
802 90,35087719298247 88,33333333333333 92,98245614035088 92,5925925925926 87,71929824561403
916 90,35087719298247 88,33333333333333 92,98245614035088 92,5925925925926 87,71929824561403
1030 90,35087719298247 88,33333333333333 92,98245614035088 92,5925925925926 87,71929824561403
