Subject: 37 46 2325 
488 230 17 260 312 313 151 432 1295 412 91 406 260 202 24 
7 7 7 7 7 443 6 7 7 7 7 7 
45 46 761 24 674 24 762 494 262 46 839 51 840 24 836 24 689 497 
445 46 387 19 1280 2326 19 59 447 46 2104 340 
40 46 1537 1538 
54 46 37 46 2325 
55 1983 19 364 1618 59 19 1537 1538 191 46 
192 91 2 96 500 139 2 254 225 220 139 433 22 405 40 1495 15 574 1621 2327 
15 
192 298 220 2328 15 1420 1328 24 470 518 683 15 1158 20 666 
25 24 
192 139 402 139 433 40 1402 409 1323 14 1073 230 567 106 237 2001 
567 
192 106 415 40 35 22 197 20 91 2 96 21 22 2329 642 24 
869 405 40 1631 5 12 109 1326 24 
641 19 2330 19 12 40 205 869 197 20 383 25 19 1564 
2331 19 237 34 414 31 22 383 40 22 106 12 469 19 139 24 102 24 31 
15 2332 415 15 1243 40 2333 25 24 5 197 34 249 37 7 2334 
2325 56 102 24 103 24 45 22 1183 60 20 112 2215 15 106 19 2335 
2336 40 2325 187 1420 24 
14 581 19 5 2001 91 567 106 34 35 2005 28 5 197 19 
237 34 1308 409 920 24 220 139 402 25 12 2337 40 500 313 433 24 
313 643 40 2338 1328 71 15 208 1709 20 313 643 40 312 25 
2339 40 15 106 298 24 1995 24 
1517 19 
827 