Subject: 37 46 15 3650 9447 21126 
312 313 151 15 9917 40 35 22 22 16351 239 
578 1413 427 71 2907 631 2470 1702 219 
410 3437 14012 71 15 2487 3559 7612 219 
3587 12645 71 15 1049 219 
234 522 3200 19 1166 20 3489 55 15 1421 24 96 24 14037 2055 
8399 9917 20 4140 14037 24 
1295 46 
22 1920 63 19 2742 4591 71 15 9917 2055 15 14037 19 217 3749 11846 217 19 
55 2212 187 3290 518 151 181 1920 337 19 21127 24 5671 55 64 187 658 187 1125 24 
230 22 217 1468 184 14067 217 203 12802 19 1499 350 490 40 2362 522 2603 46 
350 902 
40 35 7604 46 18417 21128 51 63 2070 24 647 