Subject: 37 46 22 23 3158 21224 219 219 
313 2 37 639 1499 215 139 130 24 
139 2410 1579 2 3 644 21225 102 7 18 220 139 244 1240 5265 139 644 5 869 219 219 
1 217 3 1715 5 35 15 1443 12500 21226 14 313 3158 219 219 
644 55 219 219 219 313 2 1278 35 5156 313 1235 219 219 
662 219 
226 370 12 17810 21227 213 139 2 1338 22 2349 7 1193 7 435 18263 19 2132 19 20 13 7 333 16417 24 84 22 8290 19 139 4 221 211 767 
16326 217 16419 217 102 7 18 20 400 226 1946 2908 230 2030 24 139 1121 500 139 6349 130 5 211 767 
419 102 7 18 16961 2962 20 32 25 1573 333 24 133 550 1909 2114 139 1121 25 558 20 19 211 767 
233 14 15 12218 54 878 19 139 2672 644 25 24 1268 19 139 499 19 217 1901 19 139 1863 71 19 139 2 1338 1488 40 665 211 767 
5 24 139 413 1285 11880 40 17126 1920 767 20 19 55 15 458 2983 19 129 2 96 3693 583 38 1514 22 211 767 
1856 16477 12894 24 217 139 5533 8266 6639 1920 63 15755 20 19 1279 1749 15 3200 19 13406 22 3614 14 2555 22 211 767 
1503 2495 40 146 127 409 102 7 18 6739 230 682 24 1279 3390 15 3200 19 139 100 8065 904 211 767 
1797 25 12 40 16383 102 7 18 230 1468 219 211 767 
139 130 21 4476 230 15 1629 24 7171 230 15 303 4830 2133 19 226 475 24 968 24 1146 415 416 19051 38 211 767 
1920 63 15755 213 1322 1702 15 16477 19308 593 585 5665 18 1925 20 139 2 254 1209 40 6259 40 15 3341 7 1968 1146 219 211 767 
139 244 19309 28 221 15 3650 91 17856 11211 71 219 
226 17755 20 139 151 416 10869 230 1739 1037 40 1286 22 7823 21228 55 22 8900 24 211 767 
1277 19 21 249 80 390 18483 22 8900 38 2395 1413 905 19 390 2 37 1488 40 8308 19 4038 40 18974 219 
139 2990 313 19 31 313 2454 15 6768 71 5 102 7 18 20 35 4476 40 1283 545 12758 133 585 211 767 
8138 1573 2549 40 2454 593 56 20 16434 17 3650 219 60 19 313 34 1286 354 559 84 571 3650 84 390 1235 24 211 767 
313 1 2 3 433 40 35 22 19310 354 15 269 19 220 139 2 1278 1490 313 437 80 24 31 313 413 847 585 14582 19 211 767 
4458 15 3650 19 20 146 585 18 19 112 313 2 37 55 17 405 40 15 4596 24 1505 15 333 40 644 5 568 211 767 
313 2 1278 1247 904 1797 25 12 24 31 139 413 312 5 19 568 413 313 219 
211 767 
1463 230 25 1277 219 219 
211 
17810 21227 
15 194 12 22 3985 14 15 102 7 18 139 644 1891 38 489 45 1050 553 151 255 25 46 
1192 1192 1192 1192 1192 1192 1192 3 102 96 3 139 1338 968 1565 139 22 922 96 1192 1192 1192 1192 1192 1192 1192 
5 930 241 505 19 220 313 1515 2454 25 1984 219 572 15 8290 14 21 565 40 1709 211 767 
17 370 71 22 1626 3545 19 25 1950 2 3 505 20 313 2 1278 6266 22 564 14 4633 88 24 139 2 1338 13703 620 211 767 
91 25 1886 24 25 519 12 22 498 943 40 1286 1339 1797 3650 19 38 1856 3649 40 313 24 31 313 211 767 
312 2498 40 5616 19 2454 15 930 1984 19 20 313 2 1278 35 55 17 405 40 4626 855 24 211 767 
189 4842 19 18417 19 3304 
226 370 12 4717 24 226 2132 19 20416 19 20 139 3683 71 20417 7 4507 19 7904 24 139 244 22 3649 16417 38 22 654 1421 24 96 24 211 767 
3540 20 139 1286 1253 1210 3650 24 150 139 1121 15 930 139 16418 40 20416 133 211 767 
1749 217 16419 18 24 217 139 939 10017 14 15 872 642 19 16420 226 116 14 15 14953 20 211 767 
14078 1289 24 139 217 6395 217 25 640 2 3 505 24 20416 12821 5380 226 3663 1799 20 211 767 
16421 71 38 1935 5982 24 139 939 16422 10017 14 557 19 20 130 1546 40 9949 15 435 217 139 1898 313 568 217 55 557 211 767 
150 15 642 1579 2 3 505 24 24 24 590 19 15 16423 130 55 682 219 547 550 2133 3108 1209 1121 422 1982 211 767 
11150 24 547 5671 1702 3108 1209 1121 422 1920 12508 19 7483 71 1920 63 15755 219 139 130 16424 219 139 130 1240 91 139 211 767 
1209 25 221 2079 20 91 25 640 2 3 505 24 139 244 22 17333 1277 24 139 151 13751 20416 71 557 217 16425 24 217 139 211 767 
1235 151 7052 630 1037 178 16913 19 220 139 402 14 15 217 16893 16894 217 20 25 2 96 21 230 682 24 390 16288 25 221 211 767 
40 16401 24 
4717 3 24 19 20417 7 4507 19 7904 
139 1499 643 40 407 1891 226 404 5733 20 14129 40 313 24 432 18065 313 151 34 17177 211 767 
150 17 208 2365 592 71 24 139 477 2041 38 15 1421 24 96 24 132 5412 40 2553 91 15 4319 130 4009 24 211 767 
25 6398 12 219 25 1886 219 219 219 
2719 3538 19 20418 19 7380 
15 1976 1872 230 5 3176 12 40 5867 313 91 5 29 12 3756 19 17337 19 3054 15604 19 211 767 
20 12 22 405 40 234 22 2651 2458 14 3650 71 22 561 333 24 139 130 5954 1739 2962 347 139 211 767 
2041 5 127 24 139 13751 1499 40 125 500 869 518 566 71 427 230 15 3352 3802 20 3650 211 767 
1274 24 40 226 16358 19 139 1121 1920 2287 19 16360 24 335 71 15 208 2027 2133 19 38 3650 618 1233 71 24 211 767 
945 1934 19 211 767 
20423 22 24 13556 19 17347 24 
21 541 15 16426 369 19 25 3121 682 1739 2133 40 1286 593 226 653 40 5616 71 5 4319 24 220 211 767 
16427 91 139 244 19 139 501 91 15 41 4591 130 568 1856 91 129 130 1499 184 405 91 139 211 767 
640 2 3 234 1066 2365 40 354 559 234 226 3650 149 24 17350 19 130 139 11398 150 139 1052 226 11001 7 
1968 132 5412 1146 16428 38 2365 219 230 17353 19 25 1102 568 18083 91 139 1209 40 156 17355 593 211 767 
226 18 354 15 468 24 139 2 1278 1286 630 3650 5 1193 631 432 345 1037 14 226 3158 347 24 15 2329 642 211 767 
133 5 5248 12 91 25 247 2 3 3765 240 71 15 1421 24 96 24 15 1050 3683 24 129 423 3144 2 3 22 1301 211 767 
4591 38 22 4838 427 24 
9441 20428 19 20429 19 10479 
139 1209 1121 5 930 347 24 139 32 25 19 220 1635 139 3342 31 139 1860 2 3 151 462 25 22 665 24 14 211 767 
581 19 139 1209 184 1354 553 40 1221 40 234 641 3985 19 568 139 1209 40 366 178 139 130 102 7 8266 641 211 767 
930 24 24 24 2282 1909 915 112 25 2628 24 24 24 139 1579 2 3 4 5 869 219 24 24 24 139 939 630 631 1920 5917 19 2742 55 15 208 211 767 
665 219 219 
763 24 20430 19 20431 19 71 
5 12 226 3482 333 40 5616 71 5 4319 24 390 151 15973 522 3599 19 20 34 460 4545 22 85 55 15 211 767 
16644 20 3683 1794 15 292 55 522 3650 24 15 249 405 55 2448 91 5 4319 34 505 230 313 12 31 211 767 
313 312 25 24 230 17 15217 19 20 230 17 5256 2 96 15217 1 2 3 407 593 5 13734 943 24 1210 5305 20 211 767 
1871 3821 219 
9570 20432 19 20433 19 3206 
5 930 1209 416 32 45 226 102 7 18 22 1701 14 2962 24 869 2549 139 501 40 2672 1863 25 22 665 24 211 767 
139 17105 422 1920 2349 19 2742 55 15755 20 1209 10494 6724 21229 682 6852 24 139 130 21 1943 1066 3650 211 767 
1299 354 226 2896 19 20 139 130 3786 18259 24 547 2470 1702 139 1209 13406 1794 221 226 15755 20 130 211 767 
450 40 15973 226 336 40 63 2896 24 1277 139 151 333 40 4811 3158 20 312 20 4545 1439 139 643 24 139 477 1209 211 767 
1066 3650 4157 422 40 4545 22 4532 157 4544 24 221 71 869 665 219 219 5 12 498 219 219 313 151 40 665 211 767 
25 19 313 413 2 3 3618 230 249 22 1920 767 4591 219 219 219 25 519 1886 219 219 219 211 64 
16208 21230 19 2696 21231 19 10300 
5 12 22 4009 19 3650 7 1943 17125 24 
3380 5 3176 19 644 15 6768 19 112 644 25 558 219 219 219 
313 80 133 40 21232 55 15 1443 15604 20 410 930 313 569 4284 125 24 1322 2962 422 19 211 767 
25 415 6311 20 3778 537 2366 40 1165 2651 4136 14 12894 24 5 930 12 10717 211 767 
11623 5627 38 22 4503 20 4284 7 5235 55 7 878 14953 20385 14 1555 88 24 
5 12 22 3065 19 4009 19 3650 7 1943 943 24 25 241 21 903 313 40 592 71 1221 38 211 767 
1050 19 312 432 2957 505 19 20 404 14 221 19 313 1267 151 40 75 15 8900 19 533 40 234 15 18 20 1463 211 767 
40 15 4596 219 211 767 
5 6630 12 91 6083 3848 313 2 254 416 229 230 219 423 2454 15 1797 3413 71 5 3176 19 211 767 
20 17 4626 12790 34 592 425 219 150 8280 1248 19 841 7 2237 3484 930 1886 211 767 
1731 24 24 24 578 1413 567 333 219 211 767 
3605 14 1050 151 532 5 930 40 46 
7 4631 3558 40 156 1120 1685 2030 
7 2473 1794 17151 211 767 
7 4545 5246 19 3780 19 99 24 211 767 
7 477 16916 219 211 767 
5 12 17 536 19 568 1 2 3 407 25 593 219 
211 
2234 14 5 21119 211 767 
1261 841 7 2237 3484 930 
211 
500 390 312 12 1306 1633 46 
390 11638 22 1177 230 1920 63 24 335 91 6142 2126 40 3693 40 12619 24 84 38 221 841 7 2237 11165 19 390 211 767 
853 522 2030 28 7745 157 3030 20 3779 522 320 24 567 170 71 15 1421 24 96 24 1637 313 211 767 
40 7122 157 841 7 2237 2030 317 56 605 17 269 60 24 
15 320 71 5 930 80 22 2417 14 6639 2030 20 4626 3200 19311 1920 63 24 335 1573 24 150 211 767 
313 2359 15 3200 19 313 80 6509 12724 40 3985 20 11638 206 24 1573 2353 313 1615 605 211 767 
217 14143 18 217 34 289 46 
1192 1920 63 24 335 12894 
1192 15 370 20 573 14 15 3201 141 80 2358 
1192 1120 102 7 18 86 56 12911 60 
1192 22 17493 19 3602 7 21233 14582 230 313 40 146 206 15 1899 3201 
40 6877 1573 2353 19 313 423 8939 15 1899 3201 71 15 17493 3602 7 6582 14582 313 211 767 
1615 38 1573 2353 19 20 18 15 1177 40 15 12527 24 211 767 
91 2 96 25 219 15 1920 63 24 335 12 1934 219 5 12 15 5247 1261 841 7 2237 3484 2030 211 767 
576 219 211 767 
2454 15 3413 40 15 3176 20 35 4476 40 1615 15 211 767 
17246 1691 219 
1192 1192 1192 1192 1192 1192 1192 139 1565 96 3 3876 1421 768 3 139 968 1565 96 1192 1192 1192 1192 1192 1192 1192 
5 12 500 313 1515 312 46 
344 24 2353 221 364 3200 11315 55 15 885 490 56 313 413 2 3 11638 206 31 313 1 2 3 2353 206 60 
1192 230 1573 3201 19 146 1920 63 24 335 12894 19 15 370 833 573 14 15 3201 
313 80 2358 19 22 17493 19 3602 7 6582 14582 19 20 
17 102 7 18 86 56 12911 60 40 15 135 622 370 253 55 15 211 767 
885 2126 40 15 3201 24 211 767 
1192 150 313 1709 17 2353 19 1286 1240 313 2353 1573 14 15 6639 3200 24 313 211 767 
34 433 221 6639 3200 568 91 313 413 1384 206 20 15947 206 24 
1192 547 22 1892 1702 313 34 1615 19 605 18 19 1573 14 15 6639 3200 24 1384 
206 568 141 34 35 1953 230 313 40 146 40 15 344 19 2742 2 96 14 1050 211 767 
553 34 2353 206 45 313 24 
349 24 33 7 7 312 21 3718 15 401 14 15 1050 553 80 3906 2126 40 1573 211 767 
3201 19 87 1120 7744 55 15 885 19 71 432 405 458 631 12 16375 490 71 211 767 
9693 217 22 217 910 217 763 217 87 313 34 6266 127 55 15 4479 14 17 16376 24 421 
313 1247 15 405 5 1886 19 313 2 1278 100 125 904 25 247 2 3 505 31 313 211 767 
2370 25 24 420 19 5 251 415 416 2262 19 20 31 313 3718 25 19 25 34 
21 505 24 
22 24 391 490 230 15 10644 14 123 3200 24 
560 24 1279 313 2 254 2377 15 6639 3200 19 4108 15 370 20 86 1291 211 767 
3201 1919 344 38 17 370 20 86 19 3281 15 869 91 130 129 
905 40 3201 1919 349 24 211 767 
768 24 1931 15 370 20 86 91 130 1291 3201 1919 349 905 40 3201 1919 352 24 211 767 
763 24 1931 15 370 20 86 91 130 1291 3201 1919 352 905 40 3201 1919 364 24 211 767 
102 24 15 370 20 86 91 130 1291 3201 1919 364 12 7604 45 15 885 
20 415 184 3060 1698 1120 1982 7717 
1192 1192 1192 1192 1192 259 1286 1240 313 3985 2836 2 96 370 20 86 11145 219 219 219 1192 1192 1192 1192 1192 
352 24 1505 5 2754 3176 19 76 15 6876 885 14 401 19 20 1384 25 40 17 211 767 
269 24 1286 184 2361 40 15 8289 365 14 5 3176 24 
211 767 
364 24 1277 313 2 37 1546 40 156 585 2615 7113 55 15 3501 43 219 211 767 
2615 55 15 43 12 589 19 589 9522 19 20 129 80 2743 14 211 767 
1468 5664 40 11394 24 641 9748 237 313 518 400 230 2615 
12 102 7 18 1227 24 313 413 4545 936 1227 230 1291 1920 767 187 349 19 2742 3405 87 313 413 
2473 1176 22 3352 1601 40 1505 2792 14 25 230 313 24 35 1240 40 156 211 767 
17 3815 7113 3989 219 
63 24 230 567 1920 63 24 335 313 1615 19 221 313 1515 312 12 18 206 15 3201 141 
2377 24 91 2 96 25 219 1254 530 419 7 2549 250 55 221 211 767 
2365 219 5 34 4954 91 15 102 7 18 141 146 127 19 38 17 211 767 
370 20 86 55 25 19 34 35 2657 233 141 413 2 3 11394 178 
141 1615 15 3201 219 
211 
3200 
211 
1192 1192 1192 1192 1192 1192 1192 1192 1192 1192 1192 1192 1192 1192 1192 1192 1192 1192 1192 2353 1573 3201 28 573 20 370 1192 1192 1192 1192 1192 1192 1192 1192 1192 1192 1192 1192 1192 1192 1192 1192 1192 1192 1192 1192 
4206 46 
7 1254 146 1920 63 12894 230 1573 3201 211 767 
7 1254 146 17 2353 605 208 670 18 211 767 
7 1286 1240 15 12894 12 16387 28 11370 25 71 354 559 550 13074 14 1122 
56 87 1709 25 608 15 21234 60 211 767 
7 55 869 14 1642 13074 14 1122 19 289 46 56 22 60 15 573 833 370 14 15 3201 
313 80 2358 19 20 56 560 60 17 102 7 18 86 24 
7 55 15 3602 6582 17493 14582 420 40 168 17 7645 86 24 
3201 1919 344 217 904 40 1286 1920 3534 19 2742 910 841 7 2237 1311 217 211 767 
2353 3201 1919 344 45 46 211 767 
21235 3484 690 
475 24 968 24 1146 21236 
283 7922 19 10300 19 21237 7 21238 
3201 1919 349 217 654 14542 20 841 7 2237 1311 217 
211 767 
2353 3201 1919 349 45 46 
264 7200 18048 
10227 1146 15710 
21239 19 8850 21240 
3201 1919 352 217 3728 230 15 404 884 1227 217 
2353 3201 1919 352 45 46 
1907 7094 
10227 1146 275 
21241 19 8850 21242 
3201 1919 364 217 2491 841 7 2237 1311 4496 217 
2353 3201 1919 364 45 46 
21243 7094 
1155 20678 1110 24 
21244 3567 959 21245 
211 
902 2 96 904 5 15554 4319 34 1286 313 1920 1920 3650 1920 1920 
211 
1715 2 96 1564 313 1929 40 156 1503 1499 40 125 904 590 25 1886 24 1484 17 1329 12 40 234 345 1050 40 211 767 
5616 55 17 208 2237 24 56 8706 22 564 14 1468 7164 55 15 1276 34 1596 234 22 7146 211 767 
128 24 60 100 1484 91 2836 612 71 17 2143 539 249 345 18066 211 767 
1728 24 2454 5 1295 40 4258 15 17246 1629 490 24 
344 1656 2237 7 7 17 345 1728 38 1920 63 24 24 24 24 24 24 24 24 24 24 24 24 24 24 24 24 24 24 24 24 24 24 24 24 24 24 24 24 24 24 24 24 1920 1982 
349 2541 2237 7 7 345 1728 45 1642 345 56 1920 63 2687 578 60 24 24 24 24 24 24 24 24 24 24 24 24 1920 3503 
352 4197 2237 7 7 345 1728 45 1642 344 19 2742 56 1920 63 2687 345 19 2742 60 24 24 24 1920 1982 19 2742 
5 17251 7 7 7 7 7 7 7 7 7 7 7 192 1920 5605 19 11351 
420 316 19 5 4956 91 15 1050 553 5616 249 7122 345 1050 1573 24 402 230 22 211 767 
5291 500 406 1489 31 141 1102 767 1050 40 5616 219 1443 1050 234 578 2 96 14 4999 219 211 767 
402 133 25 219 17 3649 40 5616 71 5 12 17217 3693 56 2971 313 413 11880 1920 767 60 24 211 767 
313 3202 437 151 585 1276 864 20 102 7 18 12 1468 219 219 219 3201 1919 352 3721 313 15 1443 211 767 
6405 1480 230 16383 102 7 884 20 18483 102 7 18 1227 24 409 885 833 16383 102 7 18 9303 477 211 767 
505 55 4350 219 
133 1982 19 2742 157 1050 234 317 567 3175 219 
1192 1192 1192 1192 1192 1192 1192 1192 1192 1192 1192 1192 1192 1192 1192 1192 1192 1192 1192 1192 1192 1192 1192 1192 1192 1192 1192 4805 230 3400 1192 1192 1192 1192 1192 1192 1192 1192 1192 1192 1192 1192 1192 1192 1192 1192 1192 1192 1192 1192 1192 1192 1192 1192 1192 1192 1192 
1192 3864 5 84 17 2030 219 35 2657 19 3600 19 20 2454 15 211 767 
6768 11145 24 
1192 146 230 15 6639 3200 3989 568 313 34 151 206 150 15 2365 
156 1233 71 19 233 150 313 1615 22 1920 63 2353 19 313 1515 146 127 211 767 
15 1899 1177 187 3201 40 15143 38 15 1421 24 96 24 7645 833 17480 2430 19 
3385 3290 19 3720 17478 20 20236 87 3385 3290 19 4441 21246 71 15 1421 24 96 24 412 19 
100 412 14 7660 21247 24 2436 24 339 19 3720 21248 20 21249 19 237 170 91 211 767 
217 22 1177 87 250 1515 35 20237 230 3650 1121 24 217 
211 767 
1192 1254 530 419 7 2549 250 55 15 2365 313 1615 24 
1192 35 6080 20 2646 38 5 930 24 31 313 2454 15 3413 1984 19 
15 1629 34 5151 35 6302 219 
1192 1805 221 19 151 10222 71 868 20 625 313 34 14627 219 
1192 1192 1192 1192 1192 1192 1192 1192 1192 1192 1192 1192 1192 1192 1192 1192 1192 17 3400 7597 1192 1192 1192 1192 1192 1192 1192 1192 1192 1192 1192 1192 1192 1192 1192 1192 1192 
2454 936 6493 40 4954 17 3400 46 
31 313 1 2 3 1615 345 40 767 2365 230 3201 1919 344 547 550 2133 19 613 2615 178 313 312 24 211 767 
112 19 22 1701 14 2133 1635 313 328 1615 354 559 578 2365 230 3201 1919 349 24 31 313 211 767 
1 2 3 19 613 2615 178 313 312 24 421 313 151 1121 578 87 630 2365 230 3201 1919 349 19 313 211 767 
413 5454 19 233 15 211 767 
29 12 437 1299 230 313 19 20 15 12894 34 613 40 15500 71 219 
5 12 33 40 420 46 
567 333 17 370 12 2084 905 55 15 885 19 313 80 3113 71 5378 14 22 1626 3201 24 313 211 767 
413 856 2367 14 17 147 28 5439 237 3201 1050 80 2358 45 313 24 31 313 211 767 
643 40 1165 630 88 19 146 641 16411 14 102 7 1814 20 156 15 872 154 558 219 129 12 211 767 
184 7827 40 15 88 313 34 1165 45 5 2030 219 
934 46 31 313 433 260 38 4735 22 2030 19 13541 22 2030 370 19 904 88 3825 12 211 767 
11908 19 99 24 19 1221 17 1994 5412 14 15 1503 2030 7369 56 22 7660 7045 60 230 1468 211 767 
260 20 198 40 375 24 100 19 15 9 7099 250 2444 1468 260 605 2390 20 1468 211 767 
7110 133 2030 17518 24 
313 1634 6302 15 5291 313 156 3281 1075 22 5231 211 767 
1329 24 24 24 24 24 24 312 25 1277 219 219 219 219 219 
2353 17 3200 323 20 234 916 55 17 8933 40 4626 211 767 
13324 219 219 