Subject: 902 12 15 3660 4591 2035 
21496 46 390 221 400 25 24 24 24 2836 1438 25 24 24 24 
1277 313 413 110 45 25 219 
390 413 1639 313 904 1322 14 522 1613 151 10880 22 1503 
4591 14 1920 63 19 2742 608 1920 1171 19 2742 87 630 71 22 589 561 549 
14 333 219 3144 2 3 2836 917 230 18086 215 91 239 
390 80 585 8751 19 3600 9919 38 422 1171 1037 14 
2152 24 1771 904 522 1613 234 15 404 1629 19 20 
1615 15 1443 3600 2792 71 15 4591 1049 323 219 
3110 1277 20 35 11850 230 22 1468 4591 203 
12802 20 22 1468 71 7 3845 4474 38 869 14 522 
610 7133 219 
38 15745 55 25 2 96 405 20 1862 21497 71 15 2747 3467 84 590 19 
5453 8032 80 1969 40 14267 460 24 
40 1771 630 133 5 4075 4591 943 24 
295 46 187 187 15969 24 8973 24 63 24 15969 187 5453 
56 40 35 7604 60 
262 46 4458 51 21498 24 53 
1192 1192 1192 1192 1192 