Subject: 12788 15 17907 833 2473 7 184 7 630 
211 211 211 211 211 211 211 211 211 211 211 211 211 211 211 211 211 211 211 211 211 211 211 211 211 211 211 211 211 211 211 211 211 211 211 211 211 211 211 211 211 211 211 211 211 211 211 211 211 211 211 211 211 211 211 211 211 211 211 211 211 211 211 211 211 211 211 211 211 7 259 644 7 
1192 1192 1192 1192 1192 1192 1192 1192 1192 1192 1192 1192 1192 1192 1192 
15 17613 21342 14 15 1131 1132 14 363 191 522 2090 7 
21343 19 10494 14 6261 20 12499 14 4840 40 545 928 1468 
45 21344 20 4049 24 
522 17613 21342 1235 21 643 522 4782 40 1286 313 2473 
88 17518 24 31 313 3722 15 21345 19 20 15 17907 3825 2430 19 313 
34 683 91 15754 88 17518 12 21 5983 24 25 12 1387 55 22 
21346 29 24 15 2430 20 15 4468 4469 20 15 17907 151 13903 
91 7660 88 17518 80 21346 20 14902 22 427 12 21 
1274 71 1322 2753 31 313 3749 21347 127 14 15 29 20 
1120 21348 24 24 
217 522 3825 29 12 1387 55 3504 3602 6894 20 
21346 6462 24 217 7 1338 24 21349 19 17907 5033 
217 522 3825 29 12 1387 309 21346 6894 20 2371 20 21 
55 21350 217 7 4468 4469 21351 19 21352 674 24 1421 24 96 24 19 16435 1421 24 96 24 21353 
25 12 589 1797 20 4009 40 21347 127 14 15 17907 3825 29 19 220 
313 1515 625 15 1199 154 1274 40 312 5 1633 2497 24 31 
313 1 10191 3 625 15 232 405 40 312 5 19 313 518 35 21354 1920 3503 28 
15 17907 24 
31 313 34 563 1499 1920 2349 24 335 390 34 146 313 522 3201 46 
217 12788 15 17907 833 2473 7 184 7 630 217 24 
522 3201 34 545 313 1468 6280 219 
1279 3390 522 3201 20 5131 127 22 1633 1621 313 34 35 
1468 45 15 17907 21355 20 15 8649 7660 88 3825 24 24 24 
10985 24 522 3201 12 3061 40 1495 7660 88 3825 
21356 45 17 2473 414 219 219 219 313 34 1267 151 40 2473 7660 
88 17518 558 24 313 34 1267 151 40 1183 22 21357 1621 558 24 313 
34 1267 151 40 856 4803 13404 87 88 5799 24 313 34 
35 1314 1468 45 15 7660 88 3825 20 15 17907 24 390 146 
313 3818 620 313 312 21 151 40 1183 22 427 24 
1279 3390 522 3201 20 194 1633 3413 17 2473 
414 34 35 1468 45 1642 17389 88 3825 21358 24 5 34 
168 585 5665 1920 767 40 1920 7483 71 17 15643 567 2991 219 24 
217 3144 10191 3 25 133 333 313 234 13406 500 17 3604 239 217 
1277 12 15 333 40 4427 149 24 259 644 55 219 219 219 
217 12788 7 15 7 17907 833 2473 7 184 7 630 217 
522 2341 19 56 12788 15 17907 833 2473 7 184 7 630 60 34 14154 313 1984 904 
40 1596 46 1495 7660 88 3825 21356 19 1495 3401 14902 14 
21357 1621 19 833 1495 15 17907 21359 12528 219 5 1886 230 221 
6535 91 80 21 4782 21360 19 1 2 3 5248 71 21361 19 
20189 19 87 9094 15780 19 87 1685 22 3540 87 1685 22 2030 240 
313 80 1291 22 16826 40 21362 45 17 21360 16815 24 
15 17907 7660 88 3825 29 12 1387 55 21346 21363 24 24 24 
390 34 14154 313 904 40 6280 21347 127 14 15 29 219 
17 3400 12 3829 12432 3061 219 522 1480 
505 567 333 230 663 31 313 464 16888 71 20 3683 71 869 14 
15 1982 282 1132 20 80 21 22 4782 14897 24 
100 313 413 21 3683 87 505 55 4782 6660 83 84 22 21364 7 
21365 2901 19 3521 19 763 24 768 24 19 21366 19 21367 19 4165 7366 19 99 24 
522 251 12 578 1413 4009 19 3756 20 6463 24 390 34 2473 1419 
1920 344 19 2742 31 141 413 5911 522 251 12 675 19 19795 87 
17901 219 219 219 522 251 415 1708 230 567 135 553 415 4284 
10965 5 2341 908 659 24 
3196 415 4284 10966 20 249 349 1050 1897 230 22 16786 219 219 219 
7 522 2341 2695 22 3112 19 1468 19 1982 1413 2473 127 14211 19 
173 221 15 3484 2240 4134 4959 313 34 4284 433 24 
17 21368 34 35 345 1413 40 2349 1413 13109 567 2991 19 547 349 2133 
14 14902 15 1809 4987 20 21369 24 258 21 1863 868 22 
4631 5 1193 28 16663 20 13489 630 14 17 21370 7 
21371 6261 24 545 868 1468 219 
17 2341 2695 4083 1468 2482 21372 19 22 3985 
14 15 1421 24 96 24 21345 19 15 10494 14 6261 19 4987 19 21373 19 
20 571 19 571 630 219 
7 7 7 7 7 7 7 7 7 7 7 7 7 7 7 7 7 7 7 7 7 2353 1621 7 3170 7 7 7 7 7 7 7 7 7 7 7 7 7 7 7 7 7 7 7 7 7 7 7 7 7 7 7 7 
40 2353 28 18 46 146 5 2353 1621 173 17 370 19 86 19 
2482 1919 20 22 1920 2349 3650 2353 40 46 
21374 7 7 1138 24 1919 21375 7 7 20927 21376 7 7 7716 19 18187 21377 
2482 46 56 9067 60 14693 7 19172 
313 569 100 383 1499 40 1265 375 24 
488 230 3390 5 6 219 
7 56 17636 3650 149 4954 60 7 
7 4008 2762 21374 7 
40 35 7604 45 522 885 146 585 102 7 18 40 46 
21378 21379 51 961 24 1442 38 4458 71 15 54 1041 24 