Subject: 37 46 3231 71 585 1844 
10744 19 
682 10745 10746 10747 19 787 10748 10749 717 10750 682 795 
10751 779 1258 682 40 1844 713 692 10752 24 
8457 10753 5486 709 1018 10754 740 695 670 713 2 10755 10756 
707 56 8514 727 219 60 10757 24 211 767 
7535 19 40 10758 977 707 709 10759 10738 807 10760 727 
1916 703 10761 56 922 24 2687 24 8638 19 3530 19 824 60 24 968 137 364 24 0 742 10762 779 
10763 1018 10764 709 5328 10765 19 10766 703 729 10767 5322 10762 56 744 700 
10768 60 24 968 10769 10762 10768 8312 10770 682 7498 10771 24 
10772 10773 
192 211 767 
192 211 22 0 211 22 0 61 46 
192 211 22 0 211 22 0 211 22 0 211 22 0 211 22 0 211 22 0 211 22 0 1866 19 364 1618 3377 658 46 345 46 2620 273 3293 56 5602 60 
192 211 22 0 211 22 0 45 46 
192 211 22 0 211 22 0 211 22 0 211 22 0 211 22 0 211 22 0 211 22 0 217 761 24 674 24 762 217 
192 211 22 0 211 22 0 211 22 0 211 22 0 40 46 
192 211 22 0 211 22 0 211 22 0 211 22 0 211 22 0 211 22 0 211 22 0 7956 10743 
192 211 22 0 
192 211 22 0 
192 211 22 0 
192 211 767 
192 691 10476 10774 19 
192 211 767 
192 5322 10775 709 10476 10776 10734 10693 795 10704 10777 740 709 795 10778 19 
192 10775 10779 709 10476 10776 10780 10781 740 40 814 10683 56 8312 
192 10782 1376 5322 4174 709 8312 10783 10701 219 46 7 60 213 720 10784 717 807 10785 
192 776 10786 5325 40 10699 24 10787 703 344 24 1755 717 344 24 344 19 5322 695 10704 
192 10788 
192 703 344 24 349 682 10603 7 71 219 
192 211 767 
192 10711 1376 585 10707 717 40 10789 10790 56 10791 60 40 10792 24 
192 211 767 
192 10793 19 
192 827 
192 211 22 0 
192 211 767 
192 55 1983 19 63 1618 3377 19 7956 10743 191 46 
192 211 767 
192 192 5497 19 
192 192 
192 192 787 10722 782 10723 717 10724 709 6330 1026 1844 40 10464 
192 731 
192 192 
192 192 5490 10725 56 8638 19 3530 824 60 24 10726 40 132 692 779 
192 192 8054 24 668 24 288 24 3136 
192 192 717 731 2 10727 709 1018 10728 10729 707 968 10730 709 710 5325 24 
192 192 
192 192 585 5486 10731 1018 1026 10732 10733 10734 19 717 403 10735 
192 713 
192 192 
192 192 10736 740 709 10737 10738 56 720 10739 10740 351 740 
192 192 60 
192 192 
192 192 825 10741 19 
192 192 
192 192 10742 10743 
192 192 
192 192 