Subject: 494 10402 497 10402 46 8464 10403 
6781 46 10404 10405 10406 10407 10408 56 10402 60 
7 7 7 7 7 7 7 7 7 7 7 7 7 
1958 727 10409 789 763 24 96 24 780 10402 19 10410 2072 187 2282 187 59 19 
10411 742 10404 780 10402 703 10412 833 10413 
103 24 96 24 40 10414 19 336 10415 59 19 10410 447 46 335 19 782 986 
10416 789 5312 24 791 833 792 789 
10417 217 10418 217 24 
742 725 780 103 24 96 24 707 742 10419 46 
2282 46 5671 10420 717 10421 10422 10423 
447 46 335 10424 19 10425 10426 103 24 96 24 
447 46 337 10427 763 24 96 24 740 10428 779 10429 
9281 10430 10431 
332 46 335 10432 10433 
10432 10434 10435 
10427 10436 8518 
10437 10438 763 24 96 24 
332 46 5671 10425 10439 8518 
10440 10441 
2027 46 335 10442 10443 
9272 6781 40 10444 763 24 96 24 703 725 10445 
717 10446 780 10402 
2027 46 552 10447 10448 10449 
8336 10450 975 763 24 96 24 
785 5614 
10451 24 10452 10402 
5 6 130 4028 28 15 217 10402 217 885 24 
40 146 22 6 40 15 885 1728 19 286 10402 51 840 24 836 24 689 24 
249 885 1728 413 146 164 40 458 1728 910 15 885 24 
230 2447 87 504 19 286 2309 7 10402 51 840 24 836 24 689 