Subject: 37 46 288 349 8188 24 2554 
902 25 12 24 139 440 25 441 313 24 5 1122 415 416 2778 71 22 1036 
1262 14 217 5702 6359 20 1216 19 217 22 5180 7767 40 
5702 320 20 1216 84 15 370 6749 24 5155 19 139 
34 3719 25 354 15 5147 2487 3670 343 71 3470 19 3513 
71 3769 19 240 25 34 1634 13 14 15 10712 6362 91 80 2778 24 
684 19 
2225 968 2 10713 
761 24 674 24 762 191 46 
192 55 62 19 352 1618 3377 19 2225 968 2 10713 191 46 
192 
192 192 139 2 1278 146 313 22 2022 24 413 313 644 4251 2352 19 6771 19 2111 239 500 
192 192 16 312 313 3384 239 
192 192 
192 
192 1439 14 15 5205 2596 12 2550 24 
192 1610 313 19 
192 827 