Subject: 37 46 344 24 1755 20 1174 7 3941 8188 19 12 25 397 239 
761 24 674 24 762 70 
192 630 2224 20 1295 2352 309 102 7 18 199 219 
193 827 
139 2 1338 2804 1299 55 585 1844 40 1623 25 40 644 20 5220 10 
71 432 2179 3685 19 139 2 1338 325 38 3231 230 1849 3066 
139 2 1338 136 10718 334 40 603 20 1990 15 10 84 25 2 96 1797 40 644 20 
205 24 
1313 139 406 2427 40 151 22 391 354 15 505 313 151 225 38 5 19 
1279 550 2133 14 10852 139 151 22 3310 1210 1726 14 15 
1238 220 1934 12 639 1951 
488 71 1422 
1907 24 139 1868 2 3 1708 137 127 595 449 
7 7 
10853 
217 139 1 2 3 643 630 1933 19 139 643 10854 599 219 217 7 3829 10855 