Subject: 37 46 3768 5432 19 1188 833 288 
5323 10453 7543 1667 344 24 344 776 10454 352 
2770 10455 1674 56 2770 10456 38 
1250 7 1674 10457 717 10458 10456 60 24 
5322 10459 10460 740 40 10461 670 717 
10462 740 40 10463 10 16 682 40 10464 10167 2 706 
10465 707 6590 742 10466 727 742 10467 
3768 606 124 24 
10468 720 10469 977 774 682 3768 124 
5490 10470 742 10471 10472 717 5322 10473 
8312 10474 779 10475 24 
5307 
217 761 24 674 24 762 217 191 46 
192 
192 814 10476 10477 5325 239 
192 
192 295 46 187 187 267 24 288 7 2780 24 53 187 1944 187 1468 187 4895 187 10478 187 59 187 2282 7917 335 187 10479 10480 187 10479 10480 24 10481 
192 
192 761 24 
7 7 
1393 1110 24 5307 5308 1149 24 46 273 552 7 344 7 5309 1393 
1393 4036 273 552 7 344 7 5310 56 5311 60 1393 
1393 30 20 116 2069 2182 24 1393 
1393 5312 24 14 832 833 834 1393 
1393 1565 24 768 24 96 24 3876 24 217 836 217 1393 
1393 5313 5314 5315 280 46 273 552 7 344 7 5316 1393 
1393 838 102 7 18 46 5307 51 840 24 836 24 689 1393 
