Subject: 5 86 12 184 2505 123 
494 5 6 415 416 27 1333 497 
259 934 91 5 86 12 184 2505 71 400 19 20 10998 
17227 3693 220 16326 5197 18 24 6029 19 
432 18 445 40 25 12 3159 40 1739 4367 7 1326 1850 19 
112 27 32 24 
31 313 21145 643 40 1221 15 2309 14 15 86 19 259 
37 7 414 17 1221 1227 19 87 1423 15 43 19 40 683 1120 
456 102 7 18 86 24 
15 18 313 445 12 18471 71 1284 490 19 230 17490 40 
15 232 86 24 1234 230 15 9073 219 
494 7 7 6423 46 15 21146 18 2758 497 
192 45 21147 51 21148 24 21149 24 53 1760 6926 2282 339 46 2349 46 1539 4390 
1121 46 45 11352 20514 24 18 24 314 24 53 56 11352 20514 24 18 24 314 24 53 
494 15969 24 8843 24 2741 24 2741 497 60 28 21150 24 21151 24 1583 56 334 24 336 24 352 187 334 24 336 24 352 60 38 495 657 
21152 21153 230 213 1760 19 2282 6926 4390 339 46 2349 46 1539 273 2350 
6 7 657 46 
19386 7 878 46 45 21147 51 21148 24 21149 24 53 1760 6926 2282 337 46 2287 46 2282 4390 
1121 46 45 11352 20514 24 18 24 314 24 53 230 21154 479 314 51 21155 24 1583 213 
6926 2282 2212 46 2287 46 447 4390 7 18480 
2687 7 314 7 3805 46 45 21156 51 314 24 53 40 21154 479 314 51 21155 24 1583 
2687 7 2367 46 21157 46 349 
2687 7 14200 7 4367 46 15720 24 2271 24 21158 24 16645 
2687 7 21159 46 15720 24 2271 24 21158 24 16645 
1121 46 45 21160 21161 6984 2395 3513 24 11053 24 21162 24 21163 24 1442 56 21164 5587 24 53 60 
56 15720 24 2271 24 21158 24 16645 60 28 11352 20514 24 18 24 314 24 53 38 495 213 2282 6926 4390 2212 46 2349 46 5605 
7 18480 56 389 60 
45 46 217 21156 217 
647 46 21165 51 314 24 53 19 21166 51 314 24 53 19 21167 21168 51 314 24 53 19 
21169 51 314 24 53 19 51 314 24 53 19 
21170 51 314 24 53 19 2112 479 21171 479 1125 51 314 24 53 19 5360 21172 51 314 24 53 19 
21173 51 314 24 53 19 21174 51 314 24 53 19 17616 21175 51 314 24 53 19 
21176 479 18404 479 6813 51 314 24 53 19 21177 51 314 24 53 19 
21178 349 479 1125 51 314 24 53 19 21179 51 314 24 53 19 21180 51 314 24 53 19 
21181 21182 51 314 24 53 19 560 3573 96 51 314 24 53 19 21183 51 314 24 53 19 21184 485 51 314 24 53 19 
21185 51 314 24 53 19 7740 21186 51 314 24 53 19 21187 51 314 24 53 19 3334 2425 51 314 24 53 19 
21188 51 314 24 53 19 21189 5642 51 314 24 53 19 21190 364 51 314 24 53 19 
21191 4111 51 314 24 53 19 21192 16939 51 314 24 53 
61 46 4110 19 345 6926 4390 658 46 1171 46 1171 7 7846 
54 46 193 21156 19 234 1468 1920 767 20 626 12888 
2687 7 5547 46 3539 7415 7416 63 24 335 24 10236 24 21193 
2272 7 1462 46 344 24 0 
1336 7 369 46 11 187 298 213 3699 211 217 928 7 3657 217 
1336 7 1990 7 3623 46 7944 7 7945 
193 21156 211 349 768 
211 352 21194 211 352 102 211 352 21195 21196 211 352 763 211 2286 1919 21197 211 2286 211 352 102 211 352 21198 3784 211 352 763 211 2286 1919 335 10818 335 211 2286 149 211 352 763 211 2286 1919 21197 211 2286 2812 211 352 763 211 2286 4071 7 3784 211 352 22 1919 21197 211 2286 1968 211 352 763 352 21199 211 352 763 447 5256 211 352 763 211 2286 21200 211 2286 3633 211 352 763 211 2286 21201 211 2286 668 211 352 763 211 19970 211 2286 211 352 102 211 352 7474 211 352 21202 2201 55 5610 211 349 102 211 349 102 211 349 102 15 2 21203 2 317 7680 211 349 102 211 349 102 211 352 21204 211 352 102 
211 352 21204 211 352 102 
211 352 768 211 349 21205 211 352 102 211 352 21198 3784 211 352 763 211 2286 1919 335 10818 2395 211 2286 149 211 352 763 211 2286 1919 21197 211 2286 2812 211 352 763 211 2286 4071 7 3784 211 352 22 1919 21197 211 2286 1968 211 352 763 352 21199 211 352 763 447 5256 211 352 763 211 2286 21200 211 2286 3633 211 352 763 211 2286 21201 211 2286 668 211 352 763 211 19970 211 2286 211 352 102 917 230 22 1856 12888 211 352 766 592 1829 354 15 404 211 352 21204 211 352 102 
6397 317 7680 55 15 1276 219 5 12 15 7680 211 352 21204 211 352 102 
313 151 416 3033 20 3390 133 71 15 3029 211 352 21204 211 352 102 
221 422 15 2977 211 349 102 5 12 15 7680 91 1225 211 352 21204 211 352 102 
17892 15 16455 14 3486 3487 219 211 352 21204 211 352 102 
211 352 768 211 349 21205 211 352 102 211 352 21198 3784 211 352 763 211 2286 1919 2304 10818 211 2286 149 211 352 763 211 2286 1919 21197 211 2286 2812 211 352 763 211 2286 4071 7 3784 211 352 22 1919 21197 211 2286 1968 211 352 763 352 21199 211 352 763 447 5256 211 352 763 211 2286 21200 211 2286 3633 211 352 763 211 2286 21201 211 2286 668 211 352 763 211 19970 211 2286 211 352 102 211 352 21204 211 352 102 
211 352 768 211 349 21205 211 352 102 211 352 21198 3784 211 352 763 211 2286 1919 19579 335 211 2286 149 211 352 763 211 2286 1919 21197 211 2286 2812 211 352 763 211 2286 4071 7 3784 211 352 22 1919 21197 211 2286 1968 211 352 763 352 21199 211 352 763 447 5256 211 352 763 211 2286 21200 211 2286 3633 211 352 763 211 2286 21201 211 2286 668 211 352 763 211 19970 211 2286 211 352 102 234 1920 767 71 1468 15955 3159 40 17 41 13408 211 352 21204 211 352 102 
14 249 1920 767 87 630 211 349 102 211 352 21204 211 352 102 
1829 230 10017 211 349 768 87 1829 230 3650 211 349 102 211 352 21204 211 352 102 
2629 15 7680 230 1468 211 352 21204 211 352 102 
40 17 10627 211 349 102 211 352 21204 211 352 102 
211 352 21204 211 352 102 
211 352 768 211 349 21205 211 352 102 211 352 21198 3784 211 352 763 211 2286 1919 335 19579 211 2286 149 211 352 763 211 2286 1919 21197 211 2286 2812 211 352 763 211 2286 4071 7 3784 211 352 22 1919 21197 211 2286 1968 211 352 763 352 21199 211 352 763 447 5256 211 352 763 211 2286 21200 211 2286 3633 211 352 763 211 2286 21201 211 2286 668 211 352 763 211 19970 211 2286 211 352 102 390 151 498 7680 4797 215 211 352 22 211 352 21204 211 352 102 
211 352 21204 211 352 102 
1192 19525 1192 1715 25 7686 10979 1192 18309 18310 19527 211 352 21204 211 352 102 
1192 841 11132 18305 1192 300 21206 211 352 21204 211 352 102 
1192 18307 1192 19524 1192 15884 930 211 352 21204 211 352 102 
1192 21207 19527 1192 7592 7593 19527 211 352 21204 211 352 102 
1192 4985 19527 1192 10012 19527 1192 18308 211 352 21204 211 352 102 
1192 522 1049 2 96 404 17786 1192 211 352 21204 211 352 102 
1192 841 11132 19524 1192 841 11132 18305 211 352 21204 211 352 102 
211 349 102 211 349 102 211 349 102 211 349 102 211 349 102 211 349 102 211 349 102 20383 630 211 349 102 211 349 102 211 349 102 1171 273 4075 4797 211 349 102 211 349 102 211 349 102 211 352 768 211 349 21205 211 352 102 211 352 21198 3784 211 352 763 211 2286 1919 19579 335 211 2286 149 211 352 763 211 2286 1919 21197 211 2286 2812 211 352 763 211 2286 4071 7 3784 211 352 22 1919 21197 211 2286 1968 211 352 763 352 21199 211 352 763 447 5256 211 352 763 211 2286 21200 211 2286 3633 211 352 763 211 2286 21201 211 2286 668 211 352 763 211 19970 211 2286 211 352 102 211 352 21204 211 352 102 
211 352 768 211 349 21205 211 352 102 211 352 21198 3784 211 352 763 211 2286 1919 19579 335 211 2286 149 211 352 763 211 2286 1919 21197 211 2286 2812 211 352 763 211 2286 4071 7 3784 211 352 22 1919 21197 211 2286 1968 211 352 763 344 21199 211 352 763 334 5256 211 352 763 211 2286 21200 211 2286 3633 211 352 763 211 2286 10934 211 2286 668 211 352 763 211 19970 211 2286 211 352 102 211 352 768 211 349 21208 211 352 102 211 352 484 4152 211 352 763 211 2286 295 211 352 22 211 349 766 211 349 1413 21209 211 2395 21210 211 349 21211 211 349 21212 211 2286 211 352 102 211 352 768 211 349 21205 211 352 102 211 352 21198 3784 211 352 763 211 2286 1919 10818 2304 211 2286 149 211 352 763 211 2286 1919 21197 211 2286 2812 211 352 763 211 2286 4071 7 3784 211 352 22 1919 21197 211 2286 1968 211 352 763 892 21199 211 352 763 767 5256 211 352 763 211 2286 21200 211 2286 3633 211 352 763 211 2286 10934 211 2286 668 211 352 763 211 19970 211 2286 211 352 102 211 352 7474 211 352 102 211 352 21213 211 352 21214 902 211 352 768 211 349 21205 211 352 102 211 352 21198 3784 211 352 763 211 2286 1919 10818 2304 211 2286 149 211 352 763 211 2286 1919 21197 211 2286 2812 211 352 763 211 2286 4071 7 3784 211 352 22 1919 21197 211 2286 1968 211 352 763 344 21199 211 352 763 334 5256 211 352 763 211 2286 21200 211 2286 3633 211 352 763 211 2286 10934 211 2286 668 211 352 763 211 19970 211 2286 211 352 102 211 352 768 211 349 21208 211 352 102 211 352 768 211 349 21215 211 352 102 211 352 768 211 349 21216 211 352 102 211 352 768 211 349 21205 211 352 102 211 352 21198 3784 211 352 763 211 2286 1919 10818 2304 211 2286 149 211 352 763 211 2286 1919 21197 211 2286 2812 211 352 763 211 2286 4071 7 3784 211 352 22 1919 21197 211 2286 1968 211 352 763 63 21199 211 352 763 339 5256 211 352 763 211 2286 21200 211 2286 3633 211 352 763 211 2286 10934 211 2286 668 211 352 763 211 19970 211 2286 211 352 102 211 352 7474 211 352 102 211 352 21213 211 352 102 211 352 21204 211 352 102 
211 352 21204 211 352 102 
211 352 21204 211 352 102 
211 352 21204 211 352 102 
211 352 21204 211 352 102 
211 352 21204 211 352 102 
211 352 21204 211 352 102 
211 352 21204 211 352 102 
211 352 768 211 349 21205 211 352 102 211 352 21198 3784 211 352 763 211 2286 1919 2304 10818 211 2286 149 211 352 763 211 2286 1919 21197 211 2286 2812 211 352 763 211 2286 4071 7 3784 211 352 22 1919 21197 211 2286 1968 211 352 763 349 21199 211 352 763 336 5256 211 352 763 211 2286 21200 211 2286 3633 211 352 763 211 2286 10934 211 2286 668 211 352 763 211 19970 211 2286 211 352 102 211 352 768 211 349 21208 211 352 102 211 352 768 211 349 21215 211 352 21217 199 40 21218 259 666 211 352 21204 211 352 102 
17 286 86 902 211 352 22 211 352 21204 211 352 102 
211 352 768 211 349 21205 211 352 102 211 352 21198 3784 211 352 763 211 2286 1919 2304 10818 211 2286 149 211 352 763 211 2286 1919 21197 211 2286 2812 211 352 763 211 2286 4071 7 3784 211 352 22 1919 21197 211 2286 1968 211 352 763 344 21199 211 352 763 334 5256 211 352 763 211 2286 21200 211 2286 3633 211 352 763 211 2286 10934 211 2286 668 211 352 763 211 19970 211 2286 211 352 102 211 352 484 4152 211 352 763 211 2286 295 211 352 22 211 349 766 211 349 21219 211 349 21220 211 349 21221 211 352 102 211 352 768 211 349 21205 211 352 102 211 352 21198 3784 211 352 763 211 2286 1919 2304 10818 211 2286 149 211 352 763 211 2286 1919 21197 211 2286 2812 211 352 763 211 2286 4071 7 3784 211 352 22 1919 21197 211 2286 1968 211 352 763 349 21199 211 352 763 345 5256 211 352 763 211 2286 21200 211 2286 3633 211 352 763 211 2286 10934 211 2286 668 211 352 763 211 19970 211 2286 211 352 102 211 352 21213 211 352 21214 902 211 352 768 211 349 21205 211 352 102 211 352 21198 3784 211 352 763 211 2286 1919 2304 10818 211 2286 149 211 352 763 211 2286 1919 21197 211 2286 2812 211 352 763 211 2286 4071 7 3784 211 352 22 1919 21197 211 2286 1968 211 352 763 344 21199 211 352 763 334 5256 211 352 763 211 2286 21200 211 2286 3633 211 352 763 211 2286 10934 211 2286 668 211 352 763 211 19970 211 2286 211 352 102 211 352 768 211 349 21215 211 352 102 211 352 768 211 349 21216 211 352 102 211 352 768 211 349 21205 211 352 102 211 352 21198 3784 211 352 763 211 2286 1919 2304 10818 211 2286 149 211 352 763 211 2286 1919 21197 211 2286 2812 211 352 763 211 2286 4071 7 3784 211 352 22 1919 21197 211 2286 1968 211 352 763 349 21199 211 352 763 345 5256 211 352 763 211 2286 21200 211 2286 3633 211 352 763 211 2286 10934 211 2286 668 211 352 763 211 19970 211 2286 211 352 102 211 352 21213 211 352 102 211 352 21204 211 352 102 
211 352 768 211 349 21205 211 352 102 211 352 21198 3784 211 352 763 211 2286 1919 10818 2304 211 2286 149 211 352 763 211 2286 1919 21197 211 2286 2812 211 352 763 211 2286 4071 7 3784 211 352 22 1919 21197 211 2286 1968 211 352 763 63 21199 211 352 763 339 5256 211 352 763 211 2286 21200 211 2286 3633 211 352 763 211 2286 21201 211 2286 668 211 352 763 211 19970 211 2286 211 352 102 211 352 7474 211 352 102 211 352 768 211 349 21215 211 352 102 211 352 21204 211 352 102 
211 352 768 211 349 21205 211 352 102 211 352 21198 3784 211 352 763 211 2286 1919 10818 2304 211 2286 149 211 352 763 211 2286 1919 21197 211 2286 2812 211 352 763 211 2286 4071 7 3784 211 352 22 1919 21197 211 2286 1968 211 352 763 63 21199 211 352 763 339 5256 211 352 763 211 2286 21200 211 2286 3633 211 352 763 211 2286 10934 211 2286 668 211 352 763 211 19970 211 2286 211 352 102 211 352 21213 211 352 102 211 352 21204 211 352 102 