Subject: 7553 46 9417 7 4390 
352 4197 2487 7026 55 
4985 224 20 2418 3451 
9417 7 4390 
332 7 337 2999 4390 
9418 3476 1091 19 9419 19 9420 
56 9417 43 7 723 46 295 46 187 187 267 24 9421 24 9422 24 9423 187 9424 187 60 
383 230 1242 
15 352 4197 2487 7026 55 4985 224 20 2418 
3451 56 9417 7 4390 60 19 34 35 3474 71 9418 3476 1091 19 
71 15 9425 435 9390 14 9419 55 15 9426 9427 9428 24 
9417 7 4390 12 3414 187 950 7 3414 28 1192 6911 5274 334 19 
6911 9420 4441 19 9429 20 278 14 9430 24 15 2756 
14 15 9417 7 4390 12 40 1452 4623 2189 14 4985 20 
1230 224 3674 20 537 1054 19 84 590 84 7877 
71 2418 3451 19 20 40 35 585 2487 4592 
230 2904 20 886 14 7877 71 15 2196 20 157 
4261 829 2160 24 9417 7 4390 6351 930 34 
6892 14 4686 8225 20 7826 2231 55 157 829 
1629 24 1242 6027 443 505 406 35 1455 71 15 2160 
3906 490 24 221 1242 34 35 1750 3806 20 7361 34 35 
1387 55 5793 19 1244 20 7651 24 7352 1242 34 35 
2778 71 15 9417 7 4390 6362 91 34 35 4028 
40 15 4999 354 15 7026 24 
3123 
7 1230 20 4985 224 
7 1230 20 4985 7733 
7 1230 9431 19 5220 20 8721 
7 1230 20 4985 1465 20 3255 
7 5045 20 4888 224 
7 4861 20 1379 
7 1645 531 224 56 9432 60 
7 2768 20 1175 1238 
7 2418 531 224 
7 2418 1850 
7 2418 20 9433 1216 
7 2418 1054 
7 1645 4985 4984 56 9434 60 
7 4985 9435 20 9436 
7 5039 4309 648 
7 9437 4865 
4686 1242 46 
1110 24 9438 9439 19 9440 9441 1009 14 3577 19 1131 6273 46 
3776 7154 4985 1465 20 3255 
1099 2719 68 9442 19 217 9443 217 1009 14 9444 19 9445 46 
333 2417 120 38 9446 7569 7563 
4490 
40 2529 1374 2150 22 1284 1122 56 6639 1328 60 24 
1122 4490 56 9447 7 4959 60 1515 35 445 28 2782 
132 40 15 9417 7 4390 930 950 7 5258 46 
1110 24 9448 9449 
9417 7 4390 
9422 19 9450 352 187 9451 
9423 7 579 9430 
9420 
7074 14 33 5557 
1284 1122 56 6639 1328 60 4490 40 35 1121 28 46 1280 1755 19 4390 
2894 14 7361 8266 127 28 46 3769 1171 19 4390 
7353 7 1546 1122 40 35 1121 28 46 3401 332 19 4390 
5025 930 445 40 6496 28 46 3401 3327 19 4390 
2494 4637 56 2600 2495 268 3534 6254 60 46 569 3290 19 4390 
3414 187 6265 950 7 3414 28 1192 
6911 5274 334 
6911 9420 4441 
9429 
278 14 9430 
1192 3383 7354 
1094 5258 
9452 9453 7 9454 
278 14 9430 19 9420 
930 950 7 951 
9455 9449 
278 14 9430 19 9420 
9448 9449 
278 14 9430 19 9420 
9456 51 6911 24 1583 
2487 930 2155 
2719 9442 19 9445 
9457 9458 19 9459 
9119 9460 19 2116 
9461 9462 19 9137 
9463 9464 19 9459 
9465 9466 19 9467 
9468 9342 19 9137 
9469 9470 19 961 
9471 9472 19 2116 
9455 9449 19 9420 
9438 9439 19 2116 
9473 9474 19 5234 
1136 9475 19 2116 
9476 103 24 9477 19 838 
9478 9479 19 9480 
9481 9482 19 9420 
9483 9484 19 9459 
9485 9486 19 9137 
58 9487 19 9488 282 
9320 9489 19 9137 
9452 9453 7 9454 19 9420 
1221 203 
1110 24 9448 9449 
9417 7 4390 
9422 19 9450 352 187 9451 
9423 7 579 9430 
9420 
2390 46 273 7462 344 9490 9491 
5636 46 273 7462 344 9490 9492 
102 7 18 46 9456 51 6911 24 1583 
259 2362 9417 43 7 723 46 
295 46 187 187 267 24 9421 24 9422 24 9423 187 9424 187 