Subject: 22 157 4316 
54 46 22 157 4316 
5 12 15 4316 14 15 4316 
5 12 15 21391 14 1292 21392 24 
31 313 2838 127 55 21393 45 3539 2 96 21394 
14267 24 24 24 
24 24 24 87 21393 45 15 11356 5610 11734 24 24 24 
24 24 24 87 21393 45 15 1276 17125 24 24 24 
31 313 19163 23 943 1279 23 943 
407 28 84 940 939 20420 24 24 24 
112 313 2 254 1277 1499 416 12050 641 536 24 
249 5 869 12 15 5414 14 221 1191 24 
139 5121 313 40 2849 20 1771 133 15 1177 14 
15 7640 24 24 24 
24 24 24 20 258 522 12893 6261 40 25 34 1286 313 
20 682 22 3525 24 
14097 1468 344 7 355 7 19373 7 21395 56 2308 2411 60 