Subject: 1468 12894 10910 19 1267 21050 24 24 24 24 24 24 24 24 24 21051 
925 3614 19 
1468 12894 10910 19 1267 21050 219 
313 413 1615 15 3650 313 433 24 24 24 
40 156 17 1685 85 2030 24 24 24 
40 18818 221 17 17151 24 24 24 
8943 24 24 24 230 313 87 17 5256 1728 
40 156 17 85 2030 20 17063 24 24 24 
3688 432 5231 1872 87 433 24 24 24 
567 2549 9547 14 3606 80 462 5435 40 1050 19 1499 215 313 219 219 
17 4782 21052 19549 14 3825 3606 55 4782 10910 24 
312 313 625 91 2037 5875 19 15586 20 14542 80 
1274 40 1863 5435 22 365 14 18354 13544 24 25 247 2 3 3765 19 
240 313 3683 19 17 6460 167 19 87 31 313 80 14018 19 18062 
87 13703 55 22 142 88 24 129 569 35 22 2698 230 313 219 
553 413 1215 239 
470 413 1215 230 22 2698 45 3290 1037 435 20 593 219 
390 34 260 313 219 
390 34 1639 313 904 240 21053 10910 24 
5 3650 415 40 35 462 5435 19 
258 21 40 
313 239 
10910 45 1920 3503 24 335 40 1920 1982 19 2742 24 335 80 397 219 
10910 1 2 3 151 40 35 13406 149 19 4284 219 
10910 413 35 3022 230 1050 553 80 87 464 17850 87 1499 
151 3089 4924 24 
4373 17 21054 14 15 1468 3273 20241 19 
259 2362 522 43 7 723 490 20 1709 17 2353 
323 219 
350 19042 46 187 187 267 24 21055 24 1442 
1 2 3 2009 19 5 12 22 935 333 1317 354 5 15554 895 2465 219 
234 91 2698 1277 19 347 8943 9529 333 175 219 
31 313 1121 5 71 236 87 406 215 40 35 7604 45 522 885 46 
350 902 
295 46 187 187 267 24 21056 24 1583 