Subject: 10507 3395 2436 24 349 184 24 364 
7 1455 7 40 15 288 3105 864 56 10508 60 3395 19 2233 2059 
467 30 10519 19 157 320 19 3105 1298 19 20 630 24 
1415 763 768 1565 102 4229 96 922 102 3 3 102 3876 
1177 3029 
1192 2059 467 3105 2128 30 
1192 288 56 8729 60 349 3026 2128 1277 123 
1192 3610 2120 14 288 349 230 1835 1277 123 
1192 288 56 8729 60 1134 1674 344 24 344 38 10592 344 24 344 1595 
1192 288 56 8729 60 2435 850 888 344 24 344 1595 
1192 288 352 763 56 8729 60 888 1595 
1192 288 1841 20 1733 897 56 8729 60 1595 
1192 10520 56 8729 60 888 2887 344 24 0 1595 
1192 10522 56 8729 60 344 24 344 24 344 523 1832 2887 
1595 
1220 15 10507 
1192 157 55 15 10507 
1192 10593 15 288 56 8729 60 2525 154 
3105 1298 20 294 
1192 264 3105 10525 56 10508 60 3411 
1192 433 374 379 239 
1192 288 56 8729 60 1134 1674 1177 1733 
1192 288 56 8729 60 1134 1674 3105 10594 1233 460 
1192 2362 264 2 96 157 288 1056 43 723 
1192 918 3105 3029 
7 7 7 7 7 7 7 7 7 7 7 7 7 7 7 7 7 7 7 7 7 7 7 7 7 7 7 7 7 7 7 7 7 
475 3876 968 763 1421 768 3 1565 102 4229 96 
2059 467 3105 2128 30 24 15 194 288 56 8729 60 1194 
30 12 1277 123 230 2629 55 15 10507 46 288 1380 
2044 344 24 349 19 288 56 8729 60 1258 2687 230 1188 7 5145 2070 19 288 56 8729 60 349 
1835 3610 2120 2128 24 40 467 19 125 
295 46 187 187 3105 24 288 24 264 24 53 187 3105 187 
288 56 8729 60 349 3026 2128 1277 123 230 2629 24 2775 
412 7 9510 1667 56 8729 60 344 24 349 19 288 56 8729 60 349 230 2652 2425 187 4168 187 1854 12 1468 40 
2629 20 400 71 7079 38 2042 6897 24 5 2128 10595 
654 4895 40 15 288 1194 20 124 1594 1667 344 24 344 24 288 349 8730 
157 2442 40 15 288 1194 76 288 56 8729 60 349 763 19 
9935 19 2964 833 877 19 523 2070 19 288 3891 
850 19 3143 19 1079 1480 19 1462 6032 19 1840 
858 19 20 288 897 5989 3685 56 6814 60 24 
654 10533 151 416 3159 40 10555 56 8729 60 845 19 288 
855 19 288 1847 251 10596 56 3149 60 19 288 305 19 288 860 
8379 56 2558 56 8729 60 60 19 10597 19 288 2680 56 1942 60 19 20 288 1669 
897 56 1686 60 24 1502 10533 289 46 1835 56 8729 60 1669 
158 379 19 606 7732 230 1670 1674 19 4838 606 
5988 20 1697 3370 19 4913 10598 19 1669 852 1686 
2696 19 1499 71 333 56 10599 60 7631 19 169 1636 19 20 3149 24 15 
288 1194 100 2695 10600 2361 40 1725 6874 55 
4871 10601 24 
288 349 2695 288 2660 1832 56 10602 60 20 288 10603 7 71 19 124 
379 56 288 1057 1737 10604 897 20 10605 897 60 19 
20 2035 10606 24 
9710 10533 289 1079 251 850 56 6542 
8399 19 4551 19 20 5344 3671 60 24 1091 246 136 15 288 
349 763 888 40 530 22 10607 7 10608 19 575 7 5793 5220 14 8399 19 
8975 19 10609 20 458 3622 1781 24 230 4870 
203 133 288 349 19 125 
295 46 187 187 288 24 264 24 53 187 320 187 1667 187 344 24 349 187 
3610 2120 14 15 288 56 8729 60 349 230 1835 56 8729 60 1277 123 24 3109 
40 3512 7968 1502 20 8740 40 1162 7 1460 288 
1054 1052 71 15 1835 918 1832 19 5 2128 
2695 585 10610 1462 14 15 288 1057 1737 56 10116 60 1052 71 15 
1840 2235 14 15 1667 24 15 1629 80 91 288 1054 
153 55 1835 413 1277 942 45 15 3159 1502 10611 14 593 
40 334 10612 24 
5 4264 288 10116 2695 585 10613 1499 7 71 7 333 56 10599 60 4903 19 
1669 1509 19 1504 7 158 10614 19 20 22 170 7 14 7 15 7 6079 606 
29 38 1199 19 10615 1697 3370 24 5670 38 15 
10616 918 5975 14 1835 5 2128 10542 22 6630 
7619 19 6279 4166 19 20 630 3793 2660 1832 230 
326 288 1054 24 
390 80 917 230 10617 526 45 3645 84 5 12 2650 15 
303 943 40 6022 3742 10618 1896 40 15 3026 2128 24 
259 146 17 489 40 1835 479 1667 447 479 526 51 264 24 53 
40 467 2629 19 125 
295 46 187 187 267 24 264 24 53 187 1835 187 288 
288 56 8729 60 1134 1674 56 10619 60 344 24 344 38 10592 344 24 344 1595 24 15 10619 344 24 344 
230 1667 56 8729 60 344 24 344 1051 530 1502 20 4849 10606 19 
10620 10621 888 19 22 157 10531 391 20 1303 19 20 22 157 578 1413 1369 288 
10136 24 10619 344 24 344 12 10576 84 578 1413 1369 288 19 237 10622 91 
15 10592 2341 10623 84 1260 55 221 1667 344 24 344 19 3138 2806 24 
25 100 10542 313 40 10578 17 10619 7 1387 1177 84 578 1413 1369 288 24 
230 630 203 19 125 
295 46 187 187 288 24 264 24 53 187 320 187 10619 
288 56 8729 60 2435 850 56 10624 60 888 344 24 344 1595 24 1637 5803 14 
1849 2435 90 608 288 2266 20 1054 24 6542 15 
10614 19 1612 19 224 19 20 2904 14 7834 
9435 84 590 84 513 333 7 1387 2435 19 76 4888 20 4985 24 
5 344 24 344 2128 14 15 6821 888 12 22 4982 7 1194 655 1869 
6043 71 15 288 1272 3685 91 1637 3645 40 
1580 2418 230 432 288 3138 56 8729 60 1832 3446 
1667 56 8729 60 344 24 344 24 40 467 19 125 
288 352 763 56 8729 60 888 1595 24 8730 15 3711 7 14 7 400 1691 14 15 288 
1272 3685 40 352 763 3645 19 10625 15 10626 91 249 
1002 4994 413 205 3705 352 763 1054 24 233 15 
288 352 763 888 130 1445 55 15 1747 7 4919 288 1194 19 3645 80 
136 5 352 763 1272 2035 40 853 1054 91 1623 574 40 312 
575 7 2249 352 763 7342 422 15 1747 19 2046 14 15 6359 
1194 24 
123 1468 3501 354 295 46 187 187 288 24 264 24 53 187 320 187 288 7 2435 187 352 763 187 20 
55 15 2126 2128 14 1002 51 264 5464 7 5465 71 2059 3377 24 230 630 
203 19 2362 295 46 187 187 264 24 53 187 10627 187 288 352 763 24 
288 1841 20 1733 897 56 8729 60 56 10628 60 1595 24 22 288 2036 
2044 465 288 1054 38 22 6199 897 40 507 
1841 20 1733 2070 71 15 918 19 84 13 14 15 288 
918 888 545 19 10628 10542 10629 8379 40 5660 
918 1841 20 1733 2070 24 3645 413 1277 853 
3421 20 10630 1733 7 3433 1054 136 5 1056 
2036 24 40 467 19 125 
295 46 187 187 288 24 264 24 53 187 320 187 10628 187 
10520 56 8729 60 888 2887 344 24 0 1595 24 10520 12 22 157 
288 523 1832 230 7860 4921 5859 24 3645 
400 10520 40 611 22 1090 14 320 76 4309 10631 19 
10632 19 154 1612 19 10265 19 5412 10633 19 20 
3537 10634 20 10635 24 10520 1054 159 55 
23 7 333 97 2419 19 20 80 10610 230 15 3356 14 1503 
606 10636 20 1053 4242 10637 24 40 2333 15 2887 
20 230 630 203 19 125 
10522 56 8729 60 344 24 344 24 344 523 1832 56 10638 60 2887 123 24 
585 2543 40 15 10522 344 24 344 888 2887 19 5 2022 
4836 15 7672 91 15 10638 525 40 288 1054 24 10638 
12 22 288 56 8729 60 523 1832 91 3302 30 1869 71 15 
288 1272 3685 24 15 10638 3405 15 30 1438 14 
8741 1054 153 55 4803 5055 5859 83 84 545 7 1824 
2380 20 2859 10631 1878 631 10627 7667 24 40 2333 15 
2887 20 230 630 203 19 125 
7 7 7 7 7 7 7 7 7 7 7 7 7 7 7 7 7 7 7 7 7 7 7 7 7 7 7 7 7 7 7 7 7 
139 1565 96 139 763 102 3 720 102 1415 763 768 
157 55 15 10507 24 374 1783 2233 209 916 38 288 349 
124 20 7627 19 136 3143 38 288 349 19 288 349 7088 46 
2258 25 221 2764 24 
10593 15 288 56 8729 60 2525 154 24 55 2781 334 19 1135 19 264 
2888 19 483 24 19 931 15 288 2525 154 230 15 
1885 20 7779 14 288 648 2537 28 15 4260 
288 2525 24 5 6121 154 34 2533 393 71 15 
1374 19 2450 19 20 1885 14 288 10521 28 10639 22 2001 
230 1935 10640 20 1174 10640 40 5616 24 25 12 3109 40 35 
1504 19 1065 19 20 6650 40 22 517 1090 14 1299 9314 3719 
71 15 288 2525 323 24 230 180 203 19 125 
7 7 7 7 7 7 7 7 7 7 7 7 7 7 7 7 7 7 7 7 7 7 7 7 7 7 7 7 7 7 7 7 7 
763 102 674 102 922 968 475 102 3876 475 3876 968 103 3876 22 1338 96 22 1565 763 3876 102 96 968 1421 3876 768 102 96 
264 3105 10525 56 10508 60 3411 123 24 22 869 7 1495 848 
230 15 2360 2124 14 30 19 124 20 1216 3790 40 
1823 1054 55 15 1835 56 8729 60 97 1832 20 288 
1194 24 2191 6705 80 123 40 3409 40 46 1134 
1262 19 3600 1262 20 918 1262 24 1573 10641 
869 7 1193 19 512 7 166 2042 1262 3411 2444 124 20 
320 40 4286 15 1438 14 3645 14 221 2152 20 292 
5194 24 230 630 203 87 40 2353 22 3411 19 125 46 
433 374 379 239 3283 264 379 467 24 3109 40 35 1797 
20 10571 19 525 467 40 1885 379 230 288 648 
20 15 1835 97 1832 24 2444 1065 10572 230 
614 10573 20 6785 910 264 3105 30 4307 24 
230 630 203 20 123 2148 19 125 
288 56 8729 60 1134 1674 56 10619 60 1177 1733 24 80 313 1064 
5197 320 91 1286 400 14 288 1134 1674 239 10642 15 
10643 14 17 1177 40 15 288 2525 28 10644 17 1177 71 
15 10619 1733 24 15 10619 1733 12 22 157 1694 40 15 288 
482 4850 24 5 860 6875 28 264 2888 10542 313 
40 1423 230 320 28 1827 19 370 19 1177 369 19 87 1310 4630 24 
15 10619 1733 12 22 1468 250 40 1310 17 320 40 3645 
20 918 2485 917 230 498 10619 7 3433 320 24 230 630 
203 19 125 
288 56 8729 60 1134 1674 56 10619 60 3105 10594 1233 460 24 592 40 
15 288 349 10619 3105 10594 4022 28 264 2888 20 10645 5091 24 
234 17 394 593 20 153 38 5 4075 157 1194 2128 24 
1771 904 40 10646 17 1667 56 8729 60 344 24 344 1198 1277 24 2995 1062 4895 19 
1771 904 40 10646 45 10647 40 10592 20 1679 20 3382 10592 187 10647 
845 19 20 630 24 234 4805 20 3852 1243 45 15 264 2888 
1885 394 219 
5557 20 5674 46 
1618 2286 7 2072 46 7006 3513 
1618 1171 7 1172 46 3509 19 3510 
4495 344 7 349 46 10648 950 
4495 364 7 63 46 6950 19 10649 
4495 334 7 336 46 8218 10650 19 484 
4495 2282 7 447 46 10651 19 8786 
592 40 869 2549 87 1935 19 249 1920 10652 108 2549 24 230 630 203 125 
295 46 187 187 267 24 10645 7 5091 24 53 
2362 264 2 96 157 288 1056 43 723 24 869 7 350 467 40 22 2891 1060 
14 203 19 76 288 648 7 1175 1056 3546 19 
2385 3400 2939 19 1177 20 2385 3029 19 22 288 30 
482 4850 84 590 84 22 10567 14 3029 3728 1266 40 288 
648 3029 24 40 467 19 125 
295 46 187 187 288 24 264 24 53 187 1056 
918 3105 3029 24 125 15 2781 2543 55 15 288 56 8729 60 
30 3105 5287 1298 106 19 22 5288 3802 28 9871 19 2801 19 
1563 19 10653 19 20 1851 19 20 264 24 683 10654 19 374 379 
294 19 4298 20 10655 1298 19 20 630 45 936 
4624 24 40 467 125 46 
295 46 187 187 288 24 264 24 53 187 10656 187 
24 24 24 24 24 24 24 24 24 24 24 24 24 24 24 24 24 24 24 24 24 24 24 24 24 24 24 24 24 24 24 24 24 24 24 24 24 24 24 
7 934 
15 401 55 15 10507 884 885 80 532 230 9 264 
2888 56 8729 60 4951 249 24 40 4458 17 370 45 15 885 19 125 
3409 187 285 490 24 
7 526 
489 239 146 17 526 55 15 10507 3395 40 46 
10582 51 264 24 53 
7 3409 187 285 
15 10507 3395 12 445 40 313 233 313 3081 40 3409 
150 313 610 84 22 10507 3403 24 40 285 45 5 
3395 20 432 458 10507 286 19 1463 40 15 194 86 
20 666 15 286 86 313 1870 40 4458 45 15 884 885 46 
40 1634 22 10507 3403 20 3409 40 5 3395 1463 40 46 
295 46 187 187 288 24 264 24 53 187 10507 187 
7 293 
313 2 1278 683 15 10507 3395 293 354 15 194 86 46 
7 4008 
4008 1135 264 2888 19 483 24 221 6261 6413 24 
10583 3492 1574 8933 19 7278 7279 19 3494 10584 961 
5 2022 12 3127 28 4008 24 230 630 203 19 125 46 
295 46 187 187 288 24 264 24 53 187 10507 187 4008 24 298 
10507 3395 
2436 24 349 184 24 364 
2781 2286 19 1135 