Subject: 4998 
4998 
7037 7 7769 
157 1451 2417 55 
3483 203 224 56 10174 60 
139 5121 313 40 146 682 22 1451 1374 230 22 157 1451 2417 3844 10175 3483 
203 224 10176 40 35 2778 28 7037 7 7769 24 
15 194 6488 34 35 543 230 3601 46 
56 344 60 2546 
56 349 60 10177 1597 841 7 2050 4616 2546 
56 352 60 829 10178 
56 364 60 1840 2546 
56 63 60 10179 
922 24 768 24 2440 19 3236 19 682 19 35 56 10180 60 19 10181 137 56 9365 60 
2417 2433 
480 10182 19 
3884 7 324 
278 14 283 9365 19 10183 
15 10184 10185 19 7977 10186 
9365 
2482 46 273 7578 334 10187 10188 
280 46 273 7578 334 10187 10189 
286 46 922 24 2440 51 10190 24 4178 24 2878 
56 259 3283 40 1603 60 
10182 10191 4390 
7459 2487 343 55 
116 7 1387 3251 203 2069 2419 
833 10192 1216 
343 2178 46 7326 7 10193 278 19 7326 19 2096 
343 5557 46 892 19 491 19 334 2135 19 4390 
286 46 10182 4390 51 10194 24 265 24 2116 
43 46 295 46 187 187 267 24 10195 24 265 24 2116 187 10182 187 10182 4390 187 
1242 80 4686 230 10182 2 4390 19 237 6392 40 35 22 589 2443 535 24 
10182 2 4390 4987 22 6630 2487 4592 230 15 2904 14 1036 505 
20 15 2535 14 472 55 3251 2419 20 57 19 1054 
14 3251 57 20 1175 2160 76 203 648 
20 15 1276 24 15 343 34 6892 14 8117 461 19 20 
10196 461 6106 55 15 3674 20 1054 14 116 7 1387 
3251 203 2419 76 220 21 935 40 15 194 
3123 46 7 
7 7 6012 3251 57 7 7 
6997 7569 7563 19 1737 2918 19 116 7 1387 833 2518 2419 19 
542 7 1387 7748 19 7567 20 10197 7 7567 57 19 7749 1034 19 
6997 3158 19 3251 4128 213 
7 7 1054 14 3251 2419 7 7 
10198 5816 19 4030 7625 19 4044 1612 19 7966 833 10199 
2419 19 1230 224 19 1737 833 269 1003 19 4626 833 1182 1310 
5816 20 120 19 5045 224 20 7344 19 5739 3685 
224 19 9222 5816 19 4910 10200 833 10201 19 575 10202 
2419 19 1424 1612 20 10203 1054 
7 7 10192 1216 7 7 
3451 19 1645 20 269 3451 19 531 224 833 
10204 19 1057 1058 19 841 7 2435 19 15 1276 20 43 7 1387 
1216 19 3812 7 269 2605 19 102 7 8350 19 269 10205 19 30 
57 19 7636 24 
7 7 4490 14 1242 
259 125 15 10182 4390 43 723 230 585 217 2050 2 96 4850 40 15 4770 14 
1242 217 20 458 4490 2224 24 40 2692 575 5793 19 221 1242 34 
35 10206 3806 24 221 7826 20 3817 1242 1515 35 4857 28 869 14 
15 6496 19 553 1515 2473 8020 24 4623 1242 34 35 543 230 
3601 71 15 10182 2206 24 
7 7 2443 461 7 
5659 553 406 215 40 5987 22 2443 109 14 63 7 892 1242 55 409 
1795 91 406 35 14 292 40 9661 80 4686 40 2529 2224 40 
15 343 7374 24 
7 7 7721 7 7 
10207 14 4787 20 30 19 8911 19 99 24 19 80 4686 40 1215 
40 7719 1120 320 40 15 2487 4516 91 34 342 15 
343 24 
7 7 6130 7 7 
230 1094 461 46 7 
1192 6068 14 1242 46 344 569 4390 
1192 2894 14 7361 46 344 2999 4390 
1192 3026 1242 40 1496 10182 7374 28 46 337 2999 4390 
31 313 151 416 4686 40 2944 22 1122 230 22 2443 187 4686 109 19 
259 1221 15 109 5258 230 6130 5369 40 15 109 24 3026 
1242 230 2443 187 4686 461 1515 1496 15 10182 7374 28 337 2999 
4390 24 221 5144 6496 56 1094 20 2443 187 4686 461 60 1515 
3429 38 2371 28 337 2999 4390 4637 230 1120 1242 40 248 71 
15 6362 24 
7 7 8030 19 5227 3027 7 
895 3649 8030 34 35 584 71 157 3935 3722 7 7673 19 87 129 
80 1322 1210 7 5793 8033 71 7326 24 9661 34 35 4686 40 22 
343 6484 38 10208 20 22 6121 1455 24 22 10209 343 
10210 38 2550 10211 34 35 3474 354 22 5782 2040 24 7326 12 22 
10212 5190 14 7684 20 8125 19 38 22 6525 3633 19 20 1322 7678 24 
4737 9311 10213 71 2096 19 25 4987 585 3022 2901 230 2986 
15 2977 24 
7 7 10182 7374 1221 203 7 
1192 10182 4390 12 541 4022 28 15 278 14 7326 7 10193 71 
2096 19 1094 5258 46 1565 24 10214 24 
1192 10182 4390 12 541 10215 28 15 10182 7374 354 15 
278 14 10194 19 2116 19 3522 5258 46 3876 24 1415 24 10216 
1192 10182 4390 12 13 14 15 10182 343 2417 19 
1192 9696 10217 5258 46 922 24 768 24 2440 24 
221 1221 133 10182 4390 328 35 40 46 7 
6067 86 46 
10182 7374 19 
2069 829 3259 19 2181 14 2069 19 278 14 10194 19 
10218 19 
10194 19 8738 349 364 6253 19 1131 6273 24 
286 46 10182 4390 51 10194 24 265 24 2116 
2390 46 273 2077 10219 10220 280 46 273 2077 10219 10221 
10182 4390 43 723 46 295 46 187 187 267 24 10195 24 265 24 2116 187 10182 187 10182 4390 187 
146 928 17 2224 31 313 1870 40 35 3159 40 15 10182 4390 18 885 24 
259 934 46 221 2224 462 902 80 584 71 1210 10222 19 503 141 
80 5655 20 54 40 2370 908 1362 24 
2546 
259 392 40 17 852 
56 10223 34 35 10224 40 15 4013 7 10225 1134 60 
1221 86 46 
1049 6351 6846 1827 19 10226 8933 19 10227 1146 10228 
3477 3438 983 2104 
267 24 10229 24 53 
7 7 7 7 7 7 7 7 7 7 7 7 7 7 7 7 7 7 7 7 7 7 7 7 7 7 7 7 7 7 7 7 7 7 7 7 7 
344 24 6997 1799 57 71 10230 10225 7625 20 10231 
6957 46 22 24 2440 2422 24 2423 24 
7658 46 10232 7 1755 7 10233 7 2687 
349 24 7566 3251 2069 2419 4616 28 2440 20 2440 
7658 46 10232 7 1755 7 10234 7 336 
352 24 7569 1747 5277 136 7749 1034 28 5178 10235 19 2440 20 
3538 
7658 46 10232 7 1755 7 10236 7 364 
364 24 3853 5740 14 7569 7563 3130 136 7747 
6359 28 10237 19 2440 20 3538 
7658 46 10232 7 1755 7 10238 7 491 
6911 343 6362 
211 211 211 211 211 211 211 211 211 211 211 211 211 211 211 211 211 211 211 211 211 211 211 211 211 211 211 211 211 211 211 211 211 211 211 211 211 211 211 211 211 211 211 211 211 211 211 211 211 211 211 211 211 211 211 211 211 211 211 211 211 211 211 211 211 211 211 211 211 211 211 211 211 211 211 211 1221 86 46 
6911 250 3259 19 10239 19 10240 6436 19 10241 19 8783 10242 7 10243 
961 
344 24 6362 46 59 7919 2487 343 55 116 7 1387 
3251 2069 2419 20 10192 1216 56 10182 2 59 60 
6957 46 8340 10216 20 10244 2440 
7658 0 7 10245 7 10246 7 491 
349 24 6362 46 3377 3482 2487 343 55 116 7 1387 
3251 203 2069 2419 56 10182 2 1125 60 
2433 46 10244 2440 
7658 0 7 10245 7 10247 7 364 
352 24 6362 46 1135 1624 2487 343 55 116 7 1387 
3251 1261 2419 56 10182 2 4168 60 
6957 46 10244 2440 20 1433 2440 
7658 0 7 10245 7 10248 7 892 
364 24 6362 46 1115 208 2487 343 55 116 7 1387 
3251 1261 2419 56 10182 2 6813 60 
2433 46 10244 2440 
7658 0 7 10245 7 10249 7 491 
63 24 6362 46 2762 10250 157 10251 343 55 3251 
203 2419 56 10252 6794 60 
6957 46 10253 10254 20 10244 2440 
7658 0 7 10245 7 10255 7 364 
1221 86 46 
6911 269 5013 2192 19 5055 250 3259 
10256 7714 10257 8579 19 475 24 968 24 1146 10258 19 7714 10259 19 484 10260 7 10261 19 961 
263 24 2546 51 269 24 1583 
892 24 6362 46 1261 648 6768 40 15 1193 59 56 10262 59 60 
56 2518 2419 19 7569 10263 19 7567 2419 19 7747 7630 19 531 
224 19 10264 20 1612 10265 60 
2433 46 10244 2440 
7658 0 7 10266 7 10267 7 344 
1221 86 46 
7037 7 7769 19 475 24 968 24 1146 1429 332 2395 19 763 7 10268 3013 19 1350 
2365 51 7037 24 2166 
267 24 7037 24 2166 
211 211 211 211 211 211 211 211 211 211 211 211 211 211 211 211 211 211 211 211 211 211 211 211 211 211 211 211 211 211 211 211 211 211 211 211 211 211 211 211 211 211 211 211 211 211 211 211 211 211 211 211 211 211 211 211 211 211 211 211 211 211 211 211 211 211 211 211 211 211 211 211 211 211 211 211 344 24 1036 4280 71 3674 20 1034 230 10269 4257 2814 
7569 7563 19 7037 7 7769 19 1350 19 4390 10216 19 8340 20 2440 19 10244 
56 6957 60 7658 
349 24 157 7877 71 15 1054 14 10269 4257 2814 7569 7563 19 
7037 7 7769 19 1350 19 4390 10216 19 8340 20 2440 19 10244 56 6957 60 7658 
352 24 1036 7877 71 3602 7 2767 7569 7563 19 7037 7 7769 19 
1350 19 4390 10270 19 10271 20 2440 19 10244 56 6957 60 7658 
364 24 7633 1799 71 4797 46 19 7037 7 7769 19 1350 19 4390 19 10214 19 
10272 20 2440 19 10244 56 6957 60 7658 352 7 10273 7 10274 7 892 24 
63 24 5466 5232 20 2918 46 116 7 1387 6339 19 
7037 7 7769 19 1350 19 59 2440 19 10244 56 2433 60 7658 352 7 10273 7 10275 7 352 24 
892 24 8386 71 6079 7569 7563 46 7037 7 7769 19 1350 19 59 2440 19 
10244 19 10276 19 10277 19 20 10278 19 10279 56 6957 60 7658 352 7 10273 7 10280 7 892 24 
491 24 3287 6359 230 3251 4312 2419 19 7037 7 7769 19 1350 19 
1135 2440 19 10244 20 10281 19 10282 56 6957 60 7658 352 7 10273 7 10283 7 63 
334 24 3287 6359 57 71 116 7 1387 3251 2069 
2419 19 7037 7 7769 19 1350 19 1115 24 2440 19 10244 56 2433 60 7658 
352 7 10273 7 10284 7 63 
336 24 7567 118 1047 20 1054 19 7037 7 7769 19 1350 19 1115 24 
10285 19 10286 19 
10285 19 10287 20 2440 19 10244 7658 352 7 10288 7 892 
1221 86 46 
9099 3071 8911 
4845 10289 3787 
10290 1141 
10291 19 3513 10292 19 1421 24 96 24 22 24 
344 24 2534 1054 14 7633 1799 57 19 9099 
3071 3612 19 1421 24 96 24 22 24 19 4390 24 2440 19 10244 19 20 2166 10293 19 10294 
56 6957 60 7658 
2546 
10295 2192 19 10296 
59 3341 10297 24 19 1565 24 4229 24 
10298 10299 19 10300 10301 19 961 
2365 51 10302 24 53 267 24 10302 24 53 
7037 7 7769 
475 24 968 24 1146 2027 1755 1430 19 763 7 10303 3013 19 1350 
2365 51 7037 24 2166 267 24 7037 24 2166 
211 211 211 211 211 211 211 211 211 211 211 211 211 211 211 211 211 211 211 211 211 211 211 211 211 211 211 211 211 211 211 211 211 211 211 211 211 211 211 211 211 211 211 211 211 211 211 211 211 211 211 211 211 211 211 211 211 211 211 211 211 211 211 211 211 211 211 211 211 10244 2440 24 56 2433 60 19 10295 2192 961 213 
4730 14 2069 20 203 2419 20 1120 
1054 24 
7658 0 7 10304 7 10305 7 2687 
7 7 7 7 7 7 7 7 7 7 7 7 7 7 7 7 7 7 7 7 7 7 7 7 7 7 7 7 7 7 7 7 7 7 
10244 2440 213 4517 3538 19 10306 270 20 648 1315 213 
10287 10307 19 10308 278 213 20 10309 10310 19 278 14 
3494 7 10311 24 56 6957 60 
116 7 1387 3251 57 71 1056 
7658 0 7 10304 7 10312 7 491 
7 7 7 7 7 7 7 7 7 7 7 7 7 7 7 7 7 7 7 7 7 7 7 7 7 7 7 7 7 7 7 7 7 7 
10244 2440 213 20 10313 2166 7980 19 278 14 10314 
10315 24 56 6957 60 
3251 6601 10316 46 4044 1054 
7658 0 7 10304 7 10317 7 352 
7 7 7 7 7 7 7 7 7 7 7 7 7 7 7 7 7 7 7 7 7 7 7 7 7 7 7 7 7 7 7 7 
10244 2440 213 20 10318 891 19 278 14 283 9365 56 6957 60 
6879 14 7569 7563 19 7567 2419 19 20 7749 1034 46 
4044 1054 
7658 0 7 10304 7 10319 7 63 
7 7 7 7 7 7 7 7 7 7 7 7 7 7 7 7 7 7 7 7 7 7 7 7 7 7 7 7 7 7 7 7 7 
10320 7 10321 10322 19 10323 10324 19 278 14 283 7922 213 
20 10244 2440 56 6957 60 
7567 20 10197 7 7567 2419 71 1059 
7658 0 7 10304 7 10325 7 344 
7 7 7 7 7 7 7 7 7 7 7 7 7 7 7 7 7 7 7 7 7 7 7 7 7 7 7 7 7 7 7 7 7 7 
9570 10326 20 922 24 1338 24 10327 19 278 14 10328 56 6957 60 
4044 1054 14 7749 1034 
7658 0 7 10304 7 10329 7 0 
7 7 7 7 7 7 7 7 7 7 7 7 7 7 7 7 7 7 7 7 7 7 7 7 7 7 7 7 7 7 7 7 7 7 
9570 10326 19 2534 1054 14 7633 1799 230 
6601 10330 19 278 14 10328 56 6957 60 
4044 1054 14 7749 1034 
7658 0 7 10304 7 10329 7 0 
7 7 7 7 7 7 7 7 7 7 7 7 7 7 7 7 7 7 7 7 7 7 7 7 7 7 7 7 7 7 7 7 7 7 
10244 2440 213 20 10277 10276 19 278 14 1873 56 6957 60 
116 7 1387 3251 57 71 3622 7244 
7658 0 7 10304 7 10331 7 2687 
7 7 7 7 7 7 7 7 7 7 7 7 7 7 7 7 7 7 7 7 7 7 7 7 7 7 7 7 7 7 7 7 7 7 
10244 2440 213 20 10332 10333 19 278 14 3494 7 7288 56 6957 60 
4044 1054 14 7569 7563 
7658 0 7 10304 7 10334 7 336 
7 7 7 7 7 7 7 7 7 7 7 7 7 7 7 7 7 7 7 7 7 7 7 7 7 7 7 7 7 7 7 7 7 7 
10320 7 10321 10322 19 10323 10324 19 278 14 283 7922 213 
20 10244 2440 56 6957 60 
3287 6359 57 71 3812 7 1175 270 
7658 0 7 10304 7 10335 7 336 
7 7 7 7 7 7 7 7 7 7 7 7 7 7 7 7 7 7 7 7 7 7 7 7 7 7 7 7 7 7 7 7 7 7 
10244 2440 19 10279 10278 19 2747 3467 374 10336 213 139 24 
10337 19 10338 278 213 10339 7 10340 8258 19 4302 10341 278 213 20 
10342 10343 19 10338 278 56 6957 60 
3251 9784 57 71 10344 20 3633 7244 
7658 0 7 10304 7 10345 7 0 
10295 2192 19 10296 
59 3341 10297 24 19 1565 24 4229 24 
10298 10299 19 10300 10301 19 961 
2365 51 10302 24 53 267 24 10302 24 53 
7037 7 7769 
475 24 968 24 1146 2027 1755 1430 19 763 7 10303 3013 19 1350 
2365 51 7037 24 2166 267 24 7037 24 2166 
211 211 211 211 211 211 211 211 211 211 211 211 211 211 211 211 211 211 211 211 211 211 211 211 211 211 211 211 211 211 211 211 211 211 211 211 211 211 211 211 211 211 211 211 211 211 211 211 211 211 211 211 211 211 211 211 10346 6322 19 278 14 10347 354 10348 
7633 1799 230 121 379 
7658 0 7 10304 7 10349 7 344 
7 7 7 7 7 7 7 7 7 7 7 7 7 7 7 7 7 7 7 7 7 7 7 7 7 7 7 7 7 7 7 7 7 7 
10320 7 10321 10322 19 10323 10324 19 278 14 283 7922 
1337 7567 2419 20 10350 1054 
7658 0 7 10304 7 10351 7 334 
7 7 7 7 7 7 7 7 7 7 7 7 7 7 7 7 7 7 7 7 7 7 7 7 7 7 7 7 7 7 7 7 7 7 
10352 10353 19 3273 278 3521 213 20 10244 2440 
56 6957 60 
10354 7569 7563 46 1865 20 1054 
7658 0 7 10304 7 10355 7 352 
7 7 7 7 7 7 7 7 7 7 7 7 7 7 7 7 7 7 7 7 7 7 7 7 7 7 7 7 7 7 7 7 7 7 
10356 10357 19 278 14 10358 213 20 10244 2440 56 6957 60 
7567 2918 20 1054 
7658 0 7 10304 7 10359 7 352 
7 7 7 7 7 7 7 7 7 7 7 7 7 7 7 7 7 7 7 7 7 7 7 7 7 7 7 7 7 7 7 7 7 7 
10244 2440 213 20 4703 1537 10360 19 278 14 10361 56 6957 60 
1036 7877 71 6997 7569 7563 46 1865 20 1054 
7658 0 7 10304 7 10362 7 63 
7 7 7 7 7 7 7 7 7 7 7 7 7 7 7 7 7 7 7 7 7 7 7 7 7 7 7 7 7 7 7 7 7 7 
10320 7 10321 10363 19 278 14 283 7922 213 20 922 24 768 24 2440 
56 6957 60 
3251 2419 20 57 71 10364 2069 
7658 0 7 10304 7 10365 7 491 
7 7 7 7 7 7 7 7 7 7 7 7 7 7 7 7 7 7 7 7 7 7 7 7 7 7 7 7 7 7 7 7 7 7 
3903 10366 19 9336 9337 10367 278 
6819 4297 2419 
7658 0 7 10304 7 10368 7 2687 
7 7 7 7 7 7 7 7 7 7 7 7 7 7 7 7 7 7 7 7 7 7 7 7 7 7 7 7 7 7 7 7 7 7 
10369 10370 19 22 24 10371 19 768 24 10372 19 763 24 7761 20 96 24 9706 19 
7967 2166 10373 2166 9371 
10264 1865 14 7567 1723 7 1387 2419 
7658 0 7 10304 7 10374 7 491 
7 7 7 7 7 7 7 7 7 7 7 7 7 7 7 7 7 7 7 7 7 7 7 7 7 7 7 7 7 7 7 7 7 7 
10375 10376 19 278 14 9605 
1337 116 3353 
7658 0 7 10304 7 10377 7 344 
7 7 7 7 7 7 7 7 7 7 7 7 7 7 7 7 7 7 7 7 7 7 7 7 7 7 7 7 7 7 7 7 7 7 
10277 10276 19 278 14 1873 213 763 24 10378 19 278 14 
1873 213 20 10244 2440 
7567 8674 20 1120 523 40 118 20 5277 
7658 0 7 10304 7 10379 7 892 
7 7 7 7 7 7 7 7 7 7 7 7 7 7 7 7 7 7 7 7 7 7 7 7 7 7 7 7 7 7 7 7 7 7 
10277 10276 19 278 14 1873 213 763 24 10378 19 278 14 
1873 213 922 24 768 24 2440 213 20 22 24 10378 19 278 2166 10380 
7747 6359 20 1054 
7658 0 7 10304 7 10381 7 334 
7 7 7 7 7 7 7 7 7 7 7 7 7 7 7 7 7 7 7 7 7 7 7 7 7 7 7 7 7 7 7 7 7 7 
1338 24 8711 19 278 8943 6298 213 3876 24 10382 19 278 14 
10383 213 20 103 24 10384 19 278 14 10385 
6491 10200 71 834 
7658 0 7 10304 7 10377 7 344 
2487 2206 14 116 7 1387 3251 2069 2419 19 10386 46 
10387 7 10388 
3411 2353 1621 
259 180 5 1621 20 427 25 40 15 10182 7374 56 2206 1138 60 46 7 
6067 86 46 10182 7374 56 2206 1138 60 19 2069 829 
3259 19 2181 14 2069 19 278 14 10194 19 10218 19 10194 19 
8738 349 364 6253 19 1131 6273 24 
286 46 10182 24 2206 51 10194 24 265 24 2116 43 723 46 267 24 10194 24 265 24 2116 187 10182 187 2206 187 
280 46 273 2077 10219 10221 
2433 71 3528 46 1110 3876 24 1415 24 10216 1149 46 273 2077 10219 10389 
4390 3411 3461 56 76 10390 20 10391 60 230 6639 1238 14 15 
2206 108 10392 56 331 19 3401 19 3491 20 4325 60 80 84 2024 56 259 
6069 237 5225 313 903 60 46 7 
5225 2458 10393 22 1146 
344 24 8713 5225 547 15 2116 5389 2116 8940 
349 24 8713 5225 361 15 2116 2397 2116 8940 
352 24 3504 5225 547 15 2116 2287 2116 8940 
364 24 3504 5225 361 15 2116 2395 2116 8940 
370 14 
86 14 
259 6069 17 251 14 2371 46 7 
494 497 139 1870 40 2473 28 4924 10394 20 226 2224 80 46 
370 14 10394 
24 24 24 24 24 24 24 24 24 24 24 24 24 24 24 24 24 24 24 24 24 24 24 24 24 24 24 24 24 24 24 24 24 24 24 24 24 24 24 
10394 
10394 369 56 139 24 102 24 2955 19 10395 19 10396 60 
10394 10397 
672 56 31 200 1621 28 7892 
24 24 24 
494 497 139 8939 22 8028 939 8029 40 10175 278 14 10194 10176 24 
494 497 259 146 682 22 6068 56 184 1601 60 24 
494 497 259 134 682 38 585 10398 56 5 34 1308 585 1555 
7369 1601 14 345 2116 8940 60 
230 2371 1225 28 4596 1990 259 1221 15 10182 7374 230 
3413 24 