Subject: 267 345 1122 4490 9861 7 7 259 1603 219 
7 7 7 7 7 9862 2461 6 7 7 7 7 7 
192 45 9863 51 8593 24 9864 24 4178 24 9338 264 6913 3327 2348 46 1171 46 2286 59 
45 46 9863 51 8593 24 9864 24 4178 24 9338 
40 46 267 345 7403 51 9865 24 53 19 9866 51 263 24 9867 24 4178 19 9868 51 263 24 4144 7 3921 24 2166 19 9869 51 9870 24 9871 24 53 19 
9872 51 928 24 2801 24 53 19 9873 51 263 24 9874 24 4178 19 9875 51 263 24 3953 24 4178 19 
9876 51 9877 24 25 19 9878 51 7479 24 4178 19 9879 51 263 24 9880 24 4178 19 
9881 51 829 24 9882 24 53 19 9883 51 263 24 9884 24 4178 19 9885 51 4229 352 24 1583 19 
9886 51 9887 24 5093 19 9888 51 263 24 4127 24 4178 19 9889 51 3373 24 1583 19 
4885 51 9890 24 53 19 9891 51 263 24 9892 24 4178 19 9893 51 263 24 9894 24 4178 19 
9895 51 1157 24 1031 24 689 19 9896 51 263 24 9897 24 4178 19 9898 51 263 24 9899 24 4178 19 
9900 51 2180 24 9901 24 4178 19 9902 51 9903 24 53 19 9904 51 9905 24 9906 24 25 19 
9907 51 18 24 53 19 9908 51 928 24 2801 24 53 19 9909 51 9910 24 4178 19 
9911 51 9899 24 4178 19 9912 51 647 24 1599 24 9913 24 4178 24 4931 19 9914 51 263 24 8815 24 4178 19 
9915 51 263 24 9916 24 4178 19 9917 51 829 24 9882 24 53 
54 46 267 345 1122 4490 9861 7 7 259 1603 219 
925 267 345 1552 1728 19 
84 267 345 7655 1122 4490 4637 12 9918 19 259 
260 40 1603 15 7587 267 345 383 230 1242 84 22 9861 24 
259 934 91 15 4775 336 4637 12 1253 9919 24 
7 7 7 7 7 7 7 7 7 7 7 7 7 7 7 7 7 7 7 7 7 7 7 7 7 7 7 7 7 7 7 7 7 7 7 3170 902 7 7 7 7 7 7 7 7 7 7 7 7 7 7 7 7 7 7 7 7 
56 390 1302 31 313 1121 507 4959 14 5 383 60 
383 230 1242 
15 9920 2487 1049 517 43 343 
56 267 345 60 
9336 9337 9921 3259 
569 344 7 63 19 4390 
295 46 187 187 267 345 24 1583 
33 5557 
7 7 7 7 7 7 7 7 7 7 7 7 7 7 7 
1122 4490 4637 46 4775 332 19 59 56 22 9919 4637 219 60 
2894 40 6496 46 331 658 19 4390 
3026 1122 4548 46 1280 658 19 4390 
5158 
7 7 7 7 7 7 7 7 7 7 
1049 517 43 343 56 267 60 12 15 4511 4797 14 221 43 7 1175 
3398 24 25 8398 15 1049 2 96 404 43 3613 84 4511 
4797 312 40 15 1049 2 96 404 9922 24 
9923 40 3436 15 43 40 537 1284 4633 71 15 275 1656 
3560 19 267 345 34 1317 22 4592 230 43 5659 20 
7559 40 1914 19 5392 19 20 9511 15 1443 593 7 40 7 61 
43 57 20 203 24 9924 45 1056 19 2195 19 20 
4782 34 3719 15 2360 4280 71 43 648 24 
3645 34 854 1120 1443 1036 29 20 30 
8386 230 15 43 24 574 34 5392 15 1238 20 1035 
5182 15 43 2525 24 660 15 43 2444 22 1049 7 517 
864 38 8942 4028 1057 3012 5664 19 267 345 34 
530 22 9802 2040 240 1728 14 15 43 2525 413 
9925 71 575 9926 40 4286 3633 7 40 7 3633 20 899 24 
15 343 34 6892 14 7655 1122 461 19 4995 
461 19 22 3817 2367 19 22 4229 352 768 2367 19 20 1739 2137 9927 
76 4549 19 102 7 8350 55 15 43 19 1492 20 15 43 19 9303 
2367 19 43 20 4298 19 43 19 20 43 20 
5013 24 15 343 34 35 8205 28 22 2549 14 2151 20 
2139 19 20 34 633 38 22 3645 2 2549 24 
267 345 12 7096 4022 28 15 4551 278 14 9336 9337 19 
15 278 14 9336 9337 19 9336 9337 278 14 270 20 
648 19 9336 9337 9928 4774 19 9929 20 3456 9930 
9931 56 3473 60 883 24 19 15 9336 9337 203 648 
9716 19 20 15 9336 9337 43 7026 5542 24 
15 2487 1049 517 43 3398 80 617 14 15 
2487 1049 517 43 343 2155 56 9932 352 768 349 60 19 20 
80 5712 28 9933 7110 19 483 24 
15 194 12 22 1174 7 6605 885 14 3123 14 292 46 
968 4291 20 9934 968 1781 20 2768 
968 43 9935 968 8740 14 43 1590 
968 3251 4128 968 3251 1423 1444 
968 2770 117 968 166 897 20 2916 
968 295 20 2755 968 4028 858 
968 1502 20 6776 968 4131 55 15 43 
968 6578 968 3130 1238 
968 9936 19 2211 19 9937 968 1841 20 6785 
968 23 7 333 2418 379 968 4945 20 5167 
968 6776 20 236 7343 968 855 
968 1261 8350 968 4911 20 7626 
968 4123 1216 968 3456 20 9938 
968 43 4173 3489 968 203 44 
968 2418 20 9435 968 1426 2419 
968 269 1002 968 1057 1058 
968 508 20 124 968 3551 20 2152 
968 1188 968 43 9939 
3305 1242 328 3719 443 3200 14 9940 157 
505 71 2160 91 413 35 6941 56 1047 19 4973 19 57 19 
4736 60 19 7770 56 5289 19 542 5298 60 19 87 2235 7 
3117 56 157 2419 19 124 19 5874 19 166 2605 60 24 1242 
328 3749 1709 15 505 547 15 2196 19 5937 1175 505 19 
20 2197 6069 15 5466 2189 14 15 505 20 537 
5820 40 15 1885 14 15 1049 517 43 24 1242 34 35 
7655 28 585 2487 930 2155 19 20 7352 1242 
34 35 2778 71 15 267 345 343 6362 24 404 1122 19 
404 2904 19 20 404 3817 1123 34 35 4857 354 15 
343 24 
2224 14 15 1122 4490 154 12 937 55 15 267 345 43 
723 354 295 46 187 187 267 345 24 1583 187 24 
7 7 7 7 7 2249 2461 6 7 7 7 7 7 