Subject: 37 46 313 151 1950 219 
1133 7676 
1133 
7676 
14008 
6002 219 
500 312 313 312 38 17 2792 1468 1702 12 593 40 313 219 
28 6428 230 15 
1468 7676 
313 34 35 2655 71 15 10893 230 
364 
4628 5566 19128 
576 
71 15 19887 928 
313 2 254 13369 230 22 536 40 3416 869 14 522 12893 
7676 5718 24 24 24 
17705 17706 87 17707 
7921 
22634 19 2929 
22635 
17710 19 14077 
3486 3487 
350 902 230 630 2224 
17 8362 370 
130 2655 71 522 3502 24 
31 313 312 21 1870 40 5616 71 3655 14008 19 259 
350 902 24 