Subject: 11269 1629 
7 7 
192 192 192 192 3409 4726 7 885 51 263 24 10115 24 6072 839 51 840 24 836 24 689 
1192 1192 1192 1192 17 199 40 1227 51 263 24 10115 24 6072 46 
1192 1192 1192 1192 
1192 1192 1192 1192 3409 4726 7 885 839 51 840 24 836 24 689 
1192 1192 1192 1192 
1192 1192 1192 1192 1515 35 14539 24 40 3096 5 19 641 199 1515 35 
1192 1192 1192 1192 445 71 38 585 12973 1062 19 237 415 416 445 40 46 
1192 1192 1192 1192 839 51 840 24 836 24 689 
1192 1192 1192 1192 
1192 1192 1192 1192 31 15 6 12 21 1121 19 129 12 6773 22 614 38 
1192 1192 1192 1192 15 86 24 347 5029 5 84 22 614 19 259 934 15 
1192 1192 1192 1192 194 46 
1192 1192 1192 1192 
1192 1192 1192 1192 313 249 433 40 1863 585 86 40 15 3409 2653 31 313 643 
1192 1192 1192 1192 40 1615 885 18 354 22 1626 86 45 240 313 445 15 
1192 1192 1192 1192 2653 24 2335 313 413 423 14540 25 24 
1192 1192 1192 1192 
1192 1192 1192 1192 31 313 312 1863 585 86 40 15 3409 2653 19 25 1515 35 22 4009 
1192 1192 1192 1192 86 24 25 328 21 6892 14056 14 17 370 24 15 86 1515 
1192 1192 1192 1192 431 40 22 1737 91 12 14541 45 15 885 1162 24 
1192 1192 1192 1192 
1192 1192 1192 1192 31 313 151 432 375 133 15 2472 14 15 885 2309 19 259 
1192 1192 1192 1192 1221 217 4726 7 885 7 3383 51 263 24 10115 24 6072 217 24 
1192 1192 1192 1192 
1192 1192 1192 1192 488 219 
1192 1192 1192 1192 
1192 1192 1192 1192 1227 51 263 24 10115 24 6072 