Subject: 37 46 917 230 5 3231 2074 
193 827 219 
15 1045 55 15 1452 14 13664 13665 838 3769 3377 12 13666 19 3144 2 3 
25 239 
184 19 139 13667 139 146 15 3650 40 313 347 19 100 139 1870 313 518 4545 
630 631 869 3985 38 226 3650 91 139 146 40 313 12 25 397 239 
568 19 259 19 1715 682 625 904 571 869 3985 3649 20 139 34 146 221 15 
3650 313 433 
902 12 15 3697 14 15 1452 
1610 313 19 313 80 22 589 589 1323 135 24 24 24 
139 440 139 413 683 22 405 40 1610 313 
192 2929 13668 19 8212 13669 13659 13670 13671 13672 13673 24 1174 5332 13674 13344 
192 139 13652 19 13675 3412 13676 1174 13677 13678 5437 13672 13679 71 
192 13680 24 24 24 13681 19 10479 13682 922 2 13683 239 
192 56 3057 19 139 1868 2 3 1869 22 564 14 2733 71 226 3158 19 249 2168 22 600 219 
192 1313 19 139 440 15 1805 2001 19 413 313 407 682 15 86 239 5 134 
192 415 22 1452 10872 55 13684 2 96 13685 19 87 1292 19 220 312 313 644 
192 3231 239 239 60 
192 
192 4763 19 
192 
192 827 
192 
192 