Subject: 414 936 352 4985 2193 127 7 141 2 37 15 217 1276 2 96 17736 85 6038 217 
192 7 7 7 7 7 443 6 7 7 7 7 7 
192 45 46 9211 17737 
192 445 46 1170 19 1280 336 19 4390 364 46 2027 340 
192 40 46 15856 16402 
192 647 46 8781 17738 19 17739 17740 19 17741 17742 19 3524 3956 19 5548 
14801 
192 54 46 4574 46 7 7 352 157 17743 4985 2193 20 409 630 17744 24 
192 3664 13465 19 
192 902 80 15 4985 2193 1192 
192 344 24 12784 
17745 
7 17743 7 313 17746 125 5 869 219 219 219 
192 349 24 17747 
11357 
7 5 869 2 96 498 24 139 1 2 3 625 904 141 1235 25 239 
192 352 24 665 15779 
17748 7 15 3385 228 25 221 24 24 24 
192 17749 
192 6407 16356 7 
192 22 3807 12 5426 1382 157 4389 38 
556 
2132 24 
192 141 683 22 17750 15855 19 15 2132 1880 71 19 20 72 11431 361 24 
192 22 17751 175 1891 20 228 40 1889 19 217 215 40 592 85 38 682 19 16555 239 
217 
192 217 230 904 571 239 217 2125 15 3807 24 
192 217 869 14076 3606 19 217 15 17751 198 24 
192 217 139 2 1278 1863 313 6407 16356 19 217 72 16126 24 
192 15 17751 17752 354 1889 20 4990 5435 24 
22 1856 1635 19 15 3807 2 96 2132 
175 127 14 15 15855 20 141 613 1120 4553 24 
84 141 4628 15 2375 19 
129 
6139 15 419 17751 24 3108 2346 869 391 
192 354 15 3807 20 556 2132 20 228 19 217 17753 219 9672 125 500 313 234 230 6407 
16356 239 217 
192 
192 226 
10913 
2132 
217 91 2132 
14 
2555 12 22 17754 19 217 2643 15 5171 17755 40 22 17756 13961 14236 
2126 40 1889 71 15 13167 24 
217 904 
312 313 625 239 217 15 3614 1897 24 
217 3108 
1579 2 3 592 85 303 304 20 150 139 1897 557 240 3108 2 763 416 19 3108 
2643 3108 1209 5629 15 304 38 557 17757 19 17758 24 217 
217 568 239 217 
217 568 3108 2 96 22 17754 9672 139 5629 15 304 38 557 17757 17758 24 217 
192 1192 259 934 7 40 2333 15 4985 2193 313 569 433 40 368 2652 
2435 11132 
192 45 3539 24 