Subject: 1468 2955 10394 91 17891 1920 345 16841 8020 219 494 22680 497 
2451 219 
1468 2955 10394 91 17891 1920 345 16841 8020 24 
414 25 127 230 5 12 230 23 24 
3688 2836 34 17416 219 
313 34 35 13406 1920 345 108 135 55 208 2237 
20 1920 349 45 15 1624 40 15 9920 2237 24 
12282 19 25 12 1468 6054 593 19 3693 40 11638 
20 184 4048 4069 449 24 390 80 
3142 3605 14 1050 40 6054 593 19 1499 
71 2126 1892 1702 24 
230 1287 880 19 231 38 19 
217 146 2955 880 259 217 84 15 54 24 
151 22 498 2549 219 