Subject: 1920 344 19 2742 108 2991 12 1046 
22 46 19581 1586 3784 46 300 213 8188 7 16589 46 8357 1589 
156 87 6714 17 
317 2030 323 219 
1499 1595 19 
3311 7 1062 1276 3484 1827 5464 6806 349 219 
1468 7676 
11393 19 1499 230 6290 522 43 723 219 
15 3311 7 1062 1276 3484 1827 
5464 19 6806 349 2695 46 
10848 885 14 337 7 14327 102 7 18 3405 219 
3600 379 219 
344 19 2742 19 2742 157 102 7 18 3405 4048 219 
550 56 349 60 3600 102 7 18 30 5718 219 
4046 320 40 11638 219 
20 571 571 630 219 
350 
902 230 630 203 20 17 1468 7676 11393 219 
902 2 96 500 15 2516 151 40 1564 133 102 7 18 3484 46 
217 22 12297 2555 230 1642 553 413 1505 3516 14 16383 102 7 18 1298 217 7 15 157 4389 2962 
217 102 7 18 12 585 16967 5467 5740 2035 217 7 19873 5180 
217 19257 5435 1039 884 217 7 2615 4142 
567 94 415 1254 3982 91 15 1443 15604 
1177 40 11638 55 15 1276 12 203 219 
350 
902 230 630 203 20 17 1468 7676 11393 219 
390 151 9735 22 22649 230 587 15 404 221 
5684 3484 930 20 1443 13247 102 7 18 86 1227 71 15 1056 24 
184 869 415 13892 40 15 505 25 2346 40 2805 22 930 14 5 5793 24 
1 2 3 4618 55 5 1317 87 313 34 10900 127 55 15 559 12500 19 1443 7137 405 40 1310 24 24 24 549 219 
15 3311 7 1062 1276 
3484 1827 55 5464 19 6806 349 
350 
902 230 630 203 20 17 1468 7676 11393 219 
2443 10570 20 7177 2374 80 123 230 22 935 333 24 
1 2 3 2009 24 24 24 313 413 35 71 2030 5539 219 
31 313 151 1862 
209 40 522 43 723 19 259 383 344 7 380 7 19797 7 22650 24 
5 573 12 230 2365 20 203 249 184 4458 199 80 11908 
902 24 230 4458 454 
383 344 7 380 7 15958 7 22651 249 24 
768 3377 19 59 13503 40 19727 309 15 6052 14 87 13503 40 3739 15 5739 581 14 
522 2030 34 35 54 40 19728 5384 20 187 87 8907 18491 24 
5 6 12 541 445 40 313 71 6462 38 15 5942 7660 5071 230 5197 102 7 18 56 96 24 14087 7 4441 2391 60 24 217 4949 40 4441 2391 19 2247 56 22 60 56 349 60 56 768 60 14 96 24 14087 19 879 14089 40 313 28 15 2310 14 5 102 7 18 569 35 14091 354 184 3649 40 313 24 
5 6 130 445 40 313 28 1192 1192 22652 102 7 3484 19 483 24 1192 1192 5 6 12 585 1393 1393 1393 11741 1393 1393 1393 
24 313 569 1221 928 354 56 380 60 15958 7 22651 40 9065 3655 164 24 