Subject: 37 46 13516 0 13517 
55 1760 19 1172 58 3377 19 761 24 674 24 762 191 46 
192 585 5322 13518 782 13519 10704 40 5528 740 11146 4206 717 11147 24 6090 
192 
192 761 24 
192 
2106 19 
6327 717 10704 12099 13520 727 13521 740 13522 24 10779 19 0 22 742 754 727 
756 13523 13524 239 
11985 
211 273 273 273 273 273 273 273 273 273 273 273 273 273 273 273 273 273 273 273 273 1110 24 11996 11997 273 273 273 273 273 273 273 273 273 273 273 273 273 273 273 273 273 273 273 273 1133 374 278 14 837 1192 217 668 11998 
271 14 4332 2069 1192 1856 11999 217 
12000 8973 12001 5766 19 837 19 838 1192 56 8892 12002 60 
1149 46 273 273 2391 12003 12004 56 5412 60 1192 217 571 12005 133 
273 273 2391 12006 12007 56 85 60 1192 3693 217 
280 46 273 273 2391 12003 12008 
295 46 187 187 267 24 12009 24 5110 24 689 187 268 12010 
