Subject: 37 46 12 129 432 405 40 1905 1207 38 327 
193 2827 19 
129 80 1306 22 1892 1050 324 1207 187 1208 
1054 136 2828 20 2829 24 
129 415 416 409 886 55 15 2828 
884 885 237 12 2830 354 267 24 2828 24 1583 24 
2831 
2832 191 46 
192 193 394 19 
192 
192 12 129 432 405 40 1905 1207 38 327 24 139 643 40 611 22 
192 1337 1207 2818 327 12 25 397 432 1158 2819 71 5 2820 
192 34 35 1072 474 24 
192 
192 488 
192 2827 
192 
192 479 479 479 479 479 479 479 479 479 479 479 479 479 479 479 479 479 479 479 479 479 479 479 479 479 479 479 479 479 479 479 479 479 479 479 479 479 479 479 479 479 479 479 479 479 479 479 479 479 479 479 479 479 479 479 479 479 479 479 479 479 479 479 479 479 479 479 479 479 479 479 479 479 479 479 
192 40 285 19 146 286 40 287 51 288 24 264 24 53 20 289 71 15 290 
192 14 15 6 217 291 197 7 292 217 24 
192 
192 293 46 295 46 187 187 293 24 288 24 264 24 53 187 293 187 197 7 292 24 298 
192 294 46 295 46 187 187 288 24 264 24 53 187 320 187 197 187 321 7 294 24 298 
192 287 260 46 295 46 187 187 267 24 296 24 53 187 297 187 166 187 166 24 298 
7 7 
2831 2833 262 46 2831 51 2834 24 53 
2834 1216 295 46 187 187 267 24 2834 24 53 
2828 24 1583 295 46 187 187 267 24 2828 24 1583 
40 285 19 146 286 40 287 51 288 24 264 24 53 20 289 71 15 290 
14 15 6 217 291 197 7 292 217 24 
293 46 295 46 187 187 293 24 288 24 264 24 53 187 293 187 197 7 292 24 298 
294 46 295 46 187 187 288 24 264 24 53 187 320 187 197 187 321 7 294 24 298 
287 260 46 295 46 187 187 267 24 296 24 53 187 297 187 166 187 166 24 298 