Subject: 14530 4315 239 
827 19 
151 313 416 450 40 683 22 1003 1387 14530 
4297 239 
139 226 1865 230 22 13022 10203 415 416 7352 
230 15 6911 14531 354 14532 71 15 928 19 
344 7 352 4197 4325 59 24 
4613 12 15 561 1122 55 15 10203 19 237 
569 292 313 24 25 4836 15 4173 20 
1487 9118 57 24 2637 139 625 
589 1856 133 17 4069 19 55 15 3633 
14 25 226 648 406 35 3225 230 22 14530 
1832 56 55 22 4853 10203 60 239 
139 406 35 5005 40 1823 15 648 40 379 
585 14533 71 15 14530 1832 19 20 406 215 
40 625 630 133 500 12 3790 24 
684 19 14534 