Subject: 14009 46 1182 829 59 3401 4614 
662 20 1455 40 15 14010 59 3395 19 31 313 184 2505 1870 40 
1615 522 1468 3395 259 2362 
14010 59 2 96 3401 1182 4614 46 
14011 14012 10875 46 14013 
12923 11141 46 3290 11282 
8052 24 12923 71 14014 46 892 11282 
2619 2991 2465 1060 46 1920 0 24 1171 7 349 24 893 
1036 1182 2465 46 1920 349 24 335 
230 456 11143 259 125 934 354 2249 24 
2362 295 46 187 187 267 24 14010 59 24 53 230 1284 2224 24 
151 313 4284 5794 22 14015 71 17 290 239 590 9943 80 91 313 151 24 312 313 
420 15 9073 91 25 3643 313 239 208 313 5549 40 15 14016 24 112 
141 545 15 14015 24 112 313 1209 40 21 400 91 1041 14 17 290 230 2133 40 1715 
25 14017 24 15 1485 130 31 313 14018 22 14015 2134 55 17 14019 24 31 313 464 
6083 313 1102 40 400 14020 24 313 618 413 420 15 14021 71 17 7136 20 
17 14022 24 31 313 464 6014 19 313 532 22 9182 24 313 8065 904 
6534 518 35 17 14023 150 1488 593 22 3520 24 25 939 313 4430 904 2957 
3158 130 40 35 14024 14025 20 313 9735 22 157 14026 230 1120 
14027 24 
590 1277 129 12 22 1827 565 40 1286 25 3244 230 1050 71 91 195 24 
14028 7966 3540 12 12541 22 14029 14 14030 951 20 
10923 91 1463 2755 221 5940 14031 24 141 80 3109 38 
14032 3367 40 2238 20 14033 5793 24 936 951 34 35 71 22 
217 14034 221 14 1120 1685 219 217 
14028 7966 3540 130 2154 40 530 157 20 5186 10572 40 
15 14035 20 9938 7058 7612 24 354 3719 5 12 22 1920 345 14036 14037 
1310 91 12 5235 354 22 3310 8343 5225 24 1120 14038 4233 80 40 
452 20 4480 157 1177 1191 91 6045 15 12063 14039 
14 2792 1861 24 
421 558 19 2362 295 46 187 187 267 24 14010 59 24 53 230 1284 2224 24 
934 46 14028 7966 3540 14040 55 15 1133 14041 250 56 14011 60 
20 11143 80 21 123 55 221 6073 2070 24 390 14042 14043 87 14044 
40 8652 22 456 6073 24 
1192 1192 1192 1192 1192 1192 3001 1192 1192 1192 1192 1192 1192 
5 2240 12 541 584 28 14010 59 19 585 1261 3395 
13406 28 15 14045 230 6846 15 203 2318 71 5 3201 24 14046 
415 13406 22 6118 14 345 19 2742 1468 14012 12923 14 2892 1182 14 14028 
7966 3540 40 14010 59 84 2371 230 15 3601 14 15 
203 2318 71 5 3201 24 14010 59 20 537 14047 151 
3772 21 40 11638 15 2892 1182 1121 84 2371 230 537 2070 178 
3401 658 19 59 19 237 61 12 337 1702 45 15 41 6101 14 5 
3201 24 1279 83 61 19 14010 59 569 11638 83 12923 71 14048 14 432 
8304 19 456 87 3655 3201 87 203 2241 133 83 
4656 24 233 14010 59 12 13406 230 537 2070 19 129 12 585 
10616 14049 14 292 71 14010 59 2 96 13234 20 3992 20 
83 13234 20 3992 399 35 543 1572 24 15 203 
2318 71 5 3601 12 230 4950 4951 249 19 20 21 40 35 
14050 84 585 1317 40 11638 87 14051 14 585 1317 40 4545 432 855 24 
259 35 2183 91 14028 7966 3540 12 21 10133 4656 230 
13895 40 6143 71 3494 87 8849 24 14010 59 3243 184 
7751 87 14052 5369 40 15 5478 14 15 3684 4857 3019 
241 14010 59 5835 87 5124 91 221 2240 3684 1271 40 
1286 585 4591 121 80 4857 1805 24 221 13234 14 3992 80 
1642 14 14010 59 24 14010 59 14053 10845 55 203 
14054 45 1389 14055 55 2493 4624 19 84 590 84 19 71 548 
5293 19 3823 6882 28 14010 59 14 117 14 2493 
4624 24 4625 328 21 4103 14056 55 15 203 2318 71 5 
3601 24 1878 19 4625 328 400 15 203 2318 71 5 
3601 84 22 4735 431 230 3822 1555 829 55 15 2493 
4624 71 2353 40 1623 15 14057 40 1621 556 87 557 1685 582 4992 
15 2493 4624 24 14058 13234 2318 71 5 3601 80 939 
84 14 15 61 3340 20 141 80 54 40 2370 908 1362 24 
14010 59 12 21 22 610 4591 6288 19 1826 87 22 3783 24 
4591 71 15 4624 3806 12 14059 20 3054 575 7 4204 20 
569 516 71 15 3636 14 409 87 221 14 432 4591 939 71 14028 7966 
3540 14060 14 3655 4626 1629 80 584 14056 28 14028 
7966 3540 184 14061 80 462 91 14028 7966 3540 34 
4258 2643 14060 24 5 3601 172 392 7 917 13234 
91 80 54 40 4204 20 14062 91 518 3365 1629 40 14063 
14064 45 1642 545 1031 71 15 392 7 917 13234 24 936 
392 7 917 13234 5835 15 7178 14 14028 7966 3540 
84 14 15 61 14 5 3601 24 15 1827 14065 432 14066 87 14067 
40 2543 936 392 7 917 13234 24 