Subject: 217 3023 4168 7 377 1191 109 217 106 415 5899 24 
653 7 25 415 13463 157 2361 71 46 
217 3023 4168 7 377 1191 109 217 
295 46 187 187 267 24 3021 24 5122 187 3023 4168 187 377 24 2610 
9998 6 46 
1192 1192 1192 1192 1192 568 500 312 313 402 239 1192 1192 1192 1192 1192 
13447 12 1943 630 10606 40 5 1468 250 219 
259 165 928 500 313 402 568 1486 19 
20 500 313 406 215 40 125 219 
56 20 25 249 2346 22 8747 24 24 24 60 
295 46 187 187 267 24 13447 24 53 187 298 187 94 24 298 
1946 203 46 
166 370 56 237 12 17 286 86 60 46 839 51 840 24 836 24 689 
11093 17 372 239 350 15 351 490 87 3985 20 
3171 15 351 608 17 98 2040 187 86 11 
1146 40 234 17 372 28 286 24 
313 413 125 1614 313 80 1326 19 9694 19 87 2372 
17 2494 354 46 
295 46 187 187 13446 24 13447 24 53 187 2333 24 13448 
40 2372 5 2894 19 146 585 286 40 2372 51 13447 24 53 
20 289 15 2191 3025 490 71 15 290 14 15 6 24 
286 7 3146 7 9071 211 839 51 840 24 836 24 689 
166 7 3146 7 9071 211 13449 
2600 7 3146 7 9071 211 13450 
40 2372 221 8375 19 146 585 286 40 13451 51 13447 24 53 
20 289 15 2191 3025 1805 71 15 290 14 15 6 24 
13447 12 15 4054 71 2370 9118 24 
414 127 537 250 20 1177 10832 354 295 46 187 187 267 24 13447 24 53 