Subject: 4005 230 3409 4726 7 885 
7 7 
1176 56 4854 313 60 415 1899 91 17 286 86 35 3159 
40 87 32 45 15 884 885 217 4726 7 885 51 263 24 10115 24 6072 217 24 
31 313 519 643 5 1352 40 35 2771 19 259 146 15 194 
2654 56 1984 84 11315 60 149 40 217 1227 51 263 24 10115 24 6072 217 46 
704 14536 3409 4726 7 885 839 51 840 24 836 24 689 
31 313 312 21 643 5 1352 40 35 2771 19 423 14537 5 6 
20 15 199 34 35 14358 24 
31 17 5547 34 21 1623 313 40 146 15 2754 2653 84 22 512 
878 19 313 569 12849 25 136 14538 19 215 568 46 
704 14536 3409 4726 7 885 1710 
839 51 840 24 836 24 689 
31 313 151 432 375 133 15 2472 14 15 885 2309 19 259 
1221 217 4726 7 885 7 3383 51 263 24 10115 24 6072 217 24 
488 219 
1227 51 263 24 10115 24 6072 