Subject: 17020 16999 15602 239 17013 4311 17054 17027 239 13253 17034 17053 4313 17013 17021 10484 17028 17033 17045 9672 17051 16998 10484 17003 10484 17031 17007 17002 16986 10484 10484 17031 17013 4311 1919 5594 768 334 
491 102 364 102 
17973 4313 17020 22579 239 22580 17013 17047 17045 22581 17016 17045 22582 9537 22583 10484 17008 10484 22584 10484 20324 4310 17013 
344 4310 17032 10112 2296 17974 16997 17020 20066 17013 17047 17016 17000 10484 17000 239 22585 9537 17016 17028 4310 17000 17016 4313 17006 4313 22586 4310 4313 17013 17032 17973 
17973 4313 20077 17013 17038 17016 17045 239 239 20066 4311 22587 17013 16978 4310 17013 
349 4310 22588 10484 17053 17045 22589 4313 22590 239 17045 22591 17013 17047 239 18979 9537 17020 4313 22592 17003 19299 4310 17013 
352 4310 22593 10484 22594 17019 22595 4310 22596 17032 19210 17974 20131 17013 17047 17006 4310 22597 4310 22598 4310 22599 4313 10487 17013 17045 17045 10484 22600 4313 
20131 17034 22590 17013 17038 22601 239 17016 22602 17016 17045 22603 17974 22604 17974 22605 17013 4310 17013 16978 4310 17013 
364 4310 19597 16996 17032 17013 17045 17053 17974 17003 17016 4313 17006 4313 4310 22606 17016 22607 4310 17013 
63 4310 22608 19210 17032 22609 19298 22610 17974 22611 17020 4310 20027 239 17016 22612 17013 17038 17973 17045 22613 17016 17045 17973 239 22614 17013 16978 4310 17013 
22615 16978 17972 17013 17047 19456 4310 22616 9537 22617 17013 4310 22618 267 24 22619 24 53 
22620 17974 17034 17974 17034 22621 17013 4310 4963 968 4963 268 968 268 17013 4310 
4313 22622 17019 239 17045 22623 17020 22624 17974 17013 4310 17045 22625 239 22626 239 17013 17015 22627 7 22628 22629 
17045 22630 239 17013 22631 17013 17015 22632 15082 17013 17015 22633 