Subject: 3698 4924 3319 268 268 404 1317 268 268 4284 268 268 
180 4924 10394 224 2419 230 17 2030 24 1276 7 
85 1387 7 18 2353 7 2482 2353 
312 313 3698 4924 3319 239 17 15623 241 219 
3383 71 631 2308 2411 219 104 17 1311 28 9173 1413 156 
5477 4924 3319 55 17 2603 219 1468 203 19 184 4204 19 578 1413 
3980 24 17 370 20 203 34 21 35 7143 40 22636 
2540 219 85 11165 1901 219 2482 187 18 2353 1901 219 184 523 2495 19 184 
3190 2495 219 1506 630 7925 1311 219 
2836 2523 219 
40 1215 323 19 259 6877 127 15 
7416 1621 490 24 25 172 221 15 203 390 433 40 234 17 
1946 2523 24 230 1041 2 96 91 312 21 1215 40 313 259 168 217 1565 187 22 217 
71 15 1146 24 309 6068 19 390 2 1278 280 313 38 221 14 15 221 4596 
10394 523 2032 1271 40 4088 17 18114 1946 24 
421 181 390 413 151 17 1946 2523 547 2308 
2411 24 
5 12 22 184 
14067 22637 1621 20 12 17 208 4729 40 
5477 4924 3319 24 28 5131 127 5 1621 
313 34 217 21 666 217 71 40 432 
19159 87 16342 38 928 24 390 34 400 25 40 
418 15 404 930 40 1317 313 1387 55 15 203 313 
530 24 313 34 35 5570 28 869 14 522 7133 547 344 7 349 
2030 1702 40 1463 422 15 1775 14 17 1946 545 593 24 
934 46 221 203 584 40 928 
34 20932 578 1413 3980 
219 219 
250 
1056 2036 
928 
523 
2495 
1920 1982 7 
1920 2296 
1468 
1272 
2495 
1920 1982 7 1920 
8027 
1468 
13133 187 
14052 
1920 345 108 
3175 
1468 
10396 24 545 
593 
1920 345 7 
1920 1982 
1468 
2914 
2495 
1171 12769 40 2349 
12769 
2286 12769 
22638 
349 24 335 1413 7 352 24 335 1413 
344 24 5605 1413 
2308 260 878 
1920 345 
3175 
1920 491 24 1982 
4048 
5284 
1920 1171 24 335 
1920 345 24 335 
1215 1468 
38 184 4204 219 
259 6877 127 15 
7416 523 1621 1314 24 6993 203 569 
12337 928 45 3749 224 17 
523 24 
251 211 132 22639 211 11 187 4391 
17 1284 286 
86 46 35 1240 40 400 17 1284 86 
56 139 24 102 24 166 51 857 24 53 60 
17 370 46 
2030 370 46 
2030 2482 
573 46 
85 2482 
573 46 
369 14 
2030 46 
14948 2030 
18 2353 
2030 
1276 1387 
2030 
4803 4924 
4983 46 
4074 
1210 
1264 
4429 
904 460 406 313 215 22 
18114 1946 239 
17 203 12 
3980 19 25 34 21 35 7143 87 532 230 432 458 624 19 20 313 
80 1291 184 14067 24 17 203 34 35 532 14056 230 15 
624 14 2491 17 2030 87 2603 230 22 18114 1946 568 
91 313 569 9862 5477 4924 10394 10054 24 
885 15626 187 2910 7 127 
586 
350 
902 