Subject: 37 46 2019 1188 40 288 169 239 
2020 45 2021 1637 313 40 505 38 585 1188 2022 
84 31 25 464 22 288 169 24 25 2 96 100 1468 24 1505 22 391 354 
2023 
7 7 7 7 443 6 2024 7 7 7 7 
45 46 2025 2026 
54 46 2019 1188 40 288 169 239 
61 46 1983 19 364 1618 59 2027 46 274 46 552 7 2028 
193 221 46 
139 433 40 2019 1188 2022 273 2029 19 237 12 1233 40 522 2030 
40 
288 858 24 112 390 154 15 288 858 20 312 2030 1723 20 
112 558 288 858 40 1188 2031 24 413 470 165 682 904 40 1463 239 139 
644 1188 19 139 1241 15 1188 2032 2029 2033 2034 220 12 129 432 
2035 87 2036 405 40 312 5 24 
234 17 2037 19 1468 286 354 295 46 187 187 267 24 2038 24 53 
40 285 19 146 286 40 287 51 288 24 264 24 53 20 289 71 15 290 
14 15 6 217 291 197 7 292 217 24 
293 46 295 46 187 187 293 24 288 24 264 24 53 187 293 187 197 7 292 24 298 
294 46 295 46 187 187 288 24 264 24 53 187 320 187 197 187 321 7 294 24 298 
287 260 46 295 46 187 187 267 24 296 24 53 187 297 187 166 187 166 24 298 