Subject: 904 2 96 25 1488 239 
662 3614 19 226 370 12 16208 20214 24 71 4325 1105 19 
139 1121 5 2631 71 15 18 24 3076 139 130 17130 19 
220 139 501 40 665 25 233 139 130 14209 71 15209 354 15 
333 24 139 1209 1481 40 6697 20 3693 40 6266 24 477 31 
5 930 1708 249 22 16499 14 500 15 1295 3726 19 139 
406 35 22 3400 219 
590 19 139 10191 1338 6567 5 934 902 40 165 313 25 241 505 219 
139 34 1267 3238 904 25 2081 24 139 8280 15 
3413 1984 24 15 2398 3649 130 133 1920 1561 24 335 76 
17492 24 139 15864 15 18719 1794 22 15 132 5412 55 226 405 
40 505 869 2549 71 1776 4325 5891 40 8731 22 1892 3606 40 
4545 15753 1955 24 15 17469 139 2377 45 15 135 71 
15 1919 344 3545 2628 71 133 22 2991 24 139 1235 21 402 571 133 
25 1279 91 178 22 1892 2133 1635 150 226 3366 1898 682 226 
2132 1209 540 20 139 130 3790 354 85 3989 4548 40 409 
14138 24 139 20215 85 71 22 11115 19 18107 15 18705 4520 
847 19 20 500 22 14515 139 3298 219 226 2132 130 4011 422 22 20216 
14 18719 91 15 8760 1209 20217 55 15 13703 3717 14975 
45 550 3524 5211 19666 24 
390 563 15 1775 14 15 2549 20 1443 14 15 304 
2260 20 16381 352 19 16686 18719 19 1573 1720 1920 349 24 335 20 22 
3602 7 6582 17493 14582 24 15 2126 2549 390 1121 364 19 18073 
630 24 28 15 333 15 2365 14091 1233 71 19 133 550 2133 
1635 19 139 1209 1121 1920 3439 19 20218 24 335 71 12894 219 56 139 2066 500 15 
10952 138 150 139 1209 1889 3380 1561 19 2742 4959 14 15 5203 
71 869 2991 219 60 20219 40 1564 19 139 3989 15973 226 2896 19 13406 
1794 2423 226 17151 71 1284 20 916 641 884 24 40 61 226 
16340 80 9918 1920 344 19 2742 19 2742 24 335 71 5981 2957 12894 24 
140 682 19 313 413 312 15 419 642 24 5 12 313 6083 3848 
91 313 151 416 5891 230 221 17 3158 24 313 413 1286 17 
12790 592 425 24 24 24 312 21 407 25 593 219 
15 1443 1371 13 130 2492 22 1210 1827 40 
530 13247 401 24 1279 565 1322 370 3728 19 139 15835 
646 550 4624 91 584 15 404 401 230 5 
930 24 1120 3405 20 8032 80 490 46 
20220 2615 7483 401 1920 2308 24 335 
475 24 968 24 1146 20221 3503 401 1920 2349 24 335 
8541 11534 19 959 12136 3526 401 1920 1982 24 335 
56 11238 60 20222 7 20223 59 401 1920 2296 24 335 
56 380 60 17024 7 20224 
20225 1227 7483 401 1920 767 24 335 
475 24 968 24 1146 20226 3503 401 1920 2349 24 335 
20227 19 3513 20228 3526 401 1920 2295 24 335 
199 1919 20229 59 401 1920 2425 24 335 
1943 17 3525 12 84 1797 84 194 936 4830 9693 46 
344 24 146 22 3602 6582 17493 14582 20 1920 349 24 335 12894 
14961 71 22 4615 14 1122 2694 237 17469 313 80 
2358 28 573 19 40 3405 1919 344 910 1919 63 354 15 2249 14 5 
2631 24 
349 24 2353 354 559 7483 401 20 3405 55 8638 45 
15 4624 2596 1236 24 
352 24 660 229 230 17 8638 40 5686 19 4458 15 
370 354 15 1919 344 3288 20 1931 1573 14 15 401 593 869 3545 24 
1709 17 370 20 86 71 3288 1919 63 24 1931 249 15 401 20 
3405 7 21 15 5203 24 5 413 404 35 225 28 20230 15 
545 20 17820 15 157 422 15 443 24 
364 24 151 22 1994 20231 3380 354 559 7483 4959 14 
5 2631 24 
63 24 18715 15 2244 13014 20 1709 71 18719 19 
15157 20 20232 206 24 
892 24 150 15 8638 5686 19 1709 869 55 1573 14582 
20 18 206 24 
1277 902 10191 96 15 404 13 7 15 3650 313 413 1286 219 902 
12 500 2004 150 249 345 1413 14 15 1050 3110 40 17 
884 24 
313 146 127 354 559 7483 38 17 370 71 3545 1919 63 24 
767 1050 146 127 354 559 7483 38 17 370 71 3545 1919 364 24 
10575 1050 146 127 354 559 7483 38 17 370 71 3545 1919 352 24 
17484 1050 146 127 354 559 7483 38 17 370 71 3545 1919 349 24 
20233 1050 146 127 354 559 7483 38 17 370 71 3545 
1919 344 24 
20234 2687 1920 349 24 335 1573 211 1920 20235 71 133 2295 40 2470 1702 219 219 219 
14 581 313 80 21 935 40 884 249 7483 
13014 19 87 40 1499 869 884 24 146 127 630 631 3534 87 312 
15489 8719 20 313 34 10884 104 17 15450 24 
150 313 1615 344 19 2742 454 230 17469 1919 352 19 1913 149 20 
5454 2598 91 313 10191 37 460 1488 40 35 22 589 5242 135 24 
1529 19 5 12 22 1731 4009 18 2353 3484 4319 24 
31 313 80 71 3060 19 112 2666 40 3385 3290 19 4441 17478 20 
20236 14 15 1421 24 96 24 7645 20 17480 2430 24 22 1177 87 250 
1515 35 20237 230 15 3650 1121 213 71 5 542 19 15 
1177 12 15 5203 24 5 4319 100 2346 3756 505 19 220 
15 2847 80 6406 24 856 22 15353 1946 14 221 3650 
313 1121 20 3650 313 563 230 88 3825 4951 24 
129 313 151 25 219 15 4866 40 1943 3605 230 
868 24 644 5 2631 5543 20 112 20238 25 558 24 
402 133 25 19 312 15 1662 20 3283 15 6574 4633 
5 5447 230 313 24 112 146 1920 349 24 335 12894 20 22 3602 7 6582 
17493 14582 323 40 15 3405 71 3523 1919 344 490 24 
1463 230 25 19 2353 1642 5203 323 24 
344 24 20239 20240 20241 349 24 20242 20243 19175 
18504 4229 24 20244 19 14692 24 20245 20246 
20247 20248 956 24 9200 20249 1656 24 
20250 1219 19 484 20251 20252 19 18189 24 20253 
352 24 20239 20254 502 364 24 17471 20255 20256 
7855 16254 19 18412 24 20257 16472 483 24 
14758 1565 24 20258 19 1919 5770 475 24 968 24 1146 20259 
3486 3487 19 13341 20260 3492 2161 19 484 20261 
63 24 15189 502 13167 
20262 16472 
475 24 968 24 1146 20263 7 20264 
20265 19 87 20266 
10175 139 255 22 1700 930 71 237 15 3649 130 1920 63 24 335 24 
71 91 869 19 15 128 130 249 133 352 1413 24 15 208 333 139 
445 127 5 17469 930 22 1102 226 208 11150 71 1499 869 
2991 24 139 445 127 3534 5540 3229 14 1499 578 568 226 
6267 14 10611 130 6279 24 139 244 565 558 38 3503 
5540 40 125 31 139 413 20267 15 1920 19919 19 16247 24 335 14 15 303 333 24 
1210 5305 40 221 14 313 24 25 519 1886 219 219 219 10176 
17896 20268 19 1656 9207 19 3510 