Subject: 904 313 413 9024 470 55 15 1276 219 
1192 1192 1192 1192 1192 1192 1192 1192 1192 1192 1192 1192 1192 
217 1442 7 17529 217 
1797 405 40 683 127 1614 
133 470 
55 15 1276 
56 2443 1135 2030 2309 2 96 1262 1589 
925 43 166 46 
1235 313 625 91 46 
38 15 1276 313 413 19986 1481 313 4284 478 40 625 
133 17 3427 19 316 19 16377 19 16583 19 7709 19 477 
17 1685 3366 219 313 413 414 127 470 19 3422 19 576 19 1243 55 
15 1276 24 24 24 
25 2 96 184 4866 91 15 1276 12 22 18564 20 3421 848 
14 203 19 31 313 249 625 240 40 391 24 
220 869 14 15 404 1732 8404 71 15 1049 1243 1277 12 639 
15 2458 14 4803 203 458 1050 413 683 127 133 
313 20 940 7 7 1243 55 15 1276 24 
1295 219 
203 123 133 313 
1243 1277 19 38 1499 17 370 20 86 19 139 413 3688 14899 
683 127 500 313 312 230 22 13703 19 370 20 4142 14 17 16583 20 
4989 19 15 1286 20 3784 14 17 4544 19 15 429 14 17 85 19 
56 20 639 904 571 313 13406 230 25 60 19 4924 203 19 17 
6460 5799 19 5256 9447 19 3256 5799 19 237 43 2246 
313 2362 19 99 24 19 99 24 19 99 24 139 413 477 683 91 152 13768 3543 
19987 313 1209 71 8943 24 
20 91 2 96 1499 15 4316 19 220 313 234 15 1354 24 
1210 3029 
15 1210 3029 12 91 1277 313 413 683 15 419 203 19 20 
630 19 133 3688 470 24 
390 151 1973 22 17870 3370 14 1276 18563 
124 91 34 530 313 38 24 24 24 
422 3541 3989 1953 1276 2246 20 1557 40 
1763 1050 19 4924 5799 19 5227 855 19 456 87 
1908 6460 19 18 2353 13466 19 3405 20 2482 
2478 24 
25 2 96 653 19988 19 15 369 20 18246 14 203 354 2983 24 
1192 1192 1192 1192 1192 1192 1192 1192 1192 1192 1192 1192 1192 1192 1192 1192 1192 1192 1192 1192 1192 1192 1192 1192 1192 1192 1192 1192 1192 1192 1192 1192 1192 1192 1192 
17 3985 
1277 19 313 413 151 17 1685 3985 14 5 17870 848 14 19989 7 
19990 24 902 80 1499 22 1892 14 15 599 313 413 312 38 25 46 
1192 313 413 1763 102 7 18 19 2390 87 86 203 55 316 
20 2030 4724 24 391 593 16579 2482 2478 219 
1192 414 127 2030 4724 20 3427 24 
1192 1176 16288 313 3650 239 1277 313 413 2367 905 18569 20 1763 
1554 13544 24 
1192 313 413 1763 435 18572 19 3080 5256 1728 19 316 19 
87 1757 409 152 36 2427 24 
1192 9024 17 5256 1368 219 
1763 6716 19 14280 19 20 5227 855 5799 24 
1192 6041 904 40 1763 3256 5799 230 221 17552 14 15 
250 19 45 15 5384 5695 40 15 19991 19992 24 
1192 2553 17 1685 4924 3200 568 313 413 232 583 19989 7 
19990 91 569 35 532 40 19993 313 4924 24 
1192 414 14558 5799 24 
1192 400 15 1276 40 1763 3080 4989 87 16377 24 
1192 151 18065 133 17 157 17432 239 414 1889 56 87 557 60 127 24 
168 17 653 354 3711 219 
1192 1763 4009 18573 20 4469 2365 219 414 15 2430 71 432 
1041 24 
1192 683 127 904 571 18575 17 14314 12 15754 24 
1192 6041 6460 1191 45 4991 1382 15 1049 219 
1192 498 230 2791 127 4133 20 438 3427 24 1637 
313 40 414 230 5444 20 8907 5799 347 313 2959 24 
1192 6041 31 15 14365 415 22 1183 55 313 219 1771 904 313 413 477 
15601 4959 14 1642 2352 24 
20 
1192 313 2 1278 477 683 4805 40 260 313 217 6041 217 15 2458 14 1176 
612 2 96 88 24 
1499 2003 541 450 40 151 221 14 5 203 354 17 
3588 3688 14899 219 402 14 15 1322 1523 24 
1192 1192 1192 1192 1192 1192 1192 1192 1192 1192 1192 1192 1192 1192 1192 1192 1192 1192 1192 1192 1192 1192 1192 1192 1192 1192 1192 1192 1192 1192 1192 1192 1192 
366 19 129 2 96 630 219 
313 34 100 6041 46 
1192 904 313 413 19994 12611 15 1442 908 17 3366 19 
316 19 87 470 19 4284 2598 24 
1192 904 313 413 18574 17 286 568 17 4803 286 86 
413 2 3 35 6632 24 
1192 904 313 413 467 14604 380 1626 19995 1444 213 409 
589 2137 24 
1192 904 313 413 1286 2482 1921 910 22 3482 3710 568 15 
573 540 247 2 3 1639 55 17 2482 10494 24 
1192 240 313 413 683 22 885 14 3507 19996 3157 15 961 24 
1192 904 313 413 414 127 15 19997 14 11165 1049 7 
517 19 76 1642 55 15 1276 24 
1192 904 40 217 19998 3650 217 910 22 3268 4596 1946 24 
203 55 16573 2095 4980 56 5960 
7611 60 19 20 630 24 
1192 240 313 413 234 855 320 83 84 9526 20 
1326 7692 19 14194 19999 20 571 630 24 
1192 683 478 20000 7 7 4854 1176 313 625 219 
313 413 477 414 17 1685 4803 5799 219 219 313 569 35 16634 
354 15 203 123 55 15 1276 133 313 19 17 5256 19 
20 17 2030 24 
129 80 3605 14 2030 20 4803 1523 230 936 124 24 
1277 19 630 631 4284 19 567 2030 328 151 22 3985 219 
217 1442 7 17529 217 
1277 19 313 413 151 17 1685 3985 14 1442 7 17529 219 
20 19 313 413 2553 17 1685 5799 19 87 683 127 15 203 
313 643 20 433 40 625 133 940 230 4803 20 2030 
3066 24 
660 21 221 15 2246 80 1468 19 1322 80 1468 24 20 19 354 1322 19 
313 2 1278 683 477 630 2088 40 477 630 723 20 203 219 
25 12 519 15554 500 313 413 683 55 15 1276 24 25 12 
12887 22 17890 14 203 24 
1192 38 5 829 4159 313 2 1278 6041 1481 123 20 
904 40 1763 25 24 498 230 15 15735 20 15 8751 1442 
453 19 6536 24 
1192 11221 219 1504 20 1596 1953 219 1481 313 433 
40 20001 15 294 12 2461 24 20002 1633 219 
1192 404 14 221 19 25 12 129 19 354 17 7755 4805 150 313 433 25 24 
313 413 3989 151 15 1882 14 653 14 2598 553 313 
413 15586 24 38 217 1442 17529 217 313 413 2995 15 1554 1908 
14 470 213 20 6041 1642 1856 8404 2836 415 1554 24 
71 323 2 96 5905 1049 83 203 413 35 16382 219 
500 241 25 3649 239 
2353 547 5918 2411 20 313 234 15 2754 4159 14 18563 
124 56 9311 2349 2244 1328 60 354 22 2443 8078 2465 
14 1499 1920 1171 219 56 2782 2465 230 15 4159 12 1920 2290 60 24 
20 390 34 289 869 1284 1193 14 161 19 84 2778 19 354 184 
1555 1601 24 
15 2240 12 12432 3061 40 505 230 313 24 522 
2516 5629 422 344 19 2742 2411 4306 20 325 5 
2240 24 20 1277 25 413 35 1934 24 
1499 2454 15 3413 490 19 20 17 3985 34 35 2378 
40 313 28 286 1243 5435 24 
2443 1468 7177 
2353 547 5918 2411 20 390 34 100 289 19 84 22 2443 1468 
7177 19 22 3985 14 522 18563 3728 930 24 
5 930 172 15 124 20 294 532 28 2037 
17429 646 15 2977 20 175 38 537 1685 2652 
187 3416 2425 897 1943 25 1822 20 1797 40 400 24 
17636 4954 
420 19 84 38 221 14 522 3462 19 390 12432 
4954 25 1886 20 91 313 34 35 20003 38 25 24 
313 413 2 3 6266 219 
1192 1192 1192 1192 1192 1192 1192 1192 1192 1192 1192 1192 1192 1192 1192 1192 1192 1192 1192 1192 1192 1192 1192 1192 1192 1192 1192 1192 1192 1192 1192 1192 1192 1192 1192 1192 1192 1192 1192 
904 40 2353 
2358 12 1483 20 1797 219 
313 413 2353 28 280 87 2782 18 24 56 15 17636 
4954 618 13178 219 60 
1499 6877 71 15 2353 1621 354 15 4818 14 5 106 24 112 280 25 
40 928 354 46 
344 7 4339 7 15727 7 20004 
31 313 2353 28 280 19 17 3985 14 1442 7 17529 34 35 445 40 313 
28 286 547 2308 5662 24 
87 19 31 313 3384 19 313 413 146 17 2353 28 14143 18 40 15 
86 490 24 56 33 46 35 1240 40 289 17 286 86 
230 3984 24 60 
390 34 146 17 3985 28 286 15 419 2549 15 2353 12 1121 24 
1610 313 19 
9154 20005 
20005 6846 690 
475 24 96 24 366 19 129 12 630 219 2353 1442 17529 1277 19 234 17 1468 
7177 14 18563 3728 930 19 20 84 22 1624 1468 7177 
390 34 289 22 3985 14 12412 7 20006 19 15 2360 20 20007 
4044 7134 855 1379 30 123 576 24 
38 12412 7 20006 313 413 11293 1614 55 17 269 24 1797 40 
400 24 2968 22 1330 20 2338 17 2352 45 20008 5262 19 568 249 
313 413 125 206 24 17856 4989 19 17424 19 316 19 18566 19 477 
20009 127 14 17 2037 2352 24 3660 230 85 20 2030 24 
2353 1277 219 313 2 1278 35 5265 313 1235 219 
20005 6846 690 
5399 2949 18299 24 19 1656 24 2349 7 11471 
20010 19 10300 24 20011 
280 4339 7 15727 7 20004 
1276 8911 1594 3250 
20012 352 7 275 1919 63 2541 
280 87 18 
2353 1621 
56 259 3380 2197 60 
280 40 46 20005 6846 690 
344 7 4339 7 15727 7 20004 
87 
18 40 46 20005 6846 690 
5399 2949 18299 24 19 1656 24 2349 7 11471 
20010 19 10300 24 20011 
193 46 902 12 226 2353 230 217 1442 7 17529 217 354 1920 1171 2398 24 139 1291 7 
6180 25 12 12432 3061 20 34 35 3512 28 286 24 
289 226 
1468 
7704 7177 3985 14 18563 3728 7 7 2652 187 3416 2425 20 226 
1468 3985 14 12412 7 20006 1379 30 56 1623 7052 1702 230 
3984 14 12412 7 20006 60 24 
33 46 414 869 
56 60 146 28 286 5569 24 
56 60 1286 682 22 11669 20 146 25 40 682 24 1402 1920 345 40 226 1601 230 15 
3649 24 
102 7 18 
56 589 33 46 259 7704 414 17 86 20 3380 2197 24 
869 1503 236 20 390 1950 2 3 35 450 40 3512 17 2353 24 60 
18 86 56 230 11669 60 46 479 479 479 479 479 479 479 479 479 479 479 479 479 479 479 479 479 479 479 479 479 479 479 479 479 479 479 479 479 479 479 479 479 479 479 479 479 479 479 479 479 479 
5190 19 170 833 1964 479 479 479 479 479 479 479 479 479 479 479 479 479 479 479 479 479 479 479 479 479 479 479 479 479 479 479 479 479 479 479 479 479 479 479 479 479 479 479 479 479 479 479 
2371 251 56 414 869 60 479 479 479 4924 10394 19 479 479 479 414 87 3650 2353 
4613 24 
10394 369 46 479 479 479 479 479 479 479 479 479 479 479 479 479 479 479 479 479 
10394 573 46 479 479 479 479 479 479 479 479 479 479 479 479 479 479 479 479 479 479 479 479 479 479 479 479 479 479 479 479 479 479 479 479 479 479 479 479 479 479 479 479 479 479 479 479 479 479 479 479 479 
544 61 46 479 479 479 479 479 479 479 479 479 479 479 479 479 479 
370 55 10394 46 479 479 479 479 479 479 479 479 479 479 479 479 479 479 479 479 479 479 479 479 479 479 479 479 479 479 479 479 479 479 479 479 479 479 479 479 479 479 479 479 479 479 479 479 479 479 479 479 
17 3985 14 1442 7 17529 20 1935 7177 1649 34 35 445 40 
313 5569 24 488 558 230 2358 219 
9154 
9154 20005 
20005 6846 690 
4008 2762 7 4168 20005 6846 690 24 217 1442 7 17529 217 
12 22 610 4946 14 20005 6846 690 24 
221 6261 6413 24 
1621 352 7 275 20012 7 1919 63 7 18 7 7 2541 
40 35 7604 45 522 885 19 
369 46 20013 336 51 2038 24 53 
71 15 56 40 46 60 1041 20 56 4458 7 349 1338 60 
71 15 54 1041 14 22 157 102 7 18 20 146 24 