Subject: 15337 499 313 2 763 35 1189 71 5 24 24 24 24 24 
925 3614 19 
139 151 36 767 8940 71 15 303 552 1702 24 139 6395 91 1279 390 2 763 5629 568 
571 333 20 13575 22 564 14 3650 55 5668 18603 320 91 313 2 763 20191 40 2199 133 226 3400 24 139 2 254 2672 6632 22 498 1177 20 25 519 
1886 215 25 228 25 2 96 1488 40 219 5 5445 18603 7054 12 540 20192 173 24 
25 12 589 15637 11209 20 25 12 12821 5739 568 390 1950 2 3 4537 45 432 14 
15 17389 1460 8077 390 2 254 8751 71 15 1908 24 15 1976 20193 22 20194 219 
22 1856 15002 2 15189 20195 20194 19 904 571 630 5739 518 20196 219 219 219 
568 1322 14 15 18603 320 1286 20197 7149 20 390 2 254 5629 593 40 1920 578 24 335 
55 1499 22 16788 14 552 219 5 1177 12 568 7 968 1626 24 313 1499 1505 22 1856 
20198 347 17654 38 22 8874 14 7685 20 20199 15 20200 12 3688 
13892 20 25 20201 1794 15 5665 16623 17 290 415 513 24 259 665 5 
1177 19 139 625 25 34 505 230 313 551 24 139 391 20 1303 568 20202 20 
313 1499 151 40 2152 5 230 868 24 1505 2792 20 1210 5305 24 
15337 71 20203 
350 902 230 630 880 
5 6 12 8919 40 313 28 20192 14589 1919 352 10340 2521 560 335 2166 355 22 24 
390 1302 230 432 286 313 569 151 20204 1121 24 
259 350 902 40 35 7604 45 3655 8719 24 