Subject: 16981 46 17 2192 10519 
4458 682 211 262 46 16982 51 16983 24 1442 239 54 211 4458 56 344 7 4339 7 11048 7 
16984 60 
146 127 3605 14 17 1685 2192 10519 1277 323 219 1496 
9547 14 1050 20 146 17 1501 14263 910 15 16985 38 
127 4367 219 
12541 2192 407 12297 24 1277 313 413 146 127 3605 14 17 1685 
2192 10519 219 16986 869 14 15 1443 3649 7137 2667 40 3787 3605 14 1050 40 
17 723 12 40 234 2596 28 15 2192 219 477 15 16987 205 593 133 313 87 
17 723 518 146 3605 14 2485 40 17 43 723 24 15 3587 3525 
3526 4624 151 532 5 3091 230 1037 19 20 1277 25 2 96 123 40 313 24 
1277 313 413 234 15 4251 127 40 15 2435 133 17 1685 494 317 497 535 19 157 
1177 19 250 19 87 43 723 28 16988 17 1685 2192 2128 24 312 25 868 20 
1384 3605 219 
15 2192 407 12297 8729 860 172 422 8366 2435 7117 76 46 
1221 370 19 86 19 2482 19 280 19 2603 19 833 286 
86 24 
15 2192 407 12297 2341 1277 2695 22 1468 286 930 568 313 413 
286 40 15 2754 885 38 1499 22 350 219 
25 2 96 498 230 3602 7 9730 19 12541 157 2070 19 3341 2192 10519 19 87 
477 4735 593 17 1685 2192 2128 884 250 20 16814 22 16989 110 219 230 
22 935 333 19 313 413 477 15947 522 2341 40 940 219 
2353 15 180 2192 407 12297 2341 15947 6261 230 22 935 333 213 
390 80 1943 15 180 2192 407 12297 2341 123 40 458 
16990 24 313 413 1277 2353 522 217 13980 1462 217 237 175 38 585 3412 7 
16468 1462 14 15 30 24 5 1462 12 3153 40 15 14948 1462 19 595 
522 4008 203 415 416 7604 24 313 569 15947 5 1462 354 1439 
2465 313 215 24 40 234 15 180 860 14 422 8366 2435 294 19 1891 
38 46 2433 370 19 884 86 19 2482 19 280 19 20 286 86 7 1891 38 15 
1468 16383 286 930 20 15947 6261 46 2353 15 180 2192 
407 12297 2341 15947 1462 
1463 40 15 351 490 40 234 15 1284 2224 24 
5 3815 12 541 445 71 6462 38 16991 10494 14087 19 3385 352 19 4441 2391 24 
295 46 187 187 267 24 16991 24 7050 187 268 16992 187 16993 187 96 16994 1952 24 298 24 5 
6 12 445 71 6462 14 15 157 102 7 18 10494 46 4441 2391 24 108 4441 
2391 19 2247 56 22 60 56 349 60 56 768 60 14 96 24 14087 19 879 14089 40 313 28 15 2310 14 
5 286 569 35 14091 354 184 3649 40 313 28 200 22 231 40 5 286 86 
38 15 4251 217 4458 217 71 15 54 878 24 5 18 12 1267 445 16326 24 313 
151 11824 40 1615 5 203 45 15 16995 3484 1827 24 
259 1221 206 373 40 35 7604 45 1120 885 19 585 2910 7 71 885 230 2030 
1202 24 40 285 350 55 262 46 16982 51 16983 24 1442 239 54 211 4458 24 56 344 7 
4339 7 11048 7 16984 60 313 34 21 1615 102 7 18 45 928 558 24 1610 313 24 