Subject: 7021 17518 7 611 4945 19687 
904 406 313 215 40 24 24 24 24 24 24 
344 24 10884 7021 4803 19 2030 20 3558 10611 17518 239 
349 24 611 22 4830 5783 88 567 364 1909 239 
352 24 6280 1286 868 20 17 13544 1314 7178 7 620 19 
17902 7 620 19 17906 7 620 19 16564 7 620 19 4425 7 620 19 17907 7 620 19 
20 1634 1314 10511 239 
1505 22 1500 391 354 17 3158 24 24 24 24 24 
312 313 402 313 80 13406 500 313 80 3604 239 
34 313 35 545 40 16916 71 15 2126 1892 1037 239 
312 313 1612 15 581 14 17 2549 19 87 241 1176 3301 422 313 239 
15 1839 12 390 151 1322 1050 71 522 918 91 8731 422 1982 761 108 
3175 45 15 4945 14 1120 1685 5246 19 20 80 15640 71 349 7 352 
1037 56 16748 60 
20 587 2398 13324 7 1935 4803 20 4626 24 
1322 151 416 17899 40 140 25 1515 35 675 19 17900 87 17901 
40 4284 8731 432 23 16376 45 522 3275 24 15 3666 3952 
12 19 25 2 96 416 3109 91 405 28 15 19096 7 5242 20 19096 3421 1594 
347 432 14 928 464 16888 24 31 313 80 1189 71 16881 4081 17 
4626 
20 4803 3655 19 
139 5121 313 40 383 46 
14097 1468 344 7 380 7 19688 7 19689 9316 19690 
1192 1192 249 1072 4051 1050 328 383 1192 1192 
5 12 21 841 7 2237 3484 24 
226 370 12 19691 19 20 139 391 392 40 1299 38 313 219 
1192 1192 1192 1192 1192 1192 1192 1192 1192 1192 1192 1192 1192 15626 125 490 1192 1192 1192 1192 1192 1192 1192 1192 1192 1192 1192 1192 1192 1192 
211 211 211 211 211 211 211 211 211 211 211 211 211 211 211 211 211 211 211 211 211 211 211 211 211 211 211 211 211 211 211 211 211 211 211 211 211 211 211 211 211 211 211 211 211 211 211 211 211 211 211 211 211 211 211 211 211 31 313 1303 313 1121 5 6 71 236 19 259 146 22 3410 286 40 46 
390 5533 19692 221 4458 454 24 
31 129 12 585 236 38 15 1805 4458 351 19 259 3987 928 3989 
568 91 390 413 1945 15 614 24 432 20 221 6548 40 19693 38 15 
4458 351 34 19694 19695 522 3275 40 19692 4458 454 24 
87 280 17 286 86 40 344 7 10099 7 19696 7 19697 