Subject: 37 46 3023 1374 
925 827 19 
139 518 21 231 40 522 2945 286 19 908 3390 5997 15 872 2022 24 
233 139 1900 2 3 644 25 595 19 139 413 249 1564 2191 599 46 
139 60 139 643 40 1286 25 520 91 390 80 1189 71 5 1258 19 20 390 643 40 5616 24 
5546 60 5539 28 5998 333 56 330 60 19 139 2 1278 146 500 139 402 91 328 35 522 1266 5820 24 
3017 60 15 5999 14 15 1258 3243 25 6000 19 20 525 585 3159 429 630 6001 24 
139 2 1338 1234 230 15 5473 588 19 220 323 130 519 22 3089 2549 219 
366 230 226 1287 6 5539 19 20 6002 230 500 12 437 225 24 
5881 24 
7 7 7 7 7 443 6 7 7 7 7 7 211 767 
45 46 761 24 674 24 762 
40 46 5736 2161 5737 213 
445 46 446 19 569 1172 19 3377 349 46 983 340 
54 46 3023 1374 
192 
192 925 5736 20 5881 19 
192 
192 259 683 4323 56 6003 187 2606 60 22 6004 1288 14 15 1258 
192 237 518 6005 22 4257 230 15 5960 13 560 187 5158 24 
192 
192 139 440 5 1462 12 630 6006 20 6007 500 390 80 593 40 24 
192 139 406 938 432 489 40 15 5793 14 15 472 2984 
192 6008 20 397 6009 87 6010 472 230 15 1692 24 71 329 
192 568 19 259 2553 17 292 71 393 568 91 390 413 1931 55 
192 5663 374 2224 24 
192 
192 15 654 2370 12 91 15 1258 2 96 1329 12 6011 3340 40 35 15 
192 1885 14 22 6012 2592 20 6013 1216 19 136 
192 5470 84 22 542 7 3722 230 5128 14 15 57 24 
192 
192 71 15 6014 535 91 313 151 36 292 71 4641 139 
192 406 938 25 19 31 313 1715 682 625 3989 568 84 40 6015 15 
192 6016 24 
192 
192 404 684 
192 
192 827 
192 