Subject: 37 46 5470 13 768 3026 5482 
31 139 244 21 551 1776 230 13 768 24 24 24 
139 644 15 5886 4614 20 6331 24 
226 6332 12 21 129 233 25 130 501 902 91 15 3876 833 763 1041 12 4743 
361 226 3114 24 503 19 31 313 1303 91 226 6141 92 260 40 289 71 
5886 4614 56 20 139 34 1254 35 1299 71 5374 38 15 5886 
690 71 15 5470 1258 60 19 259 1303 1468 40 1402 25 55 13 768 24 22 151 100 532 6333 6141 71 15 3023 1258 139 2 1338 4042 19 20 139 402 139 
5712 40 37 7 205 556 6141 71 22 4743 1626 20 5149 405 213 31 313 402 
25 92 35 1301 40 4108 25 19 259 1303 1468 40 312 56 87 21 40 312 60 24 
404 684 
6334 
6141 46 6335 6336 6337 6335 6336 6337 12 5286 1099 354 15 5711 24 832 19 4054 
14 15 3685 2887 20 224 690 354 15 6338 3259 24 5 
3876 833 763 690 34 1829 22 654 1830 71 6074 24 556 1790 3876 833 763 20 5232 6094 80 1175 40 1272 5874 7 
6339 19 2887 6340 20 1781 7 20 6341 71 15 
1885 14 3685 6342 56 556 272 24 763 24 130 71 6343 6344 60 24 
556 2360 2176 71 3876 833 763 2756 15 523 14 15 6345 1692 40 
614 473 20 15 400 14 1632 20 4109 5833 1216 71 
1849 614 6346 19 6341 19 2022 224 19 203 6347 
10 187 11 44 19 20 6348 203 2419 24 409 1629 14 5 3876 833 763 
1209 22 1213 4986 55 15 5707 1258 19 240 72 6349 15 1830 14 15 
1885 394 4054 19 6350 15 1805 2596 6351 2160 24 6141 46 5736 6352 211 102 336 5821 211 102 491 22 5736 6352 211 102 336 5821 211 102 491 22 12 830 1099 354 15 5711 24 832 19 4054 14 
15 269 1224 24 690 354 15 6338 3259 19 20 480 14 15 6353 3259 56 1594 6354 60 24 72 2890 40 15 3656 14 6355 71 221 
2070 20 4282 6356 354 5886 24 
556 1976 3876 833 763 1202 4266 71 2007 269 4029 230 6357 1054 19 1337 6358 6359 20 19 630 131 6360 
6359 213 72 12 2804 4293 1739 272 24 763 24 2746 19 20 72 2778 
422 767 6351 3462 71 2487 6361 19 2546 20 
2487 343 6362 71 15 1908 63 1037 24 
556 6363 2152 130 5619 84 1258 950 7 5985 56 71 352 
6364 19 344 5717 5546 56 5707 60 20 364 1133 1198 60 19 84 394 4054 56 71 344 
6365 20 352 6366 1198 60 20 84 6367 14 6363 187 6351 
2155 71 364 2487 2139 24 