Subject: 683 127 1614 133 470 219 
217 15 1797 405 40 683 127 1614 133 470 217 
350 902 40 683 127 904 219 
7181 17425 2346 313 2755 500 1423 1444 413 312 219 
7181 17425 12 585 15554 157 2035 91 1637 313 40 683 1481 313 4284 478 40 625 133 17 3427 19 316 19 16377 19 16583 19 7709 19 477 17 3366 219 
313 413 414 127 470 19 3422 19 576 19 1243 55 15 1276 24 24 24 
902 2 96 15 404 13 46 38 522 157 3424 3984 7 2915 2353 29 313 413 151 5 15554 2035 71 17 7136 71 2907 631 2295 562 20 19945 35 329 17 1685 55 7 878 19946 3989 24 
40 683 127 630 133 500 7181 17425 413 312 230 313 19 
350 902 219 
488 19 
13301 19947 
19947 6846 
855 30 3645 
1594 3250 
40 3381 879 8375 14 5 535 19 259 1463 40 46 
295 46 187 187 267 24 19948 24 53 
5 6 12 541 445 40 313 71 6462 38 15 5942 7660 
5071 230 5197 102 7 18 56 96 24 14087 7 4441 2391 60 24 
217 4949 40 4441 2391 19 2247 56 22 60 56 349 60 56 768 60 14 96 24 14087 19 879 14089 
40 313 28 15 2310 14 5 102 7 18 569 35 14091 354 184 3649 40 313 28 6428 
22 199 40 295 46 187 187 267 24 19948 24 53 