Subject: 55844 193 193 62466 
1355 968 67 985 55844 138 
8 38 1355 59049 31 35331 138 
85 9 933 23 68 294 55844 425 12 
38 35 19653 4642 16849 54107 45 
38527 15 18489 4 9 52996 3599 45 
17 20 150 204 195 15547 193 
17 38 35 3042 328 49 274 392 1876 12 1529 12 
49 9 3979 21 670 3981 650 231 55844 231 
4 28 627 1479 12 
2723 2 
62467 302 56914 12 1217 
138 627 653 827 62468 
38 8 7289 21 13260 45 
17 4561 3389 21 8442 12 
81 3357 670 50230 59259 45 72 38 293 68 273 8801 45 17 38 
35 77 6617 8808 1905 12 
195 5247 3592 8808 54349 6125 581 12 
81 1929 34 184 2954 21 53730 45 1276 347 9834 68 5247 
61 35 445 966 4 4076 49 757 4059 21 77 6617 125 670 
133 110 130 20 18 77 9962 21 85 2622 2354 28 110 72 28 5247 
8028 35 107 77 293 12 