Subject: 9041 39556 53673 49196 193 193 193 
9041 139 45570 34837 
20 150 204 435 9 
754 13269 45570 109 15 139 
6117 9 392 892 12 1512 6567 369 49 9 864 92 445 
392 952 12 1512 
182 21 127 49196 80 392 264 12 1512 193 
7690 1315 17 8163 837 959 193 
6460 487 49 959 430 193 
10173 53674 53675 8792 53676 34810 
53677 8087 39192 9657 
110 80 392 280 12 1512 45 157 53678 80 392 784 12 1512 45 369 49 9 864 92 445 
392 2449 12 1512 193 
953 63 9 53679 80 49 28 310 8366 138 
7690 373 49 445 392 5661 12 1512 17 8163 837 959 193 
6460 487 49 959 430 193 
9831 2276 143 298 53680 
10173 17 5035 6 
6117 9 392 892 12 1512 6567 369 49 9 864 92 445 
392 952 12 1512 
7885 33398 49196 80 392 264 12 1512 193 
7690 373 17 8163 837 959 193 
6460 487 49 959 430 193 
28 235 626 112 102 21 38 130 70 44129 143 4 4183 21 52870 3199 
1184 12 419 18 7227 21 1121 38 4223 2529 109 28 3867 17 1184 34 
1543 38 508 12 72 38 467 21 9253 81 6460 109 28 3979 1905 12 
81 5247 14 125 15 110 12 
52870 3199 1184 
1051 12 12 3519 
143 143 143 143 143 143 
143 143 143 143 143 143 143 143 143 143 143 143 143 143 143 143 143 143 143 143 143 143 
52770 1257 397 1254 397 338 38015 