Subject: 19653 392 390 45 1857 4 4114 2660 193 
42 18794 45 46 38 49 15 92 17 1543 12 
68 273 3894 28 3509 2563 31 2473 38 35 
481 392 390 45 1857 347 959 4 28 997 4114 2660 2858 
50 273 193 1029 9962 138 274 2666 109 17 450 
2473 941 68 124 12 12 12 
137 21 28 52941 31 68 849 109 28 1971 45 
9 3986 11065 514 839 2110 2264 70 
3509 2482 21 28 19897 31 28 839 
2214 1905 21 450 72 20 93 35 481 255 
483 12 
28 2482 65 4639 2428 347 107 28 839 
112 14217 12 769 8431 19407 34 161 164 
5054 359 14459 52942 28 832 4 
28 839 12 68 58 12655 21 2482 255 34 68 
124 9 4572 45 51235 17 28913 185 21 481 91 416 
483 23 3314 12 
28 1508 8 205 9939 43340 12 259 591 
255 164 3607 34 1510 3869 164 312 
48 10 1032 1355 1397 12 226 8139 1375 
959 130 959 255 4618 20 499 45 542 205 47 
2494 12 38 18 1929 1319 38 4618 20 
1897 193 
824 824 824 824 824 824 824 824 824 824 28 3509 2563 124 487 1905 824 824 824 824 824 824 824 824 824 824 
72 38 187 435 21 481 23 1557 392 390 45 1857 4 982 
1032 4114 2660 193 81 2666 68 839 45 111 2666 20 
120 193 
68 124 9 13271 45 14217 45 483 1476 1129 12 
20 926 107 1207 38 21 3078 921 66 306 
255 347 481 347 85 184 3852 3625 12 274 
6482 28 4441 45 17 38 18 481 483 12 
68 40473 273 3199 839 1930 
12205 1876 3471 5820 92 12 
273 124 28 6165 1470 31 28 460 12 85 13350 
31 68 8202 298 1381 31 3836 369 12 28 
3806 38 4293 45 28 959 255 18 77 312 
1166 568 273 12 36 15 4601 31 68 2135 12 
669 143 132 105 124 53489 52948 17 7 150 282 125 56936 
2481 12 
28 862 430 124 541 7 5865 82 
42823 1461 132 42715 12 35770 45 579 1892 7 
1 143 2666 3212 17 2143 91 968 17 244 21 
20 12 373 1010 2663 45 28 4207 7 2023 49 28 
1335 6300 1010 54186 17 132 2439 112 
9671 12 121 52949 3372 992 45 7 
3919 21 3558 132 2745 1166 12 765 28 1335 1209 45 
7 16907 591 14592 4561 1440 12 7 19606 
132 599 45 17894 17 52950 765 392 667 45 1857 12 28 
10829 112 564 9 41409 109 132 1166 17 7 274 
10266 150 440 1029 21 481 8368 2564 12 7 777 21 52799 
17 18539 7913 132 3314 21 1947 132 599 17 
49146 1166 12 
23 34 3315 541 7898 6519 4 132 
2261 12 7 207 305 21 2176 28 2596 4 7716 
34 68 90 2671 15 2261 19728 35903 12 
4 3965 511 45 7 293 68 1021 4 132 273 12 
2041 524 1481 21 357 68 839 7 777 205 
50 497 49 430 109 2119 1166 
4787 12 410 31 28 2950 7 293 45 4 132 
6351 45 199 64 6238 12 26 199 1553 531 
1376 49 14 21 18529 347 28 4143 
4173 112 531 48 49 14 21 4998 21 450 72 26 
187 548 12 
251 45 130 7 112 9712 45 4 511 31 1108 45 7 293 
68 839 12 7 4602 150 440 13 49 20 347 672 49 20 12 
4091 274 221 132 105 2354 9 133 110 17 46 
46658 49 34 12 7 2666 20 1315 225 121 34 
429 92 21 77 474 7 112 1743 20 
3811 12 
7 10266 150 440 2892 132 12551 193 487 112 9 483 1476 
1329 7 90 3042 3923 308 184 19605 12 
435 508 31 38 7 112 1449 9 3547 40118 17 9 
3547 41610 67 28 14217 2210 31 20 195 12 259 
7 7259 20 499 306 28 1200 12 204 12 417 157 
215 6255 143 7629 143 52952 45 
952 954 9 517 219 17 26 11976 34 20 124 6182 
14217 12 121 2610 28 839 112 14217 45 7 
3919 45 231 953 107 138 231 
38835 7 102 499 848 45 1857 2661 12 20 64 14 67 
392 1535 49 132 92 109 143 1479 12 28 990 3203 67 273 
124 34 7 439 150 440 87 184 483 49 2871 21 13 
499 28 839 45 17 86 7 65 13 28 8366 
215 1537 219 74 273 45 132 445 4155 124 132 92 12 
4 982 1032 208 1867 45 7 112 1544 21 128 
4157 49 2385 4118 648 12 74 3391 636 45 7 777 293 512 
4157 49 2385 4118 648 12 15 2195 84 77 21 128 
23 1557 639 4157 49 2385 4118 648 1370 144 1910 12 72 
38 439 150 440 45 13 499 959 2950 395 38 220 12 
132 429 3040 4 1476 392 390 45 1857 4 4114 2660 112 506 12 
74 3391 454 45 7 777 293 34292 4157 49 2385 
4118 144 12 15 2195 124 21 128 23 1557 1876 141 4157 49 
2385 4118 144 1370 144 1910 12 72 107 45 13 499 959 
2950 395 38 220 12 1319 38 8 1876 4157 45 28 
6134 124 941 45 43339 45 38 18 481 15 392 390 45 1857 12 
505 45 7 777 34292 4157 49 2385 4118 144 45 3876 959 1032 7 
539 12 259 7 4106 182 17 6398 12 74 1551 648 45 31 28 
429 848 45 1857 2661 7 102 499 45 7 293 392 783 45 1857 
306 959 963 4 5820 517 12 7 484 2354 195 132 52827 
17 6221 9 48 539 294 11602 12 
81 85 15 92 21 2666 68 2563 45 20 18 
2671 15 2261 19728 12 1074 45 20 3050 150 440 548 72 
38 439 150 440 4618 20 12 
68 839 926 548 45 251 38 1906 6482 20 
1318 12 1012 28 2097 31 107 1413 21 198 
15 105 4 9 218 198 12 20 3050 150 440 548 17 
38 150 587 13260 499 109 9 356 31 483 12 4 73 49 68 
2563 21 548 45 38 1906 2564 15 2195 31 639 141 4157 
49 2385 4118 648 45 17 1876 141 4157 49 2385 4118 144 4 73 
21 481 392 390 45 1857 347 959 4 4114 2660 12 
7 207 8012 822 34 20 1930 12 72 38 518 107 21 
436 4 68 839 45 7 207 118 12 20 93 124 
9 990 1129 306 3547 64 347 4998 21 38 12 
72 38 518 21 436 45 6482 28 839 17 
38 18 77 109 15 185 21 4561 10820 12 72 38 
164 9 2048 1166 5338 17 164 4 4561 
2896 435 7 112 45 347 38 482 21 3042 15 2745 
1166 45 3088 68 9 5912 12 7 106 193 
116 45 
53489 52948 
9 2901 817 125 28 3238 31 68 839 12 
74 28 92 38 8 2666 862 839 17 
1537 45 38 84 8 12671 34 222 9 839 
215 17 208 34 124 14217 219 90 107 8 205 7548 74 
70 53490 12 82 14 2949 38 9 3547 67 1904 12 7 
777 9 35056 1166 49 848 1010 12 111 4 12128 
132 1166 13617 18800 2354 12 7 112 312 28 310 
3385 34 199 2594 1349 49 14 45 251 20 
3794 150 440 1960 12 2209 45 7 12737 20 499 12 20 3794 150 440 
14 45 20 112 28 10829 12 13641 17 53491 777 
42039 28 13526 10829 34 777 205 306 434 
226 53492 12 
7 439 150 440 8 21 2949 38 515 6519 21 28 
17837 677 45 86 591 31 38 83 125 429 
2894 2596 12 161 199 959 1927 17 
53493 1032 1355 1397 12 28 4605 8876 112 
53494 12 1510 213 934 515 26 199 312 
11472 53495 17 223 964 12 1510 213 106 107 45 
1141 1510 213 4430 777 2423 21 8163 347 
36588 45 199 2087 3192 921 28 17095 31 28 4333 12 
130 28 9712 7653 45 231 28 11614 36 37962 45 17 28 4333 
36 47657 231 12 28 5112 1362 31 1476 483 
18 4430 3318 38 21 231 3619 964 231 347 231 36 11614 231 12 
13641 18 450 21 34 193 38 8 274 293 
430 34 35 1844 38 4561 3389 49 
28 6134 31 15 2261 45 306 359 4998 17 274 9 3547 
657 31 2954 12 38 35 481 959 483 4 28 997 2351 
524 1032 38 8 1355 41977 12 7 84 65 
776 499 34 7 18 107 128 9 18518 31 15 
483 45 7712 2622 3191 213 58 1866 9 53400 
49 68 839 12 
7 8 53496 125 68 839 121 50 499 
35775 17 35775 31 2950 12 6482 28 
839 1318 130 5041 12 220 107 2671 20 4 184 
185 12 20 1930 13167 505 130 20 124 369 12 130 28 
9712 7653 45 231 72 20 37267 150 440 21336 45 439 150 440 9493 20 12 231 
1074 21 273 9 39 31 68 2494 2385 21 
8139 38 35 2937 31 12 208 31 28 255 38 13 
68 21 229 13 499 390 45 1857 17 15 105 18 77 109 
8139 31 37 193 1074 3320 45 28 959 38 13 
499 45 28 959 2483 4158 38 18 1448 12 
259 45 132 18794 45 7 8 78 38 28 2568 45 28 
2458 45 28 430 17 28 1129 21 
2111 35903 374 12 20 150 204 964 21 38 369 12 
220 20 193 193 
1397 38 6631 68 839 125 15 4 143 323 215 130 7 
5865 106 219 45 85 9 3547 92 21 2666 20 17 93 
2937 67 20 12 36 9 52951 17 4946 499 515 90 
13339 179 38 436 12 4946 499 28 12503 
261 3793 17 359 1384 2473 38 7819 20 45 
38 18 1449 481 9 356 31 483 12 38 18 
6184 36 182 515 38 11472 17 959 12 184 
14487 38 8 18 35054 179 15 429 4157 
3078 4 12 
52961 5043 
43032 45 2676 
68 1381 31 5044 7462 93 1930 1876 3471 5820 
92 12 7 207 474 34 38 90 572 964 21 392 390 45 1857 347 
959 4 28 997 4114 2660 12 1397 38 256 231 13925 1775 1775 1775 1775 231 45 
81 2666 68 839 47 6579 12 68 124 107 
9 2208 849 251 9 12205 14217 483 1476 
1166 12 
130 306 195 1711 143 1313 3602 45 419 9180 670 
1166 74 17100 294 8448 17 18432 670 
3867 215 1537 219 12 5820 2228 4 28 391 13886 38 
21 17259 294 1711 143 1313 1166 8448 17 21 
4239 9 8366 49 5820 7770 293 12 34 150 204 
515 68 839 926 12 419 3616 1537 17 34 150 204 
12205 13271 193 15 4157 18 3078 21 38 74 
628 17 18 77 9774 74 273 45 259 38 164 107 
3869 4 2901 18432 12 38 18 220 20 4 28 
9657 31 15 3314 45 2964 347 157 12 68 124 28 
38417 3199 2563 19798 12 20 124 2858 8371 
4157 74 273 12 
28 1537 419 3616 164 37404 17 
13896 1979 45 13377 21 28 52975 49 
8139 21 3558 28 45531 21 28 519 423 31 
240 143 8443 45 28 430 52934 45 28 11056 31 28 
460 12 
487 150 204 28 2563 2 
648 219 38 73 28 2116 1537 3804 1905 49 392 729 
1320 12 26 18 77 102 21 38 74 273 12 
144 219 8163 9 39 31 68 3509 849 17 1022 15 
105 121 2385 4118 648 17 3619 28 411 2587 
3192 12 3567 2354 28 105 17380 3376 23 2385 
4118 644 12 
827 219 572 184 31 28 12440 31 6261 273 1184 
3804 215 572 231 1424 231 49 6261 273 219 17 8 37 
13 38 646 45 1857 21 390 45 1857 273 2588 49 
67 392 2449 12 
644 219 4157 18 3078 21 38 74 1200 12 204 12 628 12 6125 581 
581 31 28 4157 215 17 392 729 49 1320 73 219 45 
2858 273 37 28 870 2385 12 
369 7 672 38 12 90 2423 77 13144 138 
74 28 185 45 161 164 765 390 9881 273 2588 
306 36377 959 3343 28 1971 1320 1209 45 259 
439 150 440 6402 67 231 916 499 231 347 231 36773 231 12 38 
3050 150 440 1853 499 31 255 12 
38 35 3042 328 12 274 1074 443 941 3052 12 
648 219 73 28 2116 1537 
73 28 2116 1537 125 28 2587 1905 12 215 38 
35 150 440 3616 37 72 38 439 150 440 8 37 12 219 13 392 729 
5634 45 28 105 17 140 31 28 2385 38 164 
13376 45 15 273 16 45 17 15 105 317 
611 16 215 4 279 31 9 1021 219 21 28 
160 9468 105 1417 109 28 110 997 21 28 
2385 12 
481 474 15 611 16 124 109 15 20618 
4 279 31 184 1200 12 204 12 628 1440 12 1370 9 2351 
2660 38 18 128 74 273 195 2116 31 28 
1537 12 8163 37 4 15 1225 259 38 35 
13 37 21 28 35775 31 255 213 18 
73 37 125 38 12 
144 219 1907 15 133 16 21 68 849 
9 12 219 933 1905 49 28 110 31 1537 17 
2587 12 
167 12 219 121 38 150 938 13153 28 2116 1537 45 
6631 28 105 17 16 1389 2385 4118 644 12 
68 160 58 869 20 195 28 185 
1461 28 3509 3202 12 
1219 12 219 3619 28 105 17 16 1389 2385 4118 827 
3192 21 2385 4118 644 12 
151 12 219 3619 28 105 17 16 1389 2385 4118 144 
3192 21 2385 4118 827 12 
240 12 219 3619 28 105 17 16 1389 2385 4118 648 
3192 21 2385 4118 144 12 
1269 12 219 5682 15 105 17 16 4 28 2385 
4118 648 2439 12 
81 481 474 38 39 195 430 45 5820 105 
17 5820 16 8376 12 
827 219 85 68 3509 849 45 1141 28 6841 
110 31 2587 17 8163 20 21 15 1225 12 481 359 
538 21 443 4441 12 369 38 164 1027 21 
572 68 3509 273 21 13 21 15 273 54361 12 
2385 4118 648 18 2949 38 2473 21 6456 6261 273 
1237 17 273 2588 259 38 35 13 68 
839 499 21 35775 31 255 1427 38 18509 12 
1074 34 390 45 1857 141 294 255 164 3343 28 
1971 5820 76 12 
15 64 21 436 4 68 124 6606 
7289 215 924 38 35 61367 392 639 17 28 4143 
6261 38426 64 219 12 38 3091 8 9 1225 
17 70 1971 2375 17 273 124 298 12 
161 164 373 2593 1362 31 2692 15 
53497 2 
1381 4118 648 2 50 6261 273 12 82 150 204 256 34 38 
3807 21 3042 532 45 274 21 450 2473 20 7653 17 
419 150 587 6132 38 17 195 1510 3869 445 273 499 
144 45 1857 2950 18434 12 82 150 204 65 6132 34 28 
133 9661 9 0 12 729 3471 3793 12 28 3793 90 
77 48 10 12 65 45 591 255 18 273 499 
12440 31 35775 31 2950 3915 31 144 45 1857 
215 953 61368 23 144 45 1857 138 219 251 12740 306 68 
3521 45 38 13 499 445 144 45 1857 2950 12 306 9 0 12 729 3471 
3793 45 34 150 204 445 848 4157 38 150 587 36 49 2385 
4118 648 12 1510 2978 255 3820 74 50 499 144 45 1857 
1320 49 9 834 31 639 45 1857 12 499 31 1510 0 12 729 3471 45 1876 
255 3820 17 73 2385 4118 144 12 1510 1876 255 
628 499 144 45 1857 2950 49 9 834 31 438 45 1857 12 28 
0 12 729 3471 21 34 124 648 45 1857 4157 49 2385 4118 827 12 1510 
648 45 1857 13 499 144 45 1857 2950 1320 49 9 834 31 
144 45 1857 45 1857 12 28 0 12 729 3471 3793 21 34 124 848 45 1857 4157 
49 2385 4118 644 12 34 150 204 848 45 1857 392 729 52801 49 38 12 5634 193 
15 834 18489 4 68 3521 124 
392 390 141 392 2862 141 392 729 45 1857 141 392 390 45 1857 49 9 834 31 392 1764 45 6245 193 
17 34 150 204 274 72 445 848 255 499 31 28 546 
144 45 1857 255 21 4577 38 102 2950 3820 17 28 
6134 31 28 8151 19854 769 35110 12 
52946 21 2937 49 9 3315 515 187 13339 72 
8139 215 347 837 445 1894 31 8139 219 102 499 
1876 45 1857 2950 3915 31 274 144 45 1857 12 2892 14 45 
591 255 18 13 499 959 1032 274 28 144 45 1857 
3376 4 68 3521 12 
1381 4118 144 2 4770 298 3954 109 28 1971 12 
3836 109 28 1971 124 47 45 47 38593 45 
17 161 164 12440 31 298 6625 21 44126 12 
82 150 204 256 38 3807 21 3042 532 274 21 450 2473 
505 20 1930 12 6132 15 2195 124 21 36 445 848 
255 21 436 109 15 429 1313 12 4770 9 
356 31 298 3954 109 28 1971 18 2164 36 9 
9257 3793 12 65 6132 34 8139 3191 4 
15 2072 7985 445 848 53497 1825 12 933 
2473 68 532 140 56938 21 2181 28 
11469 1508 1905 2 
648 3083 1313 143 15 429 848 13 38 
392 729 12 12 12 12 12 12 12 12 12 12 12 12 12 12 12 392 390 
144 380 1313 143 848 389 125 1510 848 
215 392 729 641 848 219 12 12 12 12 12 12 12 392 2862 
827 2287 1313 143 848 389 125 1510 1876 
215 392 729 641 1876 219 12 12 12 392 729 45 1857 644 902 1313 143 848 389 125 1510 
3920 215 392 729 641 3920 219 392 390 45 1857 
834 102 21 38 45 392 1764 45 2862 
14343 45 983 150 440 20 138 1074 17894 45 68 13154 
34 28 255 213 436 445 17259 848 255 
1320 12 2937 49 9 3315 515 187 13339 72 26 221 
639 255 21 436 12 508 255 36 1876 150 204 31 
196 17 591 18 7227 21 548 68 
839 45 50 499 2950 306 15 105 109 37 
49 1010 12 2937 67 20 193 
255 164 985 21 36 2661 67 68 2563 125 
38 347 28863 3191 17 591 18 548 68 2563 12 28 
260 124 45 439 150 440 38 482 15 105 21 77 109 28 
2661 26 18 13 499 138 
6482 443 4441 2 
648 219 3559 1211 310 517 504 109 195 4157 12 
144 219 3559 13 392 729 5634 215 1200 12 204 12 3917 219 49 1320 
2385 12 
4190 164 107 4779 12 56514 28 5634 4 373 
20744 31 358 12 109 208 31 1510 20744 45 3047 28 
105 17 140 31 28 2385 38 164 13376 45 
15 273 16 17 15 105 17 3133 
16 12 
2385 4118 648 
231 28 52966 150 204 1460 21 3836 49 298 109 28 
1971 231 
73 68 2385 125 2 
1193 12 7704 61369 
61370 61371 2287 
14088 45 6485 12 61372 
2385 4118 144 
231 28 52966 150 204 1460 21 50 6261 273 109 28 
1971 231 
73 68 2385 125 2 
61373 57569 
61374 3847 2642 143 9832 1219 
7752 45 23194 61375 
2385 4118 827 
231 28 52975 21 52976 3199 109 28 1971 231 
73 68 2385 125 2 
13903 60594 
60595 61376 61377 61378 45 282 4118 21925 
5590 56386 45 3815 61379 
2385 4118 644 
231 2473 21 2111 9 52982 38423 28 2168 31 
52976 3199 17 28 1971 231 
73 68 2385 125 2 
37242 36468 
9012 60598 3083 12 
60599 45 204 12 1219 12 60600 
38458 49 2487 
9494 68 130 15 1166 12 77 2917 45 8198 
17 6482 28 2488 8376 12 13 49 28 
2116 1537 3923 259 38 18 8 37 179 
28 4157 3042 963 4 86 2 
179 38 128 9 392 729 73 45 38 1906 13 499 28 
1403 8366 397 2385 12 68 1906 77 506 4 73 
49 20 21 77 9 13271 17 14217 1166 17 15 
3239 87 28 1537 21 13 499 769 462 
215 306 15 105 109 37 193 219 3559 1211 310 143 517 
504 109 28 4157 38 128 12 77 33713 17 
35031 306 68 839 12 72 38 6482 28 
4441 1318 45 1508 18 6482 12 
1074 68 12 55183 15 105 124 223 3192 109 
28 110 45 20 124 10440 4 6059 31 9 218 2385 12 
38 35 3832 6608 31 15 2406 74 18588 540 
2385 255 164 13376 125 38 12 21 2698 959 
18489 45 2858 13 499 212 13242 31 2661 347 
7227 4770 3954 17 3042 28 830 368 
120 12 161 124 359 9081 21 28 18489 38 18 
2698 125 68 1166 12 
3088 443 9903 31 68 57218 1166 2 
648 219 359 10897 143 21 143 10897 18432 45 359 3588 45 359 
11964 45 359 3852 3625 215 21 481 347 
128 219 45 359 536 64 21 3042 45 7289 21 
2188 45 359 12157 539 12 
144 219 359 7748 21 7690 12 38 314 8 9 1225 
17 70 1971 2375 12 38 314 8 
3212 38 87 21 6392 4157 12 
827 219 38 164 18432 9 8366 540 926 107 64 
2423 21 2706 347 7789 12 38426 28 1537 
124 298 193 
644 219 195 15 4158 63 38 4 5634 193 
12447 369 193 85 15 429 3040 12505 4561 
19609 12 73 28 1537 17 6482 28 
839 15606 414 12 2487 18 77 15 20447 12 
487 150 204 91 430 34 229 95 38 306 15 
1166 12 
72 38 87 95 306 1544 9 1166 45 8168 
9 1166 105 45 3 2473 18489 5810 124 6118 45 
409 12 45 66 15 1430 157 31 28 532 1166 
7759 215 9 11033 14160 219 23 648 143 6255 143 53011 143 34340 
49 298 95 17 3940 21 463 12 65 45 28 
15711 50096 504 2529 298 95 407 
3852 17 298 36011 67 1166 5810 
2584 12 15 44124 164 10407 9601 109 
15 3544 17 3836 12 28 430 
13226 109 68 2404 17 4 28 1537 9696 
359 52661 9694 7712 12152 12 4 28 363 34 
20 124 2581 34 68 2404 347 2385 9696 
9 5697 31 184 331 45 34 5697 124 369 53516 12 
28 44124 13869 3804 109 68 2404 17 4 28 
2385 164 37062 445 17 9601 9583 109 
28 6205 12 72 38 8 184 260 67 28 
53517 31 68 839 45 66 28 157 31 
2329 1762 49 3199 11912 45 11033 
8216 1114 45 14154 31 14209 14210 45 
8021 45 151 1219 12 
1389 580 204 12 53012 361 5021 3854 74 28 793 902 1200 12 204 12 
6286 45 68 849 62 77 2170 8797 130 
122 130 28 183 3552 66 430 17 9 
1381 31 21112 12 226 68 124 9 208 92 273 
13448 45 359 3214 49 21112 124 829 12 