Subject: 110 49196 369 109 45 765 390 3471 2354 11045 1316 
73 486 2 
195 2588 164 44008 17 1395 7913 236 5247 1316 49 28 96 1508 306 28 4781 20384 21 1510 213 220 107 467 21 128 8801 628 12 591 294 642 2950 61970 15 30177 17 13 628 352 21 28 15550 259 38 439 150 440 87 70 5488 231 6261 143 16168 231 30177 12 61969 14054 3078 306 9 298 133 839 45 542 107 28 96 251 18 36 38 1339 72 38 439 150 440 8 208 45 20 65 3552 373 6261 273 1237 1174 150 204 208 31 540 58 9 1367 273 16 42940 21 3571 15 2745 11519 1316 45 419 369 38605 1404 31 443 1237 19975 12 
6237 164 1812 4 590 10667 882 397 434 7804 17 164 1442 35845 31 190 17 16995 
49196 49196 49196 49196 49196 49196 49196 49196 49196 49196 49196 49196 49196 
11045 2861 110 23 982 1032 1894 670 3536 215 314 60931 219 80 45 864 1909 445 259 20724 193 193 193 193 
2978 9881 273 2588 49 445 2243 590 10667 882 347 4711 1200 12 204 12 7804 
848 45 1857 45 1857 273 2588 302 16549 2243 397 392 4711 6611 487 470 472 
3536 6237 49 13376 121 608 902 247 136 
648 45 1857 45 1857 273 2588 302 16549 1535 397 392 667 470 472 
144 45 1857 45 1857 273 2588 302 16549 892 397 392 784 470 472 
827 45 1857 45 1857 273 2588 302 16549 2243 397 392 4711 470 472 
644 45 1857 45 1857 273 2588 302 16549 894 397 392 4253 470 472 
729 45 1857 45 1857 273 2588 302 16549 785 397 392 2117 470 472 
448 45 1857 45 1857 273 2588 302 16549 7848 397 392 30667 470 472 
248 45 1857 45 1857 273 2588 302 16549 790 397 392 4113 470 472 
617 45 1857 45 1857 273 2588 302 16549 2082 397 392 802 470 472 
1257 45 1857 45 1857 273 2588 302 16549 1082 397 392 811 470 472 
273 16 1316 164 102 130 549 3864 109 3992 26 35 77 9486 306 508 2744 574 19975 17 49269 921 508 1738 17 6261 273 1237 12 
419 35 369 3357 352 400 655 680 125 3526 28 590 45 521 21 15 400 17 672 37 21 655 28 10667 882 6567 49 28 140 31 273 2588 38 467 21 15198 21 28 235 400 61 2 
61 105 2 61972 
400 9699 1285 2 5816 2449 1259 
61 140 2 62368 
400 277 2 29487 400 45 772 2464 45 61973 45 38977 6372 13824 1535 827 22317 
15 400 18 548 499 28 3917 676 49 38 45 306 28 676 299 38 84 77 189 359 959 1032 28 6237 414 49 434 7770 4188 215 443 1833 9 3917 655 578 219 
481 474 38 672 49 9 825 347 6311 140 45 179 38 13 15 73 215 74 417 219 77 474 21 3047 68 140 3192 45 542 515 2113 15 73 21 15 680 12 15 680 84 2603 1370 952 52953 17 15 273 2588 18 77 61974 130 1028 130 261 12 
21 73 6611 28 140 31 2588 38 467 21 15198 45 111 6392 499 28 277 1905 17 417 15 73 1122 306 680 215 89 4 15 2745 3917 347 434 7770 52741 89 445 81 219 869 34918 21 61972 21 2 61972 590 45 3277 323 32552 45 47938 2642 45 61973 45 38977 45 6372 13824 1535 827 22219 12 
105 2 1775 1775 1775 1775 1775 1775 1775 1775 1775 1775 1775 1775 1775 1775 1775 1775 1775 1775 1775 1775 1775 1775 1775 1775 1775 1775 
16 2 1775 1775 1775 1775 1775 1775 1775 1775 1775 1775 1775 1775 1775 1775 1775 1775 1775 1775 1775 1775 1775 1775 1775 1775 1775 
1775 1775 1775 1775 1775 1775 1775 1775 1775 1775 1775 1775 1775 1775 1775 1775 1775 1775 1775 1775 1775 1775 1775 1775 1775 1775 1775 1775 1775 1775 1775 
1775 1775 1775 1775 1775 1775 1775 1775 1775 1775 1775 1775 1775 1775 1775 1775 1775 1775 1775 1775 1775 1775 1775 1775 1775 1775 1775 1775 1775 1775 1775 
1775 1775 1775 1775 1775 1775 1775 1775 1775 1775 1775 1775 1775 1775 1775 1775 1775 1775 1775 1775 1775 1775 1775 1775 1775 1775 1775 1775 1775 1775 1775 
2476 2 1775 1775 1775 1775 1775 1775 1775 1775 1775 1775 1775 1775 1775 1775 1775 1775 1775 1775 1775 1775 1775 1775 1775 1775 
417 397 1284 1285 2 1775 1775 1775 1775 1775 1775 1775 1775 1775 1775 1775 1775 1775 1775 1775 1775 1775 1775 1775 1775 
273 16 2 1775 1775 1775 1775 1775 1775 1775 1775 1775 1775 1775 1775 1775 1775 1775 1775 1775 1775 1775 
7 3252 9 1035 347 8 869 9 400 655 21 28 6567 31 
215 8066 441 219 1775 1775 1775 1775 1775 1775 1775 1775 1775 1775 1775 1775 1775 1775 1775 1775 1775 1775 1775 1775 1775 1775 1775 1775 
1035 347 400 655 397 6311 140 1775 1775 1775 1775 1775 1775 1775 1775 1775 1775 1775 1775 1775 1775 1775 1775 1775 1775 1775 1775 1775 1775 1775 1775 1775 1775 1775 1775 1775 1775 1775 1775 1775 
21 77 6617 125 670 133 1316 81 13 15 273 16 21 28 414 3133 16 12 