Subject: 1051 
49 1510 213 187 435 21 8 430 67 769 160 17 
769 1086 109 28 2298 45 81 220 28 235 2 
648 12 6825 70 654 2939 233 28 430 38 482 21 108 12 
1324 20 11012 12 1056 45 17 13039 20 13494 4 15 51557 12 
144 12 2949 932 177 38 8 13859 20 12 
49 1510 213 482 28 2939 21 933 9 3547 34512 1032 651 654 549 45 
347 1510 213 482 21 776 21 840 3864 215 435 156 219 45 
648 2 572 28 8084 7 18 13 121 68 626 12 
144 12 1324 28 231 429 231 455 11012 12 1056 12 
827 12 1324 195 411 449 2942 38 435 12 
644 12 2949 932 177 38 13859 11012 12 1056 12 
195 31 38 18 77 1076 109 28 1662 3314 455 12 72 38 220 107 6825 184 
6215 45 15 105 18 9572 108 215 445 161 18 77 359 430 
1357 67 38 219 12 
68 124 107 51558 45 251 72 38 164 12525 82 14 83 12 72 38 187 435 
21 8 9 933 23 28 1662 455 45 130 20 124 1389 2691 45 220 68 2 
648 12 650 231 51538 231 23 28 51188 2917 12 
144 12 1410 231 3558 2739 231 125 28 2939 2815 12 
827 12 650 4 28 231 2739 21 3558 231 5052 2 1050 2 397 397 1051 12 851 12 852 12 853 12 590 397 1662 
14425 12 