Subject: 1 2 568 28 50778 50802 1135 215 144 219 
4 969 45 38 3047 2 
1232 41 4 132 977 626 7 1029 21 8 2619 499 28 508 2340 
1232 41 6605 31 4347 2 
1232 41 
1232 41 22515 2 41599 8142 
1232 41 1775 51392 
1232 41 1775 51393 
1232 41 1775 51394 
7 8 445 1355 3870 443 4347 208 208 1329 45 259 7 207 3800 38 221 
37 
251 38 84 77 159 21 3529 37 6470 74 51395 9 143 24333 109 28 75 31 
15 9724 1479 12 
1232 41 1775 51396 
1232 41 1775 1775 51397 
1232 41 1775 51398 
1232 41 1775 51399 
1232 41 1775 51400 
1232 41 1775 51401 
1232 41 1775 51402 
1232 41 1775 51403 
1232 41 1775 51404 
1232 41 1775 51405 
1232 41 1775 51406 
1232 41 1775 51407 
1232 41 1775 51408 
1232 41 1775 1775 51409 
1232 41 1775 1775 51410 
1232 41 1775 1775 51411 
1232 41 1775 1775 51412 
1232 41 1775 1775 51413 
1232 41 1775 1775 51414 
1232 41 1775 1775 51415 1775 51416 
1232 41 1775 1775 51417 1775 51418 
1232 41 1775 1775 51415 1775 51419 
1232 41 1775 1775 51415 1775 51420 
1232 41 1775 1775 51421 
1232 41 1775 1775 51415 1775 51422 
1232 41 1775 1775 51423 
1232 41 1775 1775 51424 
1232 41 1775 1775 51425 
1232 41 1775 1775 51426 
1232 41 1775 1775 51427 
1232 41 1775 1775 51428 
1232 41 1775 1775 51429 
28 47749 1029 21 77 51430 15031 45 259 143 9415 84 3529 34 208 12 72 38 
1449 
36 4347 111 7 207 107 474 45 251 4618 14 12 
38 3196 77 6336 541 435 
150 35 150 440 861 41598 150 4 540 279 1907 1397 28 8393 143 1193 10497 
143 1193 397 19546 397 2194 397 34422 
259 45 541 435 
31615 51431 12 1219 143 322 51432 143 1193 397 19546 397 2194 397 34422 143 24333 143 9415 
215 545 45 34 3196 77 143 9415 336 45 7 458 515 20 124 109 28 1958 397 1086 
4342 219 
7 207 509 9678 23 68 776 12 251 34 124 28 1422 45 21 1833 28 
1457 1088 12 
1232 41 
1232 41 184 95 18 77 48 12063 12 
1232 41 
1232 41 98 
21088 