Subject: 1 2 41372 
109 1015 45 952 334 335 45 98 99 101 2 
41 51701 3628 1298 45 
41 
41 51702 5163 21 358 689 41372 746 51703 1291 
41 4996 4399 684 51704 746 1291 700 4972 684 
41 1682 8265 12 40854 51705 21 273 1298 14 5009 
41 4920 2303 39845 1298 12 
41 713 714 715 45 2308 9164 15011 2780 14 718 
41 51706 689 1163 1676 43693 322 41372 45 
41 1678 746 689 17417 143 39082 40811 1676 43693 
41 707 3 12 
41 51707 4405 704 2781 51706 51708 45 6446 
41 6449 747 46854 12 1645 6432 4405 21 6436 20270 
41 684 700 322 51709 689 40811 734 5163 51710 
41 51711 714 4933 1676 3016 322 41372 12 6446 1721 
41 51712 684 45809 707 687 18137 45 4894 5159 1645 
41 700 18121 684 51713 4452 451 45 1676 51714 
41 40927 1691 45 2315 15515 45467 684 4852 
41 51715 689 51700 12 21 51716 51717 3071 700 
41 704 700 34826 143 1424 40916 746 2783 17417 143 39082 12 
41 21 904 358 4405 700 21 1778 2 
41 
41 2333 45 241 12 204 12 45 231 9 2019 17 1518 31 1505 3 45 231 
41 1610 1611 45 7536 12 639 45 359 12 144 45 286 12 
41 5365 143 3362 45 2015 12 
41 
41 21 4387 2754 746 1288 2 
41 
41 2333 45 241 12 204 12 45 9 2019 17 1518 31 1505 3 45 
41 1329 3 2 70 1610 1611 1946 45 
41 2333 45 241 12 204 12 45 36909 45 2461 12 17 2496 45 440 12 215 7339 12 219 45 
41 286 12 5139 143 2241 45 2015 12 
41 
41 6722 700 14859 21 3654 6684 2812 734 5794 12 
41 70 21 4930 44709 14 4400 8277 714 3650 45 684 21 48447 
41 714 21 3297 12 
41 49733 684 21 18002 109 143 1479 3014 705 21 4915 12 6417 51718 
41 322 18068 746 16160 747 8321 8463 689 12 
41 
41 17026 15676 322 18068 264 746 4915 3282 1333 2385 4919 12 
41 898 2293 2 2683 143 1082 143 144 12 1284 
41 
41 3057 1298 2293 3282 711 904 358 215 2989 144 12 1284 219 2 
41 
41 321 12 19661 17 440 12 39770 12 28 2989 144 1703 1400 12 
41 1329 3 45 827 215 644 219 2 19840 143 9021 45 16528 12 
41 
41 322 2989 144 700 51719 5005 605 1661 18068 45 3014 700 8147 143 3192 215 70 
41 8332 3742 219 746 18615 4416 5319 12 
41 
41 70 51720 684 5233 714 3650 2294 5190 45 3067 684 700 1312 718 827 12 
41 
41 3726 51721 12 
41 
41 1301 
41 
40849 45 
6722 705 3654 11157 684 51722 51723 732 451 1676 21195 0 51724 
5005 3739 51725 897 45 746 4380 1753 3756 705 0 9 51726 684 
51722 2789 1676 897 16096 215 18068 824 824 317 2989 144 219 45 705 3710 684 3299 704 18625 0 51727 
3155 215 3121 219 707 684 44589 12 3653 14 2774 684 3654 21 
358 689 2333 707 684 40976 0 781 45 746 17543 684 41024 3756 714 5175 1692 
718 609 12 1529 215 746 10844 684 44589 5002 3633 691 44103 
2780 14 21 51700 219 12 19765 8316 897 70 3756 2303 609 12 1529 700 322 12 741 12 
51728 