Subject: 1 2 2607 
4425 98 45 
7 274 1022 28 8856 2 
3539 
4 132 12 34542 2939 
33325 11423 1775 3539 
84 432 28 3326 49458 12 
40 12 
40 10163 45 14500 144 12 646 167 45 1617 31 1225 340 45 
176 31 175 45 282 636 1257 645 1068 12 16260 3363 16262 
3977 2 50789 302 851 12 852 12 853 12 590 962 2 623 8148 2 448 150 648 231 8819 2 636 12 729 
231 8016 2 35 150 440 11416 306 150 6838 45 35 150 440 13268 150 6838 193 231 143 51288 51289 
231 51290 51291 51292 193 143 5580 51293 
231 542 584 21 548 4 1536 179 38 150 1 50790 12 231 143 1772 
231 7 150 587 18467 38 306 259 591 51294 38 150 587 30940 49 9 1457 231 143 1219 12 51295 