Subject: 3397 143 110 2 1572 1573 1086 11662 109 4372 2298 1127 
1572 1573 10658 865 2445 109 
4372 2298 1127 
28 1086 1536 23 8941 317 28633 143 6521 215 1086 2445 31 
430 1127 219 45 176 31 1564 
37729 2012 570 6123 49 
448 143 618 76 11662 
1357 23 28 8706 143 1260 1113 1572 1573 10658 
865 2445 109 4372 2298 1127 
28 1572 1573 865 2404 109 4372 2298 
1127 2258 10660 775 
12668 10658 3361 28 1129 21 128 
865 1370 28 176 31 1564 1086 1536 
8941 397 28633 143 6521 4 28 1086 2088 31 4372 2298 12 
28 9391 2419 164 2697 21 6147 499 
769 2012 3361 23 9 8706 1825 2228 347 9 2228 
2621 21 28 1085 1086 1988 
1116 12 2419 62 12296 769 16522 
4 28 2476 31 769 16905 31 671 2086 
28 10658 865 18 16 28 235 1086 
1142 215 68 124 9 393 143 9050 110 219 2 
143 1329 3 317 28 4372 2298 
143 4372 2298 4564 2 8996 17 1161 
1153 17 11024 
143 1152 317 4372 2298 
143 561 2 4372 9143 49 8037 143 397 39210 45 
167 144 167 45 10890 9000 45 1162 1153 
2483 6123 229 66 17 13 769 1036 21 
10206 11422 
2877 3399 215 28633 219 23 28 
176 31 1564 
48645 143 3660 143 39033 17345 848 143 135 
48646 1564 45 1331 
1068 12 2 141 141 2449 11424 51653 143 49086 
51 12 2 141 141 2449 11424 51653 143 43368 
273 2 11422 302 28633 12 1095 
1050 2 397 397 1051 12 28633 12 1095 397 6521 
143 143 
10206 11422 
28633 1086 2445 49 430 1127 23 28 
176 31 1564 45 1086 1524 6521 45 48646 1564 45 1331 
1068 12 2 141 2449 143 215 0 219 11424 143 51653 143 49086 45 51 12 2 141 2449 143 215 0 219 11424 143 51653 143 43368 
240 143 628 2 11422 302 28633 12 1095 
1051 2 1050 2 397 397 1051 12 28633 12 1095 397 6521 397 
143 143 143 143 143 143 143 143 143 143 143 143 143 143 143 143 143 143 143 
3397 1132 110 
