Subject: 3522 54577 17 41254 10671 193 193 
236 42851 150 204 39113 
87 9 294 42851 150 204 39113 138 
531 591 3508 347 411 2896 138 
482 9 39113 34 35 4430 77 62482 
347 62483 138 
482 619 49 62484 347 1055 4322 143 4 138 
3522 10671 45 54577 45 17 34738 42851 150 204 
10252 12 
19880 15 9657 45 17 34953 15 13191 12 
28 1620 55434 2143 38 28 56188 21 
3845 11965 11004 28 423 193 215 5683 
109 236 2642 10894 31 247 264 45 
19311 317 423 9818 1475 45 28 62485 45 
351 45 3391 608 45 59171 219 
85 13350 31 15 13124 12 73 9 2432 
236 42851 150 204 39113 34 35 4430 
77 62482 347 62483 12 
41719 50078 12 
1324 369 193 193 193 
648 143 55153 143 55943 143 62486 
21 77 6617 41 41 41 41 41 41 3267 62487 302 1241 144 385 12 1217 
62488 