Subject: 2871 1440 
42 1513 143 2405 365 45 
419 5419 150 440 205 159 21 3990 499 15 1513 358 215 9720 648 219 23 68 
75 12 72 38 1901 20 4 2744 45 35 38 81 8163 20 4 6394 1519 17 
823 28 294 30 138 72 38 576 6496 45 111 35 38 4618 916 20 
1389 9 3045 218 9114 17 3801 434 9 294 1552 
2939 138 13 273 21 28 1513 144 741 61 179 38 150 1 506 12 
192 45 143 9475 7705 45 70 1513 143 2405 6018 
125 143 332 3049 848 848 2 1535 2 636 2405 
641 143 661 143 659 2 4120 
641 143 661 143 659 144 2 663 
626 143 619 2 
632 2 332 45 848 3049 2405 848 2 1535 2 636 141 624 
125 2 98 99 
641 143 642 2 661 644 12 248 470 1099 472 215 6397 158 7 219 
641 143 3357 143 2234 2 1099 
647 143 30 2 648 12 0 
21 2 9475 7705 
627 2 1 2 2871 1440 
2076 2 
649 143 650 2 549 397 651 158 652 653 1770 143 1771 143 248 
649 143 655 143 656 2 248 657 
42 9475 45 
38 221 14 3803 12 
9720 648 124 5678 107 132 358 12 
7 207 107 474 2428 161 124 9 1021 306 132 358 215 9471 648 219 347 107 12 
7 18 823 9 6394 2939 3545 12 
98 99 
9475 7705 101 2 
41 
41 42 1513 143 2405 365 45 
41 
41 419 5419 150 440 205 159 21 3990 499 15 1513 358 215 9720 648 219 23 68 
41 75 12 72 38 1901 20 4 2744 45 35 38 81 8163 20 4 6394 1519 17 
41 823 28 294 30 138 72 38 576 6496 45 111 35 38 4618 916 20 
41 1389 9 3045 218 9114 17 3801 434 9 294 1552 
41 2939 138 13 273 21 28 1513 144 741 61 179 38 150 1 506 12 
41 
41 192 45 143 9475 7705 45 70 1513 143 2405 6018 