Subject: 1 2 9927 1045 
419 35 107 6354 9 1044 308 195 31 15 
430 45 1141 1058 1059 430 12 65 45 
419 445 8 9 10028 1044 1357 369 12 81 
3820 306 195 430 130 1028 130 261 130 419 
164 5865 1446 12 
7327 9931 
143 143 143 98 99 
101 2 
41 46 38 49 15 149 12 
41 
41 7 187 435 21 6354 28 1044 34 38 1076 
41 4 15 273 12 
41 4 1534 20 124 2 
41 648 9816 1870 1044 45 
41 49 28 1909 2 1038 144 21 1038 248 215 729 9844 219 45 
41 306 6822 9192 45 
41 306 5486 143 4368 45 
41 393 143 10028 45 
41 23 28 80 31 392 1082 141 5810 215 135 3471 219 2606 4496 12 
41 65 45 72 261 45 7 187 435 28 1044 21 77 10029 
41 215 107 306 9 2464 5052 219 12 
41 
41 7 18 13 38 132 1058 1059 277 74 51 109 
41 2366 215 1886 608 219 1850 12 
41 7 6527 49 28 144 143 517 523 45 251 20 124 9 294 
41 1059 17 7 8 205 
41 307 34 20 124 4 28 417 12 
41 
41 46 38 12 
41 
41 98 99 
41 
41 
41 9937 9931 101 2 
41 41 
41 41 7 6060 45 1320 1044 124 6223 9936 17 
41 5486 
41 41 9191 12 
41 41 
41 41 143 143 143 98 99 
41 41 101 2 
41 41 41 90 38 81 2949 14 2428 28 1044 124 
41 41 41 5486 143 9191 138 
41 41 41 
41 41 41 192 12 
41 41 41 
41 41 41 98 99 
41 41 41 
41 41 41 
41 41 41 9937 9931 101 2 
41 41 41 41 
41 41 41 41 46 38 47 48 49 15 9878 173 
41 41 41 1889 
41 41 41 41 1616 15 1981 1038 144 143 248 45 2405 12 7 
41 6060 
41 41 41 49 
41 41 41 41 28 523 4 132 3793 12 
41 41 41 41 
41 41 41 41 419 164 474 38 18 861 670 9928 9175 
41 41 41 6399 
41 41 41 41 17 505 200 125 195 31 28 513 
41 9929 
41 41 41 31 
41 41 41 41 1194 1195 12 419 65 1211 298 9930 
41 49 
41 41 41 195 
41 41 41 41 31 670 8582 109 2404 12 
41 41 41 41 
41 41 41 41 419 164 477 563 1616 68 92 31 1209 12 
41 41 41 41 
41 41 41 41 49 28 92 1909 870 419 35 481 28 
41 41 41 41 235 3359 49 15 3799 2 
41 41 41 41 
41 41 41 41 648 9816 215 648 143 144 255 219 392 1082 141 5810 
41 41 41 41 
41 41 41 41 5810 124 135 3471 31 28 1044 677 12 
41 41 41 41 
41 41 41 41 81 19 28 235 430 130 
41 1028 
41 41 41 130 
41 41 41 41 261 130 34 124 9 563 92 31 1209 4 1194 
41 41 41 41 1195 12 
41 41 41 41 
41 41 41 41 105 
41 41 41 41 16 
41 41 41 41 139 
41 41 41 41 92 17 632 31 5750 
41 41 41 41 632 31 5833 
41 41 41 41 140 31 9844 
41 41 41 41 1058 1059 140 306 9828 
41 41 41 41 
41 41 41 41 7 933 19 21 4024 125 38 1028 12 
41 41 41 41 81 3047 182 72 38 8 184 463 347 
41 41 41 1207 
41 41 41 41 840 430 12 
41 41 41 41 
41 41 41 41 116 45 
41 41 41 41 
41 41 41 41 7327 9931 
41 41 41 41 597 4013 
41 41 41 41 9927 9928 
41 41 41 41 9546 1257 902 2464 
41 41 41 41 1194 1195 45 3815 9932 
41 41 41 41 215 9916 219 9933 143 9934 
41 41 41 41 51 9933 143 9935 
41 41 41 41 
41 41 41 41 
41 1775 1775 1775 1775 1775 1775 1775 1775 1775 1775 1775 1775 1775 1775 1775 1775 1775 1775 1775 1775 1775 1775 1775 1775 1775 1775 1775 1775 1775 1775 1775 1775 1775 1775 1775 1775 1775 1775 1775 1775 1775 1775 1775 1775 1775 1775 1775 1775 1775 1775 
41 41 41 41 220 38 7618 193 138 
41 41 41 41 13 5991 461 306 7618 193 5992 12 
41 41 41 41 1050 2 397 397 7992 12 7618 12 1217 397 
41 41 
41 41 1775 1775 1775 1775 1775 1775 1775 1775 1775 1775 1775 1775 1775 1775 1775 1775 1775 1775 1775 1775 1775 1775 1775 1775 1775 1775 1775 1775 1775 1775 1775 1775 1775 1775 1775 1775 1775 1775 1775 1775 1775 1775 1775 1775 1775 1775 1775 1775 1775 1775 
41 41 220 38 7618 193 138 
41 41 13 5991 461 306 7618 193 5992 12 
41 41 1050 2 397 397 7992 12 7618 12 1217 397 
220 38 7618 193 138 
13 5991 461 306 7618 193 5992 12 
1050 2 397 397 7992 12 7618 12 1217 397 