Subject: 1513 936 2 1711 143 1164 3 
1324 49 832 
1513 143 2405 936 109 
1711 143 1164 3 2 2019 17 1961 
959 17 959 45 1329 3 124 528 4726 130 9 9972 
9677 31 1464 1597 21 584 1440 4 1711 143 1164 
384 12 49 3521 45 591 1036 9327 164 8891 4 
540 9973 31 2232 215 240 12 913 12 45 9321 219 2188 21 2180 21 2181 
3831 1434 12 4 2001 45 1329 3 1337 164 
9431 4 28 1453 31 762 9974 31 9118 143 1891 
2232 215 240 12 913 12 45 4 1158 8443 219 34 9975 4 1342 92 
306 1320 411 17 397 347 306 9976 12 
23 28 310 92 45 1711 143 1164 3 6494 7898 2013 
9977 45 4133 4 1743 2473 2232 35 2188 17 
9132 4 28 1912 31 411 2232 34 164 9978 3 
17 9979 12 68 124 9 9980 2088 31 1086 34 1465 9981 49 
2406 2 28 9982 17 7898 2013 3387 31 28 
9983 204 45 4 1503 222 130 1710 45 9984 143 2525 45 1475 143 2525 45 
17 3517 3 45 35 369 77 3044 21 959 9985 
1711 143 1164 8973 12 
68 936 109 2019 17 1961 4 1711 143 1164 3 124 
1471 21 77 1478 4 1435 17 592 4 7267 12 28 2195 124 21 
1121 1122 775 306 9 1855 31 7394 213 187 
7877 2489 125 3558 3682 45 9986 2106 17 
9141 9599 921 427 1508 45 2194 9977 45 17 460 
4787 49 2406 4 28 2018 12 
4 8035 306 670 9987 21 8 9 9988 17 9989 936 45 161 
18 77 359 9990 358 764 347 27 401 12 161 
18 77 9 140 31 1893 2495 143 143 3548 74 1521 3066 45 306 
91 3796 49 6355 2495 143 143 17 9991 31 92 49 3558 
2411 12 9 1140 2696 31 68 936 45 1471 21 9992 
2411 45 124 34 373 31 28 1521 2495 18 2144 9993 31 
411 1516 1511 109 1711 143 1164 384 215 23 9994 17 1310 219 12 
6987 49 28 1521 17 6355 2495 18 77 4783 109 
28 1513 2298 2404 130 26 2111 1357 12 28 1827 110 
31 1521 3066 3552 2 
143 9995 9996 215 8929 2228 176 219 
143 9997 9998 215 9999 176 219 
143 10000 10001 215 10002 31 10003 9835 219 
143 9529 8954 215 176 31 10004 219 
143 3451 10005 215 10006 236 219 
143 10007 10008 215 10009 2228 176 219 
143 10010 10011 215 23 317 440 1086 219 
143 3267 10012 215 23 317 440 1086 219 
143 9352 10013 215 2553 2554 176 219 
143 10014 10015 215 9797 9275 1086 2445 219 
10016 10017 45 4609 176 
10018 10019 45 3696 1086 
143 143 
10016 10017 10020 302 851 12 4609 12 1309 
4609 176 45 323 10021 
1617 31 1225 340 215 5744 219 10022 143 10023 215 139 219 
10024 45 10025 10026 215 5744 219 10022 143 10027 215 51 219 
1050 2 397 397 1051 12 851 12 4609 12 1309 397 255 397 10020 
