Subject: 1086 4 1090 
9391 1272 12 151 2492 45 
7 8 9 66 23 208 31 28 11905 4 16963 213 4694 21 85 
109 9 570 125 670 1617 21 220 1086 4213 21 2012 12 215 26 
8 9 570 213 4694 21 3078 487 219 12 
769 1119 2088 31 1086 124 4 28 2088 31 1852 1708 49 
9758 5680 12 7 8 840 277 109 28 548 1374 161 
215 5865 195 31 20 4 1106 143 34198 219 12 
72 38 164 2493 31 1960 2098 9 1272 12 151 17 28 9215 31 312 
20 4 1090 52337 21 38 111 81 66 14 130 1028 130 261 12 
3306 18 8 21 77 2595 9610 12 68 124 107 69 74 28 
1106 176 12 
3821 52338 