Subject: 53731 6230 1257 397 608 397 338 848 2 1064 2 782 207 
23 977 143 443 150 6518 150 53702 4060 53714 164 
1357 21 38 369 6230 12 12 12 12 
143 73 352 125 15 1225 12 12 12 
359 2670 347 53703 21 38 12 
359 53704 45 359 5830 1889 45 143 3212 124 506 6230 12 
6230 11108 74 391 37947 13002 53217 
53705 17 2531 352 21 15 9858 13353 12 
195 28 430 34 38 1207 124 23 670 2298 2404 17 
4157 229 77 10440 485 161 65 12 
1775 1775 1775 1775 1775 1775 1775 1775 1775 1775 1775 1775 1775 1775 1775 1775 1775 1775 1775 1775 1775 1775 1775 1775 1775 
1221 7 9 913 241 9 33939 12 12 12 53464 74 53706 12 28 6518 10046 
49 6829 53707 317 37793 53708 12 
53016 33939 12 12 12 392 729 12 1514 2606 53709 824 53710 6230 487 12 824 371 
109 28 64 31 1876 22106 53711 8162 4 1894 17 1838 130 
144 641 390 22106 53712 12 
1775 1775 1775 1775 1775 1775 1775 1775 1775 1775 1775 1775 1775 1775 1775 1775 1775 1775 1775 1775 1775 1775 1775 1775 1775 
143 28 6518 10046 49 48691 7966 12 12 12 53715 33939 
28 294 4060 10046 1219 240 1193 240 167 241 240 641 33939 2258 52760 
7966 125 28 53732 48691 31 53733 17 591 
411 53734 53735 12 
53715 33939 1357 445 74 53217 45 124 70 6238 
3999 48691 7966 10046 45 308 28 6219 9605 31 411 
982 1349 48691 53736 12 
1775 1775 1775 1775 1775 1775 1775 1775 1775 1775 1775 1775 1775 1775 1775 1775 1775 1775 1775 1775 1775 1775 1775 1775 1775 
28 6518 10046 49 6829 20461 6108 17 53737 12 12 12 53716 33939 
53716 33939 215 53738 219 45 1357 445 74 53217 45 124 70 
2494 53179 4 28 19629 7913 6829 1990 20461 6108 12 
53716 33939 2693 28 2518 31 53739 17 4 68 185 1417 21 
53740 9 1388 34877 4 28 1136 31 12215 1990 
20461 6108 4 6363 12 
1775 1775 1775 1775 1775 1775 1775 1775 1775 1775 1775 1775 1775 1775 1775 1775 1775 1775 1775 1775 1775 1775 1775 1775 1775 
28 6518 10046 49 13720 19695 6108 12 12 12 12 12 53717 33939 
28 294 4060 53741 10046 53717 33939 124 4156 74 28 32131 
49 572 4 28 391 12 
53717 33939 1357 445 74 53217 124 70 6238 3999 
3271 49 19695 6108 12 12 12 12 12 107 91 19316 193 
1775 1775 1775 1775 1775 1775 1775 1775 1775 1775 1775 1775 1775 1775 1775 1775 1775 1775 1775 1775 1775 1775 1775 1775 1775 
3828 193 193 10028 18472 53742 193 193 
164 38 1027 21 7954 10028 369 12 12 12 12 12 12 19728 138 138 
53718 33939 18 9096 38 18526 20 12 
53718 33939 124 28 10883 1416 21 9096 4 10028 53743 12 
20 124 70 4514 143 10028 53744 34 1465 21 1425 53745 
53746 34948 17 28 37874 21 53747 12 
53718 33939 215 53748 53749 219 4156 74 32131 4 229 
1108 58 208 3986 13350 765 184 411 4514 143 10028 9493 12 12 12 12 
12 12 20 3894 359 53745 12 12 12 
1775 1775 1775 1775 1775 1775 1775 1775 1775 1775 1775 1775 1775 1775 1775 1775 1775 1775 1775 1775 1775 1775 1775 1775 1775 
241 240 1241 322 1221 9 33939 12 12 12 
12 12 12 124 28 429 53217 34225 21 95 21 
1425 476 52714 53750 17 1000 45 53751 4609 
27860 17 2929 17327 53752 179 576 
130 386 31 9 834 40280 2940 17 4054 14210 
839 12 
53719 33939 9787 37705 10461 4 28 1527 
177 2033 12 53719 33939 1930 74 17387 28 
1603 31 294 40280 37037 12 
1775 1775 1775 1775 1775 1775 1775 1775 1775 1775 1775 1775 1775 1775 1775 1775 1775 1775 1775 1775 1775 1775 1775 1775 1775 
35514 164 42961 6230 49 769 13737 21 
85 184 31 443 35229 53702 
53714 17 72 4156 769 53217 124 53753 
3923 306 840 4148 53661 12 
4157 164 52922 13353 45 470 21 8067 
177 51035 39854 2531 472 45 17 34746 
53710 21 15 9858 12 
1775 1775 1775 1775 1775 1775 1775 1775 1775 1775 1775 1775 1775 1775 1775 1775 1775 1775 1775 1775 1775 1775 1775 1775 1775 
72 38 359 3806 467 21 128 273 125 434 81 
3820 21 68 273 17 650 5247 4 28 627 1479 12 