Subject: 
179 20 479 21 43952 45 68 2404 1931 150 440 12294 559 12 26 54409 
499 959 
1032 9 62041 45 4553 17 941 12 
5738 921 959 1032 5924 141 19592 143 17493 36230 11066 17 1156 35001 
833 
35775 31 43415 1141 53533 45 62042 45 62043 45 61066 45 
9135 
6457 18411 45 17 959 12 4618 670 150 54335 150 976 177 38 
35 52867 
28 18502 11416 109 6613 347 329 9 1994 62044 10360 193 
72 38 482 21 274 4618 20 499 45 21 450 72 20 150 204 9713 20 45 38 35 
56219 49 
70 3509 1867 49 274 392 827 12 1512 12 
572 28 3979 1905 
1050 2 397 397 35596 12 9830 12 27035 12 2995 397 9 9411 397 11012 12 1056 
765 1254 150 204 445 229 1379 68 2404 