Subject: 53810 53810 
72 38 293 68 626 4 1409 45 81 3357 132 1321 12 
990 62384 17 4138 2 2 3078 17 1981 670 2298 2404 17 5912 964 21 6113 9 827 12 144 42888 584 3845 12 12 
419 1530 195 54697 21 195 2404 9970 21 68 455 12 12 12 
49 765 2862 62385 215 3837 62385 45 11934 9895 45 833 3230 6612 17 
48 48 959 219 81 1981 1050 2 397 397 1051 12 62386 12 1217 49 2113 21 54564 385 933 1905 12 12 
68 1910 53810 6482 2 
56499 741 448 30555 31999 392 4253 12 1529 
56499 741 448 1877 31999 392 9830 12 1529 
56499 741 448 143 144 1877 31999 827 151 39787 392 7547 12 1529 
56499 741 448 143 144 17328 31999 827 151 39787 392 25436 12 1529 
56499 741 448 143 144 1877 31999 827 151 408 49 274 392 25949 12 1529 
56499 741 448 1786 31999 408 392 6242 
952 641 10401 62387 392 638 
142 641 10401 392 1809 
29052 13876 4303 741 56581 392 1064 
19613 827 143 151 609 657 1157 1059 392 636 12 1529 
1152 2145 408 392 848 12 1529 
56499 741 448 143 144 1877 31999 827 151 39787 141 1876 31999 56505 141 644 25653 62388 1156 1059 141 609 657 1157 392 6240 12 1529 
824 824 824 294 824 824 824 23 1876 31999 56505 49 28 56499 827 151 39787 150 204 824 824 824 392 556 12 1529 
142 25653 6586 394 1784 4215 824 824 53673 49196 824 824 392 646 12 1529 
62389 62390 644 25653 204 827 62391 1156 1059 274 392 667 12 1529 
833 9 356 959 259 81 85 28 92 499 21 1981 54564 385 2298 2404 12 12 65 439 150 440 458 21 5912 964 21 6113 9 827 12 144 42888 584 3845 12 12 12 56442 274 21 591 4138 21 110 12 274 18467 28 3979 17 419 18 450 38 161 2 219 
21 62392 49 28 298 2418 6460 487 1050 2 397 397 1051 12 62393 12 3519 