Subject: 1475 109 1513 143 2405 1550 
42 365 2 
192 120 49 15 1550 21 28 9566 236 
382 109 1329 3 45 426 
2527 28 1369 31 9 762 2298 2404 921 1182 12 
371 109 535 125 28 2088 1176 17 1558 45 419 8 
3919 21 9485 3357 15 358 49 418 4 28 
382 401 45 627 21 15 9567 31 28 538 
26 3214 12 
419 3252 28 4307 49 15 358 23 28 75 31 68 626 12 
1320 358 293 1553 373 347 754 4307 45 17 419 3037 
2573 1320 4551 21 1844 412 9568 2600 12 4 
9 2351 753 45 769 4307 199 982 1832 1032 419 870 45 251 
28 2088 7711 8082 765 1320 358 1397 1476 28 838 1324 45 
4 70 2954 21 9569 28 1475 368 12 
4 68 279 45 28 2088 1176 9570 34 15 1550 112 2705 
31 6124 819 45 251 34 20 65 777 9 2351 7898 9571 
34 38 90 9572 3812 308 3986 7199 12 81 
2666 6579 765 28 4307 17 28 2088 1176 150 204 2600 21 7812 
34 38 1929 28 7745 538 45 1012 28 9573 
2267 28 2088 1176 18 572 21 7894 15 6537 1550 12 
49 753 4 540 28 2088 1176 9574 306 28 375 45 38 
87 16 445 28 3606 31 28 3805 12 
72 38 1549 9 6537 30 31 15 358 45 28 2088 1176 18 933 
765 28 294 1550 21 450 2428 38 8 2591 28 9573 
3606 12 21 95 306 34 368 45 419 65 672 38 21 13 273 21 
1513 144 741 302 9457 12 8113 12 1309 9575 2473 38 8 2591 1320 1021 12 
419 18 19 68 817 21 28 2088 1176 45 213 18 3807 2428 38 
8 1830 9576 21 1320 208 45 17 876 2428 419 84 1833 
28 358 4 28 382 401 12 
81 85 28 375 150 2600 921 61 179 1196 15 
838 2975 12 837 179 38 9577 306 769 9578 45 26 
181 1039 28 87 21 6137 15 2439 347 4268 15 
1946 10 12 9494 28 375 150 2600 9579 17 572 37 
21 481 15 358 130 502 130 261 12 65 45 82 14 2574 38 21 
2666 28 9447 67 9580 1329 3 451 23 
1074 34 5820 358 45 359 1384 2473 502 45 35 1449 77 2914 45 
17 28 2600 161 84 1844 38 4148 2568 21 34 75 12 
419 18 87 28 838 30 31 15 1513 143 2405 358 74 3797 45 
134 644 45 2405 12 38 1906 823 28 358 45 4 1552 1519 45 74 
9480 3583 23 
359 1892 1032 68 632 49 20 21 77 413 4 28 401 12 
28 838 358 84 572 28 310 1519 130 15 1550 17 
6482 28 310 4441 78 4 
15 358 1906 77 359 3806 1032 2973 215 617 219 449 45 1141 4167 
17 2076 12 72 15 358 835 68 455 9081 347 9581 
125 28 4441 4 411 7898 1438 45 419 18 107 1833 
20 4 28 401 12 
78 28 591 764 21 1513 68 1209 45 419 229 107 8 583 
3796 4 28 420 21 82 5820 358 77 2712 4 28 1852 
1849 12 534 45 28 412 31 1320 378 358 18 1125 9 
3931 109 769 548 23 28 382 12 28 2431 67 2495 4 
1852 1849 1906 4293 395 419 450 2473 591 9582 451 
164 378 49 418 45 540 419 84 83 74 3965 143 134 12 
366 109 15 358 150 204 9582 473 21 1513 143 2405 12 419 
933 19 21 357 15 6537 30 45 3344 15 626 
67 2473 20 2588 28 115 1440 45 17 5120 38 23 28 
382 4 554 1886 12 
3790 2516 
839 1176 45 1513 143 2405 
2088 1176 367 486 49 1513 143 2405 
2939 105 2 9471 648 12 3054 
81 1546 2428 38 2937 28 358 84 77 378 4 542 
115 486 45 378 9485 45 347 527 9583 12 
3357 470 472 9582 3357 470 641 472 4374 470 472 
72 28 375 9584 4 769 1172 45 347 72 15 9577 
306 769 9585 45 4067 6384 28 2101 9586 15 2745 
372 12 
7 150 282 9587 9582 3357 45 86 7 2937 28 548 124 
530 17 7 150 151 435 21 450 20 23 28 382 12 313 7 150 282 
3795 28 412 35 16 28 3606 45 28 829 
9588 18 3190 7898 968 17 2954 12 
81 2228 2428 38 4758 306 28 375 150 3986 2600 347 45 
72 38 9577 45 6137 15 2745 2439 12 72 38 17 28 375 
1404 8100 9582 473 45 817 184 3605 4 515 
38 2937 1906 77 506 1397 28 358 84 108 12 
28 3986 1021 34 1906 77 9589 124 28 6058 31 
9590 397 7893 31 28 9591 31 28 7888 1182 
31 1369 12 8944 9592 109 9 7895 1382 187 77 990 
251 7 150 282 107 678 34 187 77 28 445 185 12 251 68 124 28 
421 34 1906 77 2591 17 5414 12 
487 124 515 5054 1906 77 9589 2 
824 2532 4 28 358 45 38 87 21 220 9 10 3372 8399 28 2489 
21 2404 143 5338 9593 1461 2527 8064 12 68 187 3577 
4241 15 9594 21 9595 143 9596 12 215 9597 219 
824 130 2342 130 7 90 2949 215 3344 28 358 109 143 1479 219 38 439 150 440 3565 
15 3608 7871 12 68 84 77 2164 5414 12 215 4572 219 
7 2937 38 8 531 591 6562 34 439 150 440 9598 7898 9599 
17 9600 64 959 1032 769 6567 12 38 8 754 
2527 1708 45 373 1704 45 17 2116 9601 
8813 158 837 4569 373 17 754 9602 2606 6493 45 68 124 531 
48 308 2159 9599 21 77 9603 125 1320 12 515 164 28 
9599 125 195 28 2199 17 3261 138 7 33 38 35 9604 
1894 31 28 6562 1427 10 8920 28 9605 17 9606 
4705 12 
824 3554 45 9 6537 358 571 21 8 982 9607 9608 
430 17 959 9609 6819 430 12 215 7898 219 
824 2209 45 9 6537 358 1906 9610 16 28 9591 31 28 
7888 231 1182 31 1369 231 215 540 18 77 10 9429 130 
314 1076 219 12 78 28 92 5050 45 7 8100 9611 9 
9612 347 28 2404 143 9613 17 509 37 21 9614 28 
7888 1132 6 17 4371 28 9599 12 49 3521 45 
28 9612 3196 256 45 231 194 45 487 419 8 1392 1182 31 28 
235 9615 17 487 124 9 1132 31 597 1543 
9616 231 12 347 28 2404 9613 90 367 28 7994 17 
256 45 231 7750 45 419 84 9617 28 2404 435 222 17 259 45 347 3198 
1907 959 449 49 255 31 68 650 148 49 430 34 419 
9618 150 440 968 67 1141 12 231 215 9597 21 7898 219 
824 28 411 2600 125 28 375 84 65 77 2591 45 251 
1510 164 982 9619 17 35 2164 77 506 4 28 9620 12 
215 4572 219 
367 648 
367 486 49 1513 143 2405 
2939 105 2 9471 648 12 3054 
361 2 2527 28 1369 31 762 2298 8025 921 1182 
412 2 262 99 45 4421 1218 45 1230 
1220 45 3945 151 12 1222 
1534 12 81 9128 515 68 358 124 67 4 208 6574 12 
68 358 9621 1315 1708 34 3511 2298 8009 573 
4 1182 45 49 572 74 2298 2404 9622 12 
3590 17 1950 12 926 28 1550 2228 28 3590 31 28 1086 45 
1141 28 3561 74 540 6287 84 7894 28 1508 138 
926 20 1546 1412 28 7895 17 3 1950 1389 
244 138 2473 90 28 412 6054 28 358 998 443 1000 138 
28 2195 124 2603 143 9623 1315 7994 9624 218 
1182 31 1369 12 28 1172 3561 124 9625 226 
68 124 2346 3 306 359 2369 4755 12 6463 91 
9626 573 187 77 2597 12 28 7895 17 3 1950 
164 2603 12 68 124 9 2946 773 935 8944 244 306 9 1140 
573 432 12 
408 1334 12 72 28 358 9397 9 408 45 926 20 1546 
28 1162 1163 45 7895 9627 45 17 3 
1400 4 583 2713 21 82 6287 9628 37 138 2473 3196 
28 412 4268 769 1988 959 7817 138 
28 1334 124 2603 12 
1031 17 1346 12 220 28 412 481 3557 1031 347 7993 2603 
9629 45 17 220 26 1125 2348 1346 21 1947 769 
2439 138 220 769 1508 9630 28 9631 3550 347 9492 49 
9632 138 2473 3196 26 9633 769 1031 45 1346 45 347 2101 138 
28 412 108 21 77 148 49 28 96 143 7923 1400 109 
769 573 2166 45 2182 21 769 1172 9634 12 26 
9635 5383 8385 49 28 373 573 2166 45 306 3547 4201 
921 28 3550 953 28 1708 1374 505 347 8806 12 161 
124 445 208 3986 9496 21 9636 45 17 161 164 373 3986 9634 2 
9637 17 3608 12 443 164 107 374 45 17 28 8398 
9638 124 107 2603 12 68 124 9 502 279 177 70 9639 9640 
9641 9637 9642 12 3608 49 9 1855 31 9643 187 77 
530 45 1012 72 208 1400 9644 12 28 208 
9645 966 78 124 34 28 8367 31 231 1182 231 164 
4572 9646 31 774 143 9647 449 12 68 124 576 21 9427 28 
2072 31 28 627 2298 2404 921 9 9037 9648 12 534 45 
161 124 359 1740 21 7871 7913 143 72 28 310 649 777 205 
1091 9649 45 28 7994 229 8 205 48 9257 12 
2209 45 20 187 77 2597 21 450 91 6627 1182 45 226 28 
9650 2195 124 9260 2298 2404 9622 45 17 38 87 21 2482 34 
28 4705 1162 124 9651 45 9652 45 17 9653 12 
760 17 7728 12 926 28 1550 9654 28 1086 45 198 20 
4 28 760 31 272 548 45 17 6384 542 466 21 28 
2717 138 220 28 412 817 769 1946 150 204 9655 17 152 
2488 49 460 548 138 2473 90 26 220 10 109 443 4245 138 
161 124 359 2411 31 1846 548 45 6133 28 412 150 2745 12 
161 124 9 1895 4280 306 9656 45 17 28 9657 
3606 31 9656 9654 68 548 12 161 124 91 
2411 31 460 548 12 26 955 499 28 2340 421 31 
9658 28 1508 31 28 2527 143 2473 124 28 2404 5338 
9659 21 9660 636 347 609 6045 772 143 9316 7994 138 
17 26 84 23 1557 5855 91 261 4178 28 2404 
5338 3196 85 179 214 9661 68 1162 12 2209 45 161 124 
359 185 21 9662 4342 1162 921 28 9663 45 540 
3196 77 2597 4 9 1470 435 68 12 
1826 12 926 28 358 4691 505 21 28 2632 138 926 28 
2975 8 9 8953 2072 45 306 2699 2352 45 
829 9664 45 17 3812 6138 138 35 38 152 1438 21 
6054 542 9665 138 
7 4602 150 440 435 15 2107 31 9 150 12 7 187 3565 20 130 
9 150 653 1200 1775 2461 9 1775 2461 45 28 5891 31 28 9666 4 195 6 12 111 
3915 31 1232 9 1232 143 1232 9 150 1232 4 215 648 219 17 215 144 219 45 274 1022 1232 9 150 1232 12 
411 2600 12 220 38 8 184 411 6842 347 2600 49 28 
412 34 187 95 37 6054 769 358 347 769 1086 138 
68 1479 31 1086 124 181 1368 45 251 28 1362 164 107 
9667 45 28 1036 124 9668 45 17 28 1508 164 
9669 45 259 4 597 28 3261 58 21 77 47 45 47 45 4570 12 
321 12 144 45 9670 12 144 45 1479 644 125 4242 2 231 18 107 8 6222 2981 231 143 
1375 359 2193 12 6222 125 515 138 
321 12 729 45 9670 12 648 45 1479 333 125 4242 2 1844 91 2230 31 2340 
9666 34 199 9671 12 
321 12 248 45 9670 12 648 45 1479 1257 125 4242 2 231 7884 143 371 231 143 41 231 1340 143 371 231 
321 12 617 45 9670 12 648 45 1479 848 2 9672 143 41 3376 
321 12 617 45 2076 2 9673 58 9 144 380 437 31 2051 32 499 45 
27 4 1108 12 
372 12 84 28 358 77 215 9 219 378 4 542 115 486 45 
215 167 219 378 9485 45 347 215 1219 219 527 9583 138 72 215 167 219 45 81 
9674 1905 28 9588 28 412 1906 481 1397 28 358 
84 108 12 72 215 1219 219 45 81 6384 953 26 62 6054 28 358 
583 998 443 1000 4 28 2116 1910 1357 12 
3357 470 472 9582 3357 470 641 472 4374 470 472 
2473 9675 164 38 4 68 372 138 9675 
12 959 4201 921 1508 143 9639 9640 45 2230 
12 91 331 31 1346 34 2404 9622 18 77 159 21 572 
28 6 17 861 37 1368 143 91 2057 
367 486 49 1513 143 2405 
2939 105 2 9471 648 
361 2 2527 28 1369 31 762 2298 8025 921 1182 
412 2 99 45 1218 45 1220 45 17 1222 
1534 12 81 9128 515 68 358 124 67 4 208 6574 12 
28 412 7843 28 7895 31 754 1708 109 28 1382 31 
9676 231 1182 231 31 1369 31 9 78 762 2298 2404 109 28 6280 
31 769 455 3589 12 
3590 17 1950 12 926 28 1550 2228 28 3590 31 28 1086 45 
1141 28 3561 74 540 6287 84 7894 28 1508 138 
926 20 1546 1412 28 7895 17 3 1950 1389 
244 138 2473 90 28 412 6054 28 358 998 443 1000 138 
28 1919 6538 34 28 877 2195 124 21 4268 1182 
31 1369 31 9 2298 2404 259 34 28 2404 9622 18 83 213 769 1369 
164 12 976 144 2258 959 3585 3590 49 28 3 9677 45 4 
3614 31 3561 222 130 231 9637 231 12 259 4 9 2193 28 3590 17 
3561 49 28 3 9677 164 2603 45 251 109 28 411 2894 20 150 204 
4636 2473 28 1120 3561 164 1846 21 28 877 2195 12 28 
1332 78 124 489 9678 12 28 412 84 2228 959 1951 
953 45 49 3521 45 9 772 3269 31 231 9637 231 124 1451 4 9 432 31 
1182 12 602 45 28 3561 1029 9679 12 
173 28 7895 1382 45 20 150 204 107 2603 72 28 4705 1182 
164 21 77 576 74 91 408 347 274 9680 74 28 2404 5338 12 4 
1553 279 45 20 150 204 4636 274 515 28 408 347 5338 187 220 306 
37 12 28 412 84 77 48 959 3557 67 28 1348 21 540 
28 4705 1182 35 77 1022 12 68 841 187 23 28 310 
92 95 306 28 1332 31 28 3 3561 12 
408 1334 12 72 28 358 9397 9 408 45 926 20 1546 
28 1162 1163 45 7895 9627 45 17 3 
1400 4 583 2713 21 82 6287 9628 37 138 2473 3196 
28 412 4268 769 1988 959 7817 138 
130 112 274 1076 45 161 150 204 47 3547 109 28 7895 9627 45 72 
6182 161 124 208 12 173 28 3 9627 45 28 1334 
1465 109 28 830 21 2564 28 771 3031 31 4328 45 
1012 226 2076 21 411 9394 164 78 12 215 251 7 150 282 107 
70 2090 109 68 650 31 1381 12 219 
1031 17 1346 12 220 28 412 481 3557 1031 347 7993 2603 
9629 45 17 220 26 1125 2348 1346 21 1947 769 
2439 138 220 769 1508 9630 28 9631 3550 347 9492 49 
9632 138 2473 3196 26 9633 769 1031 45 1346 45 347 2101 138 
28 877 1445 45 540 124 6470 1466 4 28 9629 45 124 34 
28 597 1518 2712 9681 9 185 31 231 4371 1368 
1162 125 8009 573 109 9 2298 2404 231 12 4 73 21 7894 68 
1445 45 28 2632 58 21 4194 2428 28 1508 2008 74 28 
1708 
2214 215 240 12 913 12 45 130 9682 4 5681 648 219 9683 222 231 1368 
1162 231 12 9684 229 2172 45 251 68 7807 124 107 9685 45 
86 259 3547 124 56 67 515 28 4705 1182 2427 
17 2473 26 3196 77 576 12 
28 959 1402 1031 5929 2259 9686 31 28 754 
1708 17 28 373 218 1704 31 28 456 573 34 
199 9687 12 208 187 1916 28 1031 21 77 31 28 486 231 1400 641 
9688 505 215 347 96 219 45 86 12 12 12 231 12 3915 45 508 31 28 442 124 
2264 21 28 9689 31 28 1708 150 7895 109 28 1441 31 
28 7220 397 9690 7884 12 28 1508 3932 68 776 
164 2712 17 3053 477 9576 45 251 161 124 445 9691 
2411 31 28 260 31 2473 505 28 1708 548 
215 78 516 1458 31 68 9496 219 17 953 12 
2152 45 20 150 204 584 21 4194 28 9692 31 28 1508 21 411 
2298 
8025 45 130 28 412 7997 817 12 215 161 164 359 9693 31 1709 
9398 45 251 111 120 443 187 107 16 28 1388 260 31 
28 2613 21 540 28 1402 1508 164 137 21 9686 31 28 208 
2298 2404 4327 12 219 
760 17 7728 12 926 28 1550 9654 28 1086 45 198 20 
4 28 760 31 272 548 45 17 6384 542 466 21 28 
2717 138 220 28 412 817 769 1946 150 204 9655 17 152 
2488 49 460 548 138 2473 90 26 220 10 109 443 4245 138 
28 4280 306 1846 548 124 673 45 17 28 877 1332 124 
9694 4 28 1919 12 28 1119 1021 45 540 112 314 1076 
414 45 124 28 1360 31 9695 2411 31 2473 4705 1182 
3196 77 1368 12 28 412 1906 270 68 260 72 26 164 21 
2482 34 769 548 9696 9 9697 466 21 28 
2717 12 
208 1946 487 187 77 21 9698 28 2411 31 1846 548 21 
1833 1348 31 45 17 1337 49 45 2527 3261 4 3199 
1086 12 20 1465 34 515 124 1471 487 124 91 9699 31 3199 
1086 3932 28 1369 31 9 2298 2404 12 4 28 279 31 3199 45 
20 150 204 2603 515 28 1348 31 28 7994 3196 77 215 240 12 913 12 45 3264 
9700 45 2602 3836 9701 347 9702 49 218 
1536 31 4158 219 158 251 20 150 204 107 2603 4 28 760 31 28 1125 
244 12 
1826 12 926 28 358 4691 505 21 28 2632 138 926 28 
2975 8 9 8953 2072 45 306 2699 2352 45 
829 9664 45 17 3812 6138 138 35 38 152 1438 21 
6054 542 9665 138 
109 28 830 45 28 305 124 9703 502 12 261 9588 2 
648 12 439 150 440 9704 477 259 48 109 28 1162 17 1743 31 28 
2632 12 49 3521 45 3565 28 6196 231 7998 231 45 6384 49 9705 144 
515 9706 28 9707 31 231 3608 231 35 85 45 17 9654 28 
2259 486 31 9705 827 12 
144 12 6384 953 445 678 9706 31 9666 164 2170 12 953 45 
49 3521 45 124 28 2177 34 2259 449 199 107 4210 
4331 138 
411 2600 12 220 38 8 184 411 6842 347 2600 49 28 
412 34 187 95 37 6054 769 358 347 769 1086 138 
372 12 84 28 358 77 215 9 219 378 4 542 115 486 45 
215 167 219 378 9485 45 347 215 1219 219 527 9583 138 72 215 167 219 45 81 
9674 1905 28 9588 28 412 1906 481 1397 28 358 
84 108 12 72 215 1219 219 45 81 6384 953 26 62 6054 28 358 
583 998 443 1000 4 28 2116 1910 1357 12 
3357 470 472 9582 3357 470 472 4374 470 641 472 
20 229 1029 9708 107 21 8100 473 31 68 358 45 226 4 
91 9709 20 150 204 477 9710 506 12 132 372 124 371 109 28 
7902 34 28 412 31 9 1329 3 358 164 9711 21 
2482 34 28 3 1382 26 164 2952 124 31 91 3549 347 
2013 1543 12 161 150 204 9 9712 45 231 72 9 3372 983 150 440 9713 312 45 
20 150 204 107 9713 312 505 12 231 9538 45 419 3196 256 231 72 9 3 1382 
983 150 440 9713 312 45 419 439 150 440 87 21 7843 28 7895 31 218 
1708 23 312 20 12 231 369 45 7 150 282 107 9712 34 28 1382 9714 74 
28 412 124 107 9713 312 143 445 34 26 5419 150 440 78 434 184 
311 21 2892 34 20 124 9713 312 12 
2152 45 837 72 419 6132 34 28 1382 124 9713 312 45 28 1508 
2712 439 150 440 2949 434 2473 505 20 35 77 506 74 184 1381 158 26 3989 
3915 109 9715 2585 1362 12 
9716 208 90 3357 28 358 9485 45 28 4368 528 
34 20 124 3053 2473 1182 90 77 576 45 953 26 187 77 
1368 45 17 515 28 1508 31 28 1125 244 256 67 769 
9591 12 251 72 68 1979 199 4077 45 20 187 181 77 9683 
28 508 7972 466 31 28 358 12 7 874 2937 34 
68 650 31 4568 187 521 6189 515 124 1471 4 28 2171 
231 9582 473 231 12 
2473 9675 164 38 4 68 372 138 
226 7 207 107 9 1825 31 28 1329 3 1132 45 132 9684 130 
21 515 9717 31 358 164 9713 276 4 28 1119 1329 3 
382 84 77 9718 72 26 9719 306 1510 31 6106 
389 31 34 1132 12 
