Subject: 521 6604 54006 521 
653 653 653 653 653 653 653 653 653 653 653 653 653 653 653 653 653 653 653 653 653 653 653 653 653 653 653 653 653 653 653 653 653 653 653 653 653 653 653 653 653 653 653 653 653 653 653 653 653 653 653 653 653 653 653 653 653 653 653 653 653 653 653 653 653 653 653 653 653 653 21112 17 597 430 35 77 275 23 28 75 31 28 626 12 
653 653 653 653 653 653 653 653 653 653 653 653 653 653 653 653 653 653 653 653 653 653 653 653 653 653 653 653 653 653 653 653 653 653 653 653 653 653 653 653 653 653 653 653 653 653 653 653 653 653 653 653 653 653 653 653 653 653 653 653 653 653 653 653 653 653 653 653 653 653 670 425 124 8785 21 1121 21 38 91 31 28 96 31 36026 
5610 193 
220 38 1074 231 6604 54006 231 45 231 54006 641 231 45 231 39022 1221 231 138 
28 830 62117 45 28 9896 17 53422 45 8 369 205 13510 109 754 
10426 62118 12 
443 54834 62118 6552 231 6604 54006 231 45 231 54006 641 231 45 17 
231 28 6604 54006 599 231 193 
21 840 6164 28 62119 2210 31 443 62118 45 26 8 
205 3507 74 3267 14255 215 28 19825 31 6604 17 54006 641 219 45 
62120 
62121 215 19825 31 62122 17 62123 219 12 
28 38605 6567 31 443 9897 62118 124 392 438 12 1529 45 515 9 513 
52813 193 
38 35 518 15 39368 62124 49 392 7848 12 1529 347 38 229 15198 195 
754 49 392 39741 12 1512 45 215 392 2449 12 1512 1320 219 12 
38 35 837 481 754 16849 4188 31 392 2449 12 1512 306 12086 1543 12 
215 2977 17 2513 124 413 219 12 
1907 21 15 17107 6185 298 193 
130 386 31 68 5686 45 179 38 521 450 68 818 6604 54006 
62118 17 436 4 670 1895 2229 1347 2144 45 419 18 1844 
38 298 31 299 70 546 2894 47924 29960 125 28 60413 
62125 62126 62127 62128 155 12 
215 2977 17 2513 45 107 413 219 12 
21 3620 6604 54006 45 28 298 62129 29960 2144 3359 45 998 306 411 
818 2529 45 81 1981 434 23 1050 2 397 397 1051 12 2229 143 16317 12 635 12 
38 18 77 501 38 106 12 2949 9 18794 12 
653 653 653 653 653 653 653 653 653 653 653 653 653 653 653 653 653 653 653 653 653 653 653 653 653 653 653 653 653 653 653 653 653 653 653 653 653 653 653 653 653 653 653 653 653 653 653 653 653 653 653 653 653 653 653 653 653 653 653 653 653 653 653 653 653 653 653 653 653 68 504 124 1866 74 1971 3199 1127 391 11044 12 
37613 1348 4 143 930 11519 273 1316 12 68 626 124 4 10821 
306 28 1464 1620 6538 11033 2584 49 399 
273 12 
653 653 653 653 653 653 653 653 653 653 653 653 653 653 653 653 653 653 653 653 653 653 653 653 653 653 653 653 653 653 653 653 653 653 653 653 653 653 653 653 653 653 653 653 653 653 653 653 653 653 653 653 653 653 653 653 653 653 653 653 653 653 653 653 653 653 653 653 653 84 38 467 21 77 42009 125 195 37613 150 204 460 273 9701 45 
81 13 15 3214 21 5247 302 2229 143 16317 12 635 12 
653 653 653 653 653 653 653 653 653 653 653 653 653 653 653 653 653 653 653 653 653 653 653 653 653 653 653 653 653 653 653 653 653 653 653 653 653 653 653 653 653 653 653 653 653 653 653 653 653 653 653 653 653 653 653 653 653 653 653 653 653 653 653 653 653 653 653 653 653 7875 68 626 18 107 1983 434 31 15 21112 3214 12 
653 653 653 653 653 653 653 653 653 653 653 653 653 653 653 653 653 653 653 653 653 653 653 653 653 653 653 653 653 653 653 653 653 653 653 653 653 653 653 653 653 653 653 653 653 653 653 653 653 653 653 653 653 653 653 653 653 653 653 653 653 653 653 653 653 653 653 653 653 49 4148 430 450 2 
653 653 653 653 653 653 653 653 653 653 653 653 653 653 653 653 653 653 653 653 653 653 653 653 653 653 653 653 653 653 653 653 653 653 653 653 653 653 653 653 653 653 653 653 653 653 653 653 653 653 653 653 653 653 653 653 653 653 653 653 653 653 653 653 653 653 653 653 653 425 2 1971 3199 1127 215 391 219 11044 12 
183 2 1567 35353 
16 2 4113 2910 3884 902 2464 45 294 3273 45 3170 45 62130 45 
273 2 1567 1775 35353 302 6824 12 1217 
139 2 215 21884 219 29128 143 62131 