Subject: 31615 144 12 644 12 729 143 8365 49 91 
7 8 40040 31615 30 144 12 644 12 729 215 945 31615 144 30 219 4 397 19546 397 2194 
7 150 938 2893 195 1383 40040 6843 31 31615 12512 17 68 124 40040 
130 31615 15618 12 215 7 12 240 12 28 9478 219 
419 8 9 1021 31 28 51255 31 6843 648 17 144 31 28 31615 51223 
143 7 5631 21 51256 68 215 138 219 4 9 50749 150 204 92 12 
28 7928 18 2111 30 144 17 77 9292 130 31615 
30 208 18 77 9292 130 31615 648 12 215 1383 20 1930 28 411 185 559 
143 31615 317 31615 144 219 12 
1922 124 4 852 31615 144 347 4 28 13598 2377 408 215 51257 219 12 
72 2622 124 9601 109 184 2259 30 397 7925 31 31615 90 26 
81 1983 14 143 419 5631 21 6631 195 251 28 945 6843 12 
81 39 184 1440 306 68 30 540 38 273 21 40084 21 14 12 
7 8 21 12543 28 997 50749 109 19679 4054 143 51258 35305 74 51259 
9284 45 251 7 150 587 1987 306 37 121 7 611 12 
51260 8077 747 8077 747 8077 747 8077 51261 