Subject: 95 193 
192 21 8139 213 12655 499 9 51302 4 51303 45 306 208 40371 
7570 193 
28 96 1422 7 221 112 41140 74 11973 51304 12 12 12 20 150 204 259 502 34 
7 84 93 2176 20 2 
72 38 9724 306 143 321 45 111 38 35 2029 572 43 21 861 2473 
48 92 112 4140 4 1320 4278 12 
240 12 913 12 
392 11530 
9341 12 1219 
392 31615 143 322 143 321 9341 12 1219 
392 11530 
9341 12 1219 9 12 499 
392 9 12 499 
215 671 7876 125 9341 219 
392 11530 
9341 12 1219 9 12 499 332 12 499 
392 43 
215 110 31 2473 48 92 112 4140 4 1320 4278 219 12 
143 16407 17 51305 220 9 999 3203 4 9 3045 51306 185 12 852 43 
17 852 51305 49 277 12 
20 124 12097 568 43 4606 28 839 112 39062 12 
192 11973 12 