Subject: 9523 3950 4 2016 2076 
4425 45 
7 207 305 964 132 2016 17 482 21 1833 91 7349 2739 2076 12 443 
164 3548 49 42891 150 204 430 573 20744 45 540 12238 445 21 77 
27 765 28 1051 45 489 1032 959 2256 12 28 260 124 45 2473 84 
7 521 67 9523 68 650 31 6311 138 
7 8 205 21 28 1135 21 672 72 26 8 184 6150 109 2473 7 84 
1205 37 45 17 26 8 7745 9 32 74 51506 8712 17 12009 167 12 51507 52 
1158 7267 2 9 1460 21 9523 1158 430 12 603 8398 45 6133 
20 124 9 2037 418 259 1427 20 4199 3583 45 16997 17 514 1524 6312 
20 926 107 1833 184 5855 31 3950 17 1051 2076 12 7 8 7259 23 
51508 17 161 983 150 440 9 959 964 21 632 32 347 184 1846 422 215 3320 
7 207 107 474 2473 48 7 14030 769 32 45585 3564 219 12 
208 31 28 1440 124 28 2739 124 107 9 2205 6311 435 70 287 45 259 35 
2671 12 130 9 429 498 45 7 8 3078 964 306 132 2745 7267 45 540 124 21 8 
9 6161 976 49 2739 2076 17 1833 70 365 397 1800 45 28 
2743 361 45 28 2739 17 28 632 20 112 977 34521 12 68 2258 583 
430 21 861 28 2743 17 3345 20 124 28 3812 208 45 17 65 
2258 70 9393 31 2473 499 31 632 20 124 7877 21 77 12 534 45 20 124 132 
2745 7267 45 259 229 107 77 16833 74 28 10893 157 179 7 1549 12 220 38 
83 31 184 411 773 2856 138 7 8 4080 11467 463 21 28 5565 
21 450 72 26 8 184 4148 6150 49 769 2118 45 251 8 107 
777 9 149 779 12 
259 45 132 260 124 45 18 28 1617 8 9 3617 49 2739 6312 138 26 
18 2111 959 2340 130 959 3864 164 27 109 28 2298 45 489 
1032 74 358 12 7 8 107 205 21 28 10893 157 130 7 482 21 83 28 38768 12 
3620 1397 985 184 840 12 72 38 482 21 450 2473 132 239 131 150 9534 
7267 1930 45 7 8 70 3521 6311 110 45 540 65 3552 9 49142 
3906 2473 28 6312 164 1847 17 2473 28 3950 35 2671 12 18 
68 77 583 138 
192 49 184 6842 347 6150 12 12 12 
3253 12131 
653 653 653 653 653 653 653 653 653 653 653 653 653 653 653 653 653 653 653 653 653 653 653 653 653 653 653 653 653 653 653 653 653 653 653 653 653 653 653 653 653 653 653 653 653 653 653 653 653 653 653 653 653 653 653 653 653 653 653 653 653 653 653 653 653 653 653 653 653 653 653 653 653 653 653 653 653 653 3253 12131 45 1219 12 9 12 151 1524 45 1617 31 1225 340 45 176 31 
175 45 2010 2642 45 175 45 282 636 1257 645 45 1620 1621 12 
1068 2 215 141 891 3362 219 3363 40347 51 2 215 141 891 3362 219 3363 16602 240 143 628 2 50974 302 851 12 852 12 853 12 590 
653 653 653 653 653 653 653 653 653 653 653 653 653 653 653 653 653 653 653 653 653 653 653 653 653 653 653 653 653 653 653 653 653 653 653 653 653 653 653 653 653 653 653 653 653 653 653 653 653 653 653 653 653 653 653 653 653 653 653 653 653 653 653 653 653 653 653 653 653 653 653 653 653 653 653 653 653 653 125 143 606 607 608 1535 2 608 2 608 335 
641 143 183 2 51509 302 241 248 12 851 12 852 12 853 12 590 
647 143 30 2 648 12 0 
649 143 650 2 549 397 651 158 652 653 231 434 143 654 231 
632 2 1302 45 343 607 4284 1970 2 618 2 1764 141 1017 
21 2 51220 302 851 12 852 12 853 12 590 45 39253 302 851 12 852 12 853 12 590 45 51219 302 851 12 852 12 853 12 590 
125 2 51509 302 851 12 852 12 853 12 590 215 3253 35581 219 
627 2 1051 317 4766 143 294 2377 215 8365 143 21 91 219 
649 143 447 2 51510 
641 143 1000 2 7107 
659 2 660 
641 143 661 143 659 2 855 
641 143 661 143 659 144 2 663 
641 143 664 2 665 1269 51511 
118 21 3832 11467 68 430 21 8139 45 251 
20 150 204 28 445 3039 185 21 1844 255 28 430 
72 26 439 150 440 2666 852 12 851 12 1051 429 3203 4 9 1850 12 
72 20 150 204 107 31 1543 21 38 111 7 6527 17 81 
274 6631 28 626 12 
28 7928 30 31 4766 215 3454 45 28 208 4 
397 19546 397 51512 397 4766 397 12 12 219 58 369 205 38455 21 28 
945 648 12 618 30 12 195 2000 84 369 8808 
5383 68 964 12 
28 115 144 12 0 167 648 124 1449 161 1389 
397 19546 397 51512 397 4766 144 12 0 167 648 397 12 12 12 49 7823 72 38 467 12 
4766 144 12 0 18 1833 591 11434 1141 9 
51153 17 9 642 12 4766 144 12 0 3826 18 65 6552 
9 4 143 12269 1056 258 12 817 2 68 124 9 36159 45 259 439 150 440 1916 
20 21 548 12205 12 294 36159 150 204 18 1455 972 179 26 
947 12 
161 164 3605 2585 28 1086 4342 51513 
17 28 1958 4342 51513 45 68 124 107 132 11260 12 
109 28 1086 4342 45 7 2892 397 19546 397 51512 229 108 
130 397 3314 397 51512 12 1369 306 9 1329 34 36204 964 445 
9 397 3314 397 51512 18 861 34 51514 3050 150 440 77 159 21 861 
20 150 204 12 29062 2939 12 68 35 77 48558 74 916 20 130 
51514 143 29062 653 397 3314 397 51512 397 51514 397 51514 12 29062 
68 124 445 16902 12 13122 51514 84 77 4 
397 19546 397 2194 397 13463 45 251 43285 1462 124 2620 17 7 439 150 440 482 21 
6392 397 19546 397 2194 306 9 1036 34 983 150 440 576 47 1394 12 
2659 2671 143 1880 49 608 397 333 249 4284 
7 207 2576 21 7217 28 1050 5640 109 124 648 1616 28 
12325 3205 45 259 161 229 77 225 179 124 648 124 3192 12 
1026 68 3050 150 440 77 28 279 12 419 164 1383 568 
4766 2659 1237 130 28 5640 49 1050 45 130 51515 8 
369 5046 769 14215 14459 765 769 1446 4772 
4766 8443 2659 259 34 20 124 369 298 21 10741 
16550 45 419 2222 77 1311 21 68 8366 12 
68 2659 13886 16319 3864 215 3918 45 1058 1059 359 150 204 219 21 
77 3854 1461 28 1051 125 9 4766 1203 12 68 124 9 
6552 34 91 255 8 114 67 4 28 1335 12 
28 2659 2671 18 107 2686 2622 93 45 255 34 
8 1379 21 13462 13860 49 769 1959 84 861 
34 769 1379 124 130 1397 121 28 2671 12 
13462 1379 124 51516 49 597 572 86 31 28 10820 
4998 49 51517 1003 13462 150 204 12 
143 3253 
19683 2074 317 7214 408 7759 
1044 144 12 7676 45 1225 340 1617 45 176 31 175 45 
2010 2642 45 175 282 636 1257 645 12 6372 
273 2 51509 302 851 12 852 12 853 12 590 143 139 2 17173 143 3363 51518 143 4656 2 51519 30941 797 
125 143 606 607 608 1535 2 608 2 952 335 
641 143 183 2 51509 302 241 248 
647 143 30 2 648 12 0 
649 143 650 2 549 397 651 158 652 653 231 434 143 654 231 
632 2 4054 45 1254 6284 250 639 2 337 2 843 141 1017 
21 2 51219 302 851 12 852 12 853 12 590 45 51220 302 851 12 852 12 853 12 590 
125 2 3253 35581 
627 2 4766 827 7925 
649 143 447 2 19718 
641 143 1000 2 4303 
659 2 660 
641 143 661 143 659 2 855 
641 143 661 143 659 144 2 663 
641 143 664 2 665 1269 51520 1269 
4766 827 58 369 205 13383 17 10440 921 670 408 12 
411 836 6843 31 4766 8 369 205 6617 12 
161 112 23 208 92 765 1254 218 6843 31 4766 
109 670 384 45 36572 125 30 648 12 618 21 28 827 12 0 51521 45 
4 195 9717 31 51522 45 161 124 369 274 28 115 7925 
30 45 17 28 3826 30 12 
277 
143 143 143 143 143 143 143 
109 28 1958 9327 17 393 143 8825 851 12 852 12 853 12 590 9327 12 12 12 
397 19546 397 51512 397 4766 18 1121 38 28 4766 827 7925 
397 19546 397 51512 397 4766 143 3826 18 1121 38 28 945 4766 
3826 7925 215 1383 827 12 0 36159 448 219 12 
49 8825 851 12 852 12 853 12 590 9327 12 12 12 
397 49051 397 51512 397 4766 18 1121 38 28 4766 827 7925 
397 49051 397 51512 397 4766 143 3826 18 1121 38 28 945 4766 
3826 7925 215 1383 827 12 0 36159 448 219 12 
49 2074 384 12 12 12 
9 39 31 28 4766 827 51523 58 205 10440 109 28 38073 
51524 12 38 84 4130 68 45 17 40076 20 21 15 2745 2000 12 
28 51523 124 11551 12 20 124 10 21 5247 972 6843 
31 4766 429 12 
49 2387 384 12 12 12 
2387 13389 31 4766 3078 4 2119 51522 31 609 17 142 657 12 
443 35 77 2850 125 28 590 39371 38422 12 
1966 150 204 1971 9754 827 58 369 65 205 13383 12 
130 779 45 7 439 150 440 83 28 2739 49 9 590 38422 45 251 20 35 77 
2850 125 1050 2 397 397 1051 12 1966 12 1217 
143 3253 
7214 45 19683 2074 17 1051 408 7759 
1225 340 1617 45 176 31 175 45 2010 2287 45 
175 45 6372 12 282 636 1257 645 143 1068 2 141 891 3362 143 3363 51518 
51 2 141 891 3362 143 3363 51246 143 4656 2 51519 51525 
1971 273 2 51526 302 851 12 852 12 853 12 590 143 21593 109 32080 
125 143 606 607 608 1535 2 608 2 333 335 
627 2 4766 144 13383 215 8365 21 91 219 
632 2 4106 45 827 1303 3876 618 2 608 2 147 141 4122 
125 2 3253 35581 
21 2 45 45 
647 143 30 2 648 12 0 
649 143 650 2 549 397 651 158 652 653 231 434 143 654 231 
649 143 447 2 51527 
641 143 1000 2 2449 
659 2 660 
641 143 661 143 659 2 855 
641 143 661 143 659 144 2 663 
641 143 664 2 665 1269 51528 
118 49 28 36656 417 45 251 7 4946 20 150 204 13182 28 445 185 21 
545 
2424 8139 12 
4766 144 58 369 12825 205 13383 12 31 203 130 70 10741 
17869 419 36 68 49 298 12 
7 8 51529 4766 144 4 397 19546 397 51512 4 9 4766 144 2422 12 
7 83 68 124 985 21 51530 91 255 45 251 38 164 985 21 8 21 
4127 15 51531 8890 347 43928 21 5383 68 964 12 28 972 1483 3979 
31 4766 144 12 0 167 112 31 203 21 28 36159 6843 540 58 369 205 
6617 12 
28 294 34890 49 28 7925 124 397 19546 397 51512 397 4766 144 397 4766 
3091 68 18 107 2671 369 45 259 15 294 7133 18 
77 6622 12 
68 612 124 28 310 49 1404 1086 17 1958 9327 12 
23 9 48 1892 632 45 7 18 181 5247 4766 648 21 8163 43285 
1462 12 
23 28 92 31 11467 45 7 8 107 779 40040 4766 144 7925 49 
670 8825 144 2000 45 7 18 220 68 579 2532 68 1867 179 7 
207 474 177 21 1022 20 12 
7 8 65 198 9 39 31 4766 144 12204 28 2074 2939 2659 49 
1510 34 572 20 12 51532 648 58 314 205 6617 125 487 12 
36159 1322 18 77 34737 1028 49 28 294 51533 144 20553 3826 12 
68 124 9 1442 4772 9752 17 258 195 4 28 310 575 12 
7 18 198 1322 31 443 36159 150 204 4 397 19546 397 51512 179 26 108 
49 34775 17 8825 144 20 124 445 1357 49 142 657 8694 2000 
23 28 3315 12 
143 3253 
7214 45 19683 2074 17 1051 408 7759 
1225 340 1617 45 176 31 175 45 2010 2287 45 
175 45 6372 12 282 636 1257 645 143 1068 2 141 891 3362 143 3363 51518 
51 2 141 891 3362 143 3363 51246 143 4656 2 51519 51525 
1971 273 2 51526 302 851 12 852 12 853 12 590 143 21593 109 32080 
125 143 606 607 608 1535 2 608 2 623 335 
641 143 183 2 51509 302 241 248 
647 143 30 2 648 12 0 
649 143 650 2 549 397 651 158 652 653 231 434 143 654 231 
632 2 4106 45 644 229 250 847 2 609 2 646 141 1017 
21 2 51219 302 851 12 852 12 853 12 590 45 51220 302 851 12 852 12 853 12 590 45 39253 302 851 12 852 12 853 12 590 
125 2 51509 302 851 12 852 12 853 12 590 215 3253 35581 219 
627 2 4766 827 
649 143 447 2 51534 
641 143 1000 2 610 
659 2 660 
641 143 661 143 659 2 855 
641 143 661 143 659 144 2 663 
641 143 664 2 665 1269 51520 240 
4766 827 215 44511 219 58 369 3386 36159 49 508 37246 12 
7 8 40040 68 1389 397 19546 397 51512 109 28 1958 
384 45 397 3314 397 51512 109 28 1086 384 45 17 
397 44129 397 51512 109 670 8825 10260 12 
130 68 124 9 36159 839 17 18 77 2684 13232 45 81 
439 150 440 1916 20 21 548 12205 12 534 7 8 7548 9 
3979 259 34 612 538 3050 150 440 77 829 12 
3454 45 397 19546 397 51512 397 4766 827 215 18 1121 38 964 4766 827 36159 219 
397 19546 397 51512 397 4766 215 18 1121 38 964 28 115 30 144 12 338 219 
20 124 132 1547 21 5247 4766 648 125 670 384 23 28 75 
31 6196 45 130 508 255 84 77 568 144 12 338 369 12 72 68 124 9 1021 45 
81 82 14 83 12 
81 2666 28 13727 2939 150 204 49 430 45 347 450 4766 150 204 3314 
49 4148 430 12 7 8 107 779 4080 4766 827 36159 1389 
9 4054 10260 259 7 6061 7949 83 2473 13526 68 124 12 7 18 107 
77 2441 4766 827 109 28 2074 10260 395 20 8053 
7925 12 
7 2563 21 40076 959 31 28 4766 9832 31 2950 765 28 1821 
179 9695 43285 1462 58 205 1847 12 
1074 45 397 19546 397 51512 397 4766 18 3559 36 38 28 115 7925 12 
1383 144 12 338 12 
7 925 68 84 2700 8139 12 
143 3253 
7214 45 19683 2074 17 1051 408 7759 
1225 340 1617 45 176 31 175 45 2010 2287 45 
175 45 6372 12 282 636 1257 645 143 1068 2 141 891 3362 143 3363 51518 
51 2 141 891 3362 143 3363 51246 143 4656 2 51519 51525 
1971 273 2 51526 302 851 12 852 12 853 12 590 143 21593 109 32080 
125 143 606 607 608 1535 2 608 2 639 335 
641 143 183 2 51509 302 241 248 12 851 12 852 12 853 12 590 
647 143 30 2 648 12 0 
649 143 650 2 549 397 651 158 652 653 231 434 143 654 231 
632 2 1015 45 617 948 2037 1254 2 623 2 147 141 4122 
21 2 51219 302 851 12 852 12 853 12 590 45 51220 302 851 12 852 12 853 12 590 45 39253 302 851 12 852 12 853 12 590 
125 2 51509 302 851 12 852 12 853 12 590 215 3253 35581 219 
627 2 294 17261 397 1051 504 215 369 2200 193 193 219 
649 143 447 2 51535 
641 143 1000 2 1064 
659 2 660 
641 143 661 143 659 2 855 
641 143 661 143 659 144 2 663 
641 143 664 2 665 1269 51536 
28 38073 17261 17 423 759 2298 504 215 1051 219 
58 369 205 2200 921 208 2689 504 12 68 1026 
84 481 49 40142 2914 9903 12 
21 85 13350 31 443 294 9903 2003 231 51537 231 1369 
84 369 572 28 1051 9752 52 231 51538 231 12 
916 51538 1370 39864 347 641 84 85 38 21 28 
1225 340 3314 455 12 38 35 572 411 17261 1202 
125 1370 51539 12 
195 1369 84 8 28 9114 6836 51540 432 45 
251 72 107 111 81 432 964 68 6836 130 1528 2 215 49 51541 219 
68 18 7812 34 15 9114 4663 67 28 39864 17 
641 336 1036 35781 12 
7 8 4080 21 9180 28 294 17261 397 1051 2659 4 9 999 185 21 28 
972 208 45 251 7 18 8 181 2619 9 2351 3385 499 12 72 38 861 34 
3385 164 3087 45 111 81 273 14 12 
231 51537 231 17 231 17261 231 164 1449 1357 251 62 85 13350 31 
1051 7363 3864 12 
49 1369 34 1449 8 132 272 273 67 2498 1051 1775 3314 12 
38 359 3806 87 21 8 68 6836 432 12 72 38 220 1449 8 
68 432 111 81 2671 1051 1775 3314 21 2 
1051 1775 3314 653 1241 144 440 12 851 12 852 12 853 12 590 2 1250 215 49 51541 219 
184 1440 45 2600 45 409 12 81 273 14 12 
143 3253 
3253 35581 824 273 2 51509 302 851 12 852 12 853 12 590 824 17067 2 51518 824 408 7759 
1044 144 12 7676 45 1225 340 12946 45 175 176 
2010 2642 45 175 45 282 636 1257 645 
6372 12 
1068 2 16260 143 3363 51518 
125 143 606 607 608 1535 2 608 2 623 335 
641 143 183 2 51509 302 241 248 
647 143 30 2 648 12 0 
649 143 650 2 549 397 651 158 652 653 231 434 143 654 231 
632 2 622 45 512 3049 250 1535 2 142 2 636 141 1017 
21 2 51219 302 851 12 852 12 853 12 590 45 51220 302 851 12 852 12 853 12 590 45 39253 302 851 12 852 12 853 12 590 
125 2 51509 302 851 12 852 12 853 12 590 215 3253 35581 219 
627 2 124 648 2340 2671 
649 143 447 2 51542 
641 143 1000 2 1795 
659 2 660 
641 143 661 143 659 2 855 
641 143 661 143 659 144 2 663 
641 143 664 2 665 1269 51520 1219 
137 21 10895 1440 68 1867 45 38 229 8 4767 34 28 
7895 31 124 648 215 670 1051 17 9480 3583 2659 219 58 205 4333 
215 347 393 143 51543 219 12 
874 45 21 6054 109 28 38073 1051 504 28 408 5294 
5182 8 3919 21 5247 124 648 130 9 1203 31 28 1958 4342 12 
314 9 7895 7207 58 205 4767 45 534 20 926 2173 
34 195 1051 449 34 199 9299 4 255 3314 8673 18 359 
3806 77 159 21 77 34521 12 68 3552 195 28 2492 17 91 
389 31 5182 34 576 68 6552 109 28 1958 4342 12 
419 164 148 921 1597 21 8436 68 1021 45 251 4 28 2173 
92 20 3530 34 124 648 124 23 1557 37638 20 150 204 2918 31 2162 
38073 371 430 765 28 1051 45 17 38478 9480 
3583 1379 21 38073 6215 12 
68 2671 926 107 2686 2743 34 545 11416 109 124 648 45 3454 
1510 47772 21 397 19546 397 1051 17 21 397 19546 397 3583 12 443 18 77 9299 
130 671 12 
143 3253 35581 
7214 45 19683 2074 17 1051 408 7759 
1225 340 1617 45 176 31 175 45 2010 2287 45 
175 45 6372 12 282 636 1257 645 143 1068 2 141 891 3362 143 3363 51518 
51 2 141 891 3362 143 3363 51246 143 4656 2 51519 51525 
1971 273 2 51526 302 851 12 852 12 853 12 590 143 21593 109 32080 
