Subject: 1 2 1642 150 1082 936 
98 45 
3300 35 3301 445 28 1111 915 4 1331 12 
7 18 672 132 255 45 72 161 124 212 3302 12 
97 
3172 
98 99 3303 2 
41 3172 45 
41 
41 192 49 15 678 149 49 28 2072 31 28 936 12 
41 
41 173 28 594 31 3304 3066 45 7 207 585 20 124 
41 1376 21 3305 3306 49 68 2918 12 419 8 314 1339 
41 197 3307 4 268 17 4 1133 21 3301 1642 150 1082 12 
41 1642 150 1082 124 70 363 34 3308 1122 505 143 1992 255 4 28 
41 2018 
41 17 1591 1592 3196 65 77 1891 4 3309 9 3301 12 26 
41 90 3198 1211 3306 49 28 936 12 515 220 38 2937 138 
41 3310 45 91 31 28 1835 229 77 1891 4 3311 4 
41 28 
41 936 12 
41 
41 7 207 118 49 107 3312 9 496 678 270 21 15 260 12 
41 
41 7 220 925 34 28 936 18 77 3313 17 34 7 150 587 450 38 
41 120 
41 4 3314 2369 2 143 219 
41 
41 96 1204 45 
41 
41 98 