Subject: 4428 193 3314 8366 62049 193 
148 49 3314 8366 62049 193 193 2473 187 38 435 21 43245 3867 23 3314 317 36 484 193 518 15 2745 954 193 77 15 2745 54136 193 941 548 193 3076 63 193 19653 12440 31 7804 3382 193 487 164 274 9 2351 2230 31 28 548 38 18 8 21 518 125 2 
62050 3867 143 964 21 392 6565 12 1529 3382 193 
20461 53467 143 964 21 392 878 12 1529 3382 193 
4065 59106 143 964 21 392 9031 12 1529 3382 193 
62051 53467 143 964 21 392 6240 12 1529 3382 193 
12 12 12 12 12 12 12 833 591 757 12 161 164 765 7848 3570 21 518 125 193 953 107 7952 28 10898 17 3389 31 3314 2358 548 193 21 861 499 959 1324 12 12 12 12 12 41409 298 215 952 4087 19673 219 648 143 6255 143 4229 143 59572 157 6475 4118 62052 12 
391 276 774 12 
321 12 322 12 323 62053 
54634 20398 23194 62054 
105 
16 
5913 317 2228 
1772 59306 62055 60864 