Subject: 3828 2 6056 49 4656 36581 193 193 193 
68 124 107 9 18591 12 68 124 70 2532 3828 12 12 12 
72 38 128 9 139 1324 17 15 4656 139 35155 12 12 12 
193 138 7564 193 138 109 28 6613 215 49 508 31 1087 4656 36581 306 
9 4278 21 5680 4 143 963 1324 3852 140 219 12 
439 150 440 270 28 1324 143 75 28 1324 3923 12 
72 38 270 28 1324 45 15 139 18 77 51367 74 68 6056 12 
68 6056 18 51310 195 51368 17 51369 430 125 1404 15 139 
17 15 14435 1059 45 540 18 481 15 139 2255 21 7286 306 28 
3852 1484 12 38 18 8 21 7690 9 294 139 12 68 430 58 
205 11976 74 1404 9794 17 10173 12 161 164 765 827 9881 4656 
36581 528 51367 74 68 6056 4 391 369 12 38 35 65 4322 68 
514 4 28 21707 3981 12 81 19 68 4601 31 430 21 195 15 
17894 213 8 208 12 
51370 51371 
8238 61 4013 
51372 8238 864 