Subject: 48616 4858 
40855 15597 51956 746 3635 5073 898 3713 51957 
746 2305 898 14640 9 617 40860 12 51958 617 51743 707 718 
51959 5069 1676 51960 2757 689 51961 51962 
215 1925 617 51963 898 3713 897 219 12 39844 684 17970 3115 48616 
714 687 51964 51965 5063 746 2839 2294 2 
827 12 248 11433 4312 1056 397 9139 2298 573 4373 
700 3282 617 8768 1676 4964 14 2774 3069 51966 47049 
18123 14 21 51967 746 4907 684 3734 45847 684 3969 617 781 707 718 
51968 51959 12 
8498 701 3724 1219 746 4969 3724 5161 12 4833 8498 1056 746 
44689 5664 4932 12 
2784 2303 47049 18123 3654 5086 617 45598 14 42159 732 51969 905 
3969 617 44920 231 1641 51970 746 51971 2303 47049 18123 231 746 
231 47049 18123 231 12 
3654 701 3724 51972 17594 2324 3102 2839 3969 617 44920 51973 746 
5069 2784 734 17594 215 2295 17961 2811 701 3742 219 12 
51974 3654 5086 617 45598 14 42159 21 3969 617 17968 231 51975 
51976 231 1676 44698 2784 734 7214 143 6591 12 
2315 51977 897 2784 5005 12898 2781 3014 700 51978 12 
747 617 5085 684 51979 704 3635 5073 898 729 322 16044 746 15010 897 1713 
51980 2812 747 48616 12 3733 713 714 51981 707 4848 45 3654 746 
51982 617 51983 4893 12 
734 4934 2295 4487 684 1682 2291 14384 617 9 747 617 5085 684 
8498 43689 3738 746 43689 5345 617 9 8260 617 51984 158 
3151 70 707 2291 2846 705 6705 684 17970 2294 3137 
4858 5351 617 9 8260 617 51985 684 3969 617 781 70 2754 2804 4975 4858 
51982 617 50915 714 687 51986 51965 5063 4981 14 50319 746 2782 
3014 1685 12 3006 701 12 