Subject: 1 2 2012 898 52283 
705 8332 732 2780 52543 45 1721 4468 705 4511 4478 
704 747 16098 52544 5005 51945 1312 21 35941 12 3653 45 
705 1645 4877 684 8578 746 17963 701 6446 2294 52545 
689 35941 3069 322 52546 52547 40975 5005 4934 
1676 2819 1713 3113 35941 2294 4793 1676 3757 2294 16098 747 
15457 684 21 3295 701 4908 12 8495 45 705 700 3771 
52548 2326 704 1645 8578 5165 6702 6722 52549 718 
52550 3124 12 1099 17040 17041 45 705 43858 2811 684 
52551 16098 52552 746 684 2294 52553 12 6722 705 
40226 3652 684 39800 14 732 6681 45 1645 18026 684 52554 
52555 14 2294 52281 685 746 707 4879 52556 14 
687 741 12 52557 1676 700 746 15784 2310 2301 
1697 52288 12 
45704 10777 
41 125 613 302 1225 143 340 12 175 12 853 12 590 1015 607 636 343 2 646 2 610 2037 
293 2 125 4054 144 12 16969 143 16264 12 853 12 590 74 52558 12 1052 12 1053 12 350 407 52559 306 1793 158 
619 345 52560 215 729 12 785 1219 397 1053 143 1052 143 827 12 0 143 16969 143 248 12 0 219 158 1015 45 636 607 2037 343 2 646 2 2995 141 339 
407 2 590 12 853 12 175 12 1225 143 340 158 1015 45 636 607 2037 609 2 608 2 3884 141 1017 
632 2 1015 45 636 607 1819 609 2 608 2 782 1018 
125 2 98 99 215 569 415 2012 850 219 
626 143 619 2 
21 2 52561 302 1052 12 1053 12 350 
627 2 1 2 2012 898 52283 
635 2 16407 302 1225 143 340 12 175 12 853 12 590 
659 2 660 
41 705 3635 8494 704 8575 2294 20360 734 52526 4990 
41 684 5236 7594 898 52283 12 3653 45 747 14972 707 685 700 
41 3115 12 52527 45 1722 684 5236 16098 898 3713 16650 52273 
41 689 40859 3022 14 3150 732 2780 52528 52288 45 
41 17998 45 8472 52297 3645 45 746 704 711 51636 704 
41 1645 52529 2294 16758 1298 12 707 8760 1700 35941 705 15020 
41 684 52530 718 52531 4830 1676 52404 898 3713 3115 695 
41 687 4805 45 5445 736 14375 12 
19058 714 3071 710 707 3071 40928 52562 747 16098 897 707 
17034 19064 21 704 18882 4797 8573 718 52331 707 7594 
746 18882 4797 18104 4086 12 1721 747 16098 897 19064 707 17034 45 
21 4387 1645 52563 1312 14828 52545 689 35941 746 52564 14 16027 
52565 18882 52566 18104 52567 746 52568 
43041 52569 14972 215 4289 12 4858 734 2291 6435 4919 
14 14828 52570 689 52322 219 12 1726 150 1727 322 741 12 2543 52571 5159 
52572 19200 14972 12 
19174 1721 714 21 52573 6435 45 1676 4468 3775 4399 2676 52574 45 
1727 1676 19130 4416 52575 19130 9408 52576 1658 2838 14 16027 741 12 2546 45 
322 738 215 1696 897 6418 219 52571 5159 732 52577 897 52578 14 
902 4848 1676 52579 898 1524 691 746 1645 52580 2676 52581 
898 52582 215 52583 21 17034 897 898 52283 219 12 5571 
3643 18842 204 150 1727 21 6435 1730 2676 8756 714 16027 6697 16027 
741 12 2546 12 9408 2720 19130 746 747 3633 691 52584 45 5351 1645 52585 2775 
52586 2676 45846 52587 3289 746 2676 52588 734 18802 6435 1676 14 52589 
746 52590 3742 45 14 52591 52592 52593 14828 4858 4464 52594 12 
691 4965 707 21 52595 746 4907 5159 1645 3654 14828 14354 2676 
52596 3165 691 12 
1301 99 12 