Subject: 36 499 31 19605 3260 66934 
959 1032 392 11924 4 19605 138 
419 35 95 38 63 143 2354 15 52801 193 193 
6460 487 49 15 298 15603 193 193 
1050 2 397 397 1051 12 5634 143 5495 12 1217 397 
763 13208 15 16849 4188 74 390 3471 347 837 959 12 12 12 
763 7954 189 52950 772 1543 4222 138 
763 10 5237 15 4561 600 12 12 12 3832 959 5634 5820 76 193 
763 419 35 95 7954 184 53524 52898 193 
763 52895 12869 31 1335 1058 5610 193 
4553 143 15547 143 359 16949 143 
6460 109 28 3979 1905 21 36 1339 193 193 
1050 2 397 397 1051 12 5634 143 5495 12 1217 397 
72 68 626 58 3386 38 4 1409 17 38 467 21 77 6617 125 670 
133 110 81 6460 68 3979 2 