Subject: 2012 2016 2 231 3 306 41414 31 2283 231 143 40597 40596 143 24 
42 9792 8151 45 
132 2016 109 3 2514 5 6 17 41414 7713 124 
369 1357 407 132 2298 455 2 
1050 2 397 397 1051 12 1662 12 24 12 1309 397 763 31210 
347 485 125 
28 2016 11802 2 
824 13508 2598 4 11027 9327 17 5 6 
824 2514 9308 17 769 9686 
824 41414 31 2283 2 2107 45 9686 45 70 9116 3 
1400 
824 3 41414 31 2283 4 28 1710 1988 
824 47 3260 2514 3 1708 49 36419 10651 573 
824 9 294 1946 21 1994 6836 1706 45 70 8944 1381 49 
11547 28 1334 447 31 9 2213 1325 45 9 1140 
19609 5615 371 109 762 21102 2019 
824 1168 2 13508 2598 17 4649 306 41414 31 
2283 
2080 17 5681 31 6642 6482 2 
2080 
208 31 28 9977 31 13508 2598 130 20 124 576 4 1329 
3 124 34 4784 28 573 164 36170 17 1394 28 
11008 124 762 12 10652 306 2147 9308 765 
11027 9327 12688 1402 1440 34 164 107 9555 
4 28 41415 279 12 5 6 164 1704 31 2147 
41416 34 164 1208 9117 21 16 443 1440 12 26 
85 13350 31 28 215 9582 219 41417 2585 9313 31 
2054 4 28 4342 540 26 2427 74 3530 31 9 6493 12 179 28 
6493 124 36419 45 5 6 1211 70 3076 1947 49 1353 
19415 17 3318 49 9116 2006 1708 12 534 45 3 
28 9631 9689 6493 125 573 124 2705 16952 143 584 12 
28 2918 31 68 2016 124 21 2339 17 21 244 9 8876 31 6 34 
41418 11450 2006 17 3 1708 779 124 11614 583 49 
3549 561 12 68 8876 124 28 8876 31 41414 31 2283 6 12 
41414 31 2283 20669 28 3076 3348 9686 31 2514 
9308 215 7997 9 7892 31 5 6 219 251 10877 1315 
2283 4 73 21 12770 769 3028 2168 45 41419 985 6189 28 
773 5 1325 1988 12 
28 2016 37544 28 7895 31 28 2213 31 2283 4 13508 
2598 17 4649 1950 12 4 28 310 92 20 41420 28 
1743 31 28 9686 31 28 2514 2397 130 9 36170 
13508 1325 12 1364 757 45 20 11066 34 28 2514 8807 34516 70 
1466 6836 1326 12942 12 
3 41414 31 2283 125 573 124 9 2689 627 31 68 2016 12 
28 3 1400 34 124 6200 487 124 371 109 28 28 6838 17 
28 4781 19695 11022 2514 1708 17 124 3255 4 28 
4291 31 28 4342 12 
68 1400 35 2443 130 9 1470 49 14219 1994 2054 4 9 
818 251 2340 8876 31 6 177 45 9191 109 28 1994 
6836 45 28 35904 2585 28 12318 2054 2111 36419 12 
2209 45 20 124 3376 34 4 28 279 31 36419 10651 573 45 28 546 
3 1400 35 77 1396 4 70 1400 34 124 3988 
41421 17 34 4 21157 39414 38192 10995 31 964 21 9 
9911 12 
3 306 41414 31 2283 
40597 40596 143 41422 
5681 31 6642 
824 216 45 409 215 1552 45 135 449 219 
322 2080 
322 7253 
322 6642 
322 110 31 4167 
322 110 31 6317 
322 11012 31 1708 
824 1919 215 1552 45 618 449 219 
322 13508 2598 4 11027 9327 
322 1919 74 3521 
322 5 6 31 9582 19609 
141 2230 31 3568 1993 1484 2189 
141 12940 31 5 6 
141 2899 3 4 1993 1504 
141 2006 17 41423 6 
322 953 45 515 17 177 138 2195 45 1501 17 2642 4619 31 28 
2016 
141 1501 
141 28 2213 31 2283 1325 
141 70 9116 3 1400 
141 70 39130 3 1400 49 36419 573 
141 9 8147 143 3192 1946 21 1994 6836 1706 
141 9 2642 4619 49 28 2632 
824 2283 17 769 9686 215 1552 45 135 449 219 
322 2514 9308 
322 2006 45 4607 17 41424 4 9 2514 2397 
141 2006 
141 41424 
141 4607 
322 3 2283 4 28 446 12072 1988 
141 1021 1989 
141 13679 9 2514 21 9 2397 
141 8436 28 935 3 1021 
322 1163 9115 
322 12133 2 28 41425 2514 1400 49 2283 
824 41414 31 2283 215 1552 45 618 449 219 
322 1163 2168 31 41414 31 2283 
322 456 8189 306 41414 31 2283 
141 41424 
141 2006 
141 4607 
322 3 41414 31 2283 4 28 935 1988 
141 28 456 1400 
141 916 92 17 11007 2584 
141 3 41414 31 2283 306 7781 2899 
141 1539 109 28 3 1708 
322 1534 17 1846 548 
824 3 41414 31 2283 4 28 1710 1988 215 1552 45 1257 
449 219 
322 4619 2598 74 28 6838 1400 
322 41423 11449 49 2514 9308 
141 41423 11449 765 2514 3257 
141 11449 49 2514 11446 2 28 38189 1481 
141 28 38189 1481 4 2233 163 
141 38189 11449 49 2283 17 41414 
824 19822 28 2514 3 1400 215 1552 45 333 449 219 
322 1919 
322 4635 
322 39130 4343 1708 
141 429 605 2 9986 19405 39648 2585 9478 
2054 
141 431 605 2 2636 41426 4 9 41427 6493 
573 1163 
141 3373 20 195 1122 2 28 8177 143 7 1400 17 542 573 
3257 
141 92 17 11007 2584 
141 28 8177 143 415 1400 
141 92 17 4215 2584 49 8177 143 415 
322 4273 21 10651 2054 31 9679 40114 
141 2636 41426 
141 41428 19405 39648 
141 9 239 239 2208 2347 150 150 9525 49 28 11555 31 9 
10651 6836 
141 28 19405 430 31 373 393 143 41429 2054 
322 568 28 8177 1708 306 6838 
322 41423 11449 17 28 8177 1400 
322 1168 
322 10929 1539 
322 12133 2 41430 28 140 31 1316 
824 70 1946 21 1994 6836 1706 215 1552 45 608 449 219 
322 2899 3 2220 
322 28 1021 31 6836 37923 
322 28 2514 747 1325 
322 6836 37923 4 28 597 279 
141 3123 31 28 1048 
141 1949 2899 130 4572 6827 
322 1168 
141 9256 1048 
141 1168 306 2514 747 6 
141 597 747 6 
322 41235 28 1334 447 31 9 1325 
141 656 9 17161 2397 
322 1325 7893 74 19609 7823 
141 70 71 19609 5615 
141 9 7884 49 41414 
141 13459 5 6 306 1994 2054 
322 2411 
824 9256 1508 215 1552 45 343 449 219 
322 36199 28 2899 
322 13508 2598 1168 
141 37226 17 36347 9646 4074 
141 28 5045 1484 17 573 432 
322 4649 306 41414 31 2283 
141 568 9 2213 31 2283 130 9 8807 
141 28 14253 573 432 
141 28 38684 573 432 
141 28 41431 573 432 12 4649 17 2899 1706 
141 28 1371 2514 8807 130 70 5788 6552 40273 
824 1943 215 1552 45 144 449 219 
824 2076 215 1552 45 729 449 219 347 215 1056 219 
