Subject: 34301 2 36 9 298 2385 306 73 143 67240 
4425 193 132 105 124 67241 20551 12 7 1022 68 3547 817 1122 21 
2482 255 34 20 124 261 21 481 483 109 28 1971 193 
1397 28 75 31 68 1209 38 35 63 2354 15 19605 17 7690 
2942 38 482 317 521 177 1355 38 482 193 11416 28 2261 38 
482 308 2493 231 220 7 8 583 483 138 231 
72 38 164 1891 111 81 2666 109 17 861 9 298 4077 
12831 23 28 75 31 68 2385 45 72 107 6631 68 626 17 
38 18 107 77 240 143 6282 120 12 81 220 107 149 21 77 
6617 12 68 124 9 208 92 240 143 628 193 
130 3870 109 883 4559 2 
150 150 1476 765 1894 9881 7804 5820 644 21 729 524 125 15 
3314 49 70 4173 31 445 392 646 1200 12 204 7804 4155 208 92 150 150 
192 21 28 1225 962 17 28 1971 193 
77 9 52982 435 757 1370 9 1209 193 
1397 38 256 150 150 13925 150 150 45 81 2666 28 235 12 68 124 28 
849 38 8 205 4024 67 109 28 514 40160 12 137 21 28 
52941 31 68 849 109 28 1971 45 9 883 3382 514 
839 2110 2264 70 3509 2482 21 28 19897 31 
68 839 2214 1905 45 21 450 72 20 93 35 481 255 
483 12 
28 2482 65 4639 2428 347 107 28 839 112 14217 12 
769 8431 19407 1319 17 49 195 34 161 164 
150 150 5054 359 14459 52942 28 832 4 28 839 
17 72 255 35 6482 28 4572 4441 45 26 164 12096 
21 481 91 11045 53769 306 445 392 646 12 1529 499 31 12132 64 150 150 12 
68 124 515 208 777 21 256 2 
150 150 192 21 68 35056 1129 12 7 112 10251 
591 225 1397 251 1320 92 7 3854 109 20 12 7 207 259 501 
7 2209 2020 274 21 450 515 208 90 1916 4 611 
49 28 9691 2954 17 483 1403 12 21 132 
52998 45 7 293 834 392 10030 45 52999 4 608 1910 45 306 
483 1449 963 4 12 150 150 
24928 53771 45 53772 4435 45 294 12017 12 
487 124 212 53400 2 
150 150 68 839 58 205 559 49 9 122 92 251 7 4430 
11610 4 20 12 208 517 179 7 293 68 120 4 28 628 
7 3919 21 35884 132 392 646 109 20 12 7 5038 28 4572 
4441 17 53773 12 12 12 12 12 827 1910 1892 28 483 1339 21 
3078 4 12 429 76 7 445 869 392 37715 251 28 997 144 524 
121 34 7 869 9 834 31 392 2372 45 1857 12 259 2342 45 4 28 1335 617 
524 74 1 143 5628 28 839 45 7 8 869 765 392 7886 45 1857 
17 7 207 13351 20 120 12 28 1388 21 2487 4 68 839 
124 21 6482 28 4572 3052 17 107 2671 2423 12 251 
435 508 31 28 255 7 112 65 9 3547 40118 17 
3547 41610 67 28 14217 2696 31 20 12 259 7 7259 20 
499 306 28 1200 12 204 12 3133 504 215 648 143 6255 143 7629 52952 653 952 52953 219 17 
26 11976 34 20 124 6182 14217 193 7 207 369 20726 20 193 150 150 
9099 67242 45 10801 45 10073 12 
959 53590 1892 251 429 45 
824 824 824 3990 68 369 49 15 460 6311 824 824 824 
72 38 187 435 21 481 23 1557 392 2862 45 1857 5820 644 21 729 524 
34204 45 2164 17 53774 45 81 2666 28 235 12 12 12 111 
2666 20 120 17 120 17 6482 28 4572 4441 193 
137 21 28 427 7207 31 52941 317 6177 68 839 
58 53770 45 20 124 1383 1960 10 1032 1355 12 
6482 28 4572 4441 1905 17 15 4561 28892 
18 3078 6548 45 13388 193 193 193 
28 8343 38 220 20 28 18595 38 3042 1476 483 193 193 193 
143 143 143 143 143 143 143 143 143 143 143 143 
4441 
143 143 143 143 143 143 143 143 143 143 143 143 
824 824 824 73 195 729 1537 3376 109 28 110 1905 12 
824 824 824 49 1320 2385 45 13 392 729 5634 45 28 105 17 140 31 28 
2385 38 164 13376 17 15 240 143 628 16 21 28 
160 9468 105 1417 109 34 110 997 21 28 2385 12 
481 474 15 611 16 124 109 15 20618 8147 2893 
12999 4 279 31 184 628 1440 12 
824 824 824 179 38 198 15 73 45 481 474 38 73 1320 31 28 
729 1537 12 38 18 87 195 729 1537 259 34 38 35 8163 
37 109 15 1225 17 52962 37 12 
15 834 64 392 729 12 1529 641 729 653 392 646 12 1529 
824 824 824 1370 9 2351 2660 38 18 128 45 21498 240 143 628 45 1320 31 28 
729 1537 125 443 729 218 6205 12 8163 37 109 
15 1225 259 26 18 77 9292 49 38 21 13 21 
28 648 45 1857 150 204 31 255 213 18 73 37 125 38 12 65 
481 9 9956 31 443 1537 17 3832 20 109 15 297 4 
279 541 13339 21 15 1225 12 
824 824 824 2340 143 143 143 220 107 47661 28 2587 31 28 255 213 164 
3804 997 21 1320 2385 45 347 769 2905 109 28 110 45 
4 184 185 411 1032 515 124 5041 1905 4 3040 648 
1461 21 3040 448 347 38 18 9988 499 109 8367 31 15 
52963 12 1319 38 1929 28 185 68 1930 45 38 18 
65 450 2473 20 926 107 548 72 38 2671 20 12 1074 45 
68 1381 58 205 7811 45 17 72 38 47661 45 20 18 107 
548 193 193 193 255 8 4080 21 1022 769 17894 397 34459 
2587 109 195 3968 2493 26 90 36 195 28 483 12 
251 20 926 107 548 68 185 12 2892 434 45 419 195 8 4080 
21 77 6550 17 111 7289 6519 12 259 220 107 4618 21 
2671 2423 411 1032 515 124 5041 12 86 72 
38 220 45 20 18 107 548 49 38 12 1074 45 53792 53793 
28 20447 193 193 193 
3040 648 397 121 38 150 938 13153 195 3968 1537 45 85 68 
4777 17 5247 28 105 317 16 31 28 
160 4 2385 4118 729 12 68 160 58 869 20 1461 
28 3202 17 124 359 1450 7298 769 52745 12 
3040 144 397 3619 28 105 317 16 4 2385 4118 644 3192 21 2385 4118 729 
3040 827 397 3619 28 105 317 16 4 2385 4118 827 3192 21 2385 4118 644 
3040 644 397 3619 28 105 317 16 4 2385 4118 144 3192 21 2385 4118 827 
3040 729 397 3619 28 105 317 16 4 2385 4118 648 3192 21 2385 4118 144 
3040 448 397 5682 15 105 317 16 4 28 2385 4118 648 2439 
824 824 824 81 481 474 38 39 5820 105 317 16 8376 824 824 824 
824 824 824 85 68 3509 849 215 306 28 6841 110 31 2587 219 
17 8163 20 109 15 1225 12 220 107 481 184 411 538 12 
8163 68 109 9 19855 130 505 274 4 279 38 9988 184 573 12 
824 824 824 21 9096 38 306 3199 15 1166 109 28 1971 45 
28 729 1537 38 15198 18 1211 38 306 35213 
3199 430 540 3552 2473 21 13 6261 
240 143 4756 34204 45 177 21 861 35775 31 298 4348 
3954 17 48 959 12 
161 164 144 2593 1362 21 36 68 43747 985 2 
1381 4118 648 2 74 50 6261 240 143 628 34204 
82 150 204 256 34 38 3807 21 3042 532 45 274 21 450 2473 
20 7653 45 17 419 18 6132 38 17 17 1510 3869 13 499 
445 729 45 1857 240 143 4756 1320 12 82 150 204 65 6132 34 28 133 
128 445 9 0 12 144 3471 3793 215 28 3793 90 77 48 10 
251 7977 274 256 20 124 445 0 12 144 3471 12 65 591 255 18 13 499 
12440 31 35775 240 143 4756 3915 31 445 729 45 1857 1320 219 12 
12740 306 68 3521 45 38 13 499 445 729 45 1857 240 143 4756 12 
306 9 0 12 144 3471 3793 45 34 124 445 848 4157 49 2385 4118 648 12 
1510 848 255 1830 74 50 499 729 45 1857 240 143 628 1320 49 9 
834 31 390 45 1857 12 499 31 1510 390 45 1857 240 143 4756 445 0 12 144 3471 1830 
306 4157 12 34 150 204 1876 255 1830 17 13153 2385 4118 144 12 
1510 1876 255 628 499 729 45 1857 240 143 4756 1320 49 9 834 31 
2862 45 1857 240 143 4756 12 28 0 12 144 3471 3793 21 34 124 3920 4157 49 
2385 4118 827 12 
1510 3920 255 13 499 729 45 1857 240 143 4756 1320 49 9 834 31 729 
9881 240 143 4756 102 499 12 28 0 12 144 3471 3793 21 34 124 848 45 1857 
4157 49 2385 4118 644 12 
1510 848 45 1857 255 13 499 729 45 1857 240 143 4756 1320 49 9 834 31 
390 45 1857 45 1857 215 390 9881 219 240 143 4756 12 28 0 12 144 3471 3793 21 34 124 
1876 45 1857 4157 49 2385 4118 729 12 
215 161 164 765 21925 9881 255 109 28 1971 13353 17 
67 454 45 1857 959 294 4158 4557 964 12083 219 12 
34 150 204 1876 45 1857 4157 225 392 729 1320 653 392 2862 45 1857 215 1894 9881 219 12 
15 834 18489 4 68 3521 124 2 
2385 4118 648 12 12 12 12 12 392 390 141 
2385 4118 144 12 12 12 12 12 392 2862 141 
2385 4118 827 12 12 12 12 12 392 729 45 1857 141 
2385 4118 644 12 12 12 12 12 392 390 45 1857 141 
2385 4118 729 12 12 12 12 12 392 2862 45 1857 3333 834 12 12 12 12 392 28924 45 6245 
2589 220 107 13003 12 36 9 52951 317 358 17 4946 499 28 12503 
261 4178 17 359 1384 2473 38 7819 20 45 38 18 
1449 481 9 356 31 483 193 
1074 18794 45 68 124 4177 445 848 255 13376 499 31 
729 45 1857 38 6282 21 12 52946 21 2937 49 9 3315 515 187 13339 
72 8139 45 347 1894 347 837 208 644 902 31 1510 255 6282 
1876 45 1857 240 143 4756 1320 347 959 138 161 164 765 766 9881 255 
109 28 1971 13353 17 7298 12 2892 14 45 591 255 
18 220 274 34 45 17 959 193 
1381 4118 144 2 74 4770 298 3954 109 28 1971 
3836 109 28 3519 124 47 47 38593 17 161 164 
12440 31 298 6625 21 44126 12 4770 9 356 31 298 3954 
109 28 1971 18 2164 36 9 9257 3793 12 419 3037 
152 38 3042 306 1381 4118 648 17 1907 1381 4118 144 130 38 521 
998 12 
49 5820 392 729 38 128 45 195 38 1906 220 124 240 143 628 37 28 
2385 26 13153 12 34 150 204 20 12 3559 1211 310 517 504 
109 195 4157 12 68 18 5697 34 28 240 143 628 26 13 499 45 
306 15 105 17 16 109 20 45 18 77 2917 86 26 35 
107 44126 395 26 128 28 2385 12 
824 824 824 73 1320 2385 74 542 140 317 105 445 824 824 824 
174 2 3559 13 392 729 5634 215 1200 12 204 12 3917 219 49 1320 2385 12 
4190 107 378 12 481 474 28 5634 124 34742 74 50468 
20 4 23 1557 144 20744 31 358 12 109 208 31 1510 20744 31 
358 45 3047 28 140 317 28 105 31 28 2385 38 164 
13376 45 15 240 143 628 16 17 15 105 17 3133 16 12 
198 15 73 49 443 1537 369 193 193 
2385 4118 648 2 28 52966 150 204 1460 21 3836 298 109 28 3519 12 
824 824 450 12831 23 4242 31 240 143 628 824 824 
73 2385 4118 648 125 2 
67241 20551 
30095 22093 67243 315 
6114 54506 45 15349 67244 
1200 12 204 12 9 12 
2385 4118 144 2 52966 150 204 1460 21 50 6261 240 143 628 109 28 3519 12 
73 2385 4118 144 125 2 
62835 11235 
5661 13758 2287 
67245 45 30459 45 67246 
5692 
2385 4118 827 2 28 8054 21 52976 3199 109 28 3519 12 
73 2385 4118 827 125 2 
3060 9285 
63032 5590 56386 37119 158 
1935 12 4118 4590 
35799 9281 45 3815 12 63033 
1200 12 204 12 9 12 
2385 4118 644 2 2473 21 2111 9 52982 38423 23352 317 28 3519 12 
73 2385 4118 644 125 2 
67247 150 240 3199 
17815 45 667 902 2464 1241 12 240 12 
6371 45 1241 12 151 12 67248 
1200 12 204 12 9 12 
2385 4118 729 2 2473 21 13 648 9881 240 143 4756 49 298 12 
73 2385 4118 729 125 2 
21313 63895 12 
321 12 322 12 323 67249 
12139 45 15349 12 67250 143 63625 
1200 12 204 12 9 12 
143 143 143 143 143 143 143 143 143 143 143 143 143 143 143 143 143 143 143 143 143 143 143 
15 2487 6150 
143 143 143 143 143 143 143 143 143 143 143 143 143 143 143 143 143 143 143 143 143 143 143 
6482 443 6150 21 5697 15 17714 2 
824 824 824 72 38 220 107 128 23 1557 1535 4157 49 2385 4118 648 1370 
144 1910 45 7227 50 240 143 4756 395 38 220 12 15 9465 
84 77 21 128 23 1557 639 4157 49 2385 4118 648 1370 
144 143 827 1910 31 15 133 21 77 109 28 9971 6219 12 86 
91 255 18 220 7289 121 26 102 38 392 729 49 2385 
4118 648 137 21 1360 31 13366 347 1360 31 9987 21 2111 9 
52982 74 75 31 7284 12 419 152 38 7227 50 
240 143 4756 395 38 8 53770 28 456 2195 12 
824 824 824 121 38 8 293 1535 143 639 4157 49 2385 4118 648 45 111 
144 21 827 1910 121 34 38 84 128 23 1557 1876 4157 
347 959 49 2385 4118 144 12 72 38 106 107 45 7227 50 
4756 395 38 220 12 
824 824 824 1319 38 8 293 1876 347 959 4157 49 2385 4118 144 45 
38 35 43339 45 86 28 408 124 314 1960 49 38 45 
17 28 5634 18 7227 21 52988 4 193 
68 124 2340 21 1074 2 5820 92 15 105 124 223 
3192 109 28 110 45 38 164 10440 4 6059 31 9 218 2385 12 
38 35 3832 6608 31 15 2406 74 18588 540 2385 
255 164 13376 125 38 12 72 38 482 21 2698 959 18489 
13 212 13242 31 240 143 4756 17 3042 28 830 368 120 12 
161 124 359 9081 21 28 18489 38 35 2698 125 68 
1166 193 193 193 
235 124 9 817 125 28 3238 31 68 839 
150 150 38 8 274 293 430 34 35 1844 38 4561 
3389 49 28 6134 31 15 2261 45 306 359 4998 17 274 9 3547 
657 31 2954 12 38 35 481 959 483 4 28 997 2351 1910 17 
524 1032 38 8 1355 41977 12 150 150 
150 150 6482 28 839 1318 130 5041 12 220 107 2671 20 4 
3545 12 20 1930 13167 505 130 20 124 369 12 1074 21 
240 143 628 9 39 31 68 2494 2385 121 38 8 1022 15 
105 17 16 4 2385 4118 648 17 223 757 21 4118 144 45 4118 827 45 4118 644 17 
4118 729 130 5041 414 12 208 31 28 255 38 13 68 21 229 
13 499 1876 45 1857 347 959 240 143 4756 17 15 105 18 77 109 
8139 31 37 12 1074 3320 45 28 959 38 13 499 28 959 
2483 4158 38 18 1448 12 150 150 
150 150 259 132 18794 45 7 8 78 38 28 2568 45 430 45 
2458 17 1129 21 2111 35903 374 12 
20 124 964 21 38 369 193 150 150 
143 143 143 143 143 143 143 143 143 143 143 143 143 143 143 143 143 143 
959 53590 
143 143 143 143 143 143 143 143 143 143 143 143 143 143 143 143 143 143 
150 150 132 105 124 2496 12 132 3369 45 52961 17 7 11416 4 10554 12 7 
207 70 9810 306 9 3986 1200 12 204 12 4207 17 7 481 7196 
502 483 12 179 7 293 68 839 7 52991 21 52961 67 
357 150 150 8365 628 150 150 12 7 869 28913 31 28 830 3203 45 52992 
132 1162 31 28 10862 17 52993 3869 12 7 934 
20 12099 150 440 548 12 52961 9926 9444 132 9659 1611 
17 2351 2660 1892 55 19869 4 306 1404 9912 12 7 869 52994 
28913 31 104 45 17 112 1027 21 12178 28 972 150 150 7 6336 38 259 150 150 109 104 
179 28 3203 4602 150 440 548 12 505 45 28 21009 112 109 14 193 1370 827 
1910 55 777 293 390 4178 12 1370 28 997 1064 2660 55 
777 293 834 392 4710 45 438 12 12 12 12 12 12 12 12 12 12 12 195 5634 193 7 112 36224 12 
7 8 2020 52961 4 104 52820 150 150 12 
2496 38563 282 12 151 45 10554 45 4586 12 
150 150 107 528 28 53002 650 45 20 227 14 1315 1910 21 481 
964 132 188 21 436 4 68 2563 12 251 37811 34 7 
207 45 7 3919 34 28 4143 4173 112 259 3547 34 
161 112 274 359 185 34 7 12099 150 440 36 583 4157 21 
56612 36 132 483 182 150 150 12 
150 150 7 112 3800 179 7 275 132 9597 2861 417 157 323 
53003 306 4157 12 7 869 392 28066 45 7343 12 1529 4 28 429 618 1910 12 
28 465 3203 67 68 1987 124 34 20 926 107 1384 177 
255 11416 12 161 2858 983 150 440 9 10 4173 306 9 18595 
611 17 259 536 150 150 12 
12021 53794 45 35292 45 6744 
150 150 7 777 293 68 839 1397 12 7 9474 20 45 251 1892 7 
50087 72 7 84 8 78 20 9 4618 12 31 203 45 7 777 359 
605 213 21 66 21 36 212 39 45 259 7 777 21 4293 395 7 
112 240 143 6282 120 74 4091 3191 12 12 12 12 12 12 12 12 12 336 524 3854 111 
20 52454 3378 120 12 12 12 12 12 12 7 106 107 6631 68 208 193 7 869 
959 1032 392 38409 45 1857 109 132 429 4618 17 195 28 483 3378 
1370 333 1910 150 150 12 
4788 1095 53795 45 294 3273 45 1241 12 2502 12 
150 150 20 93 124 9 990 1129 21 481 13719 941 
483 306 3547 64 21 38 12 7 5038 28 4572 4441 
6579 17 1370 848 2660 28 483 1339 21 3078 4 12 132 
429 76 7 869 392 639 45 49587 12 1529 17 74 28 75 31 1084 76 132 
834 5634 971 112 392 2634 45 24646 12 1529 12 2261 124 10426 45 4744 21 
1971 150 150 12 
9341 53796 45 53797 45 294 13942 12 
1074 1319 38 3616 28 429 729 1537 38 8 869 15 
4173 182 314 45 2473 35 38 9988 138 
85 9 5491 45 73 15 1537 328 17 36 1339 109 15 
2642 21 4561 3389 193 
72 38 8 184 463 31 28 53517 31 68 839 45 
66 28 157 31 2329 1762 49 3199 11912 45 
11033 8216 1114 45 14154 31 14209 14210 45 
8021 45 151 12 1219 12 
208 92 133 45 359 87 21 5247 
179 38 73 2385 4118 648 125 14 45 7 18 1844 38 9 298 12831 2385 
231 28 4755 67 1158 3199 231 21 95 15 
1166 12 251 68 124 445 49 9 864 92 45 259 12447 3260 193 
259 34 124 28 839 45 28 959 34 3210 45 28 959 483 
11701 1375 45 273 14 23 167 1775 18450 338 302 6824 12 1217 72 38 8 
184 5417 12 81 817 45 68 124 9 208 92 133 45 38 18 
107 128 68 273 120 12 46 143 38 49 15 92 12 