Subject: 20 6165 11617 
669 45 
7 221 15 105 125 70 20 6165 2422 17 187 435 21 4018 
38 21 670 20 6165 41648 49528 1051 12 67710 12 1217 12 68 124 28 445 
6165 865 839 34 112 1012 7548 49 38 21 6113 536 
3986 61 1166 12 
1461 390 2200 1010 31 6165 1086 17 1036 306 670 
1202 435 4206 45 4054 17579 17 9347 1364 757 45 419 8 
13474 195 31 28 6238 1337 17 1362 38 18 87 21 
3305 762 8673 4 28 3831 3264 198 12520 49 9 
34531 31 769 4173 12 
20 6165 41648 49528 124 28 445 6165 839 1351 49 20 6165 
2490 21 6113 1166 12 28 839 11802 13720 14040 
6165 1518 371 109 34219 67711 45 67712 6165 
1473 17 65178 12157 12 28 41648 49528 7924 20 57998 
21 8 9 2603 3986 61 1712 45 1958 37 294 35897 
1473 21 7714 17 54418 28 8362 45 1427 1134 109 
8424 571 12 2188 28 14578 960 45 67713 45 109 2473 28 368 
93 1930 12 
419 85 445 67714 215 609 219 196 4 28 839 17 20 18 77 
915 109 1038 608 3083 17 333 380 12 49 430 67 1167 17 1110 
521 21 670 2298 2404 1050 2 397 397 1051 12 67710 12 1217 397 7246 12 1056 12 121 
34 45 7 150 151 435 21 914 125 38 12 1844 9 1324 6061 23 215 2679 219 
48977 143 67715 45 347 273 14 23 2377 302 67710 12 1217 12 4785 67 1524 
38441 12 
97 45 
315 12 1269 12 67716 
6231 15225 2469 
215 2679 219 48977 143 67715 
2377 302 67710 12 1217 
3054 2 72 38 164 107 4 9 2439 31 6165 1153 23 68 92 45 
81 19 68 849 21 1510 34 164 12 26 18 6582 38 49 
20 193 
419 7722 21 2134 273 34207 12 72 38 467 21 77 231 231 6617 231 231 
125 460 8364 45 81 521 21 2 
1050 2 397 397 1051 12 67710 12 1217 397 67434 12 1056 
670 1237 18 8808 9834 38 125 460 8364 
143 143 
482 21 9253 125 68 110 138 
13 9 626 21 67681 143 9253 302 67682 12 47785 12 1217 