Subject: 1 2 1642 150 1082 5883 
42 45 
124 20 261 49 38 21 13 14 195 28 430 67 28 2747 
382 2404 215 3852 45 16 45 12 12 12 219 
49 28 150 5884 150 81 138 
331 97 45 
5885 5886 12 
143 143 143 143 143 546 626 143 143 143 143 143 
125 2 98 99 
21 2 1642 143 335 143 196 302 1243 12 320 12 350 
632 2 5887 892 5888 335 343 2 847 
627 2 1642 150 1082 5883 
41 42 1642 150 1082 452 45 
41 
41 68 124 9 977 5889 5883 306 2196 1368 430 109 1642 150 1082 12 
41 
41 976 9 2 1061 
41 143 143 143 143 143 143 143 143 143 143 143 143 143 143 143 143 143 
41 648 12 28 5890 150 5891 31 5892 5893 8 3944 9 5894 109 
1037 45 
41 1038 648 3083 12 68 229 5895 91 5896 21 1510 5897 306 5892 
41 5893 109 34 517 12 
41 144 12 419 8 2595 49 9 5898 21 5899 28 1642 150 1082 196 125 
41 28 235 5900 2 5837 45 5901 5902 45 5903 45 5904 45 
41 5905 45 5906 45 1561 5907 45 5908 17 5909 21 2747 17 182 45 
41 1616 28 1960 2660 31 28 127 12 28 277 18 77 1357 
41 23 28 387 297 4 2747 12 
41 827 12 70 5910 109 670 977 273 45 233 1061 430 2 
41 28 5911 109 28 5912 31 28 5898 125 1884 5913 2445 21 
41 2747 124 231 5914 231 12 
41 644 12 212 5910 2 161 124 9 5915 944 1861 125 267 21 
41 1884 45 52 5486 5789 12 876 45 28 5916 1861 125 267 21 
41 1884 164 2 5892 5893 45 2545 45 5486 268 45 5917 17 5486 5789 12 
41 28 977 2116 5918 21 17 125 28 5919 5920 4 5921 5922 
41 215 267 219 12 
41 729 12 9 532 3808 2 28 5923 5487 125 1884 5913 2445 21 2747 124 
41 67 5924 5925 215 489 1032 2862 219 12 
41 
41 976 167 2 387 
41 143 143 143 143 143 143 143 143 143 143 143 143 143 143 143 143 143 143 143 143 143 143 143 
41 387 49 1642 150 1082 18 85 198 109 3891 45 1038 644 45 125 343 2 1529 
41 21 639 2 1529 17 5820 1960 517 31 28 127 125 1259 2 1529 21 618 2 454 17 
41 125 135 2 1529 21 343 2 1529 12 
41 
41 148 19 21 1841 38 4 1884 45 
41 
41 96 97 45 
41 
41 98 99 
41 
41 
41 