Subject: 6230 53002 
1971 53002 17 53082 55417 
419 164 4 28 368 31 9623 70 273 504 12 72 38 7952 357 3897 222 130 4162 62565 17 818 2529 67 6230 53399 407 273 45 17 187 435 434 21 13 37 21 38 45 81 6460 109 28 3979 1905 12 
7 187 435 21 128 460 461 540 229 1833 62565 45 38441 45 298 3897 347 411 818 2529 
12 
67659 302 7618 12 1217 
7 187 107 435 21 128 460 461 125 68 273 504 
12 
67660 302 7618 12 1217 
15 273 16 18 77 576 4 16845 306 670 9657 3617 17 18 107 77 39485 21 1084 13530 12 72 38 1892 2671 15 188 67 670 240 143 628 504 45 1320 240 143 628 419 13 21 38 18 1844 38 28 1129 21 2949 434 38 187 107 435 21 7227 21 128 222 240 143 4756 12 
827 