Subject: 20513 45 38282 17 67614 31 53747 12 
28 65856 3267 56 4 28 20390 4 13029 144 158 34 4 28 977 2660 215 13029 144 2 343 219 161 187 77 20513 45 38282 17 67614 31 53747 215 13029 144 2 264 167 219 12 68 112 1003 2405 1010 2663 12 
419 2664 9 67615 3521 31 68 20390 67616 109 247 336 347 1257 397 336 653 24215 215 5973 219 12 
648 12 419 2664 28 38282 179 28 12936 4238 921 28 54866 54867 4 294 3273 5913 12 
144 12 419 2664 28 20513 125 28 35775 31 255 213 12629 12 
827 12 419 2664 28 67614 31 53747 60581 125 28 67617 12 
1943 2 419 164 8012 4 28 75 225 12 515 926 68 2173 158 20 3530 34 28 67618 13642 31 195 225 124 1276 23 2894 45 28 13642 31 67619 12 68 13642 67620 4 28 431 611 31 28 19676 9418 20329 12 
2937 67 2473 67621 2261 35 77 12 208 5889 15 487 45 28 997 15 552 12 28 20480 4 28 294 3273 36226 18537 968 34 26 187 77 39971 3314 125 548 3797 6005 130 771 45 251 26 4430 869 20 3314 12 26 4430 221 9 5491 21 12543 161 5744 741 150 204 45 347 837 85 2354 769 12260 1397 1870 45 9 67622 777 21 85 769 12260 2354 49 28 977 92 12 34 150 204 7196 8056 179 38 2937 67 20 12 26 199 195 20696 921 54835 215 54980 347 19656 219 5865 10446 45 308 837 9 5491 49 9 977 55044 21 36 1457 306 28 19676 9418 20329 12 
72 38 199 21 16449 18511 328 45 220 38 83 49 474 34 38 150 151 521 21 54980 138 19404 970 4 28 20390 45 34 214 58 314 869 28 445 185 49 38 21 521 21 54980 12 34 185 124 21 481 28 19676 9418 20329 45 213 19404 38222 4 670 198 45 15 19676 12 1476 9418 15 19676 45 3530 309 1456 921 15 18512 45 17 306 2051 95 45 6634 497 125 3212 28 20390 3625 36076 12 
56603 28 55044 1905 72 38 482 21 481 28 19676 9418 20329 15 19676 17 521 21 54980 12 1074 34 328 90 77 15 977 517 109 21027 12 38 229 4430 36 212 5491 21 36 1457 306 28 19676 9418 20329 12 439 150 440 85 12875 9453 45 56603 28 55044 1457 369 54570 38 164 193 193 17 2173 20 12 
20458 848 2 1257 143 848 970 34 72 38 3802 28 19676 9418 20329 130 19676 17 2892 4 15 18512 34 19404 13336 1456 125 28 20322 38 18 77 10932 12 56603 68 55044 499 20649 130 116 130 261 193 55047 601 45 4 28 19676 9418 20329 150 204 105 45 7 2892 4 132 18512 34 38 13336 28 19676 9418 20329 125 28 20322 17 7 3802 38 45 19676 9418 20329 45 130 132 19676 12 55047 601 45 46 38 49 132 54230 45 4 28 19676 9418 20329 150 204 105 12 7 672 38 19676 9418 20329 21 3078 921 132 18512 17 11416 15 2261 1461 14 45 46 38 19676 9418 20329 49 39971 921 132 18512 17 528 132 19676 12 65 45 7 672 38 19676 9418 20329 21 81 6392 14 306 28 12750 67623 12 192 49 8371 14 19676 9418 20329 45 306 28 12750 3613 45 67624 12 
38 164 369 9 20575 120 21025 31 19404 12 20 124 10822 34 38 36 921 9 502 1446 58017 10187 4 15 2088 12 195 21086 164 107 28 310 45 481 474 28 10187 38 3042 5827 124 1446 58017 12 38 35 572 28 6630 449 45 347 487 164 91 2298 8025 1050 2 397 397 1051 12 67625 12 2426 347 1051 12 67626 12 2426 12 65 45 7 3037 8100 18588 28 5924 9827 12 19404 926 43544 31 58128 109 34 839 12 7 150 938 6061 5927 125 19404 45 23 10187 45 9 54072 125 70 67627 45 54072 125 67628 65830 17 18512 1440 12 
439 150 440 458 21 521 21 10187 68 3891 12 
65 45 72 38 58035 28 55044 414 45 81 274 149 21 67629 144 302 57678 12 1217 17 256 38 58035 28 55044 12 192 12 