Subject: 36 9 2641 1059 49 391 12 12 12 
164 38 53451 67 8012 17 1960 19704 4 391 138 
369 38 8 28 1129 193 
36 9 6622 9179 17 548 6168 215 2641 1059 219 49 391 12 
6456 15 1036 6230 328 12 
1050 2 397 397 1051 12 67593 12 1217 
434 2641 1059 157 1598 12 
294 3273 143 2643 143 67594 
21112 4441 2 
21 77 6617 125 670 231 4 930 231 133 110 
17 38 18 8808 77 6617 125 460 8364 12 
38 8 293 68 273 74 1553 34917 959 430 
109 208 31 670 4787 347 4091 229 8 576 15 273 16 12 
72 38 293 68 273 4 1409 45 81 3357 670 1321 12 