Subject: 1 2 40084 3372 40086 
41 
41 
41 41 659 5046 125 4 2406 21 2974 
41 41 
41 41 
41 41 572 28 8856 2 143 
41 41 397 19546 397 2194 397 13463 397 40084 143 2461 40086 
41 41 21 861 499 959 67 68 3372 
41 
41 132 546 3214 112 2 
41 
41 41 41 7 8 205 3312 91 1440 1413 21 40076 39863 648 12 644 1389 
41 41 41 8694 144 12 90 38 2196 95 14 306 20 138 
41 
41 926 28 294 626 2173 34 39863 648 12 644 8 205 40040 347 34 28 
41 3372 58 205 19787 138 
41 46 38 12 
41 98 12 
41 
7 6282 38 91 92 2663 309 49 91 959 430 12 38 
6472 28 626 251 4430 102 14 28 430 7 870 45 259 
121 949 20 49 9 1427 17 107 4024 125 38 45 28 3372 221 
8853 12 
130 2342 130 7 11378 39863 648 12 644 124 499 31 632 45 17 369 40241 144 124 
499 31 632 12 39864 827 124 1357 45 251 38 18 87 21 36 70 
40242 39 31 39863 12 
40087 