Subject: 532 4173 3308 4561 3389 193 193 193 
933 23 68 193 
68 229 77 28 508 7898 849 38 128 
68 1209 193 193 
81 6482 28 4441 31 68 849 47 6579 45 
7689 45 
1026 45 132 105 124 1449 109 28 110 12 179 7 429 2666 28 849 45 
7 968 20 112 91 2354 143 28 143 12754 605 21 481 483 12 9 1867 
1892 7 1810 120 306 132 1203 21 2223 28 421 12 7 6336 1456 
34 28 849 201 6187 21 14 112 107 1876 3471 14217 12 
7 19479 1456 21 481 9 532 2671 4 28 849 17 20 187 
77 41577 12 
7 112 12841 67 28 849 45 259 214 6336 14 2473 20 1930 12 
7 968 20 112 9 122 18418 45 259 7 3919 7913 3607 12 
1397 132 1203 2893 45 7 114 1456 21 3832 14 2684 130 21 
2051 1508 12 67 373 524 1892 214 52 21 2949 14 34 
214 777 293 765 392 6255 45 1857 4 5634 193 193 7 4602 150 440 2892 1456 
259 214 114 14 21 4618 28 2563 17 450 49 1904 12 7 968 
67 20 49 9 2351 2660 17 3919 34 161 112 107 48 
21 13260 12 7 5038 28 4441 1318 17 6282 499 
438 462 12 474 583 28 483 1339 963 4 193 193 20 
3378 7999 23 429 45 251 121 754 1910 7 112 509 959 
1032 7 90 3558 4 9 517 12 121 67 754 524 28 
483 19787 963 12 7 2575 9 1390 13594 31 132 
44124 17 23 28 75 26 59068 392 24826 45 39594 12 1529 193 
7 112 53431 9 502 8012 130 9 33753 45 251 130 2622 
4 28 14217 13631 18 2949 38 45 161 124 9 356 31 5858 
34 479 306 28 3372 12 7 6336 1904 72 3385 2023 
499 7 187 53041 125 1961 17 3539 52912 12 7 3919 
21 4618 28 849 120 45 251 68 92 7 102 499 2862 462 12 
505 45 754 524 121 34 7 777 59068 392 144 45 7635 45 811 12 1529 193 193 
7 274 10266 150 440 2892 20 12 7 1810 132 972 1203 49 1533 21 861 
499 1318 2473 68 839 1930 12 214 6336 14 34 161 199 9 
2351 999 462 985 559 12 515 869 68 208 
218 124 28 2177 34 161 164 7778 2587 109 28 
849 45 107 3968 435 508 757 12 68 2177 45 12512 45 9725 
4 959 7212 12 28 411 34877 112 28 4070 7 2143 
1456 4 1476 474 28 830 3203 112 12205 14217 45 
226 359 208 4694 21 4998 312 2423 43882 12 
7 7971 369 38 164 12841 67 515 538 7 6336 1456 21 
481 12 505 45 72 38 13 9 849 435 68 499 45 21 77 14217 45 
38 1906 3616 541 72 38 1916 21 128 9 7770 12 
7 6336 1456 34 2622 50 9 7770 499 1906 128 
541 4 611 12 259 179 38 13 9 7770 21 1320 
31 28 7778 2587 109 28 110 38 1906 1833 9 4601 
31 358 9712 231 81 1022 14 109 38 133 110 231 17 
1833 15 105 17 133 16 12 
6482 443 4572 4441 1318 17 4 982 
34 754 524 38 18 128 765 392 6255 45 1857 12 1529 12 
9 219 628 9 392 648 580 215 40203 4 9 4601 31 8086 358 219 21 1320 
31 28 7778 2587 1905 12 1833 9 817 215 6291 347 35441 
9712 231 81 1907 14 21 15 133 110 231 17 1833 
15 105 17 133 16 12 38 1906 1833 68 817 49 
68 21 77 14217 12 
648 12 240 12 167 12 67008 67009 1241 12 9789 3620 315 12 67010 45 22445 67011 
144 12 2461 12 2461 12 63451 58610 17417 315 45 67012 45 774 67013 
827 12 67014 67015 67016 781 512 902 1490 45 36221 45 774 67017 143 67018 
644 12 20520 19518 3277 323 67019 45 11622 45 774 67020 
729 12 48802 143 21800 6565 67021 3845 45 63121 45 22445 67022 
448 12 67023 45 4424 45 10241 781 2082 4592 248 884 774 45 67024 
248 12 8101 3955 67025 8014 9864 63375 12 4118 21678 45 10078 14174 45 774 67026 4089 46657 
167 219 5247 28 105 997 21 4118 648 23 28 8147 31 28 110 17 
3619 28 6134 31 28 2587 964 208 2439 12 111 198 15 
105 4 28 4118 248 4189 12 68 124 506 74 36383 68 21 9 2939 17 
28 5628 15 430 109 1479 4118 248 12 77 47 4570 179 
38 650 28 2588 17 77 474 21 822 2666 37 12 
1219 219 179 38 8 370 28 414 4441 38 8 
70 1416 31 133 15 294 849 4 373 1438 12 648 219 1461 434 
3133 504 347 144 219 1461 240 143 628 12 68 849 58 205 13720 
12205 14217 49 1404 1438 130 122 130 38 6482 28 414 
4441 45 86 38 150 1 11601 2416 4 670 
9135 133 110 12 21 628 68 499 765 28 1971 45 38 
90 35114 1461 1527 17 861 255 21 13 68 21 
195 28 92 12 195 38 8 21 220 124 13208 17 37563 240 143 628 2588 
13671 38 164 109 28 1971 12 347 38 35 572 9 36656 240 143 628 
1484 21 628 15 849 4 762 433 49 38 12 419 10407 
8100 68 1381 12 
66 68 6261 240 143 628 425 369 12 
26 8 28 7883 
4222 109 28 3519 17 26 164 3260 45 1211 6238 1508 17 1844 
3076 504 12 26 164 916 9 818 49 392 280 12 1529 2606 
1876 45 1857 8364 17 72 38 73 369 26 164 3801 497 
70 416 390 45 1857 8364 298 12 28 140 124 
4252 143 65135 143 54513 12 
13 68 849 21 35775 45 837 36377 12 68 18 1121 38 
536 59086 12 
3832 4 188 161 124 359 9081 21 28 441 31 2587 38 90 
13 499 12 28 959 2587 38 13 45 28 959 483 38 18 
481 12 419 3037 2574 38 21 628 68 849 21 599 17 
17894 130 505 12 
68 124 9 504 17 124 1876 3471 14217 193 193 193 
215 459 21 361 1254 45 976 54462 317 37619 31 28 1200 12 204 12 3133 17 21340 
14459 219 12 68 839 124 65 14217 4 6744 12 
6132 49 3521 45 34 38 36 248 12 729 3471 611 677 45 540 124 
47 37811 12 132 429 10851 112 67 1257 12 729 3471 17 132 
431 112 765 336 3471 12 
648 219 179 38 628 499 438 462 45 1535 255 18 13 
499 392 648 12 1529 
144 219 1510 1535 255 628 499 438 462 17 29856 255 
13 38 392 648 12 1529 
827 219 1510 29856 628 499 438 462 17 827 45 13644 255 
13 38 392 648 12 1529 
644 219 1510 827 45 13644 255 628 499 438 462 17 390 45 4725 
13 38 392 648 12 1529 
729 219 1510 390 45 4725 255 628 499 438 462 17 28966 45 13644 255 
13 38 392 648 12 1529 
448 219 1510 28966 45 13644 255 628 499 438 462 17 336 45 11580 45 4725 255 
13 38 392 648 12 1529 
23 68 776 45 15 105 33704 2354 28 110 12 2937 67 20 12 
306 445 28 429 2041 10461 45 38 8 293 765 
392 41166 45 29076 12 1529 193 193 
21163 195 28 185 21 28 400 12 