Subject: 1 2 260 
28 1381 124 12425 4 35047 215 2091 219 49 1404 4649 17 
7389 12 
141 6182 45 28 2283 49 35995 164 9478 17 371 109 39522 45 251 45 130 38 
56 45 28 2568 6147 765 21 28 1219 644 12 729 41192 12 
91 31 132 1086 1957 164 2891 109 
282 
215 72 38 450 184 8394 306 515 38 164 1960 109 45 82 14 83 12 
3198 419 35 220 541 1122 12 219 
331 97 45 
41183 
143 143 143 143 143 546 626 143 143 143 143 143 
125 2 98 99 470 2723 2 613 302 1243 12 320 12 350 472 
102 2 41184 333 2955 7284 343 2 636 
21 2 41185 45 41183 
635 2 14 
627 2 1 2 260 
192 49 28 3973 12 28 546 4373 164 3559 11614 31 2568 2 143 219 
124 28 1381 1277 49 4649 45 347 445 49 7389 2283 138 
65 45 72 7 1074 3811 45 28 2283 2900 74 35995 164 9478 17 
572 28 39522 45 489 1032 2377 8442 45 251 28 310 2568 84 6147 765 12 
7 187 77 47 1891 21 914 67 15 548 45 531 12 
98 
231 41185 45 41183 231 101 2 
41 
41 192 49 28 15271 3793 193 7 94 20 9 356 12 
41 
41 7 7813 4758 306 15 11108 31 28 37710 31 28 
41 260 12 534 45 1166 255 12238 21 672 443 3581 31 463 12 
7 
41 8 8082 23 35995 4 28 254 17 20 1465 35047 215 2091 219 1528 9 
41 999 2101 1990 130 28 208 38 39177 41181 12 534 45 28 
41 35995 1237 65 1465 21 9662 9 12394 31 150 41182 3556 150 
921 
41 28 11108 31 6836 5859 12 72 38 164 1891 45 274 8 
9 
41 933 23 28 2411 4 35047 215 2091 219 455 28127 17 235 12 
41 
41 331 97 45 
41 41183 
41 
41 143 143 143 143 143 546 626 143 143 143 143 143 
41 125 2 98 99 470 2723 2 613 302 1243 12 320 12 350 472 
41 102 2 41184 333 2955 7284 135 2 1799 
41 21 2 41185 45 41183 
41 635 2 2409 3081 215 548 219 158 14 
41 627 2 1 2 260 
41 
41 42 41183 45 
41 
41 46 38 49 15 1543 4 670 548 12 7 925 20 58 205 31 572 21 38 12 
41 
41 173 15 260 109 1475 2283 45 7 2892 34 28 877 
41 11108 31 466 21 4649 49 7558 2054 124 
41 41186 49 68 650 31 8807 45 6163 10950 7389 49 
41 1485 347 837 237 238 215 313 20 124 477 584 49 443 531 219 12 
41 28 311 124 34 28 2168 31 1475 2283 5706 4 769 3564 
41 21 231 18436 17 41187 231 45 7 12 240 12 45 21 3989 17 41188 6836 1326 
41 4 41189 31 28 546 6556 12 31 203 45 208 90 572 28 
41 430 8442 109 28 830 6556 45 4 73 21 8442 70 6638 31 
41 2473 502 9 37058 1320 6836 124 45 251 68 124 9 6264 6638 
41 34 926 107 7228 21 28 1475 368 31 9 2259 1475 
41 2514 12 
41 
41 132 2901 3620 124 34 419 87 21 521 182 21 28 311 49 540 419 164 
41 1891 4 28 466 31 7558 2054 12 7 2937 28 1119 
41 311 124 28 1743 31 28 4649 1325 34 58 205 
41 2900 12 4 68 760 45 9 1475 2514 124 48 959 3930 
41 1032 9 432 31 37559 37924 28 466 31 218 2054 12 
41 
41 3312 56 195 68 45 7 2937 34 7 8 3078 1495 9 358 540 4080 
41 21 6638 28 466 31 28 2054 45 371 109 28 1475 2514 
41 17 28 573 125 540 20 58 205 8805 12 9959 45 7 62 
41 11378 28 6311 45 251 7 2852 20 187 572 28 430 8442 
41 1948 12 28 456 605 90 521 130 1528 2 
41 78 240 1775 0 28 11555 31 28 4143 6556 45 28 1326 31 70 6836 
41 109 540 21 8162 28 6556 45 1508 4 9 15425 4 11555 215 240 1775 648 219 12 
41 2853 28 430 8442 8813 215 240 1775 648 143 240 1775 0 219 17 23 1320 3040 28 
41 6836 34 7985 1180 124 28 208 41190 68 12663 12 
41 876 45 998 9 612 125 28 2240 21 9 6561 28 466 31 1320 
41 6836 124 8879 74 542 430 8442 45 78 28 2054 
41 1180 876 2342 12 72 28 310 6836 215 306 28 310 7884 6567 72 
41 419 164 3311 67 9 9608 6836 219 124 576 4 959 1032 208 
41 8890 45 542 466 124 9 1372 31 28 430 41191 4 
41 28 2119 8890 12 68 124 274 70 605 45 251 541 998 443 
41 1000 84 548 12 
41 
41 7 925 7 8 205 31 91 95 17 8 107 4096 7910 12 
41 
41 96 97 45 
41 
41 98 
41 
41 231 41185 45 41183 231 101 2 
41 41 
41 41 42 2084 45 
41 41 7 6741 1461 91 31 15 451 4 540 38 9687 10950 
41 7389 
41 41 17 1475 2283 17 8 28 235 260 2 
41 41 
41 41 2473 220 38 17839 28 466 31 9 6836 21 28 4649 
41 31 
41 41 9 1475 2514 138 4 15 358 45 38 5855 28 3609 31 28 
41 2101 
41 41 34 6538 34 9 6836 4240 964 4 28 2514 124 959 2340 1032 
9 
41 41 6836 6203 4 28 9648 12 251 515 72 9 6836 1417 4 
41 1315 
41 41 17686 31 28 2514 138 
41 41 
41 41 3795 49 9 15271 149 12 
41 41 
41 41 37020 97 45 
41 41 41183 