Subject: 1 2 19653 653 138 1770 143 1771 143 648 138 1772 138 653 9 4594 138 653 45 1857 16184 5820 1209 143 13388 
4425 
187 38 435 70 1840 18489 31 653 9 4594 45 1857 16184 138 
72 28 270 124 194 45 7954 53451 45 5383 964 15 3852 17 1324 28 
1031 352 215 590 219 864 430 1479 109 66931 23191 45074 369 12 
419 1207 2232 20900 759 49 68 57218 1129 12 
21 861 499 2473 45 2858 1324 66931 23191 45074 3923 12 
38 150 587 77 501 38 106 12 
97 
1031 352 215 590 219 1598 
824 824 81 817 2 68 124 9 208 92 445 133 12 72 38 187 435 21 77 
6617 125 68 110 81 13 9 8086 628 21 2578 144 741 302 7618 12 1217 12 
3625 21 670 66931 140 64 1876 321 2606 5889 23 195 225 12 1031 352 
215 590 219 864 45 3277 323 66932 45 66933 12 1095 648 144 21859 12 824 824 