Subject: 215 215 215 215 215 215 215 143 653 8066 21 6113 208 31 646 38048 7731 193 193 653 143 219 219 219 219 219 219 219 12 
38 8 205 12880 1180 21 48796 49 28 235 2 
53679 7798 575 17 38676 2387 54617 
21 367 28 277 31 28 81 6460 109 28 3979 
306 28 4759 140 1905 2 
1050 2 397 397 67373 12 132 802 12 1217 
347 
1050 2 397 397 67373 12 194 617 12 1217 
4759 140 4118 16003 14590 
81 1075 15 9545 1370 952 954 31 581 31 68 4759 12 
5928 38 9 28913 9774 7798 193 
72 38 84 8 184 4148 463 347 46607 150 440 7286 21 28 2404 
220 107 464 21 66 14 352 2 
12 