Subject: 1 2 935 1708 
419 150 587 77 1011 21 40149 38 306 9 39 31 40150 130 124 45 359 40151 45 
359 1922 12 7 150 282 107 474 72 628 18 3904 20 143 419 8 9 
2968 7204 2939 34 7 90 35624 17 13 45 347 7 35 198 20 
13494 74 3583 72 34 124 10 12 419 439 150 440 8 9480 3583 432 
964 49 10820 3550 12 
7 187 45 534 45 152 148 23 40152 45 1003 74 40153 10122 45 
540 124 9 1475 2514 839 306 1446 1922 17 9 356 31 
11446 222 34 20 35 12714 411 1708 222 130 35995 
215 35047 1101 4048 219 17 619 827 215 35930 219 12 38 35 66 315 12 10122 23 
40152 302 36350 12 16966 12 9797 12 24402 12 7 65 8 9 39 31 68 45 251 7 8 869 
9432 12278 107 21 13 20 499 31 28 2476 215 86 31 40154 
9797 3578 219 12 7 150 282 474 38 35 36 9 39 31 34 531 72 38 
5912 15 429 20575 21025 497 21 9797 12 
130 2342 130 411 3361 109 4280 31 3 1708 45 161 
8 205 1315 45 1141 9077 11431 1101 
4048 45 2133 16528 12 7 439 150 440 83 31 184 2354 2894 34 7843 
3348 1359 45 251 34 1931 150 440 2173 161 164 410 215 226 
20 150 204 107 132 2088 31 1543 219 12 38 84 933 23 35047 1101 4048 150 204 
231 4649 17 7389 2283 231 49 91 31 28 2344 109 
1475 2514 3 12 40153 10122 229 83 959 67 68 
215 40153 302 36350 12 16966 12 9797 12 24402 219 12 2209 45 161 150 204 9 830 2018 31 52 
3348 3 2019 34 4138 306 28 11546 1359 
31 3 12 28 456 6311 161 124 40155 1101 4048 23 6523 791 
17 40156 1101 4048 23 28 1254 902 1840 5549 8110 109 2019 31 
2636 12 2587 21 933 49 1833 40092 45 40156 45 40096 45 39305 45 
40155 45 14736 45 17 9372 12 
824 38161 40148 824 502 4070 124 208 31 1510 40157 34 824 
824 40148 302 851 12 4598 12 1309 824 12958 21 77 40158 12 143 5141 824 
