Subject: 2600 
669 120 12 118 67 28 523 2 487 164 91 2600 
36707 12 
2989 144 
321 360 45 7135 827 231 21 1211 28 1913 1453 31 28 
18068 1400 231 12 7 439 150 440 1929 2 515 1375 18068 4133 
1913 138 
977 7135 2 7 439 150 440 2937 34 28 486 31 28 7876 
124 28 508 7898 2923 2585 2989 144 17 18068 
215 7 83 38 439 150 440 256 20 150 204 28 508 7898 45 251 38 
220 5855 20 429 219 12 28 2989 144 839 35 2698 1553 
13153 347 12746 215 18068 143 435 219 2097 306 445 9 2946 
532 2671 21 28 9631 1400 12 
455 1622 45 67 729 1000 125 28 4242 12 
359 2 68 983 150 440 477 1457 12 28 96 1775 40270 58 
21 6821 28 9398 5615 45 251 40271 
4 28 9819 439 150 440 215 70 40272 2100 
90 2111 7898 121 28 2001 31 9 
840 40273 219 259 20 150 204 7751 21 256 34 
40271 8 21 6821 28 5615 49 231 28 2347 
1603 368 21 7227 231 12 
455 795 45 7491 
38 256 34 2989 144 1348 11555 21 7894 40271 45 
17 111 521 109 21 5855 28 40274 45 130 7745 
4 19661 317 39782 7738 12 7 2937 20 187 77 959 1955 
21 256 34 2989 144 576 21 572 11555 45 251 369 1348 28 
40274 12 5678 28 29464 3996 926 45 74 
7928 12 
455 7491 45 144 380 7135 12 231 1119 13350 12 12 12 124 34 20 12860 12 12 12 231 
8077 8077 8077 8077 
215 107 231 28 231 219 
827 1000 125 28 4242 45 84 2666 231 28 3805 873 1876 
2230 12 12 12 17 28 3512 729 17 0 4078 231 12 
8077 8077 
455 2117 45 67 1894 143 185 3192 45 84 2666 2 231 1508 4 12 12 231 
8077 8077 
215 107 231 21 231 219 
455 2117 2 369 38 256 34 2989 144 215 23 1557 28 12746 30 219 
926 572 40275 12 259 72 38 5883 15 272 976 21 256 
34 9 272 30 576 11555 45 251 28 115 208 
1348 40275 45 111 68 18 77 7572 12 
455 24391 45 67 1894 185 3192 2 487 38 108 21 77 9712 
34 12746 2989 144 1348 40275 45 17 13153 1348 11555 12 
215 359 143 28 1441 31 40276 124 374 31 2347 650 219 12 
65 45 15 411 1198 67 1172 17 9398 
124 3812 45 251 9 657 40277 12 38 5855 68 9 224 31 225 2 
7 2937 34 13494 38 84 6384 34 49 12746 2989 144 45 
177 38 1410 9 8876 23 9 92 17 13565 2097 49 34 8876 45 
1219 45 256 45 28 7 4 28 33606 3604 21 34 8876 158 10675 49 13153 
2989 144 38 164 1413 21 13565 502 2097 49 184 8876 45 259 34 
28 7 4161 21 28 8367 8876 2891 12 7 439 150 440 2937 38 
1355 477 481 68 776 3551 12 
39783 
455 353 45 4241 28 4242 2 7 2937 20 187 77 13094 21 256 
231 112 2030 23 28 14016 245 74 10390 39770 
17 36707 39782 12 12 12 231 
455 353 45 40278 1479 45 84 2666 2 231 68 1508 4 12 12 12 231 
8077 8077 
455 4711 45 40278 1479 45 84 2666 2 231 410 31 443 
13156 112 2174 12 12 12 231 
8077 8077 8077 
455 172 45 1894 143 185 3192 12 545 45 7 106 6539 
2514 143 2484 9666 143 7 274 4430 221 559 
21 40279 37 12 7 150 587 628 38 91 20839 
4250 143 17 143 3521 6215 21 2235 28 6545 12 
28 6832 109 28 1400 124 1404 34 28 959 597 
4250 58 21 77 7811 1397 28 959 1402 215 540 90 
77 2174 407 13376 219 17 65 34 179 419 36 
21 28 959 1402 5615 45 445 28 1277 9706 164 
31 28 959 1402 4250 164 3376 12 215 118 45 34 150 204 9 657 12434 143 
450 28 235 
22910 3894 40280 1775 873 2 651 410 45 
2891 20461 40281 17426 158 
18596 
215 653 194 2 6834 34470 6835 470 827 0 0 0 0 472 
653 359 2 22910 
215 653 651 2 6834 40282 6835 470 0 0 0 0 648 472 
653 2891 2 40280 1775 873 
215 653 20461 2 6834 40283 6835 470 0 0 0 0 0 472 
653 40281 2 6834 8905 6835 470 0 0 0 648 0 472 
653 17426 2 6834 40284 6835 470 0 0 648 0 0 472 
219 
219 
219 
40280 1775 873 58 9706 2 410 20461 40281 17426 45 
251 1905 28 888 22910 653 2891 45 419 3088 445 
28 754 261 9706 20461 45 40281 17 17426 45 
226 22910 653 2891 40285 40280 1775 873 653 410 12 
455 5139 45 1894 185 3192 2 953 107 231 23 28 12288 17 1172 1477 231 
215 226 12288 479 1397 1172 219 12 602 28 2632 124 
2893 3209 72 38 150 1 3311 67 91 411 331 31 1172 
34 58 21 85 198 1397 12288 215 540 7 439 150 440 2937 38 164 219 12 
455 5139 45 9 657 840 3192 2 359 45 28 2397 576 124 34 31 28 
2230 23 28 115 4696 215 7 12 240 12 3312 28 310 9706 49 28 
9666 7811 4240 4 28 2514 219 540 8 1992 9706 
49 28 9965 528 8162 109 12 419 35 150 440 572 28 8876 6567 
23 68 4098 215 7 6132 38 150 1 3311 67 2514 1703 487 158 
38 84 481 68 2603 45 226 38 256 5141 9706 8 21 
77 38697 306 23 373 218 1406 219 226 419 439 150 440 83 20 12 
455 790 45 8147 2 231 40286 12 12 12 34758 6832 12 231 7 35 
505 2892 20 45 251 220 38 8 184 2230 143 58 68 545 
6519 138 
455 790 45 977 2811 12 231 9478 12288 35 13736 77 576 109 
36749 9666 231 12 6548 143 72 38 482 21 77 93 1390 45 38 
84 1039 34 28 1416 35 77 1180 49 2169 
49 1320 9965 215 7 12 240 12 38 35 481 28 208 215 204 219 38 482 9478 
17 28 6134 1241 143 185 219 12 
455 4114 45 4241 28 4242 12 231 20 124 4362 34 28 12144 368 
12860 198 5820 92 12 12 12 231 12 194 45 20 926 12 215 3320 7 2937 28 6604 
8442 4 312 195 28 9717 23 28 5824 187 9427 28 
416 4215 1403 12 12 12 543 7 439 150 440 8 92 21 6539 
15 11 274 23 28 3315 219 12 
455 2082 45 976 644 12 515 150 204 306 28 231 282 231 4 28 976 361 138 
9 1479 1892 45 38 439 150 440 87 9 9557 121 231 2514 231 12 
455 3876 45 67 248 1000 3192 231 12 12 12 540 481 28 1400 2869 
4 9 9257 1855 31 1342 143 423 1440 231 12 7 10266 150 440 450 2423 
4 28 4020 2898 21 1947 68 1445 
3471 653 653 653 653 653 653 653 653 653 653 653 653 653 653 653 653 653 653 653 653 653 653 653 653 653 653 653 653 653 653 653 653 653 653 653 653 653 653 653 653 653 653 653 653 653 653 653 653 653 653 653 653 653 653 653 653 653 653 653 653 653 653 653 653 7 275 28 235 6215 9509 559 540 2235 
28 2514 143 2484 9965 6545 12 7 150 282 585 26 
195 933 489 999 12 
17364 45 40034 17 7204 143 641 21 36 37 499 12 
1014 19738 40287 12 5149 
282 150 22430 0 
282 215 440 
448 12 22115 193 204 215 1257 781 144 
282 141 40288 2 3080 158 824 648 12 317 1193 12 644 2502 215 12 2 45 231 
617 21718 143 317 4089 2 729 397 5600 448 905 4089 138 45 729 22030 150 1772 317 0 23976 1535 4089 3471 7 12 317 827 10220 1257 40289 470 215 1257 12 2 143 1219 0 
609 204 644 641 
282 231 392 45 4089 641 40290 18068 193 144 3659 0 317 1082 219 10928 167 193 40291 3471 21827 193 8026 824 4118 9 1775 1783 2 
282 150 302 302 
282 2 1269 729 1241 231 193 22106 827 2502 248 22576 231 321 144 913 143 2 913 219 2502 1775 9 824 
282 
0 7992 
282 2 219 248 151 141 40292 317 40293 644 2 141 448 22452 1819 
40294 231 219 3423 317 231 653 150 40295 45 824 1241 248 40296 317 22211 470 219 2461 24087 392 
282 648 392 143 143 215 617 45 729 781 138 653 392 40297 
40298 8077 231 448 158 2 
282 783 40299 138 12 729 913 219 7 
1269 
40300 2992 40301 231 747 302 22313 41 322 824 40302 741 40303 397 1269 1775 1221 3471 40304 470 2502 141 150 41 22017 219 141 1775 23 2 472 4089 28955 248 
40305 1250 150 8077 9 470 1221 847 40306 219 144 747 448 781 317 392 843 321 636 4089 21835 143 2 8077 617 231 144 282 4118 3882 397 215 4118 4118 913 143 470 193 1662 231 0 653 824 729 282 215 
282 648 747 219 231 22949 4118 392 193 9 472 10384 644 282 302 215 9 45 617 440 45 4375 12 12 317 2 648 1774 215 21842 470 5149 4089 215 653 472 219 322 302 8325 824 729 2461 2244 240 824 3918 2082 240 41 8077 
282 392 9 4711 1219 824 644 1193 824 10384 827 2502 392 135 12 158 741 617 193 144 472 5149 317 
282 824 653 138 653 470 40307 472 167 8077 158 741 
45 641 158 21804 317 392 8077 150 8077 45 827 193 1775 4089 4118 317 321 3471 7247 644 141 22561 397 215 0 141 282 231 397 1099 0 1193 317 158 248 1775 392 644 143 22559 648 
282 219 41 472 1775 31896 45 472 317 827 10328 8077 913 653 824 392 
282 2 729 138 12 392 2461 231 12467 215 248 193 648 22470 0 397 440 2 4118 317 158 144 8924 4089 3471 322 392 40308 141 3471 392 448 282 193 231 4 8077 22371 
282 302 282 827 
282 248 12 653 824 729 470 1775 12299 2 2502 
219 13108 144 22298 827 22371 472 641 2 141 40309 617 45 4118 219 317 1219 5661 392 729 397 8340 
29935 248 24627 143 1269 8077 40310 141 26133 827 1219 12 4089 0 13777 231 138 151 
8077 302 472 144 17593 1775 0 40311 472 3471 653 448 1193 4118 150 248 747 8077 
282 472 5399 824 302 41 219 653 747 317 851 143 729 321 193 0 9 644 1200 392 35876 45 440 248 5149 827 22937 392 22854 141 241 648 824 240 
40312 45 641 231 40313 641 1775 302 617 1200 
45 617 40314 2 248 158 
617 141 143 
282 143 12 40315 143 240 138 12301 3471 1200 12 45 3471 40316 41 22208 472 1764 40317 333 653 827 1269 141 397 729 2 40318 617 22037 824 440 8077 350 
282 472 824 653 653 138 653 1254 22547 397 193 7 472 617 40319 397 282 644 150 4089 22211 219 321 729 1221 41 
282 
1241 824 302 32554 392 653 12 4089 7 824 158 1775 12 0 747 827 470 913 824 729 4089 470 40320 4089 2502 729 2502 141 653 729 9 248 397 784 1219 141 23120 644 472 827 193 40321 
282 644 40322 653 141 741 158 143 248 4089 964 41 448 1241 158 4301 215 12 2 143 1775 143 138 144 1219 824 17593 143 204 824 5149 248 1193 472 1241 141 158 9760 653 219 40323 
282 644 1200 15612 1219 1775 16116 644 653 22198 729 397 248 41 21824 470 781 144 167 150 653 1200 41 617 150 317 1269 827 653 913 4118 2461 729 40324 2 317 240 41 4089 32779 12 8077 41 617 219 
282 1257 440 158 5598 653 150 167 788 41 248 138 641 302 1775 
28204 729 1241 824 322 41 45 781 4118 5149 1775 6569 397 12 653 648 3471 1291 448 653 22937 8077 315 41 470 729 653 12467 
40325 1775 1221 3876 322 8077 22127 1775 747 3471 18855 337 151 4118 913 9042 641 472 729 215 1257 22870 45 215 1772 317 4089 193 1257 167 215 4118 21750 144 21937 3471 781 913 644 4089 26406 302 219 193 167 
14 150 40326 
282 1257 727 824 12467 644 472 27847 219 151 1257 22673 648 5601 392 1257 16473 317 2995 9 248 1200 141 4524 248 4089 219 23539 0 143 29291 143 146 2502 392 21668 144 
322 
40327 138 40328 8077 40329 248 5149 392 219 22155 644 
282 219 913 144 470 3471 151 4089 45 18953 392 24840 150 21648 150 143 644 31971 653 824 150 302 472 143 781 448 2 913 246 241 150 40330 150 648 653 40331 
282 8077 392 3471 644 40332 231 470 1775 472 440 4089 150 21813 143 23095 45 1257 1772 141 
167 150 3471 12 40333 158 143 641 653 397 9 248 231 150 
282 
40334 193 215 1219 4109 21832 0 3471 1221 215 193 913 4089 21749 617 167 45 648 913 8077 0 40335 302 781 472 12 231 215 913 
150 21653 653 727 141 24838 8077 193 151 158 0 
27524 193 4118 1257 747 648 3471 4121 2249 282 1257 12 2 151 248 1200 653 146 1269 609 219 12 143 3946 
3969 4118 204 141 472 248 3471 12 241 248 5149 4118 
21835 150 470 5759 1200 141 12 150 8077 824 448 150 472 2 1241 1820 12 2502 219 397 824 1200 3471 1241 144 231 215 231 158 1257 40336 617 1241 302 22953 248 40337 317 317 22287 219 617 40338 827 12 282 
282 158 246 2 22430 4118 141 215 1269 150 40339 302 40340 4118 219 653 448 1775 32744 392 617 472 641 4089 824 824 40341 12 7 1772 
21869 4118 913 231 215 1775 7 8077 150 