Subject: 12 35967 12 2377 4342 13819 
42 1971 1170 45 
28 39474 1217 19460 229 77 765 45 251 70 2494 294 19460 109 28 1971 124 67 21 1014 12 109 
249 338 45 7284 9 294 8147 143 1313 4342 105 6475 52 39474 35967 18 77 12825 
35337 12 130 9 1825 31 28 1971 1132 45 38 1906 1405 143 4292 15 39474 35967 4342 
105 130 1028 130 261 21 3522 57290 130 161 18 77 37723 20776 125 28 
597 6826 1319 68 294 6475 124 7824 4 28 35228 7634 12 
419 8 369 9479 2334 1405 143 1080 49 28 12 35967 17 411 1516 294 4342 
13819 12 68 3530 34 38 35 369 1405 143 4292 49 70 3324 294 4342 105 31 15 
1441 17 7844 7207 15 9453 31 38541 15 4342 105 12 72 38 2619 499 
109 12 1217 45 487 124 15 5491 306 12 35967 12 72 38 220 107 12447 130 1028 130 261 45 38 229 3835 8901 499 
109 28 12672 57291 14170 17012 4 28 5610 31 28 1971 12 28 92 21 12447 124 369 12 1981 2 
1050 2 397 397 1051 12 12 3519 21 8066 15 4342 2587 49 1405 143 387 12 
765 6245 45 1857 2587 8 314 205 1405 143 406 4 670 7279 74 52945 11475 158 
534 45 68 124 274 9 532 57292 31 28 2697 6047 109 4130 517 12 12 12 765 827 9881 4342 
2587 164 2697 21 77 406 3923 121 28 1824 4130 12 2182 21 9 1038 3080 45 
7284 35991 514 969 45 1347 13008 6638 34 231 1535 9881 39474 143 35967 2587 18 77 
406 74 57293 45 231 876 1476 39474 35967 837 959 550 1032 39474 1217 12 70 2494 294 19460 124 67 21 
57294 109 28 1971 12 521 21 1050 2 397 397 1051 12 12 3519 21 1405 143 4292 369 12 
419 3037 54300 28 572 31 8797 273 17 220 107 482 2622 213 926 57295 21 128 
670 8364 21 128 37 12 130 9 966 45 419 8 49323 28 1184 31 70 374 827 2287 
20977 21 54301 670 110 1153 
17 5247 110 215 1051 12 54302 12 1217 219 12 68 124 107 8797 12 72 38 220 107 467 21 128 840 
8364 45 81 6460 1905 17 8066 15 273 23 28 4242 31 28 455 12 38 229 111 6134 143 
50078 34 38 18 4430 128 212 273 125 434 120 12 1050 2 397 397 1051 12 54302 12 1217 28 
608 3083 8861 1422 12 7 12 151 12 4118 57296 