Subject: 3522 4960 12 12 12 12 12 12 12 12 11416 19605 298 67581 
19605 11452 1780 
419 8 12655 35775 31 1202 10055 19605 298 12982 12 12 12 67582 390 3471 31 769 19605 347 959 12 12 12 
419 220 107 52895 19605 12 12 12 12 12 419 9604 19605 653 608 653 608 
317 54274 158 
12 12 12 20 150 67583 17 941 12 12 12 12 12 359 959 43865 125 52950 12 12 12 
12 12 12 67584 31 7804 16849 12 12 12 12 12 9604 15 5858 12 12 12 12 12 12 3522 4960 12 12 12 12 12 409 12 409 12 409 12 12 12 
19605 11452 
953 52895 19605 540 445 5031 16849 4188 12 12 12 179 38 35 9604 20 12175 74 390 21 394 3471 138 138 
419 220 195 28 548 1461 6106 1499 12 12 12 
6392 499 68 486 49 9 12 12 12 
298 
15603 653 608 
359 4998 17 7813 15547 12 12 12 
824 1906 8 23 1557 653 67585 45 1857 31 54272 19605 21 48796 67586 839 
1200 12 204 12 52823 
194 
359 
429 105 
977 105 
139 
140 
240 143 628 16 
5913 
2228 
28777 
7984 
11077 
58141 
9835 
10078 
42486 
54253 
4742 
1579 
13889 
11075 
4586 
12422 
9276 
11436 
28797 
11537 
14120 
11504 
11564 
8929 
13964 
67587 
14261 
67588 
57129 
10990 
294 37797 
294 12017 
294 10954 
294 3273 
8396 11139 
8396 67589 
36034 
10009 
10128 
12029 
56936 2481 
7785 11139 
7785 67589 
35631 
10073 
11076 
67590 
35922 
8021 
2910 35922 
10082 
67591 
834 54272 19605 
2088 31 
1543 
19605 11452 
6203 16849 4188 
6054 1058 9820 
411 
68 240 143 133 58 205 102 21 38 130 9 160 1891 4 28 430 862 12 
68 240 143 628 124 107 8797 1389 28 11033 37836 
14459 31 28 1620 6538 12 68 626 124 528 102 21 38 4 10821 306 
28 1464 11033 16848 49 399 240 143 628 215 747 12 241 12 54907 143 976 9546 
7135 215 240 219 215 648 219 215 9 219 219 17 580 204 12 53012 361 5021 3854 74 28 793 902 67592 12 653 9 0 419 116 6060 49 
184 2670 12 
68 626 124 107 
1471 49 16569 31 17304 45 21612 45 3815 45 2676 12 41456 31 2588 58 205 
506 21 28 96 31 670 1333 3564 12 72 38 164 9 9835 45 10990 45 
8021 45 347 35922 34199 81 6482 28 4441 414 17 38 
18 77 19704 6617 125 670 110 3923 12 
72 38 187 435 54370 6617 125 670 240 143 628 110 45 81 6460 109 28 4778 
5247 14 
6460 13 45 17 38 18 77 6617 125 670 110 3923 12 
46 38 
824 824 824 824 824 