Subject: 
2473 21 9253 215 450 23 28 75 219 
2340 1111 49 2168 17 11039 110 31 61482 
215 215 61482 2168 2628 215 4002 2168 219 219 219 
824 824 824 824 824 144 380 61482 382 109 2168 1238 
4 28 760 31 28 448 902 61482 397 5565 11084 61486 
215 2666 28 14728 2600 74 28 272 196 4 28 2298 2404 
31 28 382 215 6572 74 3979 21 1051 12 61485 12 2426 219 
49 28 1209 2414 45 28 11003 140 31 752 451 49 61486 18 
77 765 1032 3920 193 
41 
61488 4267 45 61488 45 1013 2481 215 268 219 1038 248 143 135 45 2414 
215 67529 5922 4 1013 58 7847 352 2375 
306 195 1085 6302 17 536 44271 17 38369 9300 4 1821 193 219 12 
2298 1050 2 397 397 1051 12 61485 12 2426 215 235 516 3979 219 
347 13 70 273 21 2 10751 248 302 61485 12 2426 
2116 2340 3508 193 193 193 
215 215 648 219 219 
195 28 378 451 18 77 27 4 373 218 236 
695 2 
9 219 4 28 3992 143 8032 401 215 306 1424 7805 17 455 6303 219 
130 505 130 
167 219 4 28 4729 17 1225 1238 236 6311 32 
155 31 61482 25 130 417 143 382 422 215 584 216 45 61491 358 45 
236 533 219 12 443 18 77 218 236 405 
215 306 218 287 219 12 
68 1979 18 77 1027 23 28 2381 31 28 11084 17 18 
77 2475 21 28 196 12 
215 215 144 219 219 
65 818 1148 8 205 1880 49 28 2118 
61482 2401 109 384 
61482 2401 109 385 
215 215 827 219 219 
1801 17 12334 386 2 
143 143 143 143 41 754 9844 306 28 674 45 4495 17 236 5113 215 754 
218 11416 67530 219 17 11066 
143 143 143 143 41 67531 21 61499 58098 31 5117 45 21 28 10678 5118 
31 1013 17 6114 143 61505 150 204 930 
143 143 143 143 41 47754 31 28 2857 31 61488 
215 215 644 219 219 
1110 2 1013 2 143 1013 124 9 4160 198 4 28 423 2 4 68 519 
2481 45 259 61494 12996 74 1002 17 5610 45 3212 124 4 
38581 2 54972 35305 306 54451 143 2283 45 13455 67532 45 61496 
61497 45 54451 143 36205 45 53692 61498 45 61499 58098 45 
61500 21086 45 19595 21086 45 61501 61502 45 17 
31 203 9277 61503 2261 12 1013 5706 4 28 50252 31 
28 754 5492 59718 2 1133 143 8872 143 16520 17 28 4495 
12499 61504 10239 125 1085 45 44271 17 38369 
423 12 65 45 1013 45 4 28 61499 19460 45 2143 7550 21 28 429 
12499 4 28 2910 143 1085 2193 12 487 45 67533 45 28 601 17 
9815 31 5492 674 52848 112 20575 12 591 9894 39465 17 
58673 435 6114 143 61505 45 61506 45 67534 17 61507 199 
20575 4 1013 12 
488 49 358 1550 2 3595 729 45 2414 
1555 31 473 2 1551 729 45 2414 
1142 17 959 277 1981 28 2298 
2473 21 9253 2 161 124 445 28 235 16319 185 193 
81 45 72 38 482 21 9253 45 220 107 149 21 68 273 16 215 28 
16 2 2168 1775 2414 302 61482 12 2426 35 107 220 2423 49 38 219 12 
251 45 81 1981 
1410 61482 2168 2628 215 4002 2168 219 
35592 28 273 16 34 38 35 861 14578 28 231 21 2 231 31 
28 1125 626 12 