Subject: 34301 2 2405 2473 21 422 
68 626 112 8826 568 42940 2778 6261 240 143 628 1237 12 72 
38 467 21 77 6617 125 68 35156 150 204 460 8364 45 81 149 
306 28 627 231 5247 231 17 68 1237 18 8808 9834 38 
125 769 460 8364 12 
669 2 68 124 70 4777 49 28 292 3992 143 8032 45 
72 38 8 359 1543 4 68 430 45 81 6460 6631 12 
46 38 12 
42 14209 45 
68 2494 1129 1432 9 47 2620 3042 143 964 64 
17 58 314 205 7811 17 13720 12 
419 164 4 28 430 962 45 11471 164 869 5820 1209 4 28 
430 1347 17 38 35 85 386 4 1476 483 74 
18432 430 12 419 8 1357 109 3992 143 8032 2405 
2473 143 21 422 45 1537 45 17 18572 12 
28 3992 143 8032 3894 222 6345 130 1166 45 857 45 
10656 45 9826 45 628 73 17 48 959 12 
91 31 28 361 150 204 109 28 3992 143 8032 164 12 12 12 12 12 
2473 21 481 52963 306 6255 4118 204 45 2473 21 572 28 1971 21 481 52963 45 
2473 21 18585 18523 45 2473 21 11416 9 3806 17 59831 2261 45 2473 21 44126 45 
2473 21 1878 9 1166 2563 45 2473 21 36 9 1058 1059 45 2473 21 861 548 306 28 
11033 10656 45 2473 21 3047 9 19800 17018 45 2473 21 3042 9 59832 45 
2473 21 5695 483 49 15 1166 45 17 48 48 959 12 
28 3992 143 8032 3894 1371 455 1537 45 638 455 18572 
17 438 455 422 12 38 2745 28 42838 45 52962 13124 
306 28 15198 31 28 3992 143 8032 12 107 445 35 38 572 68 
35331 31 430 49 15 2745 2489 45 38 35 65 
3264 68 430 21 757 12 38 35 2706 49 53046 
17 3616 49 536 7804 12 12447 369 193 193 12447 4 28 997 848 2660 
17 9098 70 416 3992 143 8032 49 298 12 38 18 65 128 130 70 4077 
12831 45 9 12880 1351 3199 2563 34 18 1844 38 28 1366 21 
481 3339 31 6165 12 28 3199 2563 3552 765 3920 6625 21 44126 45 
4218 4348 3954 45 9 4218 352 628 4601 17 48 959 12 1074 
68 124 70 314 7811 17 13720 1349 1166 1129 193 
12447 4 28 997 848 2660 17 128 195 68 49 70 59833 2620 80 
31 392 784 12 1512 12 38 35 3616 68 3992 143 8032 49 964 21 392 39741 12 1529 45 1476 28 834 
64 49 68 575 298 12 38 229 65 15198 4148 3992 143 8032 150 204 
49 392 848 12 1529 1320 12 28 3992 143 8032 150 204 164 55146 12965 4 9 20372 279 45 
1027 49 38 21 3264 12 2858 13 392 784 12 1512 45 4322 347 483 73 45 347 
1058 1059 430 21 2 430 36675 45 3277 323 7965 
8396 59845 45 14983 59846 12 1058 1059 4157 45 81 
628 4 15 430 12 442 430 36675 45 487 124 1058 1059 
430 49 28 441 31 392 784 12 1512 49 28 292 3992 143 8032 12 
61 140 1775 1775 1775 1775 1775 1775 1775 1775 1775 1775 1775 1775 1775 1775 1775 1775 1775 1775 1775 1775 1775 1775 1775 1775 1775 1775 1775 1775 1775 1775 1775 1775 
39049 12 632 1775 1775 1775 1775 1775 1775 1775 1775 1775 1775 1775 1775 1775 1775 1775 1775 1775 1775 1775 1775 1775 1775 1775 1775 
105 1775 1775 1775 1775 1775 1775 1775 1775 1775 1775 1775 1775 1775 1775 1775 1775 1775 1775 1775 1775 1775 1775 1775 1775 1775 1775 1775 
52807 16 1775 1775 1775 1775 1775 1775 1775 1775 1775 1775 1775 1775 1775 1775 1775 1775 1775 1775 1775 1775 1775 1775 1775 1775 1775 1775 1775 1775 1775 1775 1775 1775 
3314 139 140 1775 1775 1775 1775 1775 1775 1775 1775 1775 1775 1775 1775 1775 1775 1775 1775 1775 1775 1775 1775 1775 1775 1775 1775 1775 1775 1775 1775 1775 
68 133 124 506 74 70 374 3199 774 12 
419 6060 72 68 626 58 3386 38 4 1409 12 
8163 28 19537 45 8163 28 2283 193 44126 
407 240 628 12 359 18581 358 193 6631 306 
208 4572 54111 193 982 20405 4 670 54112 193 
68 124 28 294 185 31 294 51753 193 
72 38 187 435 21 77 6617 125 670 133 110 
81 1022 5247 4 28 627 1479 
51225 648 302 59839 12 1217 