Subject: 6230 14204 425 49 1389 392 729 2606 2176 66795 
66796 236 45 11044 12 215 66797 219 124 429 4 28 423 21 12882 8056 7748 6230 14204 
6230 11480 164 208 31 28 508 35777 17 2494 294 1527 109 28 1971 12 66796 236 45 11044 12 215 8142 2 66797 219 124 70 1971 143 371 14204 17 3836 430 1184 425 49 28 576 8056 7748 1347 12 769 2298 2404 112 35337 4 28 8014 31 136 12 
66796 124 9 425 306 9 47 6106 987 1153 3390 34 54951 2200 1354 4 2298 11480 45 5112 7296 12753 17 66798 7301 11480 17 8056 7748 6165 12 28 425 124 1449 5141 86 1153 58 205 13110 109 2692 9 423 8876 1166 143 21 143 1166 6230 14204 408 489 1032 4775 28 3263 12 68 3547 143 1992 45 1389 143 36332 425 2529 9 2369 2370 1129 49 52945 17876 12 
66797 124 9 4213 6230 2298 2404 5036 49 8379 17 18432 576 8056 7748 4 9 1855 31 11474 11004 28 1620 6538 17 17716 12 28 425 124 208 31 28 429 1166 143 21 143 1166 3570 21 3359 1152 143 37059 1971 4348 17389 31 8056 7748 12 
28 425 2529 373 3581 31 6230 1166 143 21 143 1166 11480 12 208 124 7296 363 13091 45 7301 21 77 915 109 1402 2660 45 17 28 411 650 124 9 14023 45 10852 8056 7748 3510 17 15546 14204 12 4 48783 335 45 28 425 3593 21 12882 9 4781 31 754 7296 363 7301 11480 31 576 8056 7748 17 59372 16544 848 11480 4 2405 45 952 4 7284 45 17 44526 31 454 11480 16533 121 7284 12 74 28 8000 38669 31 335 45 66797 3593 21 1907 7296 12922 7301 17 10852 8056 7748 11480 49 3510 17 15546 12 28 294 66796 14204 2298 2404 112 1338 35337 4 1839 45 335 306 9 431 14204 1880 49 247 45 335 12 
66796 3593 21 12543 10669 392 248 9881 125 5634 13855 765 3968 1010 4 3199 542 4348 3836 17 14204 2298 8025 12 2691 7748 3834 45 27 74 66799 45 66796 7303 204 36195 3830 45 58 17684 21 3594 2585 392 2862 45 1857 17 392 648 45 1857 45 1857 4 3199 66796 7303 204 4348 3836 2298 2404 4 335 12 
66796 124 49320 21 3539 9 21080 3540 4 28 6230 14204 31 8056 7748 12 765 9 1909 31 636 524 45 28 425 58 1344 542 14204 7748 10099 125 1862 4773 31 7748 21 765 343 45 1857 3804 4773 31 8056 7748 306 9 3264 6567 31 10669 392 648 12 0 21016 12 
36176 164 66800 125 7748 13380 388 45 6567 143 4077 3830 13380 388 45 53679 1184 388 45 43542 3946 388 45 14204 13380 388 45 14204 825 388 45 7748 6263 388 45 7748 17877 388 17 14204 6567 4077 3830 388 12 
7898 36195 38036 8 205 7702 921 74 28 425 4 427 1910 12 4 1886 45 335 45 66796 3507 70 1467 306 66801 1127 45 11044 12 540 1128 1350 14204 1237 17 36932 765 390 3471 31 6826 2298 14204 8025 1141 3570 435 54082 566 45 11044 12 17 66802 12 65 45 28 425 3507 9 36195 35965 109 1886 1257 45 335 45 306 66803 3682 45 219 45 28 4213 57 31 8056 7748 13380 41505 306 765 144 9881 4184 13353 17 1866 66796 1379 21 542 4183 6816 130 386 31 28 36195 35965 1467 12 7296 6210 45 68 1467 2158 28 508 1367 35681 49 8056 7748 4 28 423 45 7301 56 5580 66804 45 2469 17 13973 31 66796 236 45 11044 12 17 45 109 1886 144 45 335 45 66796 112 7697 28 9135 504 17687 31 8056 7748 49 66805 45 215 37857 430 54505 408 219 9 6826 143 6822 8392 2585 16521 1009 8067 70 193 
151 28 2228 31 4742 12 411 66805 504 1206 1833 2 23 317 440 215 60807 2 440 219 45 1620 62569 215 60807 2 55721 219 45 19683 1225 215 13646 2 66806 219 45 66807 45 11044 12 215 60807 2 12627 219 17 66808 7748 20779 3874 12 215 60807 2 66809 219 12 66805 58 766 45 1857 504 17687 389 13353 12 
1153 58 65 7702 921 1525 306 70 236 7748 53645 17 857 1524 21 436 4 28 425 7303 204 6230 14204 130 542 59796 1164 17 130 542 2593 7748 17877 7698 12 6162 306 28 423 7303 204 8866 59328 504 45 164 65 528 36228 306 28 1120 31 3312 68 1191 12447 130 28 1824 59328 504 49 28 66796 6230 14204 408 12 
6826 1971 14204 3570 
28 47 35812 31 28 9631 6230 14204 341 2441 28 60076 4 1158 8443 215 240 143 8443 219 45 17 28 1971 8223 17 1237 34 1211 9 10890 3314 49 6230 14204 3570 45 66810 2691 31 9 18089 6608 13594 12 68 1360 31 12249 6311 58 107 48433 45 4 2177 58 66811 45 61481 9706 31 1971 14204 3570 17 9491 31 19655 54131 17 54132 4 3264 66812 31 1971 11600 45 591 31 540 164 314 7747 505 6189 5112 35899 12239 17 773 3964 12 2230 31 443 3602 1833 42054 45 66813 17 66802 540 164 54772 1905 2 
42054 45 11044 12 215 13646 2 42054 219 
782 143 1867 6224 19653 397 32388 321 397 240 3264 27073 
617 827 397 617 143 9020 0 12 1255 66814 392 135 12 9024 21016 
66813 45 11044 12 215 13646 2 66813 219 
782 143 1867 6224 19653 397 32388 321 397 240 3264 27073 
639 33918 143 3881 215 143 648 12 7107 219 684 392 36356 12 827 9881 
66802 45 11044 12 215 13646 2 66815 219 
782 143 1867 6224 19653 397 32388 321 397 240 3264 27073 
1795 6795 143 39741 215 143 648 12 638 219 684 392 648 12 4028 21016 
824 259 953 63 392 390 21 392 1876 2606 2176 179 38 35 63 1389 392 729 2606 2176 138 
9 13023 6290 31 399 1971 14214 45 1141 6230 14204 3570 15268 4 38605 8443 45 58 66816 921 528 1616 28 9983 204 12 9982 8025 45 91 34925 74 3568 49337 17 411 3602 8956 21 3565 7997 11961 130 1971 8292 45 8 35909 9053 7634 45 14209 17 52749 1543 12 28 414 827 54772 3570 45 42054 45 66813 17 66802 164 5678 502 2230 31 443 650 3602 12 4 28 18046 45 1200 12 204 12 38605 1971 3602 4783 4558 136 36176 31 392 248 12 617 21016 12 
36391 9257 45 72 982 66817 45 28 13885 1166 143 21 143 1166 1971 8443 16457 66818 66819 7848 3471 31 195 1971 399 2401 45 57524 392 610 21016 4 6165 4 136 12 4173 13008 9112 10068 34 1166 143 21 143 1166 1158 8443 58 17 18 7227 21 66820 38605 1971 2086 12 66797 124 9 1166 143 21 143 1166 1971 14204 425 306 542 42819 18432 49 1389 392 729 12 
824 68 3263 1896 45 306 6177 21 28 4561 17 9121 4336 31 28 38134 4561 1508 17 3263 7895 3894 19 143 148 10497 34 3190 9 140 31 35850 17 54776 12 161 164 9982 10995 34 90 5895 6627 1508 21 2172 57694 125 1510 14467 74 222 19 143 148 10497 12 45 
5247 3592 54349 