Subject: 35126 863 
42 859 45 
7 150 282 70 53 1225 340 570 487 4 964 11079 40669 45 
21337 12 132 105 124 40670 40671 12 
7 150 282 1383 1960 109 9 2141 12 12 12 20 150 204 67 35126 
863 568 619 827 150 204 215 1703 109 1475 2283 219 12 
7 9555 15 2080 109 9 1846 244 17 7 112 3795 
21 672 49 4148 2298 449 397 8025 397 6311 8025 4 28 1971 
67 132 2141 12 28 1119 1021 124 12918 70 2886 35126 
13594 12 65 45 7 207 3312 2896 5528 91 573 487 4 28 
1971 12 12 12 443 164 35126 5831 215 4 2001 21 769 1503 143 
1457 369 7 1449 5419 150 440 221 2423 67 37 219 12 12 12 
7 187 9733 94 184 95 38 187 3359 12 12 12 46 38 
47 48 12 12 12 
40670 
321 12 204 12 15 149 187 77 9733 12063 12 12 12 192 120 12 12 12 
125 143 606 607 608 135 2 3080 2 1254 335 
2072 2 1225 341 245 143 215 3276 219 
19838 827 45 19839 608 2538 45 321 12 322 12 323 3278 45 19840 848 2538 45 268 
1068 2 141 454 215 7107 219 19841 45 19842 143 1254 51 2 141 454 215 7107 219 19843 45 19844 
19845 2 19846 3276 350 
632 2 622 45 952 956 1108 343 2 1799 2 338 141 339 215 633 219 
125 2 11750 2549 
21 2 625 99 
635 2 11750 2549 
627 2 4592 2939 
647 143 30 2 648 12 0 
649 143 650 2 549 397 651 158 652 653 434 143 654 
641 143 652 2 1770 1775 1771 143 248 
641 143 16973 143 16974 2 892 
649 143 447 2 40672 
641 143 1000 2 1809 
659 2 660 
641 143 661 143 659 2 855 
641 143 661 143 659 144 2 663 
641 143 664 2 665 40457 248 1269 40673 
40674 40675 6104 12 702 21 40676 3014 40677 40678 3165 14 
8274 144 40679 12 
21 40680 689 40681 700 7 40682 40683 5172 707 1152 
40684 12 1291 40685 715 158 40686 45 1645 39920 1219 141 141 746 6580 143 1918 
8319 4969 746 1645 40687 746 14 732 3752 3264 11490 2 2179 45 
40688 746 5161 12 1645 1713 33583 40689 12 
715 21 16641 2326 40690 898 15529 746 40691 3652 40692 1194 
1333 5182 12 2312 700 684 40693 5163 70 1682 732 4505 689 
16751 685 12 
40694 4405 3748 605 747 3132 30357 40695 1312 714 15076 14 
40696 2 
4400 3282 40697 18692 2833 40698 732 40699 2 
8644 40700 215 40701 45 40702 143 40702 45 12 12 12 219 
40703 40704 215 40703 40705 219 
18626 1676 5429 
40706 40707 
1291 17986 746 697 714 694 40708 
40709 40710 
40711 40707 
19422 704 3654 40223 390 40712 40713 40714 707 144 4793 694 144 747 3738 45 
15689 19431 6434 1535 1857 5831 12 705 700 3726 40223 707 573 
1365 707 2291 40715 16039 1676 8456 684 40716 1291 1645 
1682 70 40717 704 45 8464 12 
143 41 
732 40702 143 40702 14 40718 40719 18614 2728 438 3440 1670 694 695 1670 40720 
1645 18650 40721 21 18819 144 3153 705 1645 40722 684 40720 2784 
714 827 8473 898 8783 3069 40723 5061 40724 12 
1656 912 689 40725 1645 1298 2294 40726 8312 40727 40728 
40729 12 
8260 689 34402 2326 40730 6600 40731 12 12 
2732 40732 707 902 40733 12 
4542 8266 707 22910 40734 684 40735 6651 12 12 12 
40736 8319 746 40737 3752 12 
11750 
125 143 606 607 608 135 2 3080 2 1254 335 
2072 2 1225 341 245 143 215 3276 219 
19838 827 45 19839 608 2538 45 321 12 322 12 323 3278 45 19840 848 2538 45 268 
1068 2 141 454 215 7107 219 19841 45 19842 143 1254 51 2 141 454 215 7107 219 19843 45 19844 
19845 2 19846 3276 350 
125 2 231 11750 2549 231 
21 2 231 625 99 231 
627 2 1 2 9 12 167 12 1219 12 
632 2 606 45 639 1303 1108 1535 2 623 2 1304 141 339 
641 143 4721 143 4697 2 671 
641 143 4697 2 827 
641 143 642 2 1966 1971 628 644 12 1250 12 19849 
647 143 30 2 648 12 0 
649 143 650 2 549 397 651 158 652 653 1770 143 1771 143 248 
649 143 655 143 656 2 248 657 
649 143 447 2 40738 
641 143 1000 2 147 
659 2 660 
641 143 661 143 659 2 662 
641 143 661 143 659 144 2 663 
641 143 664 2 665 40457 248 1269 40739 
41 282 150 33472 747 40740 4820 40741 1298 12 
673 45 776 1838 1676 8731 746 2315 40742 12 
8654 7 5161 40743 40744 700 39941 12 40745 707 2294 40746 2310 
2326 4838 746 
7601 705 1645 902 40747 779 12 40748 12 
1655 21 3162 5798 1296 493 714 1296 40749 12 1312 714 1727 1645 
1682 322 536 40750 3069 
1645 40751 684 40752 1194 3071 40753 12 1645 40754 734 1219 141 141 746 
1645 18874 746 4933 
902 40755 12 1312 732 40756 45 705 1645 2803 746 40757 605 12 
40758 45 3654 3102 40759 3282 358 746 40240 684 40760 4805 707 684 
21 40761 45 
40226 684 40762 14 21 6435 689 9305 1703 215 1291 711 158 
40763 18404 746 703 45 2324 3654 40764 40765 40766 219 746 
8312 21 6435 689 684 40767 
732 9666 3102 3556 14 3282 40768 1670 684 40769 746 21 2343 
11526 12 4840 40226 684 40770 
697 5718 684 40771 898 760 4351 2728 40713 40772 689 
40773 40774 14 21 73 
714 732 865 9491 12 20983 45 240 158 4840 5153 897 33472 1655 21 3162 
746 1713 746 6604 
8736 707 21 40775 2728 40776 1676 700 694 711 2811 
40777 12 
7669 4540 8260 689 34402 215 40778 45 40686 746 40779 40780 
1676 322 40781 897 
8489 40782 12 12 12 219 
151 