Subject: 4231 2 1324 49 28 35917 936 
1324 49 832 
431 1840 936 109 28 17189 1325 8948 2234 215 35917 219 
41144 41145 1194 1195 
1044 9817 9 
1194 1195 45 3815 
1839 512 45 7284 
1050 2 397 397 1051 12 25117 12 2426 
774 143 200 306 28 2506 143 7284 382 
28 17189 1325 8948 2234 124 9 34926 2965 9139 2234 
49 1709 17 573 1365 6 12 23 28 936 45 9 597 
1919 21 35917 18 77 78 45 5038 74 9 1334 31 91 31 
28 40142 9903 1866 74 35917 30 144 12 0 45 1141 10524 45 
573 9280 45 2097 45 17826 45 17 41146 16978 12 
306 30 144 12 0 45 9 3986 2954 18 77 869 21 9698 28 1170 6816 
31 35917 12 195 1891 13530 164 41147 21 1548 12 252 45 161 
18 77 4787 21 2223 3309 1446 347 2441 389 31 
28 35917 1960 1524 12 
936 420 
648 2 454 143 144 2 1529 35917 143 1919 17 2227 
144 2 1529 143 144 2 454 597 2899 31 35917 30 144 12 0 573 
12032 45 1365 12032 45 409 12 
1893 9499 
144 2 454 143 827 2 1529 573 9280 
827 2 1529 143 827 2 454 2097 45 11037 45 17826 45 17 195 34 
827 2 454 143 644 2 1529 1846 3031 
644 2 1529 143 644 2 454 1173 2411 17 1772 317 9 143 35917 30 144 12 648 
2580 18 77 869 74 1704 125 3696 45 10217 45 4206 45 
17 35199 12 
28 936 124 11032 74 28 2022 49 243 2636 17 
28 883 2445 49 573 1365 23 28 176 31 4586 23 
10554 306 3860 1947 1866 74 12136 12 
49 959 430 45 81 66 28 936 3553 13877 
4393 45 4393 302 41148 12 41149 12 1309 45 347 450 28 2298 455 1050 2 397 397 1051 12 25117 12 2426 12 