Subject: 1082 9881 273 2588 143 392 1082 
21 77 6617 125 460 8364 45 2858 149 21 
68 626 17 1022 231 5247 231 4 28 627 12 
1082 9881 
273 2588 
49 445 392 1082 
347 10 779 12 12 12 1874 34 971 12 12 12 
438 9881 
273 2588 
49 445 392 39741 
38 482 21 481 91 483 138 
7 35 1022 38 4 4244 306 765 438 9881 255 23 8202 359 64 12 
35 38 481 208 41197 125 1320 31 50975 2587 138 
72 38 35 38 8 9 4149 31 765 392 144 45 1857 45 1857 12 1529 
34 150 204 1457 45 7 8 765 438 9881 44008 273 
2588 34 7 18 3616 49 445 392 39741 12 443 164 195 
44008 2588 34 1833 5865 5820 160 
109 28 1971 328 45 306 359 53449 12 26 164 
195 5130 17 1027 21 77 6282 12 34 124 28 96 
1987 19798 328 193 3084 18432 9 8366 49 
445 392 729 17 509 445 9 648 3471 3793 12 34 150 204 765 
392 848 45 1857 45 1857 4 15 12132 193 193 193 
439 150 440 2892 20 138 255 164 1476 34 331 31 
483 1457 369 74 312 28 310 3203 45 34 124 
953 38 36 259 48 273 125 255 18432 38 
769 8366 12 12 12 12 20 1930 193 7 18 837 2949 38 2473 21 
628 37 306 941 21 6482 3040 143 74 143 3040 
4441 7 1833 306 5820 73 12 
7 18 13 38 9 39 31 5820 1190 3932 
273 12 20 124 941 21 53450 28 1190 17 481 9 
52745 12 443 438 9881 273 2588 164 
117 21 3832 45 259 38 35 572 37 765 17 
765 12 26 3078 109 9 6185 31 1315 49468 12 
68 3359 124 107 49 8139 12 72 38 35 107 
450 28 274 2473 3076 28 4998 397 20447 4179 
4 68 3359 124 111 161 124 7289 7 35 220 
49 38 12 21 481 483 38 1906 7954 53451 
17 85 2135 12 
2041 19975 143 10829 215 1082 9881 2588 143 
2588 445 219 
10829 833 818 
215 1082 9881 2588 143 
17 9 36656 133 839 219 
53452 215 438 9881 2588 143 
2588 445 219 
19679 215 133 1237 413 219 
3826 215 3212 21 481 28 1971 
15 2901 400 61 219 
55702 215 2901 48719 11416 8172 
1947 74 139 143 13671 38 
87 20 824 824 824 219 
824 824 824 443 2950 164 47 941 21 572 12 
91 255 213 164 19788 294 21 133 
435 28 33450 31 11416 8172 1947 12 
20 124 107 539 72 38 8 456 1225 12157 
575 1836 1905 158 
824 824 824 824 824 824 824 824 824 824 824 824 824 824 824 824 824 824 824 824 824 824 824 824 824 824 824 824 824 824 824 824 824 824 824 824 824 824 824 824 
28 10829 3199 41192 215 1082 45 1857 45 1857 2588 445 219 
1082 45 1857 45 1857 273 2588 109 3992 
443 105 164 195 4 549 6215 
1027 21 628 193 193 193 
392 1082 12 1529 
72 38 87 772 6604 133 1237 3832 3344 1905 12 
1315 1438 21 73 193 193 193 
21 73 74 139 143 1324 35857 143 38179 143 56199 
411 19975 17 411 1362 143 450 1905 
824 824 824 824 824 824 824 824 824 824 824 824 824 824 824 824 824 824 824 824 824 824 824 824 824 824 824 824 824 824 824 824 824 824 824 824 824 824 824 824 
28 10829 833 818 215 1082 45 1857 45 1857 2588 17 36656 133 1237 219 
1082 45 1857 45 1857 273 2588 109 3992 
443 105 164 195 4 549 6215 
1027 21 628 193 193 193 
833 12 12 12 9 36656 133 1237 839 
392 39741 12 1529 
1315 1438 21 73 193 193 193 
21 73 74 139 143 1324 35857 143 38179 143 56199 
411 19975 17 411 1362 143 450 1905 
824 824 824 824 824 824 824 824 824 824 824 824 824 824 824 824 824 824 824 824 824 824 824 824 824 824 824 824 824 824 824 824 824 824 824 824 824 824 824 824 
28 53452 3199 41192 215 2588 445 219 
438 45 1857 45 1857 273 2588 109 3992 
443 105 164 195 4 549 6215 
1027 21 628 193 193 193 
392 39741 12 1529 
72 38 87 772 6604 133 1237 3832 3344 1905 12 
1315 1438 21 73 193 193 193 
21 73 74 139 143 1324 35857 143 38179 143 56199 
411 19975 17 411 1362 143 450 1905 
824 824 824 824 824 824 824 824 824 824 824 824 824 824 824 824 824 824 824 824 824 824 824 824 824 824 824 824 824 824 824 824 824 824 824 824 824 824 824 824 
28 19679 3199 41192 
438 45 1857 45 1857 273 2588 109 3992 
443 105 164 195 4 549 6215 
1027 21 628 193 193 193 17 
1315 218 273 2950 
17 1366 21 95 306 15 8364 
17 110 1153 12 
392 3881 12 1529 
1315 1438 21 73 193 193 193 
21 73 74 139 143 1324 35857 143 38179 143 56199 
411 19975 17 411 1362 143 450 1905 
824 824 824 824 824 824 824 824 824 824 824 824 824 824 824 824 824 824 824 824 824 824 824 824 824 824 824 824 824 824 824 824 824 824 824 824 824 824 824 824 
28 3826 3199 41192 
8202 3212 193 193 
438 45 1857 45 1857 273 2588 109 3992 
443 105 164 195 4 549 6215 
1027 21 628 193 193 193 17 
1315 218 273 2950 
17 1366 21 95 306 15 8364 
17 110 1153 12 
17 
765 2862 218 1166 1537 
369 528 18431 109 28 1971 49 964 21 
392 1876 1320 12 38 36 1446 13124 21 52962 443 
1537 12 
306 68 575 38 36 28 273 2588 45 
28 1237 21 628 37 17 1027 21 3616 
430 3867 12 
17 12 12 12 12 12 12 
12 9 6185 31 28 1876 96 483 1476 
21041 1383 9509 559 109 28 1971 12 
392 27322 
1315 1438 21 73 193 193 193 
21 73 74 139 143 1324 35857 143 38179 143 56199 
411 1362 143 450 1905 
28 55702 3199 41192 
8202 3212 193 193 
438 45 1857 45 1857 273 2588 109 3992 
443 105 164 195 4 549 6215 
1027 21 628 193 193 193 17 
1315 218 273 2950 
17 1366 21 95 306 15 8364 
17 110 1153 12 
17 
765 2862 218 1166 1537 
369 528 18431 109 28 1971 49 964 21 
392 1876 1320 12 38 36 1446 13124 21 52962 443 
1537 12 
306 68 575 38 36 28 273 2588 45 
28 1237 21 628 37 17 1027 21 3616 
430 3867 12 
17 12 12 12 12 12 12 
12 9 6185 31 28 1876 96 483 1476 
21041 1383 9509 559 109 28 1971 12 
17 12 12 12 12 12 
11416 8172 1947 12 12 12 13671 38 87 20 12 12 12 
49 130 122 130 38 87 20 193 193 193 
392 13480 
1315 1438 21 73 193 193 193 
21 73 74 139 143 1324 35857 143 38179 143 56199 
411 1362 143 450 1905 
72 38 73 74 139 347 51 419 18 7789 15 3992 233 28 438 215 1082 219 9881 141 2587 1370 618 954 31 15 73 193 193 193 
419 3357 2 1009 4634 45 4578 317 4632 
650 31 1059 26731 397 4578 397 6337 138 138 1775 1775 1775 1775 1775 1775 1775 1775 1775 1775 1775 1775 1775 1775 1775 
9828 632 1775 1775 1775 1775 1775 1775 1775 1775 1775 1775 1775 1775 1775 1775 1775 1775 1775 1775 1775 1775 1775 1775 1775 1775 1775 1775 1775 
105 109 1058 1059 1775 1775 1775 1775 1775 1775 1775 1775 1775 1775 1775 1775 1775 1775 1775 1775 1775 1775 1775 1775 1775 1775 1775 1775 
1058 1059 4118 1775 1775 1775 1775 1775 1775 1775 1775 1775 1775 1775 1775 1775 1775 1775 1775 1775 1775 1775 1775 1775 1775 1775 1775 1775 1775 1775 1775 1775 1775 1775 
52807 16 1775 1775 1775 1775 1775 1775 1775 1775 1775 1775 1775 1775 1775 1775 1775 1775 1775 1775 1775 1775 1775 1775 1775 1775 1775 1775 1775 1775 
139 1833 2088 1285 1775 1775 1775 1775 1775 1775 1775 1775 1775 1775 1775 1775 1775 1775 1775 1775 1775 1775 1775 
273 16 1775 1775 1775 1775 1775 1775 1775 1775 1775 1775 1775 1775 1775 1775 1775 1775 1775 1775 1775 1775 1775 1775 1775 1775 1775 1775 1775 1775 1775 1775 
419 18 580 1180 441 21 15 61 833 208 31 28 
235 2977 875 2 
2977 64 31 392 827 12 556 429 8876 628 
2977 64 31 392 1535 12 1529 11033 4634 
236 2977 299 392 646 12 1529 
141 6165 5810 4077 177 1403 
648 219 51 15 73 17 9 39 31 15 3507 4322 34918 21 
10177 64861 193 49 28 516 441 21 51 4118 35857 143 38179 143 56198 12 
144 219 51 28 310 414 870 1058 1059 430 21 
51 4118 35857 143 38179 143 56198 12 
827 219 1324 139 4118 35857 143 38179 143 56199 12 68 124 9 952 4087 139 
140 21 198 9 1058 1059 73 12 68 124 70 73 1479 
445 12 
195 430 829 49 38 21 1338 628 3573 45 
7850 45 317 34204 124 1866 306 15 73 12 
5705 2405 45 7284 
81 817 2 68 4777 124 107 11032 74 184 
1971 504 17687 12 68 124 70 4777 34 124 2094 17 
11032 74 10177 64861 193 49 10177 64861 193 21 1448 2483 4158 12 
65 85 817 2 23 28 92 31 68 133 28 611 273 16 124 9 62929 
13271 611 273 16 34 112 3507 964 49 306 28 4634 2918 31 
357 195 53283 2661 130 505 130 5247 3592 12 109 62580 28 611 
273 16 1866 229 2111 60888 74 28 9177 31 45 515 419 3565 130 45 
1971 58626 12 72 68 124 28 279 17 38 467 21112 81 1324 434 12 
72 38 51 9 39 31 15 139 580 177 38 52 434 49 21112 419 18 
5733 38 407 54381 12 
6286 2222 481 359 1190 64865 70 17869 31 40469 45 347 52942 28 298 
11944 7713 45 347 64866 28 3389 31 1742 347 31 28 25 158 347 28 1457 31 28 
255 64867 21 43245 45 17 21 64868 28 10656 49 9 39011 31 64869 12 
20621 7 45 28 434 13544 