Subject: 729 45 1857 44129 143 4 240 143 628 461 445 392 13644 12 1529 
164 38 1383 568 9 6169 371 44129 143 4 273 110 138 1844 
434 9 4618 12 419 8 1874 44129 143 4 1316 34 499 8382 8139 12 21 
4700 20 45 419 164 3358 9 818 5686 12 419 18 13 15 
626 4 1056 347 549 45 15 1441 31 2171 45 21 9 729 45 1857 
215 6169 371 1874 44129 143 4 219 273 110 49 38 45 49 445 392 13644 12 1529 
49 44129 143 4 6165 1324 13238 2 648 143 18080 143 31459 143 67085 
518 15 2171 12 
6345 2 
20916 
1166 
16581 
1225 
8223 
1225 1237 
53214 45 5114 317 46496 
10252 
17478 
35299 
599 
476 35333 
19547 397 67086 
10656 
9826 
3314 317 9817 
1971 
5113 
514 
36517 
1342 40827 
11068 
14173 
2786 
422 
52912 
53002 
7198 
11480 
17478 
54766 317 857 
17291 
28842 317 66116 
1061 317 8401 
40469 
340 317 341 
17 48 959 193 
49 44129 143 4 6165 1324 13238 23 648 143 18080 143 31459 143 67085 
4618 9 729 45 1857 44129 143 4 240 143 628 49 445 392 13644 12 1529 17 3042 509 6165 193 
347 4618 390 45 1857 49 445 392 827 45 6252 12 1529 
3042 509 28 38230 15 3981 571 17 28 56769 20 12280 12 
824 818 73 44129 143 4 110 369 1357 824 
3946 49167 
1896 2 
1448 1876 3471 44129 143 4 273 3836 49167 17 6165 1153 1475 3618 12 
443 164 28 2298 150 204 508 1502 121 1369 213 481 7898 15198 2431 49 
769 3570 17 1208 49 769 3199 1846 3544 12 26 3807 109 7634 45 
273 3199 45 8216 2482 832 45 8216 2482 67087 45 1061 45 4139 45 53766 45 
6165 865 45 59855 37021 45 2298 3836 45 1055 5683 1462 45 379 
2458 45 379 7748 45 17 48 959 12 
11606 397 240 143 1896 
443 164 10407 12108 45 6165 317 3199 1918 49167 45 91 16544 820 31 23703 45 
21642 3199 45 21642 6165 45 21642 6165 317 3199 45 3199 4013 45 6165 4013 45 7634 4013 45 
61 4625 45 17 757 12 
115 110 8009 2 294 21 3264 
115 110 971 2 609 45 1857 141 
80 2 392 644 45 1857 
2600 2 47 1367 17 6238 193 193 
1324 21 73 2 648 143 58201 143 27411 143 67088 
72 38 187 435 434 21 9180 9 231 1350 231 44129 143 4 4183 110 49 
38 45 1324 40 23 648 143 58201 143 27411 143 67088 
164 38 1383 3199 109 28 1971 138 1844 434 9 1324 12 
419 8 2620 64 1366 21 95 38 18093 12 
187 38 435 5991 10894 138 419 35 51335 10894 125 670 1424 
11009 21 15 3981 10446 193 48031 28 584 21 36 12909 1370 
9 1424 11011 9984 12 
487 150 204 9 1987 193 36 648 45 1857 45 1857 43542 39573 49 445 392 648 45 2862 12 
1446 34743 455 49 8817 12 1324 40 23 648 143 58201 143 27411 143 67088 
44129 143 4 110 9622 17 13895 1530 12 359 110 21 532 12 
44129 143 499 143 7634 7284 391 302 7618 12 1217 81 1022 15 273 16 1370 28 627 1479 12 