Subject: 77 4 28 425 31 52657 45 52846 45 52847 45 17 52848 193 
77 4 28 425 31 52657 317 52846 45 
52847 317 52848 193 
52849 1897 306 8211 45 49230 17 52850 52851 
49 15 9826 45 14173 17 505 528 12 
52852 576 45623 10525 21 52853 3451 8101 12 
28 52854 227 16317 31 3826 45 52855 
17 52856 21 28 20718 9418 12 
28 9816 31 52857 2143 52858 21 9815 
20419 12 
2532 20385 69 52859 21 
769 4054 19404 15661 12 
52860 52861 52862 52863 17 
35041 52864 49 502 9826 17 
122 2261 12 
38 531 35 50249 1897 306 28 508 
10426 16317 17 52865 31 1002 193 
49 392 264 12 1512 2606 76 141 392 644 12 390 2977 317 2513 45 
38 18 128 9 13581 2435 10525 833 
430 109 542 52866 1348 45 5610 17 
21172 45 130 505 130 1575 10525 45 52867 52868 
17 411 2494 3897 12 49 959 430 45 
6460 487 2 1050 2 397 397 1051 12 44129 143 52869 12 1217 397 52870 397 52871 397 11012 12 1056 
13465 35003 52872 