Subject: 1 2 39988 
42 2847 347 295 99 45 
38 164 47 1530 21 572 39988 12 7 187 77 1891 21 450 70 3521 31 
15 573 45 3198 7 35 2911 109 2473 7 187 1916 39988 21 12812 4 15 
4342 138 
130 38 229 77 3524 45 39988 4 28 29464 215 5505 125 28 1453 3521 219 7994 
23 28 9314 1313 45 34 124 161 124 359 4372 10526 31 28 
12708 12 
3593 164 9 13269 21 1131 39988 21 3511 306 6177 21 3128 
1162 215 8826 31 2275 219 12 68 229 65 77 31 1543 45 4150 109 28 4342 38 5631 21 572 12 
7 35 65 19 3128 451 45 49 9 5183 39989 921 515 39988 
124 67 12 
7978 49 369 45 82 14 83 2473 20 7653 12 
10390 12 