Subject: 13260 454 475 4 454 2660 45 13388 193 
824 824 824 824 824 14343 59588 497 19581 59589 59590 824 824 824 824 824 
824 824 824 824 824 419 20887 7789 21 195 492 8067 824 824 824 824 824 
13260 454 475 4 454 2660 12 12 12 13388 193 193 193 
195 2233 19695 143 6108 839 45 59591 964 28 55031 9767 
17493 4118 648 4 1404 6345 31 8985 317 11617 4 
215 28 391 328 219 
419 150 587 95 38 36 59592 4 8013 193 193 193 
419 150 1 985 21 95 38 933 502 45 767 502 17 85 1740 4 2405 
68 124 28 38417 45 21036 45 17 508 6238 185 21 13260 1404 
475 17 6296 19704 193 193 193 68 19695 6108 839 124 
1351 1208 21 231 7380 231 19695 143 6108 9177 74 17054 
6290 55031 45 17 9260 28 6290 150 204 3564 21 5237 19695 12 
9 1367 45 9971 45 454 517 839 12 68 124 208 839 38 3050 150 440 
767 12413 109 12 2974 839 49 208 14343 2620 80 193 
839 3552 2 12831 14343 19581 59589 59590 45 454 517 143 19695 
5030 2563 45 2406 2385 45 17 48 959 193 193 193 
818 12831 12 12 12 231 19581 59593 231 45 130 3870 109 4559 
306 5820 73 12 12 12 14343 59588 497 19581 59589 59590 306 
2488 215 648 76 2349 45 5054 298 219 12 12 12 306 443 59590 
38 35 18516 515 38 7952 45 308 28 6402 31 19581 4 15 34223 12 
144 21 827 59590 1535 1614 1397 17897 347 11067 45 17 28 19581 18 77 
53234 17 3854 1461 28 6290 308 28 59594 31 19581 921 
28 6290 12 
38 18 77 18571 74 3193 193 439 150 440 4293 45 1981 670 2298 
455 1905 45 17 3210 369 193 
1775 1775 1775 648 76 2349 392 892 12 1512 45 833 392 827 12 7848 204 317 747 45 1876 14343 66868 
2405 59590 12 
1775 1775 1775 144 76 2349 392 891 12 1512 45 833 392 827 12 7848 204 317 747 45 438 14343 66868 
2405 59590 12 215 9 392 1257 12 1512 48672 219 193 
1775 1775 1775 827 76 2349 392 784 12 1512 45 833 392 827 12 7848 204 317 747 45 1877 14343 66868 
2405 59590 12 215 9 392 264 12 4114 48672 219 193 
21 73 74 3133 628 45 81 13 21 28 1905 16 12 
481 34918 21 66868 2405 12 
66868 2405 824 66869 66870 22742 12 9832 1219 824 41065 45 36034 55152 
215 55153 219 11931 143 66871 
4322 1775 1775 1775 1775 55155 1775 1775 1775 1775 66872 4634 1775 1775 1775 1775 4578 1775 1775 1775 1775 4632 1775 1775 1775 1775 
215 130 20 1417 109 4322 347 1058 1059 219 
215 130 20 1417 109 4322 347 1058 1059 219 
5913 45 2228 45 1284 215 130 20 1417 109 4322 347 1058 1059 219 
215 1058 1059 140 219 
9828 76 1775 1775 1775 1775 1775 1209 1775 1775 1775 1775 1775 
273 16 215 81 3047 12568 219 