Subject: 1 2 515 150 204 6459 306 8998 8800 
4425 45 
161 112 70 530 969 109 231 515 150 204 6459 306 8998 
8800 231 215 74 39551 39552 45 15225 2469 31 3199 49 28 39553 
4207 219 45 34 7 150 151 435 21 2176 306 195 28 389 31 68 110 2 
312 840 3261 109 68 969 45 28 39554 3550 34 28 
365 2258 21 6384 953 8998 8800 215 5597 219 1931 150 440 548 124 
13510 4 28 235 7135 2 
231 68 1506 124 13863 12889 12 429 31 195 45 8998 8800 
13154 34 515 9 160 124 148 49 369 124 985 21 77 1846 21 515 
26 8082 49 4 28 1335 12 20 65 13154 70 7558 150 204 9462 18 
39555 28 3544 31 9 9257 1524 34 45 201 23 1557 45 7781 
28 310 2902 12 534 45 28 160 213 6221 9 1470 109 28 977 
1981 229 8 359 1543 13264 4 8379 212 347 837 4 8379 70 
39556 49 34 1470 12 28 115 1981 229 77 49 5528 9 3965 143 8013 
1987 109 39557 39558 143 9 92 31 1209 34 124 107 3804 4 28 231 1313 31 
2086 74 14367 231 2902 12 231 
20 124 6548 34 5597 926 6132 34 11475 150 1335 9462 124 9 502 
9393 31 460 8379 8804 45 17 259 926 5112 3199 
1086 45 573 1365 17 411 1329 3 1708 2033 21 
2526 31 1170 9462 12 195 443 1337 548 7196 505 765 
762 35158 573 45 259 419 439 150 440 450 34 45 2606 734 45 130 9 39559 12 28 431 
421 45 13334 9462 74 148 23 435 143 12977 1369 45 124 2194 2193 158 
542 274 9 185 31 39560 28 12394 31 231 2744 143 31 143 18171 231 45 540 124 39354 
4 28 185 255 12447 17 7690 12 
534 45 161 124 9 2432 776 4 28 414 7882 12 28 1342 39559 31 
5112 5597 45 173 28 185 20 926 17189 3028 45 124 21 9180 
1834 371 109 9 1371 3561 215 11601 5610 347 39394 6573 
21 19450 397 422 219 17 21 6132 34 1170 5610 58 9500 19695 179 
1476 34471 306 411 1369 12 226 20 12860 195 28 5610 921 
61 45 308 39561 508 427 347 115 2228 31 1543 21 
1510 2903 4 1335 1849 45 20 124 107 159 21 9132 3573 21 18575 
538 31 1170 150 204 1957 17 1211 959 1955 535 12 226 
28 1834 4 5112 5597 164 1371 143 3561 11810 20 124 65 107 
261 21 7691 28 2923 2585 959 13526 1170 143 9666 
215 7 12 240 12 1543 4 220 143 20 143 1897 347 3314 317 39562 219 347 39563 2267 215 7 12 240 12 
115 1543 4 9 1402 650 31 8366 219 12 874 45 28 7995 
4278 34 7843 1170 1834 215 9392 741 143 3200 347 39564 143 241 
36333 219 45 124 4784 38699 21 2706 1955 535 12 
39399 150 204 565 39565 9965 143 371 8998 8800 215 9 
10092 9677 31 670 12452 11011 219 37974 443 10092 
1440 74 2 
11204 3312 9 11614 45 1347 1402 45 9965 143 371 397 1711 143 3561 1896 
34 9899 37559 4 9 2514 143 435 2899 215 3915 31 9 2935 219 12 
11204 2162 9 8204 2514 12452 215 7995 219 1400 34 
3030 107 445 28 9706 4 28 3556 251 65 28 2899 45 650 17 
9648 31 28 4342 215 9965 219 2514 1325 12 
11204 4569 9 1893 143 6196 4215 215 115 17 427 1849 219 17 9 
122 143 6196 4215 215 877 5610 219 4 28 7829 31 28 37559 4 
73 21 8438 13526 17 39563 9666 17 21 14205 959 
5859 21 28 115 1531 215 7 12 240 12 115 1543 9642 12 1543 4 28 
1335 219 12 
11204 13334 9706 21 3556 31 540 419 8 777 359 2886 215 1466 347 
3557 219 125 28 1170 45 251 49 540 419 35 13276 9706 34 
411 231 435 143 12977 231 1369 8 4 769 1896 12 4 68 185 419 35 9180 
3260 9 1170 1896 1428 28 33602 7986 143 3042 1021 31 5112 
5597 17 411 1362 39566 215 107 3312 583 825 397 10248 
430 67 28 1170 4 73 21 2706 9 502 372 219 12 
82 14 65 2258 91 2600 67 28 9903 31 39567 341 17 
2473 20 35094 306 28 12452 11011 2 
11204 231 39568 8808 308 3557 36883 2886 215 2902 219 12 231 
1 2 393 143 38225 215 1466 219 10248 38540 124 2435 251 20 124 107 
3559 28 96 1422 12 125 670 1335 2596 45 309 91 47 4572 
4342 1846 463 39569 1375 28 372 368 959 
1353 143 435 45 36568 28 1164 397 39570 397 9941 1325 12 419 1211 1404 
1597 12 
11204 231 1348 36883 1150 21 4192 2194 8804 31 9462 1616 
1320 4160 1531 12 231 
1 2 20 1465 34 39567 445 1348 573 125 7558 1849 12 
4321 143 1531 8804 2705 2258 959 4201 67 1170 9462 12 
11204 231 8808 3029 1510 8804 306 17189 6 125 9 9823 
31 8120 2529 12 231 
1 2 68 124 12463 12 670 12452 11011 68 17 959 12 
11204 231 13005 45 371 109 115 2086 45 1320 7558 1170 150 204 1957 12 231 
28 12452 11011 545 3030 115 17 1335 2086 45 4770 9 
39571 21 1740 2473 48 19695 21 11663 21 1320 75 31 28 8865 
215 7 12 240 12 10679 9142 35 77 4224 109 219 12 
11204 231 11802 2529 49 3867 17 649 34 96 3577 28 36345 
1957 23 34 1402 92 12 231 
1 2 68 124 12463 12 670 12452 11011 926 68 130 505 12 
11204 231 17584 125 1320 1170 150 204 473 347 9090 31 2712 
3867 397 649 17 39572 28 17189 6 21 11797 538 4 
12318 9462 12 231 
1 2 28 6460 143 10160 3261 69 74 28 12452 11011 65 9781 28 
17189 6 215 37559 219 21 11797 538 4 12318 9462 12 68 
13352 124 371 109 9 1329 3 1400 52 13131 8367 
13541 215 109 143 1479 3 219 12 
11204 15031 13440 21 2904 1170 9657 12 
1 2 419 1947 1404 406 17 393 143 406 215 9480 219 1369 12 
7 150 151 6582 21 128 91 2600 17 397 347 39573 67 68 3261 12 
96 97 45 
39400 39401 45 2012 12 
6170 341 3903 
39399 1127 45 11044 12 
648 423 8216 2445 
9832 39402 
294 3273 45 3170 39403 
440 2 215 14593 219 11580 143 39404 641 21677 
1269 2 215 14593 219 11580 143 39405 
1050 2 397 397 1051 12 39399 12 1217 