Subject: 
627 2 4231 2 2849 294 2054 125 12314 573 
632 2 4106 45 618 1303 2405 618 2 952 2 1808 141 339 
183 2 5338 143 11437 143 1193 302 11438 143 10124 12 1217 
11439 2 6261 
419 164 1544 9 2506 2141 1413 21 8378 11482 4 318 
2088 125 12314 1324 573 12 20 1465 34 419 587 8 21 3615 294 2054 
125 670 573 10101 435 2 
143 143 4180 3265 31 3625 2606 517 
143 143 446 140 31 236 3625 2606 76 409 
670 1946 31 68 627 124 489 8944 49 28 3315 12 90 
12449 95 434 138 184 6842 45 1846 548 347 34987 164 1530 193 
192 9 356 4 269 
10709 