Subject: 1 2 2012 2016 1846 21 28 17783 34446 20655 
42 98 
7 2666 28 2080 31 15 2016 306 1543 17 7 187 6182 435 21 
83 959 67 20 143 534 28 3519 2588 164 107 5821 21 132 
41551 193 
187 38 81 82 14 83 2473 3191 7 35 36 840 430 109 15 
1086 130 20 1417 21 77 1277 21 132 2016 12 
97 
36707 41552 
42 195 45 
7 8 2110 41533 132 2012 2016 45 540 124 3027 2 
1702 31 2206 2275 4 70 363 863 408 
568 532 15414 
7 8 2033 28 1337 34 7 2030 4 28 2016 21 28 
3261 31 17783 34446 41534 12 7 1903 28 2080 31 28 2016 12 
72 38 187 435 21 6456 28 2016 45 450 2 
49 959 430 67 132 548 450 2 
49 184 2600 347 1440 45 81 66 14 485 12 
97 45 
98 99 
653 653 653 653 653 653 653 653 653 653 653 653 653 653 653 653 653 653 653 653 653 653 653 653 653 653 653 653 653 653 653 653 653 653 653 653 653 653 653 653 653 653 653 653 653 653 653 653 653 653 653 653 653 653 653 653 653 653 653 653 653 653 653 653 653 653 653 653 653 653 653 653 653 653 653 1702 31 2206 2275 4 70 363 863 408 
568 532 15414 
28 2689 1436 31 68 2016 124 21 1131 1140 1473 21 28 
1163 17 28 1702 31 363 863 6 12 28 
363 863 408 124 10441 130 9 2206 2090 408 45 540 
11013 49 530 8804 4 9 10160 31 41535 41468 
573 12 28 1519 31 28 2886 10160 124 8892 4 4280 21 
773 548 109 363 863 45 222 130 1742 17 1157 
863 12 20 3341 31 92 143 41536 2578 45 489 1032 9 432 31 
10884 9686 8879 23 2205 92 40247 12 68 1519 58 
445 2110 205 4327 4 28 2088 31 2206 363 863 12 
68 2016 12450 9 294 5 1163 540 38583 
3557 1923 31 92 12 28 863 1325 124 9 9648 31 
2578 45 1320 3579 130 9 2905 31 41537 12 9 7857 124 869 
2585 2620 143 1313 2578 45 576 4 28 2886 573 10160 45 17 772 143 1313 
2578 45 3579 74 28 1325 12 1320 363 2107 4 28 1325 
41538 28 3265 17 2206 2286 31 41537 12 68 
1946 34198 35000 6045 2578 45 540 8 205 
21069 4 363 863 384 34 220 107 1325 92 
3551 12 
568 68 5 1163 45 9 1140 1381 49 1493 28 
2206 2275 31 9 1325 124 2712 12 28 1702 31 28 
1325 124 371 109 9 532 865 432 45 1854 31 9 2905 31 
2620 143 1313 2578 17 28 772 143 1313 2578 540 84 77 16833 12 
28 532 2861 31 28 573 432 926 107 3318 28 572 31 8944 
3 1362 12 3915 45 9 1162 1702 1946 124 12516 45 
540 41539 28 546 1325 11446 21 1460 28 1702 
368 12 68 1946 40054 125 773 1162 1702 
1362 45 4 34 20 35 3904 28 2206 2210 31 363 
863 12 2259 2571 124 78 21 28 2286 31 
2620 143 1313 21 772 143 1313 2578 143 430 34 124 107 1866 4 
28 573 432 12 
373 35339 31 1702 164 9714 4 28 2016 2 1446 17 3860 
11542 12 28 3805 1432 28 3865 31 865 430 
49 195 31 28 772 143 1313 2578 4 28 1325 12 68 7902 124 
6398 1389 3860 11542 45 177 865 430 124 
1866 445 49 28 2578 23 28 37020 1313 31 28 2055 
1325 12 28 421 34 6197 1389 3860 11542 124 28 3812 
2397 31 28 864 865 430 21 195 31 28 2578 
4 28 1325 12 
28 7895 31 28 1702 1381 124 6391 109 9 1342 143 423 
1021 2 28 8179 3261 31 28 17783 34446 20655 12 28 20655 31 
17783 34451 58 205 6554 4327 17 12709 4 28 
16572 2717 17 573 58 205 2191 45 4 28 486 31 40141 
41540 12 70 363 863 1325 124 9593 49 28 20655 17 28 
1702 1381 124 2033 568 9 532 432 31 41534 12 28 1508 31 
28 1172 164 47 16552 45 10463 34 28 408 124 159 21 
6054 7844 70 38835 5040 1325 45 837 306 28 572 
31 47 864 865 573 12 68 966 3038 34 28 1381 124 
1411 49 2484 2055 6 45 222 130 34 31 28 
17783 34446 20655 12 6 31 68 650 164 576 4 9 759 6224 31 
411 363 863 1950 45 222 130 11260 4337 17 566 
2905 3261 12 