Subject: 187 38 435 21 1874 347 10666 15 483 5820 76 138 
68 124 9 208 92 4777 445 12 
38 18 107 77 129 120 74 68 66882 12 
359 87 21 3214 21 77 6617 193 
1775 1775 1775 1775 1775 1775 1775 1775 1775 1775 1775 1775 1775 1775 1775 1775 1775 1775 1775 1775 1775 1775 1775 1775 1775 1775 1775 1775 1775 1775 1775 1775 1775 1775 
824 824 824 68 3359 124 3558 21 28 429 2862 255 213 3820 12 824 824 824 
42 859 397 860 45 
2666 68 430 6579 12 
20 35 53383 2671 15 2261 193 
487 38 8 28 1129 21 2111 28 
9650 52982 72 38 482 21 193 
220 107 8901 499 143 143 143 
419 8 275 9 425 34 58 12694 9 19788 294 408 
31 34844 5634 13855 177 38 35 1874 15 483 
5820 76 12 26 837 63 38 21 95 38 36 1339 12 
17 20 124 259 941 21 220 34 837 9 66883 90 220 20 12 
769 408 31 4173 13886 38 21 3923 36 
9 2244 3471 611 109 15 483 12 12 12 12 765 4496 193 
833 15 4173 35 10999 23 3885 3471 54578 16533 12 
28 508 14343 3203 124 34 20 124 93 37870 12 
23 9 92 179 1025 17 28 3263 3264 3570 63 38 
9 66884 45 68 425 58 827 9881 17876 213 36 964 21 
785 3471 16849 611 109 769 36177 193 
68 124 259 8892 34 28 260 3091 6197 2 
231 515 9699 31 9 425 124 68 17 515 926 20 220 138 231 12 
17 177 35 7 36 959 430 109 20 138 
68 124 177 419 3078 4 12 12 12 17 68 124 28 508 530 386 12 
187 38 45 49 3521 45 435 21 8 9 
31 785 3471 9 76 138 72 194 45 521 109 3344 193 
68 425 124 9 13271 406 17 6583 1166 
306 9 3042 143 964 7462 31 392 1876 9881 12 26 8 65013 47 
4572 2097 21 6482 34 13886 38 21 9180 9 2901 52745 
125 9 47 532 5824 12 
26 164 107 74 184 3530 70 5535 1166 193 
26 35 53383 5697 38 9 460 
1446 31 4561 2487 193 
28 34210 6219 31 20 124 34 38 220 107 87 21 3616 347 3264 
2423 12 20 124 9 4572 4173 2563 3558 21 2622 765 
1254 1010 31 962 12 17 20 124 1357 21 2622 559 28 423 12 
505 45 8 419 869 70 10466 109 38 138 251 34 124 107 195 193 
68 818 425 58 9 39306 408 31 12831 4188 12 
443 5634 54107 164 484 21 38 49 8202 3212 2 
28 429 4173 680 45 28 1381 31 4173 17 
26 837 7227 21 63 38 5634 54107 31 1553 
639 45 646 347 454 2606 41197 49 2622 38 229 459 21 37 4 460 
213 54773 21 36588 306 37 65 12 
28 548 31 56539 138 107 4 28 1557 45 68 124 651 4169 193 
17 20 124 107 70 55844 4173 6128 2398 12 
259 82 434 13174 964 49 38 2 
648 12 68 124 28 96 4173 49 15 483 
19798 328 
144 12 38 35 36 54065 47 3573 17 306 47 
3547 2954 72 38 12447 3923 
827 12 9926 4160 1129 
644 12 26 63 38 49 2381 70 61 306 37 
729 12 38 35 19653 964 21 2244 3471 109 15 4143 4173 12 12 12 
19655 
448 12 38 35 19653 964 21 3885 3471 54578 16533 
248 12 38 35 19653 964 21 785 3471 16849 
861 499 67 68 14343 4173 1129 369 12 
38 18 77 12376 17 49967 74 28 8054 34 38 18 
8438 12 
20 124 52760 28 441 31 35331 38 18 77 159 21 
20893 4 9 47 1893 92 12 
195 47 14217 17 1166 435 12 
419 1916 35775 31 3347 125 68 66885 133 12 
12447 369 17 36 15 430 26089 429 12 
77 28 429 21 3820 12 
532 6141 1397 38 73 2 
38 18 8 359 3867 21 7690 347 3616 12 
38 229 347 229 107 459 411 255 21 68 1166 12 
20 124 107 9 231 10895 1166 347 70 23352 1166 12 
72 38 518 21 2867 38 36 484 66886 
251 72 38 439 150 440 38 35 1449 1014 21 9180 15 2745 
2901 52745 130 1028 130 15 294 4173 61 
124 432 964 193 38 35 1014 21 9180 15 52745 49 130 3547 130 392 648 12 1529 
347 38 35 518 21 36588 964 21 434 454 45 1857 23 208 92 12 28 1441 20 
9926 964 21 38 12 
369 49 28 93 45 93 502 514 
130 8198 4561 48883 419 6117 299 670 1202 
12440 31 7804 49 68 47 310 430 34 38 
18 77 357 49 9 48 6203 64 12 68 124 445 261 
86 31 28 2620 875 31 3836 1461 273 12 
68 66887 4223 430 124 117 49 28 818 
2620 80 31 445 434 392 264 12 1512 12 
10374 4173 1712 2563 430 26089 2258 38 195 28 1277 
277 833 28 16 31 9 2298 455 49 38 21 1379 12 
430 102 4 3990 9597 259 8139 35 77 2611 12 
28 4173 1129 31 28 8861 
35 77 117 328 45 251 445 72 38 85 
28 92 21 73 15 430 26089 369 12 
817 2 195 6237 1812 4 434 7804 12 63 4 434 7804 
195 4157 52954 1370 1809 954 31 581 31 680 12 
215 118 45 419 220 107 3357 2901 347 1166 4190 12 219 
20 12860 67 729 2660 49 628 21 1448 434 487 4 6744 125 28 434 12 
3806 72 38 11416 4 184 411 2476 12 
1074 68 1129 124 3558 21 8139 559 28 423 12 
15 273 16 229 77 576 21 66 38 72 419 35 107 66888 
15 20820 628 16 12 
2473 21 73 2 28 10374 1712 4173 2563 
824 824 824 824 824 824 824 824 824 824 824 824 572 28 73 486 1905 824 824 824 824 824 824 824 824 824 824 824 
194 45 81 13 14 74 611 628 347 273 132 2901 430 26089 
28 10374 1712 4173 2563 
7 3252 392 434 264 12 1512 5634 1775 1775 1775 1775 1775 1775 1775 1775 1775 1775 483 73 1775 1775 1775 1775 1775 1775 1775 1775 1775 1775 
72 483 73 481 34918 21 2 
824 824 2487 48719 236 
824 824 5034 400 2464 
824 824 12186 45 109 6744 
824 824 741 144 321 648 2502 729 
824 824 
824 824 3990 347 650 15 105 2 1775 1775 1775 1775 1775 1775 1775 1775 1775 1775 1775 1775 1775 1775 1775 1775 1775 1775 1775 1775 1775 1775 1775 1775 1775 1775 1775 1775 1775 1775 1775 1775 1775 1775 
824 824 
824 824 3990 347 650 15 16 2 1775 1775 1775 1775 1775 1775 1775 1775 1775 1775 1775 1775 1775 1775 1775 1775 1775 1775 1775 1775 1775 1775 1775 1775 1775 1775 1775 1775 1775 1775 1775 1775 1775 1775 
824 824 
824 824 3990 5913 2 1775 1775 1775 1775 1775 1775 1775 1775 1775 1775 1775 1775 1775 1775 1775 1775 1775 2228 2 1775 1775 1775 1775 1775 1775 1775 1775 1775 1775 1284 1775 1775 1775 
824 824 3990 347 650 15 240 143 628 16 2 1775 1775 1775 1775 1775 1775 1775 1775 1775 1775 1775 1775 1775 1775 1775 1775 
817 2 
1929 34 74 13376 
231 28 10374 1712 4173 2563 66889 231 34 12 12 12 
38 35 83 3212 67 68 
19689 35331 2692 408 259 34 
38 531 35 436 4 28 35331 2692 
1166 408 839 31 28 8861 12 
15545 2 28 53419 31 68 430 124 70 
374 4561 755 11909 1166 12 
419 164 4 359 185 2621 306 28 1166 34 419 
18 459 38 21 12 
419 164 107 4 769 11815 251 419 220 2892 3037 34 
8139 213 1204 21 2181 374 35331 45 64996 
17 3573 84 8 28 1457 21 83 67 37 12 
419 220 107 128 184 66890 49 7703 38 21 37 45 
17 4 2177 187 3088 20 54121 72 419 106 259 12 
68 133 124 506 74 70 374 3199 425 12 
419 6060 72 68 626 58 3386 38 4 1409 12 
8163 28 19537 45 8163 28 2283 193 
44126 407 240 143 628 12 359 18581 358 193 