Subject: 5651 2227 6311 
4425 98 45 
5678 7 35 95 38 313 7 207 107 93 474 177 21 3042 193 
28 1440 124 34 5865 5820 5651 408 1355 12269 58 9 3 
9677 2621 306 20 158 40346 5651 124 9 486 31 935 12 86 
31 68 7 439 150 440 2937 2622 58 1355 27 9 2743 998 28 1000 
31 231 9 1534 31 3 1337 4 5651 231 12 
7 152 38 15338 9732 17 450 14 91 92 215 20 2625 219 17 419 35 8 
9 16825 12 1319 7 83 1318 515 38 482 7 84 77 159 21 1211 38 
306 91 1368 2076 409 12 7 150 282 298 8202 184 92 68 1867 
259 3078 13671 542 494 12 28 139 140 124 40347 72 38 482 21 
4322 34 7 207 107 109 208 31 132 40348 122 9902 4493 193 
97 
40 167 