Subject: 1 2 14016 245 
118 49 3312 107 779 778 21 15 836 626 12 7 207 13825 563 
443 2660 12 81 1947 14 15 4625 150 204 105 259 34 7 35 368 28 
1922 49 132 298 1237 12 7 18 77 159 21 1211 38 195 31 132 
7203 215 451 17 1237 219 997 76 121 28 5363 2082 382 12 
41 7 293 9 626 125 2847 12 39782 67 28 373 1708 215 39783 
41 17 2989 144 219 12 3835 26 8 6200 9 299 49 37 17 876 
41 7 220 107 83 2428 7 18 77 159 21 36 37 12 
7 187 2937 28 299 84 77 39838 12 39783 215 70 2914 12938 31 28 
456 619 827 1400 219 17 2989 144 215 70 2914 39839 31 28 18068 1400 219 164 
9894 4 28 935 1816 12 20 150 204 10 21 36 9 39 72 38 35 12 
41 67 28 573 125 28 176 31 4586 214 6336 14 214 926 107 
41 83 2423 45 251 214 58 221 91 573 2166 125 35954 215 176 31 
41 10157 219 45 540 7 35 572 12 164 443 28 2267 38 8894 138 
194 12 35954 215 176 31 9835 23 10157 219 124 28 1457 105 12 28 573 4 
28 14016 245 164 445 386 31 28 239 239 35954 36998 31 1329 3 
1738 17 4342 11005 150 150 251 762 583 314 12 
11113 