Subject: 8792 302 20795 12 350 124 1521 21 3210 31721 302 35139 12 1217 
669 8792 302 20795 12 350 45 
68 124 28 35139 12 1217 504 12 
28 13027 31 28 31721 302 35139 12 1217 1524 187 435 21 
1843 38 21 3210 28 1524 12 21 3210 45 38 1906 149 21 68 
626 12 
72 38 3210 45 38 35 2666 1524 461 4 15 240 143 628 4 143 323 347 109 
28 2298 12 
487 124 9 1530 1198 1866 74 28 1524 13027 2 
143 143 143 143 143 143 143 143 143 143 143 143 143 143 143 143 143 143 143 143 143 
31721 67107 
143 143 143 143 143 143 143 143 143 143 143 143 143 143 143 143 143 143 143 143 143 143 143 143 143 143 143 143 143 143 143 143 143 
419 8 41192 964 68 294 133 110 6016 74 35139 12 953 17 515 164 28 10898 45 38 195 83 45 347 67108 12 12 
49 1510 45 26 164 3209 2473 419 8 769 240 143 628 16 45 68 124 67109 2 
38 8 3507 670 3342 422 4 28 1335 12 12 12 
67110 45 66894 28 674 
143 143 143 143 143 143 143 143 143 143 143 143 143 143 143 143 143 143 143 143 143 143 143 143 143 143 143 143 143 143 143 143 143 
68 1530 626 124 4 15 2234 12 72 38 35 150 440 2666 20 81 4618 656 215 652 653 827 67111 143 17433 219 
143 143 143 143 143 143 143 143 143 143 143 143 143 143 143 143 143 143 143 143 143 143 143 143 143 143 143 143 143 143 143 143 143 
747 31721 67107 653 1269 827 653 240 648 653 1269 144 653 1269 0 653 1269 648 653 666 653 1269 827 653 5596 653 240 648 653 4524 653 240 729 653 4523 653 5048 653 240 648 653 240 827 653 4523 653 5048 653 240 729 653 1269 644 653 240 729 653 240 729 653 1269 0 653 4523 653 1269 644 653 240 1257 653 1773 653 666 653 1773 653 5554 653 4524 653 666 653 1269 144 653 1269 644 653 240 248 653 1269 144 12 12 
653 635 653 240 248 653 1269 248 653 1774 653 1269 827 653 240 729 653 1269 644 653 240 729 653 1269 644 653 240 248 653 5048 653 1773 653 666 653 5048 653 240 648 653 240 644 653 240 1257 653 5596 653 1095 653 240 648 653 1269 729 653 1269 644 653 1095 653 240 729 653 1269 729 653 5596 653 240 648 653 240 1257 653 1269 648 653 4523 653 240 648 653 240 1257 653 240 644 653 240 1257 653 240 648 653 4523 653 1269 644 653 240 729 653 1269 648 653 240 648 653 1773 653 240 729 653 1269 648 653 240 1257 653 5596 653 666 653 5599 653 1269 144 653 1773 653 1095 653 5048 653 240 729 653 1269 144 653 1269 0 653 1269 648 653 240 1257 653 5048 653 1269 644 653 666 2405 12 12 
653 1219 827 653 1219 1257 653 1219 648 653 151 0 653 1219 729 653 151 648 653 1219 1257 653 151 827 653 151 827 653 5597 653 151 644 653 1219 729 653 151 648 653 1219 729 653 151 827 653 151 0 653 4437 653 1219 248 653 151 648 653 5597 653 151 448 653 5597 653 151 648 653 1219 1257 653 1219 729 653 151 827 45 747 746 653 1219 827 653 1219 1257 653 1219 648 653 3992 653 1219 648 653 151 0 653 151 648 653 5597 653 151 827 653 1219 617 653 1219 729 653 151 827 653 1219 729 653 151 644 653 1219 729 
653 151 644 322 653 1219 644 653 1219 1257 653 39996 653 151 827 653 1219 648 653 151 827 43425 2 31721 143 4196 302 35139 12 1217 
653 1219 729 653 1269 729 653 1269 248 653 240 648 653 1269 648 653 240 1257 653 1269 827 653 1269 644 653 666 653 5599 653 1773 653 240 729 653 240 827 653 240 1257 653 240 648 653 1269 644 653 666 653 5048 653 1269 248 653 1269 648 653 5600 653 5048 653 666 653 1269 827 653 240 648 653 1269 144 12 
31721 67107 
240 143 628 2 45829 302 44901 12 1217 
143 143 143 143 143 143 143 143 143 143 143 143 143 143 143 143 143 143 143 143 143 
21 3357 68 594 45 81 572 28 231 149 231 4278 31 15 
240 143 628 839 17 13 182 9 8086 626 12 
347 38 35 3357 74 985 21 68 2298 1110 2 
72 38 220 107 467 21 3210 45 81 274 3213 68 594 12 
72 38 8 463 45 81 767 298 21 66 28 13027 31 
68 1524 23 45829 302 44901 12 1217 347 1981 
1050 2 397 397 1051 12 35139 12 1217 397 2377 397 95 12 1056 
192 193 
28 35139 12 1217 3390 
143 143 143 
298 2298 143 371 240 143 628 1536 193 
1050 2 397 397 1051 12 35139 12 1217 