Subject: 6145 397 827 
46 38 49 15 1543 4 6145 397 827 12 
3835 45 9797 58 5046 542 2397 12942 49 1237 12 7 
207 876 2255 21 2979 6145 397 827 485 21 775 3526 28 
1620 6538 12 9797 58 70 2072 19509 34 231 12825 231 40064 
9797 1237 21 3526 13530 12 1383 215 617 397 2082 219 45 6145 397 827 124 4 28 
231 4322 143 499 231 368 31 19509 45 17 18 181 77 1357 1461 19509 
579 1892 68 1209 12 72 38 187 435 14 21 82 38 83 2473 21 36 20 
1461 19509 23 34 92 45 81 82 14 83 12 161 18 77 9 
2397 578 179 20 7835 1357 12 3835 45 28 578 124 9257 
1032 7 777 11003 45 434 392 16876 49 236 4158 12 161 124 7289 
7 35 220 67 68 45 7 207 9939 118 12 
161 124 9 1893 2194 12897 30 31 6145 1357 49 9480 3583 
407 851 12 17706 12 1309 45 2422 6501 397 11431 12 161 124 9 13243 3996 31 
6145 1357 407 9480 3583 23 2 40065 12 22947 12 3400 143 5734 12 1095 
215 750 12 807 12 799 12 1535 219 45 4 6501 397 7214 397 26819 397 6145 397 6145 824 45 347 3583 12 3458 12 1095 215 2650 12 512 12 617 12 4114 219 
4 3458 397 29464 397 935 143 839 143 1135 12 7 229 77 159 21 13 20 21 38 72 38 467 45 
226 20 150 204 259 1893 12 7 150 938 4430 576 1553 31 443 6843 259 7 35 150 440 
40066 49 2473 26 548 9687 21 6145 397 827 12 1320 124 824 48 824 39088 45 7 
6132 26 220 231 982 231 4 3614 31 40067 17 40068 251 8 28 456 
1400 12 
120 45 7 6060 34 68 58 6519 45 132 1543 124 4 5120 132 1285 
95 757 306 769 1086 12 72 38 164 1891 45 28 3586 49 
6145 397 827 124 1357 407 9480 3583 23 40069 12 16966 12 9797 12 24402 
215 799 12 4253 12 1792 12 827 130 31 68 305 219 45 763 397 6501 397 40070 397 6145 143 3586 12 3054 12 5149 12 
9352 7705 
6145 302 36350 12 16966 12 9797 12 24402 
53 36356 143 144 40071 302 36350 12 16966 12 9797 12 24402 
1610 1611 1086 2022 215 9916 219 36353 143 40072 215 17330 219 
9797 143 9275 1086 2445 
36357 2018 45 3815 36358 391 