Subject: 1 2 1329 3 
4425 45 161 12 7 8 274 293 9 39 31 15 9878 67 935 1708 125 
1562 39758 45 28 39759 1762 31 39760 23 39761 17 132 2012 4625 12 
7 207 1413 21 1844 38 91 2901 2600 12 
41 7 207 9 1086 570 4 28 1225 340 1617 31 28 
41 176 31 175 12 132 1086 548 124 4 1329 3 215 935 219 
41 17 1012 4 28 572 31 935 1708 4 28 1342 423 12 
68 124 70 530 1845 12 534 45 28 935 2088 58 205 39762 2023 
765 74 775 4 1315 1124 49 765 639 1010 12 72 38 187 
435 21 2181 91 7898 1508 4 15 1086 215 7 12 240 12 45 28 572 31 935 
1708 4 28 1342 423 219 45 7 2937 28 1342 143 423 1021 215 347 1036 219 
15 8 7908 124 130 2340 130 28 1708 38 164 148 49 12 
41 7 187 435 21 83 2428 184 548 306 215 347 109 219 935 1708 124 
41 506 23 15 245 12 72 34 124 28 279 45 7 187 94 184 
41 430 45 34 38 90 1211 14 306 45 67 15 548 4 935 17 
41 184 1440 34 38 8 2196 777 306 935 1708 12 
194 45 1315 255 487 8 2023 4 1329 3 12 49 3521 45 9924 
3489 215 213 124 35051 9 536 105 4 28 935 1816 219 106 2051 2012 109 
1505 928 31 2090 1162 4 28 1662 1617 487 12 214 58 
1351 70 9116 39763 143 3 1400 12 39764 2528 65 106 2051 
2012 487 109 2484 1703 4 2090 384 371 109 28 619 827 1400 12 
3821 39765 17 1984 39766 8 1404 506 17 27 91 548 1846 28 
1453 31 1505 1708 4 28 1610 1611 1181 12 
7 8 65 1351 70 9116 1703 1400 371 109 28 12693 143 
2030 6475 20907 1946 12 68 1400 124 369 1357 109 1404 
2387 2000 17 4054 38072 12 7 8 65 506 91 548 21 18096 
28 1400 17 619 827 921 70 2231 3 573 6816 408 540 
34516 1162 928 125 9966 573 9134 12 
72 38 164 1891 4 184 31 28 414 1076 548 45 38 164 1530 21 
66 14 49 840 430 12 
306 6177 21 261 1440 4 935 1708 45 130 38 164 4641 306 
561 31 935 1708 4 28 1342 423 45 7 2937 38 84 63 
1402 442 21 2512 2513 45 9305 17 6534 3 4 
762 573 9134 12 
11113 11114 