Subject: 4221 21 133 110 16838 
653 653 653 653 653 653 653 653 653 653 653 653 653 653 653 653 653 653 653 653 653 653 653 653 653 653 653 653 653 653 653 653 653 653 653 653 653 653 653 653 653 653 653 653 653 653 653 39647 9 16838 45 
1530 21 16838 45 
34690 151 150 39648 45 
2135 16965 5621 16957 1101 1193 150 16958 4660 
16959 16960 1099 2045 16961 
824 824 824 
16964 2135 1095 1193 150 16966 
2286 16965 5392 1098 2114 
1050 2 397 397 1193 827 6337 1254 12 2523 143 16963 827 12 1105 397 16838 397 
17221 39649 39650 39651 9 5392 34690 151 150 39648 16838 12 
39652 34690 4036 39653 9 5392 39110 151 150 39648 34459 10292 
16957 1101 9 1193 150 16958 4660 16959 16960 1099 2045 
16961 12 
16965 39654 39655 45 17221 39656 17221 39657 9 16955 16956 2 
16956 302 2523 143 16963 827 12 1105 
39658 39659 39660 9 
13 7268 21 
39658 39659 4756 9 
13 4756 21 
28 235 7268 35 77 6118 8808 74 16838 143 3214 
17221 39656 39661 6653 39660 39662 9 
32440 6653 39663 39664 
34741 143 21 5247 1897 125 28 110 
143 16965 17221 39665 1095 5392 34690 
367 143 21 36 9 110 31 4184 
143 16965 39666 5392 34690 4660 39667 
232 143 21 36 28 659 31 15 9545 109 28 110 
143 16965 39666 5621 39668 1095 39669 39670 
432 39671 143 21 2982 109 28 110 251 107 128 628 
143 16965 39672 39673 39674 14983 833 39675 
1095 4756 
432 628 143 21 11414 28 39671 2498 
143 16965 39676 5621 39677 39671 
432 12820 143 21 12820 1897 125 367 17389 
143 16965 14983 833 5174 35777 3321 5392 39678 367 
432 39679 143 21 11414 28 12820 2498 
143 16965 39676 5621 39677 12820 
432 35780 143 21 33634 28 110 125 50 38 15 2745 10825 
143 16965 17219 5392 34690 14983 17221 39680 17237 39659 
39681 461 
432 35778 143 21 11414 28 35780 2498 
143 16965 39676 5621 39677 35780 
110 143 21 36 9 110 31 133 1316 1357 109 68 2356 
143 16965 39666 5392 34690 4660 17252 133 143 1316 
95 143 21 128 9 95 2939 
143 16965 39666 1095 1193 150 39682 
18566 143 21 35767 574 215 4604 7482 45 409 12 219 
143 16965 39683 16964 9832 1095 39660 
28 6545 31 443 7268 49 572 124 2 
5392 39684 1095 30914 39660 4036 2 
34741 16838 
367 16838 
232 16838 
432 16838 470 359 472 628 
432 16838 470 359 472 12820 
432 16838 470 359 472 35778 
110 
95 
18566 
125 143 606 607 608 135 2 147 2 608 335 
641 143 17277 2 2135 16965 5621 16957 1101 1193 150 16958 4660 16959 16960 1099 
2045 16961 
12690 143 21 2 
183 2 5338 143 16838 302 2523 143 16963 827 12 1105 
647 143 30 2 648 12 0 
649 143 650 2 549 397 651 158 652 653 231 434 143 654 231 
632 2 332 45 336 3048 250 336 2 3080 2 891 141 4122 
21 2 16838 302 2523 143 16963 827 12 1105 
125 2 16956 302 2523 143 16963 827 12 1105 215 16838 110 219 
149 143 21 2 16956 302 2523 143 16963 827 12 1105 215 16838 110 219 
627 2 16838 2 28 1316 17 769 456 2694 
649 143 447 2 39685 
641 143 1000 2 798 
659 2 660 
641 143 661 143 659 2 855 
641 143 661 143 659 144 2 663 
641 143 664 2 665 666 248 1269 39686 
648 824 16838 45 16838 143 151 1101 13823 2 39687 39688 
144 824 16838 45 16838 143 151 1101 13823 2 456 2694 
648 824 824 824 824 824 824 824 824 824 824 824 824 824 824 824 824 824 824 824 824 824 824 824 824 824 824 824 824 824 824 824 824 824 824 824 824 824 824 824 824 824 824 824 824 824 824 824 824 824 824 824 824 824 824 824 824 824 824 824 824 824 824 824 824 824 824 824 824 824 824 824 824 824 824 
17212 45 
17230 39689 39690 5817 39691 151 150 39692 9 5392 34690 16838 9 39693 
17230 3039 39691 1095 39694 12 16965 39695 6653 39696 45 22477 39697 
39698 39687 39688 39699 6653 39700 16838 1101 16838 143 151 2 
824 30914 39700 39701 39702 2 
16957 1101 16958 4660 16959 16960 1099 340 2114 12 
824 16965 39675 4660 39703 151 150 17206 45 1095 39704 12 12 12 
1248 39705 204 150 39706 9 16838 12 39652 34690 39707 17214 39708 12 
824 16965 39709 16964 260 45 17229 17230 417 5607 9 
1193 150 17218 39710 5817 39711 12 12 12 17221 39656 39712 39661 39669 628 9 
16838 143 151 12 39652 34690 1241 150 4036 39708 12 
824 16965 39661 4660 39660 215 1420 45 17230 1420 45 
95 12 12 12 219 
824 16965 13527 150 16964 39713 39714 39715 9 1193 150 39716 
39717 45 1248 39705 14 1193 150 39661 1099 14 39718 1095 1193 150 39719 9 5392 34690 
4660 39720 1095 5392 39721 12 22477 1241 150 39722 833 17219 4660 39720 
34459 33200 2045 16961 12 
824 16965 204 150 39706 45 1248 39705 151 150 39661 17230 628 9 2 
21 2 13823 302 2523 143 16963 827 12 1105 
627 2 39723 
626 2 4196 16838 
1101 397 14843 4196 16838 143 151 
18566 
824 16965 734 39724 45 1248 39705 151 150 39661 17230 628 9 2 
21 2 13823 302 2523 143 16963 827 12 1105 
627 2 39723 
626 2 9253 16838 
1101 397 14843 9253 16838 143 151 
18566 
824 16965 39666 16964 39682 215 1102 219 2 
21 2 13823 302 2523 143 16963 827 12 1105 
627 2 39723 
626 2 95 
18566 
824 16965 5621 39725 45 1248 4036 39726 261 1095 14 39727 45 39674 39728 
39729 45 22477 39730 4660 39731 1095 4756 3321 39732 1101 2461 150 1662 5817 39733 9 
39734 9 3071 12 
34309 
16955 
144 824 824 824 824 824 824 824 824 824 824 824 824 824 824 824 824 824 824 824 824 824 824 824 824 824 824 824 824 824 824 824 824 824 824 824 824 824 824 824 824 824 824 824 824 824 824 824 824 824 824 824 824 824 824 824 824 824 824 824 824 824 824 824 824 824 824 824 824 824 824 824 824 824 824 
4425 45 
130 16838 124 1356 3573 4 2861 45 1440 164 1356 531 12 
259 45 7 1844 91 456 2694 67 16838 17 16838 143 151 12 
824 132 429 2234 124 107 1103 158 143 219 259 72 38 2666 1106 45 38 187 
10 2666 28 1106 976 45 161 18 77 982 2912 4 20 12 
824 443 1316 164 9757 21 5373 17 3898 49 2114 340 12 
824 21 36 5373 17 3898 3954 12 12 12 38 87 21 
4196 21 68 110 12 68 110 18 77 13990 1028 12 72 161 124 9 
1021 45 3522 21055 20 21 28 110 45 81 12 13 14 9 628 45 7 150 587 85 
20 921 61 12 
824 21 672 9 260 45 39735 49 9 16992 4 9 
492 2476 12 12 12 38 35 417 15 626 21 16838 143 151 12 68 110 124 107 
13990 12 
824 21 13 7268 215 1420 45 17230 1420 45 95 12 12 12 219 
824 38 35 672 14 21 1907 21 28 3382 417 15 
39190 31 5373 347 3898 3954 12 7 2222 85 4 61 445 1510 
1358 21 2114 340 12 
824 21 4196 45 38 87 21 13 15 628 21 2 
21 2 13823 302 2523 143 16963 827 12 1105 
627 2 39736 
626 2 4196 16838 
17 397 347 4196 16838 143 151 
18566 
824 21 9253 45 38 87 21 13 15 628 21 2 
21 2 13823 302 2523 143 16963 827 12 1105 
627 2 39736 
626 2 9253 16838 
17 397 347 9253 16838 143 151 
18566 
824 21 36 95 2 
21 2 13823 302 2523 143 16963 827 12 1105 
627 2 39736 
626 2 95 
18566 
824 49 3212 3191 45 13 14 9 628 143 77 39729 45 7 128 35775 4756 
5820 1867 17 7 35 107 149 21 195 158 143 219 
97 
16955 
16955 16956 1232 143 39737 2 215 2992 219 5626 3884 1064 7783 
1570 13758 1095 39738 45 16963 5021 1232 143 51 2 215 2992 219 639 843 9040 952 
17121 1095 39739 45 39740 1232 143 139 37696 2 215 2992 219 5626 610 610 4114 
5770 39741 45 1269 143 39742 17113 151 150 17114 45 1090 1232 143 273 2 16956 302 2523 143 16963 827 12 1105 
1096 39743 143 39744 45 39745 39746 45 
39747 143 23033 45 1490 1095 1193 150 1133 45 39748 39749 9439 143 1004 1090 
125 143 606 607 608 135 2 147 2 333 335 
641 143 17277 2 2135 16965 5621 16957 1101 1193 150 16958 4660 16959 16960 1099 
2045 16961 
12690 143 21 2 
183 2 5338 143 16838 302 2523 143 16963 827 12 1105 
647 143 30 2 648 12 0 
649 143 650 2 549 397 651 158 652 653 231 1770 143 1771 143 648 231 
649 143 655 143 656 2 617 657 
632 2 332 45 1254 3048 250 1254 2 952 2 1809 141 4122 
21 2 16838 302 2523 143 16963 827 12 1105 
125 2 16956 302 2523 143 16963 827 12 1105 215 16838 110 219 
149 143 21 2 16956 302 2523 143 16963 827 12 1105 215 16838 110 219 
627 2 16838 2 4 73 21 3522 9 294 34241 45 2666 14 
649 143 447 2 39750 
641 143 1000 2 35596 
659 2 660 
641 143 661 143 659 2 855 
641 143 661 143 659 144 2 663 
641 143 664 2 665 666 248 1269 39751 
16838 
34690 151 150 39648 45 
2135 16965 5621 16957 1101 1193 150 16958 4660 
16959 16960 1099 2045 16961 
16964 2135 1095 1193 150 16966 
824 824 824 
16838 
430 110 
5373 17 3898 
49 10660 2114 1130 
2286 16965 5392 1098 2114 
1050 2 397 397 1193 827 6337 1254 12 2523 143 16963 827 12 1105 397 16838 397 
1050 2 397 397 1051 12 11101 12 1200 143 12009 12 1105 397 763 16966 397 
16838 5338 2 
0 34928 215 236 219 
648 1539 215 236 219 
144 8087 151 150 17206 215 16962 219 
827 2488 49 572 215 1103 219 
644 39660 215 16962 219 
729 7268 215 1103 219 
39658 39659 39660 9 
39658 39659 4756 9 
3321 2 
13 7268 21 
13 4756 21 
2 
2045 16961 
12690 143 21 2 
627 2 
627 2 
627 2 
16955 16956 
125 2 16838 143 151 13823 
16955 16956 
16955 16956 