Subject: 1 2 5363 1512 358 
98 45 
7 274 3378 182 125 1089 17 207 118 21 149 15 628 259 554 12 38 
18 36 9 39 31 132 358 4 28 5363 150 1512 4 224 2660 12 164 38 1960 109 
28 310 1086 2088 138 
641 12 14079 
1234 
127 31 2636 17 430 384 
176 31 9383 
143 143 143 143 143 143 143 143 143 143 
125 2 98 99 215 2012 151 12 204 12 866 219 
21 2 14079 12 37279 
627 2 5363 1512 358 
632 2 3797 45 249 952 45 4284 848 2 1267 207 
669 45 
7 207 1891 4 28 358 38 164 3197 4 28 5363 1512 382 12 
187 20 77 261 21 13 14 9 36459 45 1553 74 273 215 1552 219 
347 74 671 628 23 28 16 1905 138 
3471 98 99 
3471 1225 340 
3471 176 31 175 
3471 2010 2642 
3471 175 45 282 636 1257 645 
192 4 269 49 15 95 12 
98 99 