Subject: 
42 3251 45 
68 124 28 7925 30 31 40012 34 38 8 870 
125 434 12 31 203 45 72 38 220 107 482 40012 274 3213 443 461 12 
72 38 8 70 836 30 31 40012 38 18 107 87 68 208 215 91 
255 777 12719 4 357 40012 836 219 12 68 124 28 5615 31 9 
155 31 4756 12 15 17010 40012 6605 1285 124 1847 4 3968 
218 3510 215 1320 4 9 218 628 219 12 28 10091 386 3894 28 
3586 17 28 36725 3894 91 2230 12 
28 7778 3510 164 195 40031 568 28 7268 143 143 239 239 3824 150 150 45 
239 239 18577 150 150 17 239 239 35624 150 150 12 259 21 39875 1320 628 306 9 3812 
239 239 37284 150 150 38 87 21 933 23 28 2939 105 23 28 429 1479 31 34 
628 626 17 111 8163 28 628 306 34 105 2927 70 6475 
239 239 12 40032 150 150 215 38 87 21 6631 195 28 1000 2900 74 240 143 628 219 12 369 481 
474 195 6215 164 369 10932 4 9 2422 52 239 239 40012 150 150 45 220 
215 648 219 40033 2230 
215 144 219 17364 
40034 
22287 
215 827 219 17364 
40034 
22287 
215 644 219 17364 
40034 
22287 
215 729 219 17364 
40034 
22287 
215 448 219 17364 
40034 
22287 
215 248 219 17364 
40034 
22287 
215 617 219 22287 
817 34 195 28 6215 9725 125 239 239 17364 150 150 306 8 
6475 239 239 12 5149 150 150 17 111 28 9725 6215 125 239 239 18577 150 150 18 445 
8 13819 239 239 12 321 824 150 150 12 
369 2666 28 13727 17 3586 12 21330 6215 49 840 4441 12 
21 2706 28 34890 2939 31 40012 45 481 474 34 195 6215 164 4 28 
310 2422 17 650 215 161 18 77 9 40035 52 239 239 2230 150 150 219 
481 
130 122 130 38 8 9 34775 9114 38 18 77 673 12 49 411 
2000 38 229 87 21 2671 28 40036 9731 215 2196 28 
6605 1285 31 40012 130 505 219 12 195 28 408 9601 3510 31 28 
1400 164 10440 4 9 2939 52 239 239 40037 12 1219 150 150 2 
215 648 219 40038 215 219 
215 144 219 40039 215 219 
215 827 219 92 215 219 
215 644 219 1833 2939 
215 729 219 1833 2939 
215 448 219 1833 2939 
72 38 8 1440 4 15 9114 21 572 40012 45 38 229 87 21 
2671 443 15031 9731 12 419 777 2596 31 40012 528 
40040 109 70 40041 34802 12 5505 125 443 15031 45 20 
2023 476 12 
369 2666 28 3586 45 1012 28 976 7697 239 239 3521 572 31 
40012 150 150 12 4618 21 6482 28 4441 21 1853 40012 109 28 3521 6215 
239 239 27141 12 824 150 150 12 
6843 31 40012 49 648 219 4641 306 2512 144 219 4641 306 
393 143 40042 21130 164 65 1357 369 12 
96 1204 17 502 1980 45 
3488 3489 
2010 176 2636 2022 
336 40014 2642 
2010 
4225 648 827 17084 12 
240 143 628 2 9924 302 32289 12 2010 12 853 12 590 