Subject: 
3628 1298 2289 
14 8731 6415 39803 12 39804 1662 898 15533 397 14821 39805 1755 18840 12 
17031 21 8875 687 14644 215 3293 7 4793 5311 746 39806 
687 14644 219 12 15067 1645 5203 707 39807 3014 705 4976 4833 
3654 39808 14 1656 39809 714 21 39810 45 3635 1304 39811 746 39812 
11148 39813 12 39814 14 39815 1775 371 4755 39816 384 
215 39817 219 746 39818 747 17133 897 2803 7 8322 3071 3102 6196 39819 
384 746 1755 39820 143 39821 2047 1048 12 705 4976 70 17778 
707 732 1685 4829 12 
714 4513 6448 718 15211 4413 158 3652 714 1656 39822 45 3014 3654 39823 39824 
4820 17513 397 1658 12 70 4930 5718 684 39825 14 21 240 143 628 12 3652 3654 39826 
3293 45 3635 322 33469 39827 1755 39828 17549 746 7 39829 897 39830 14 8274 
39831 700 3749 45 39832 746 240 143 628 12 21 15533 397 14821 897 700 1755 6600 
39833 6240 4198 39834 689 39835 12 204 150 39836 3748 4907 684 39837 3752 1298 12 
4485 