Subject: 54445 317 36376 53467 143 11602 54446 392 648 12 1082 54447 
1050 2 397 397 4109 12 9022 12 4111 12 792 
139 54448 648 12 171 193 
139 753 648 12 171 193 
11602 54449 648 12 171 193 
10897 18073 130 2620 130 144 12 171 193 
42883 8792 34812 130 2620 130 448 12 1820 193 
37866 143 54450 648 12 1082 
6460 1905 49 53467 49 195 10173 45 9794 45 52765 45 52763 45 
33379 45 52761 45 52762 36581 23 1905 38606 6237 193 
824 824 824 369 65 1357 193 2 53467 49 54451 5021 45 54451 13217 45 54451 54452 45 
54451 1221 45 54451 282 1876 317 282 793 45 54453 54454 45 13882 54455 824 824 824 
1050 2 397 397 4109 12 9022 12 4111 12 792 
72 38 87 5926 6455 670 2404 81 1324 54456 143 54457 143 54458 21 3305 
28 945 2404 430 
840 54459 21 38 74 28 183 31 68 240 143 628 229 77 19787 
23 359 64 21 38 74 50 9 149 21 54460 302 54461 12 1217 306 28 
2744 231 359 959 231 4 28 627 1479 12 
68 626 124 528 102 4 1446 10821 306 1200 12 204 12 3133 17 
21340 1190 361 2 1254 976 54462 317 54463 347 361 2 1254 976 54464 4 28 
1200 12 204 12 1285 12 824 824 824 
824 824 824 824 824 824 824 824 824 824 