Subject: 39574 367 
419 150 938 1003 9 2717 367 31 8998 8800 306 9 933 
12505 10741 561 12 2600 215 1012 67 184 34995 
10497 45 39575 31 2622 150 204 548 45 347 3087 451 34 
84 77 3560 219 164 47 48 1530 12 
9 6394 30 124 1357 23 2 
1050 2 397 397 17747 12 31748 12 1309 397 10345 12 6394 
72 38 5633 8083 45 2744 347 184 411 1519 81 82 14 83 17 7 18 
273 20 21 38 485 12 
39449 10345 
1086 1454 
11076 2228 176 
143 143 143 143 143 143 143 143 143 
4783 21 28 9595 302 13847 12 9345 12 1309 133 110 12 
21 9253 45 13 70 273 626 21 11091 302 13847 12 9345 12 1309 
306 28 7255 231 9253 9595 231 4 28 6290 31 28 626 12 