Subject: 1 2 4231 2 4282 9642 12 573 1365 
41 632 2 606 45 609 334 2405 639 2 246 2 338 143 3786 
41 627 2 4231 2 4282 9642 12 573 1365 
41 125 2 231 440 12 204 12 14291 231 
41 21 2 11437 143 1193 302 11438 143 10124 12 1217 
41 149 143 21 2 11437 143 1193 302 11438 143 10124 12 1217 
41 
41 7 150 282 12365 21 9724 70 6230 110 31 28 10092 3605 
41 2585 4282 17 573 1365 12 1315 6230 2076 34 4244 109 
41 28 1845 164 
41 
41 1050 2 397 397 1051 143 34743 12 8113 12 1309 397 763 41100 397 3583 397 4231 143 34743 12 3054 
41 1050 2 397 397 1051 12 5549 12 2426 397 5550 397 5551 397 421 648 143 648 397 6642 12 5051 4118 2894 
41 1050 2 397 397 1051 12 5549 12 2426 397 5550 397 5551 397 421 648 143 144 397 6642 12 5051 4118 9070 
41 
41 7 150 151 77 1891 4 4024 15 776 31 3620 347 6351 12 192 48 12 
8610 45 959 2076 8 205 4783 23 
143 143 
440 12 204 12 14291 
38472 302 12266 143 37923 12 1217 
1051 12 12266 143 37923 12 1217 
36 484 21 3047 367 193 1050 2 397 397 12266 143 37923 12 38473 12 1217 
125 143 1302 1303 639 1254 2 952 2 1799 7284 
641 143 661 143 659 2 4120 
641 143 661 143 659 144 2 663 
626 143 619 2 
632 2 1302 45 639 1303 7284 1254 2 952 2 1799 141 339 
125 2 98 99 
641 143 642 2 661 644 12 7848 470 1099 472 215 8694 5151 729 12 0 158 1200 219 
641 143 3357 143 2234 2 1099 
647 143 30 2 648 12 0 
21 2 8792 8793 45 
1230 1220 45 
4617 14195 45 
625 8253 45 
98 14361 45 
10790 41101 45 
6277 8289 45 
10723 8291 
627 2 1517 2405 936 420 
649 143 650 2 41102 397 6305 158 
701 4916 193 
