Subject: 1513 150 3876 378 451 
451 378 21 1513 150 3876 
215 41202 73 49 429 365 219 
1848 215 618 219 
143 143 143 143 143 143 143 
13476 167 12 39305 
231 12505 9 1325 31 188 130 9 41203 143 17217 10829 31 41204 231 
2957 9064 45 100 14736 45 41086 41087 
231 1398 28 2217 3 1988 21 1929 17 6054 1219 644 12 729 231 
8049 2461 12 41205 45 41206 10011 45 15201 781 12 35972 
231 3 2195 1918 1710 1504 49 318 4998 
1153 231 
38146 38147 45 1562 240 12 10166 
231 1168 306 9 294 2215 41207 231 
39337 9783 45 39320 9069 
231 41208 12922 9666 1427 3 1710 1504 231 
4423 241 12 41209 45 12021 38203 
231 1398 39395 21 760 143 8812 6386 3808 231 
9074 13932 45 4164 2461 12 41210 
231 3 2567 10245 231 
36703 14273 45 20364 913 12 41211 
231 3317 9261 3 49 1739 1150 231 
41212 41213 45 36780 41214 
231 2013 3261 31 28 8072 37064 8807 4 10039 9327 231 
4071 2461 12 28832 45 41215 9 12 38755 45 1984 204 12 8922 
231 2346 3 568 25172 231 
14254 37145 45 36495 39775 
231 3 6477 2343 36301 74 5528 2899 4 9965 143 371 
573 231 
746 14077 41216 
231 28 41217 31 17189 4329 17 1475 1372 231 
653 653 653 653 653 653 653 653 653 653 653 653 653 653 653 653 653 653 653 653 653 653 653 653 653 653 653 653 653 653 653 653 653 653 653 653 653 653 653 653 653 653 653 653 653 653 653 653 653 653 653 653 653 653 653 653 653 653 653 653 653 653 653 653 653 653 653 653 653 653 653 653 653 653 653 1852 215 2244 219 
143 143 143 143 143 143 143 143 
41078 38965 45 558 8712 
231 3 2744 2286 12239 568 2514 13208 13132 6 231 
41218 41219 45 747 12 41220 41221 
231 741 143 8072 37064 4649 109 6552 41222 231 
41223 41224 45 41225 41226 45 41227 41228 
231 70 9116 1400 49 5528 1421 8442 143 4179 1123 143 8162 9693 
109 2055 9666 4 1475 2514 3 231 
1219 12 41229 45 282 12 240 12 41230 45 1269 12 2461 12 36717 45 2461 12 282 12 13330 45 1193 12 1219 12 41231 5021 
231 41232 1772 143 3 2033 21 2608 442 231 
14530 38806 45 8902 41233 
231 3 35461 6280 4278 1504 109 143 1479 231 
41080 
231 2019 38450 1703 31 1506 2950 74 2006 31 3536 1924 231 
35516 35944 45 9099 41234 
231 41235 6567 2283 4 2484 3535 1507 231 
37658 9 12 12025 45 4423 781 12 17723 
231 3 1172 15031 49 762 41236 9327 231 
1219 12 2461 12 1219 12 38096 
231 40473 1947 2935 1475 2097 231 
37749 37748 45 3485 3486 
231 1183 11106 31 1162 6816 1702 231 
11614 40541 
231 1708 17 561 49 41237 3 231 
17717 9065 45 100 9559 
231 6189 19609 2 1391 49 35689 31 28 4572 1710 
8807 231 
15343 41238 45 41239 41240 
231 9966 1485 143 371 3 231 
9259 321 12 41241 45 36563 41242 
231 9676 28 430 13226 4 9 12889 2019 231 
3267 36746 45 35704 3496 
231 3 9966 1920 306 1475 2283 231 
824 824 824 824 
321 12 41243 45 204 12 14275 45 241 12 41244 
231 109 143 1479 8117 31 9 10884 41245 1461 41246 41247 3 231 
36063 9 12 37776 45 3488 151 12 4202 
231 9 2013 17 8944 244 31 9 2512 143 41248 1400 21 2188 
41249 8804 231 
17721 2461 12 4789 45 14281 3723 41250 
231 37050 1709 1362 49 9256 9592 31 41251 
3 231 
9074 13932 45 4164 2461 12 41210 45 10206 41252 
231 2167 28 5910 31 4331 573 231 
10955 41253 45 1567 143 1568 1569 
231 41254 143 964 8072 40921 17691 2 28 8084 2514 279 4215 
1800 231 
41255 41256 
231 3128 1162 4 8325 143 371 2343 3 231 
577 321 12 41257 45 37802 41089 45 1562 240 12 10166 45 11210 741 12 40097 
231 109 143 1479 8203 1326 568 41258 13742 231 
41259 143 41260 5105 45 36463 40044 
231 1603 31 9666 49 3 1708 2 9 11444 1946 231 
10501 41261 45 100 41262 
231 393 143 8214 1475 2283 231 
11896 41263 45 9099 41264 45 38155 9068 
231 4349 7897 3 1508 49 20784 41265 2950 231 
18441 34944 45 577 747 12 37445 
231 2272 833 37070 4355 49 12086 143 208 6108 15031 231 
37970 10366 45 41151 41152 
231 12505 1421 6552 1326 231 
11535 11536 
231 431 41266 49 1475 2283 231 
9099 747 12 40252 
231 109 28 4272 31 28 41267 231 
282 12 1193 12 41085 45 1219 12 41268 
231 9 17156 9054 3 1325 2 4275 17 561 231 
10144 11460 45 41269 41270 
231 9 1985 1946 21 6552 1326 143 9 8796 1422 231 
9995 9996 
231 8812 4162 35689 2 2002 41271 17 4180 20447 
9054 3 231 
41272 41273 
231 9 41274 9054 3 1400 4 28 12922 279 2 28 
34846 9627 143 1772 3 231 
10390 38252 45 3253 241 12 8945 
231 7136 49 2899 4 1123 10160 31 573 231 
824 824 824 
8415 10005 45 41275 9837 
231 6627 611 3 9306 2206 3605 2 91 2013 17 
9256 1508 231 
35555 37145 
231 11015 17 3 819 143 1183 2576 1740 1162 231 
39958 41276 45 14491 36792 
231 70 243 33618 84 107 12583 542 1335 4347 231 
36803 14313 45 11493 36804 45 41277 41278 
231 2019 143 38450 8944 41251 3 31 2195 4355 2097 231 
36495 39775 45 15201 41279 
231 6534 1703 568 41280 1162 231 
35118 35119 
231 9052 1379 74 10066 12405 17 2108 4 762 
41281 1162 9134 231 
3449 41282 
231 393 2173 3908 1409 3561 49 902 865 31 3 2000 2 70 
2598 2019 776 31 3620 231 
41283 41152 45 12005 12006 45 13476 41284 
231 1398 28 1123 5895 2213 1325 21 549 11488 231 
41206 10011 45 14104 282 12 41285 
231 9116 3 31 41286 1710 1484 10245 231 
17309 14114 
231 3 1710 1993 1504 371 109 28 4781 1334 447 
1900 2 70 9116 41287 568 28 167 317 167 12140 231 
14491 36792 
231 41288 28 1441 31 2272 2 9 41289 30 1462 1946 231 
11493 36804 45 41290 673 
231 13081 964 4180 20447 9054 3 74 41235 28 
4342 6 17 28 6567 4278 231 
41291 41292 41293 45 10071 2461 12 10072 
231 9256 1162 928 49 2576 231 
7704 36984 45 36978 36979 45 36978 41294 
231 1985 1485 143 371 3 231 
14773 9075 45 12401 322 150 38928 
231 14219 2899 4 1123 3 1950 2 28 4664 1400 231 
1984 8922 45 9352 167 12 41295 45 41296 8039 
231 8987 1706 407 25172 231 
1607 1608 
231 863 17 11018 31 12928 12451 407 9305 1312 143 3 231 
3449 41297 45 41298 36403 
231 8436 41299 306 12199 1424 17 41300 231 
1567 143 13238 41301 45 1567 143 1568 1569 
231 1163 538 49 9116 3 4 9326 9327 231 
653 653 653 653 653 653 653 653 653 653 653 653 653 653 653 653 653 653 653 653 653 653 653 653 653 653 653 653 653 653 653 653 653 653 653 653 653 653 653 653 653 653 653 653 653 653 653 653 653 653 653 653 653 653 653 653 653 653 653 653 653 653 653 653 653 653 653 653 653 653 653 653 653 653 653 653 653 653 358 378 251 14468 125 1513 150 3876 
13476 40143 45 40844 40845 45 440 12 9099 41302 
231 1329 3 31 1170 1834 2 9311 1148 231 
215 1517 219 
39337 9783 45 39320 9069 
231 564 28 231 7845 231 499 31 7845 143 1710 10245 231 
215 1517 219 
41303 10176 45 3253 204 12 41304 
231 3 9116 2097 74 9004 28 6827 2899 231 
215 1517 219 