Subject: 8379 9 3314 138 194 38 35 193 12086 3619 143 4 215 34301 219 
36 9 3314 3921 49 0 3471 3192 
72 38 150 938 59049 31 54649 15 2745 3314 251 35 450 359 185 31 963 964 306 28 3192 680 45 20 150 204 92 38 129 434 67 670 12086 3619 143 4 839 12 
369 38 439 150 440 8 21 4293 21 7690 9 930 395 38 150 938 10932 964 28 3192 680 12 419 3359 36233 49470 34 1207 359 3192 680 347 36233 8381 23 195 12 34 3530 38 35 7690 9 930 328 17 481 9 36233 680 34 124 67 28 310 130 38 63 49 49911 12 12086 3619 143 4 49470 35 95 4360 306 864 4427 481 769 28892 31 54649 9 3314 29939 6548 12 72 38 8 13526 18489 17 9 502 1058 13594 251 3547 347 359 483 49 9 3192 680 347 5488 1538 875 38 90 77 28 7990 2442 49 12086 3619 143 4 17877 12 
49 4148 430 81 1324 21884 143 6032 143 66842 347 1981 670 3981 23 2 
1050 2 397 397 1051 12 56859 12 1217 397 1784 397 66843 7379 
9500 5812 1129 53428 
68 626 112 8826 74 9 1170 31 42940 2778 150 171 6261 240 143 628 1237 12 72 
38 467 21 77 6617 125 68 35156 150 204 460 8364 45 81 149 
306 28 627 231 5247 231 17 68 1237 18 8808 9834 38 
125 769 460 8364 12 