Subject: 470 471 2 1314 2 39515 14399 7536 144 12 648 472 
143 143 143 143 143 143 143 143 546 626 143 143 143 143 143 143 143 143 
627 2 1314 2 39515 14399 7536 144 12 648 
632 2 1302 45 1304 334 2405 135 2 1064 2 952 143 4037 
125 2 3267 39516 
21 2 1475 1329 1524 45 577 1219 
39517 45 39518 302 5549 12 2426 45 4054 3847 
45 10020 302 851 12 4609 12 1309 45 35259 12 39519 302 853 12 1217 45 
5580 11642 45 38146 39520 
45 14562 39521 143 2501 45 
39522 302 851 12 13221 12 1309 
487 124 9 431 1324 49 28 997 421 31 28 39515 2628 12 
81 19 20 21 2411 1316 17 1086 1536 34 38 
2937 3196 77 1891 12 192 45 
1324 49 451 
39515 14399 
1050 2 397 397 1051 12 5549 12 2426 397 39515 397 14399 397 
451 164 9078 49 28 431 421 31 39515 14399 45 
28 1824 2628 31 28 5549 818 1543 1524 109 
240 143 8443 12 
28 2628 18 3357 764 109 9 1855 31 240 143 8443 
1846 1086 1142 45 1141 2 
1164 143 13436 240 143 8443 
14204 17 8990 1127 
430 1165 
649 8849 317 1153 
240 143 8443 10252 
2540 3261 
1188 1189 
1924 49 6143 14202 45 1184 45 17 14216 
14217 1148 
3199 17 3836 341 
680 17 676 11486 
7895 1172 17 7823 31 240 143 8443 384 
9657 1148 
372 17 39523 384 
14034 17 14030 
10820 17 14211 
11068 1366 
1801 13006 31 294 1127 
1237 2584 17 1144 49 240 143 8443 
2349 14212 45 14213 45 17 10890 14214 
1170 1171 49 240 143 8443 
2057 31 240 143 8443 573 45 384 
419 164 4133 1891 4 2144 5703 109 28 414 
1142 12 419 18 65 3088 5703 34 3989 109 1086 
1959 347 28 240 143 8443 3544 31 2259 10063 1527 12 
382 17 936 11455 17 32 4307 164 65 1530 12 
1540 49 5501 49 28 421 2 
1550 488 2 511 848 45 2405 
365 1555 2 3391 729 45 7284 
418 2 554 3391 45 7284 
5703 84 77 359 3806 1032 848 449 4 447 45 752 4 6394 45 
17 2900 2182 21 28 5549 6150 
764 84 77 102 21 39524 302 5549 12 2426 12 
764 293 121 28 488 18 77 2170 
49 460 1148 12 
653 653 653 653 653 653 653 653 653 653 653 653 653 653 653 653 653 653 653 653 653 653 653 653 653 653 67 39515 653 653 653 653 653 653 653 653 653 653 653 653 653 653 653 653 653 653 653 653 653 653 653 653 653 28 5549 818 1543 1524 109 240 143 8443 58 9 3314 455 23 
1050 2 397 397 1051 12 5549 12 2426 397 39515 397 
28 1824 2628 45 39515 14399 45 124 1357 23 2 
1050 2 397 397 1051 12 5549 12 2426 397 39515 397 14399 397 
28 12693 3568 2298 2404 16166 9 1855 31 1368 
430 45 1141 2 
143 39515 14399 215 27 3603 219 
143 411 240 143 8443 1846 2578 17 11161 
143 240 143 8443 10252 1461 499 28 423 
72 38 8 1277 430 347 2474 38 187 435 4783 45 
66 28 2088 258 4 299 12 
143 143 
143 143 13265 
143 143 
3267 39516 39516 302 364 12 10196 12 1309 
1454 2084 45 8396 11139 2228 176 
1050 2 397 397 1051 12 364 12 10196 12 1309 397 3349 397 39516 397 
143 143 143 143 143 143 143 143 143 
4783 21 28 9595 302 13847 12 9345 12 1309 133 110 12 
21 9253 45 13 70 273 626 21 11091 302 13847 12 9345 12 1309 
306 28 7255 231 9253 9595 231 4 28 6290 31 28 626 12 