Subject: 1780 676 514 143 143 1038 335 
1780 676 514 143 143 1038 335 
42 1780 676 1825 45 
1530 21 28 1038 421 31 1780 676 514 143 143 4 68 
421 38 18 861 2 
648 12 3986 7895 7217 491 2354 193 
144 12 963 1028 193 959 1438 21 19653 3508 21 672 463 
827 12 1780 676 7653 536 193 
644 12 294 1845 1527 9698 1132 
729 12 2416 21039 6565 45 1857 
448 12 3078 4322 434 499 120 17 46 38 193 
648 12 3986 7895 7217 491 2354 193 
184 7895 1148 38 3196 8 6106 4 28 1335 
8 205 9671 12 419 8 7844 2914 28 
1132 150 204 7895 74 1311 670 1971 1379 21 9 
1446 440 827 2375 12 306 28 40080 31 670 294 772 143 75 
39212 7279 45 161 124 7898 1044 21 10999 12 
144 12 963 1028 193 959 1438 21 19653 3508 21 672 463 
38 6336 434 515 38 4428 45 17 419 54227 2 4 28 963 
1910 45 419 150 587 77 49065 1315 294 4787 49 38 21 
3573 19653 260 3508 12 443 2950 18 
11001 38 21 19653 1876 143 438 3508 74 274 8371 499 9 
2144 45 6635 109 70 3946 45 6602 9 8366 45 7703 9 
18794 45 17 411 4553 17 941 1438 21 19653 3508 12 
827 12 1780 676 7653 536 193 
137 21 28 12592 6047 125 670 389 21 6164 
7895 45 1907 9903 45 17 1211 294 1184 45 1780 
676 58 7844 9463 542 1238 17 
1947 3390 12 4 2001 45 419 8 2110 4077 1388 389 
21 670 1153 3390 540 1833 9 21642 31 6165 45 21642 31 
3199 17 21642 31 1166 1136 12 81 3832 15 
8906 3558 49 91 2494 11434 21 28 2298 2404 45 
222 130 70 4204 976 3358 3867 17 1184 23 
990 6237 17 11519 3954 34 164 9395 21 2564 15 
571 12 306 28 2001 31 443 1388 1153 5182 389 45 
1780 676 124 49320 21 7227 130 28 3264 13970 4 
2692 1162 9141 1182 12 
644 12 294 1845 1527 9698 1132 
419 164 376 21 377 28 2001 31 28 235 294 
1845 1527 2 
143 61417 
143 54451 12611 
143 8694 3323 
143 1966 14875 
419 18 77 2927 1315 294 1845 1527 2606 38669 12 81 
3832 1510 6842 963 193 
729 12 2416 21039 6565 45 1857 
28 1780 676 3390 124 8785 21 2385 34 28 1162 
9141 1132 58 1344 21 765 6565 741 389 17 124 2165 
23 9 677 31 2862 294 389 2606 517 193 419 8 205 4075 
37723 13538 765 28 977 754 43982 17 933 19 
21 44027 28 648 45 1857 45 1857 1825 3451 579 4 2405 12 
448 12 3078 4322 434 499 120 17 46 38 193 
72 38 5419 150 440 205 21 28 2404 4 9 1427 45 419 1843 38 21 
7954 74 17 672 347 270 9 260 12 306 765 648 9881 67717 
215 2594 114 463 219 17 959 1032 639 741 406 
1780 45 20 124 7877 34 38 18 3573 861 28 270 21 
15 1333 463 12 
72 38 164 70 2567 1825 45 46 38 49 528 386 31 28 
1051 12 1780 143 676 12 1217 1162 9141 1132 193 
4118 4118 4118 
653 653 653 653 653 653 653 653 653 653 653 653 653 653 653 653 653 653 653 653 653 653 653 653 653 653 653 653 653 653 653 143 143 143 143 143 143 143 143 143 143 143 143 143 143 143 143 143 143 143 143 143 143 143 143 143 143 143 143 143 143 143 143 143 143 143 143 143 143 143 143 143 143 143 143 143 143 143 143 143 143 143 143 143 143 143 143 143 143 143 143 143 143 143 
38 293 68 273 86 38 164 9 1051 12 1780 143 676 12 1217 
1825 12 72 38 187 5633 107 21 128 273 13742 125 
1780 676 4 28 460 2 
648 12 6460 109 68 3979 2 
144 12 67718 128 231 128 273 50577 231 
215 68 124 485 16165 273 430 219 
827 12 1549 28 486 12 
143 