Subject: 269 67261 
15 3269 229 77 3077 1032 38 2937 
419 5247 28 20787 34 5895 38614 21 67262 925 12 
106 38 83 34 38 90 19653 15 13271 2329 150 204 45 53380 150 204 45 8875 150 204 347 837 16917 3269 45 38423 15 314 2003 8198 347 291 1354 138 
3305 9 20814 460 45 483 53431 2168 45 
17 28 56854 31 195 12 
1878 49 28 8198 16559 38 6186 
72 38 164 70 38679 306 9 772 127 38861 17 8 9 4781 31 67263 31 2596 4 28 2018 38 164 8956 9 3269 4 45 38 48796 12 
130 38 83 45 35806 36308 16318 45 2867 17 1844 12688 21 294 36232 34 8 12086 12157 347 2596 45 274 86 26 8 34 4601 31 358 12 
85 386 4 28 35331 369 193 1370 2660 38 35 4702 49 34 48831 3372 45 347 2482 15 3269 21 15 17103 17 6047 28 5695 17 5686 34 15 1162 17 12157 6186 12 
2473 926 68 548 138 38 8119 308 5827 2189 45 347 564 9 955 31 6058 125 15 115 3372 12 38 128 38 3269 371 109 2261 17 548 2596 193 
28 3269 46285 74 670 2492 7924 37 21 48796 49 17388 16559 17 2901 13538 45 1427 35195 3192 28 12754 34 12121 37 125 357 536 483 12 
3269 17496 17 1824 14385 18 77 1866 4 305 179 870 74 35806 17 757 12969 74 28 8119 12 670 2050 317 176 14385 2564 28 37020 291 3031 12 670 176 1148 9 3269 2669 109 53679 38861 358 45 48279 70 1824 3826 13336 2050 56785 12 
359 208 124 4224 3192 12 
41719 50078 12 
1324 648 143 25312 143 6557 143 65438 21 128 15 38861 1370 2660 193 193 193 
1324 952 954 9 517 45 248 2660 9 1867 45 1141 
54586 17 3380 12 
49 2354 149 306 2354 