Subject: 1 2 936 109 9121 549 4649 384 138 
4425 577 12 
194 45 419 187 77 47 1891 21 1125 670 548 109 4649 4 28 
331 31 936 38 2214 4 15 817 12 419 2937 419 8 869 7898 
2406 4 1527 31 39604 45 8807 7895 45 572 31 
215 37918 143 9593 219 9518 17 515 419 1324 231 1353 143 4 143 28 143 39067 231 3 12 
39605 45 670 4282 143 371 8807 45 124 576 4 4099 21 1285 36904 31 
35775 31 13689 9 517 23 670 8238 573 2445 12 443 13689 164 12439 
21 12440 31 1202 765 28 1971 4 9139 1519 306 1312 573 8948 4 
35340 4046 6215 12 419 8 359 1021 3197 39606 1333 17 
9121 277 31 670 408 12 419 8 9 10248 49 2506 7284 45 306 1513 
7284 17 6522 7284 130 13156 12 
143 143 18441 
577 4203 101 2 
41 4425 8151 143 109 9 817 1846 21 132 272 626 45 7 150 282 991 
41 2390 9 936 109 9121 549 4649 384 4 
41 7284 12 508 347 195 2495 187 77 109 9121 384 489 1032 
41 9256 1086 45 306 28 2195 31 39607 28 13538 31 
41 1238 1162 67 549 4649 12 
41 
41 68 3091 445 187 548 72 161 150 204 
41 648 219 9 4093 140 31 255 8161 21 1844 2495 306 39606 
41 1333 17 9121 277 31 769 384 12 215 450 132 272 
41 626 49 2230 31 277 12 219 
41 144 219 9 4093 140 31 255 1891 4 4024 1510 2495 12 
41 
41 259 45 72 38 3196 77 1891 4 222 9 936 45 90 38 273 
41 4203 302 1086 12 4250 12 1217 215 107 39598 302 1086 12 4250 12 1217 81 193 219 306 
41 28 235 430 2 
41 
41 648 12 187 1548 215 181 397 6463 397 359 219 2 
41 144 12 90 317 187 1844 39606 9121 1522 72 114 215 181 397 6463 397 359 219 2 
41 827 12 2902 49 515 382 21 774 143 9204 936 306 2 
41 
41 91 5679 49 774 143 1110 34 3078 21 188 164 2 
41 1513 7284 215 138 138 138 138 158 4784 1821 219 
41 1517 397 2133 397 39608 7284 215 11397 45 391 158 6284 644 143 848 45 7284 219 
41 2506 7284 215 1194 9365 45 391 158 6284 892 143 333 45 7284 219 
41 6522 7284 215 294 10982 45 391 158 13540 343 143 264 45 7284 219 
41 1517 7885 8131 7284 215 5919 9290 45 249 347 2955 7284 219 
41 38411 7284 215 4784 8021 45 1774 45 391 2088 138 158 4784 2955 138 219 
41 39609 7284 215 434 158 554 7284 138 219 
41 82 14 83 72 38 8 411 6842 12 
41 
41 1034 45 7327 