Subject: 450 515 9 1254 23653 972 217 12548 
4425 45 132 105 124 54392 12 91 31 132 17894 17 7 274 
7548 9 2298 2404 274 49 38 12 419 164 52789 1254 1010 
972 18443 148 49 9 502 92 17 435 21 2482 20 
109 28 1971 12 85 9 933 49 1897 12 
419 8 2 
824 54393 141 1156 35001 
824 53138 6230 3834 
824 1932 52708 2135 
824 17 259 48 959 193 193 193 193 193 193 193 193 193 193 193 193 193 193 193 193 193 193 
6460 487 21 450 653 41 
21 77 6617 653 41 
1050 2 397 397 54338 12 1217 397 5247 12 44819 
4425 45 132 105 124 54392 12 91 31 132 17894 17 7 274 
7548 9 2298 2404 274 49 38 12 419 164 52789 1254 1010 
972 18443 148 49 9 502 92 17 435 21 2482 20 
109 28 1971 12 85 9 933 49 1897 12 
419 8 2 
824 54393 141 1156 35001 
824 53138 6230 3834 
824 1932 52708 2135 
824 17 259 48 959 193 193 193 193 193 193 193 193 193 193 193 193 193 193 193 193 193 193 
6460 487 21 450 653 41 
21 77 6617 653 41 
1050 2 397 397 54338 12 1217 397 5247 12 44819 