Subject: 1 2 40255 
40256 40257 124 359 3806 4 4586 12 
7 207 107 837 5984 306 40255 397 144 45 259 7 35 150 440 93 2911 109 
515 124 2228 31 28 2229 161 12 
31 427 3 2950 125 28 1505 3 1524 45 
7 187 5855 1491 215 7327 40258 143 40258 302 40259 12 14 12 4598 12 1309 219 
540 124 9 2272 36286 34 7 83 124 371 12492 109 91 
31 40256 150 204 2568 158 40260 397 144 215 40261 40262 45 40262 302 851 12 4598 12 1309 219 540 
124 9 6552 2691 839 1938 91 31 28 310 
2568 158 40263 215 40264 40265 45 40265 302 851 12 4598 12 1309 219 540 124 9 
6552 2691 839 34 38113 36763 4 
2514 2691 12 
130 49 28 1359 3261 45 7 18 8 9 933 23 20 91 
92 45 251 1450 34 7 207 28 1457 160 21 37453 20 12 
143 38161 