Subject: 10 1032 53016 45 17 13388 193 193 
54465 7380 15 8360 2261 193 
20 150 204 4365 45 20 150 204 9 1422 45 17 20 150 204 13388 193 
6363 17 8016 31 195 9038 369 8 28 9650 1422 193 
28 4118 648 96 18432 1876 3471 195 2233 54466 4 8873 193 
670 8366 124 70 195 2233 53017 13511 34 124 13388 21 7207 15 37793 7895 193 
38 150 587 77 231 4 28 18582 231 959 1394 17 7952 8360 19798 45 14444 45 17 21 28 54127 2613 12 
670 8366 35 93 1022 28 39784 1457 182 4 15 10827 193 
21 2188 959 17 21 85 13350 31 670 818 3359 1981 670 3979 1905 193 
21 77 6617 13 70 273 21 2 
2723 2 54467 1529 302 53765 12 1217 
306 5247 4 28 627 1479 12 
54468 
54469 
54468 
824 824 824 824 824 824 824 824 824 824 824 824 824 
824 824 824 824 824 824 824 824 824 824 824 824 824 