Subject: 12 7482 
41 41 419 150 587 77 1011 21 40149 38 306 9 39 31 40150 130 124 45 359 40151 45 
41 41 359 1922 12 
41 
41 926 68 2173 34 40150 124 1449 1389 1136 45 347 34 20 58 274 
41 205 2893 40159 138 
13494 4 2585 12 20 150 204 9 1086 839 12 4518 7133 45 
409 12 164 3559 869 45 17 9874 58 93 9570 9 87 21 2743 20 
49 757 12 
41 72 38 482 21 572 3583 45 38 35 3583 21 2065 12 791 12 438 12 827 17 6825 9 
41 294 2422 1389 397 17010 12 7 18 111 5383 20 964 125 161 12 
41 274 82 14 83 179 38 220 20 45 86 7 777 91 1440 306 20 40160 12 
41 602 38 35 572 240 143 628 12 
20 150 204 52 40150 12 7204 12 5149 1389 397 17010 12 
41 7 150 587 2666 1510 373 451 328 12 46 38 12 
41 74 28 185 45 515 164 38 1960 109 138 
28 9605 31 28 2397 31 865 2230 109 3 45 
3548 1846 21 1742 863 45 226 161 124 359 185 21 
5697 34 38 36 9 2364 2397 31 865 
2230 12 
41 7 8 2666 9 140 31 451 109 40161 45 1141 40092 150 204 546 
41 451 17 40096 150 204 6827 31 1505 2272 568 25729 12 26 164 
41 959 1891 3320 109 28 4218 1359 31 3 1402 
41 4786 31 1920 45 489 1032 28 3348 1359 31 2003 
41 1362 21 3 12 
194 45 251 20 150 204 107 477 2603 21 14 2473 38 3565 28 3348 
1359 31 3 308 564 921 61 28 40162 
1359 12 9 839 34 2199 8214 306 28 140 31 2230 
251 926 40163 3 124 1449 9 40163 839 2 143 219 3545 45 7 2937 
39775 23 91 776 19407 28 1359 31 40150 21 77 322 215 22446 219 177 
1241 124 28 140 31 2230 45 741 9666 45 17 282 9706 2606 9965 12 
502 1980 193 
824 38161 40148 824 502 4070 124 208 31 1510 40157 34 824 
824 40148 302 851 12 4598 12 1309 824 12958 21 77 40158 12 143 5141 824 
