Subject: 1642 1082 
1760 45 98 45 1230 45 
46 38 195 49 6042 14 21 436 4 1642 150 1082 12 7 47 48 6043 
132 92 23 28 127 45 17 4 1013 193 28 1841 1948 112 47 6044 
1853 45 17 28 605 31 4569 1511 306 1139 4077 9 356 143 143 7 83 
34 7 4705 91 530 3385 125 28 1511 12 
82 150 204 3799 4 4244 173 670 6045 1957 4 3 17 28 
549 573 12 4 279 38 150 1 1891 45 670 508 427 451 164 1357 23 
1051 12 851 12 2497 12 1309 397 763 6046 12 
81 82 14 83 72 184 31 38 36 9 5491 21 1981 28 1200 12 204 12 72 259 45 7 150 587 
6047 34 38 6048 1897 1461 6049 259 7 35 2482 38 559 2497 12 
96 97 45 
2957 