Subject: 1 2 138 
4425 4962 45 
2473 124 20 985 3192 161 215 4 28 7785 219 138 
8 38 4080 21 5423 21 21292 17 8519 138 7 2937 26 164 1404 673 17 
1011 21 95 38 72 39959 12 1074 769 34542 2587 164 2 21292 17 
39954 12 
72 68 124 107 1349 4618 38426 29464 158 68 124 28 1329 3 
2187 2141 61 17 1315 255 34542 161 5820 517 12 874 45 
28863 18 2666 17 482 21 270 15 5417 12 
67 15 95 306 28 935 10099 591 192 12 3835 45 7 220 107 
83 2473 21 34542 21 34 1329 4 9835 17 65 2473 21 8382 
456 8189 222 130 4085 18579 45 39960 7203 409 12 
7 187 94 72 38 13 14 9 2974 13853 125 28 776 4 92 
179 38 3042 125 15 7214 61 12 177 106 38 93 2188 67 
39961 138 7 114 255 4 132 176 17 26 220 107 83 2473 12 
1034 
39849 