Subject: 
3628 1298 39891 
4964 705 9225 6448 4820 1726 1676 684 4406 1713 39831 12 
3652 3654 39892 1755 18840 3293 746 5145 4793 1194 39893 
718 39894 39895 12 3071 39896 18150 11101 4395 39897 
39898 20340 45 687 4823 4805 39899 1194 39900 
39901 215 1696 21 8731 3293 219 746 39902 3014 2783 4871 39897 
1291 20340 45 746 3293 746 39903 714 39904 4805 4382 21 8875 
897 215 700 144 4793 1446 92 1696 1755 3289 734 39905 14 21 
39906 39907 219 746 1645 21 39908 687 14375 12 215 3293 7 39909 
4793 5311 14644 746 39806 14375 219 12 1312 4380 1645 5203 
707 17034 3014 1645 21 18642 8642 3115 695 687 3717 
3069 705 3654 3718 39810 746 1645 39910 39911 12 
732 39817 700 15081 17035 12 70 4930 3710 684 1298 11160 
1291 39912 39913 12 732 39914 1755 39820 143 39821 2047 
1048 31 39915 39916 45 746 39917 898 17034 684 
732 39918 14 2089 1506 70 746 705 1776 4833 12 
734 39919 714 1676 21309 6669 1676 5092 39823 4820 3289 45 707 684 
39920 70 5092 5939 18141 14 21 14639 15533 397 14821 45 746 39921 
14 1291 5440 39922 39923 746 4833 39818 14 21 39924 898 
4387 3654 3654 39823 1194 39925 746 8505 4793 898 39926 
39927 215 21 4387 746 39928 6446 39908 707 684 39929 1656 
39809 1676 897 19038 746 684 39930 1755 18840 12 
4907 684 4406 734 39931 14 1656 39932 897 3014 7 39830 14 39831 3293 
700 714 39933 3143 39934 45 746 715 700 4468 7 39935 39936 
39937 4820 19166 17549 12 
1298 6514 3742 6409 215 4380 1645 17237 3289 240 158 3652 705 3710 219 
746 39938 322 39939 4936 12 
6504 4485 
2502 12 913 12 39940 39941 7 39942 1298 12 6725 684 8560 1656 5594 1298 1656 4395 39 
746 1656 3648 734 17032 39943 39944 12 4907 684 4406 734 39945 
1676 39946 21 7522 1298 12 