Subject: 7954 18571 6165 86 38 220 107 8 9 17505 9802 12 
7207 6165 49 28 19442 3206 20776 306 1058 1059 473 
38 35 77 2334 1058 12143 1370 848 2660 193 
502 1058 397 984 1058 397 359 1021 193 193 1082 3471 2382 193 
1036 578 31 392 29116 12 1529 317 1158 4322 432 143 964 578 31 392 16927 12 1529 5494 193 193 215 40285 4244 143 12456 8673 219 
419 53395 4 38605 45 3314 143 371 45 23352 150 204 45 1484 3199 45 17 294 3602 34 187 508 7877 77 47911 74 411 37448 193 
1324 369 215 41409 143 298 219 648 143 21884 143 4111 143 66916 
953 3357 1058 12143 138 
648 12 591 1971 3602 18 7207 6165 964 21 4171 3471 193 
144 12 1030 1379 21 15 483 193 
827 12 359 959 31 45 231 28 4190 4 28 628 231 12 
644 12 4158 8161 21 12543 959 392 392 392 193 
729 12 959 13579 49 15 1166 12 
448 12 9504 109 28 53473 49159 193 
9903 1833 
11204 22274 1058 2382 
11204 16319 1342 143 92 2401 109 15 3981 12 
11204 432 143 964 17 11613 388 5494 193 
11204 5920 17 3837 347 1237 1357 49 574 193 
11204 7748 15198 347 1876 3471 5810 61822 22274 63 8722 1416 1357 193 
11204 4162 4222 130 2620 130 648 12 783 3471 193 
11204 419 63 38 392 6240 12 1529 49 5820 160 38 459 434 49 574 193 
824 824 824 824 824 824 824 824 824 824 824 824 12447 369 17 63 359 432 143 964 347 11613 578 824 824 824 824 824 824 824 824 824 824 824 824 824 824 
21 8 9 2364 66 38 1324 648 143 21884 143 4111 143 66916 
68 3359 445 49 1200 12 204 12 16569 45 347 66917 306 9 2432 8138 4118 17 1200 12 204 12 400 9802 12 
5247 53279 648 302 14096 12 1217 