Subject: 670 10656 18 2482 38 2473 21 2111 11614 
8438 2473 9 3547 1992 10656 54843 35 481 38 11614 12 
54065 255 17 1025 8 205 568 443 2950 49 39166 21 481 
729 45 848 347 837 639 225 959 109 769 36177 1032 28 4180 52749 12 
861 499 515 26 439 150 440 482 38 21 83 12 
419 8 17 419 164 8161 21 12511 38 193 38 35 220 68 386 143 92 45 1446 
92 347 536 92 12 
419 18 2349 38 306 3212 38 87 21 481 48719 52963 4 
68 54137 3264 12 419 8 38066 35775 31 6205 45 274 435 
1897 45 2473 21 12559 921 68 54137 18489 10160 12 591 31 670 1202 
8 18566 769 5373 17 369 548 445 49 7997 193 
72 45 17 445 72 45 38 164 1027 21 2188 45 9429 45 17 1027 21 36588 4 
1897 45 2858 1981 670 2404 17 6392 499 1893 486 12 
6460 487 21 1981 434 369 1050 2 397 397 7107 12 12648 12 6555 12 1968 397 67539 144 
195 3347 2575 1541 15547 12 
21 77 6617 125 28 133 149 21 2 
67540 302 39508 12 1217 
306 231 67541 231 4 28 627 1479 
8438 2473 9 3547 1992 10656 54843 35 481 38 11614 12 
54065 255 17 1025 8 205 568 443 2950 49 39166 21 481 
729 45 848 347 837 639 225 959 109 769 36177 1032 28 4180 52749 12 
861 499 515 26 439 150 440 482 38 21 83 12 