Subject: 1237 2 9639 215 7897 1710 8807 219 49 8694 1257 641 397 5151 12 
42 195 45 
487 2915 124 28 1083 31 9 294 839 49 2345 1710 
4649 125 17384 1738 12 
331 97 45 
3449 
9639 215 7897 1710 8807 219 
30 648 12 0 215 36159 219 49 53 8694 1257 641 397 5151 
68 124 21 377 28 6466 31 9639 215 7897 1710 
8807 219 30 648 12 0 215 36159 219 49 53 8694 1257 641 397 5151 12 9639 124 
9 1710 2345 8807 159 21 3904 17384 
1738 306 359 7902 67 28 3087 573 12942 12 
28 1119 9115 31 9639 164 2 
143 2598 31 9582 11107 9308 125 
17384 573 12 
143 8876 2416 2526 12 
143 2346 7138 12 
143 3271 31 17384 753 306 359 7902 67 28 
3087 573 12942 12 
143 9 4321 7893 13977 413 12 
143 1443 2107 31 2189 17 9666 125 573 12 
143 941 143 21 143 572 41058 5322 12 
143 109 6613 760 8812 95 12 
9639 30 648 12 0 215 36159 219 1432 53 8694 1257 641 397 5151 45 142 6110 1594 
215 6817 6110 2350 219 17 848 6110 31 298 19855 1462 12 
9639 112 2030 74 28 1710 1162 1706 2141 
31 28 3558 176 45 1620 1621 45 17 20 124 1357 
125 1050 2 397 397 41059 12 3558 12 853 12 590 397 1959 397 39262 12 9639 124 2475 
298 31 299 49 10741 17 1086 2870 445 12 
3449 35258 
1162 7634 245 
28 3558 176 
1050 2 397 397 41059 12 3558 12 853 12 590 397 255 397 3449 