Subject: 39988 
98 45 
7 273 38 28 39863 1170 3586 49 39988 12 20 18 3078 4 2041 3510 4 9 
17362 2968 1519 12 274 6482 28 4441 4 28 429 386 
21 6140 28 2422 31 6215 12 7 207 4177 34 38 8 28 6496 408 45 21 2698 9 9728 2939 540 38 35 111 3990 12 215 38 229 87 9728 144 3054 21 2698 1552 12 219 72 38 7949 8 6496 45 7 35 274 273 38 28 1552 
2939 12 12 12 12 82 14 83 12 
7 18 19 28 39988 215 308 39863 219 130 1028 130 7 35 9699 499 70 
516 5705 215 1370 28 997 373 2660 219 12 
28 39863 30 31 39988 124 9278 91 538 215 130 164 195 28 
29464 1708 219 17 84 77 4 9 838 486 74 28 75 31 1551 12 12 12 72 38 
35 4293 3928 111 45 34 187 77 96 12 72 107 7 35 273 20 45 251 28 
40063 215 2194 1162 1163 2234 219 45 540 195 28 29464 
1708 2666 17 3047 124 17384 12 
118 49 28 523 98 45 
502 1980 45 
10390 12 