Subject: 9121 549 4649 384 2 1836 
4425 8151 143 477 9 2351 255 213 164 2692 347 916 9121 
549 4649 384 215 240 12 913 12 8800 45 39599 45 
11488 45 12 12 12 384 219 8 2020 39598 68 1209 12 7 150 151 435 21 
2574 184 31 38 213 8 39600 3385 38 35 256 67 
15 408 21 417 9 1334 21 39598 12 
13719 3547 124 4 28 3558 2717 109 2473 549 
4649 124 576 39601 12 591 775 187 6582 21 
83 959 67 3385 435 2 
143 143 39602 34 384 1906 2181 
143 143 140 17 7814 31 2189 3904 
143 143 441 31 865 573 1357 
143 143 64 21 63 255 6577 865 573 347 3615 2097 
143 143 2473 1394 294 2189 164 4077 45 347 2189 2671 769 2107 
143 143 1467 2585 255 109 515 8876 9 2743 7653 4 
143 143 1358 39603 31 218 3581 31 2912 408 3196 481 
143 143 2423 3191 38 150 938 275 21 77 2340 39601 
3949 21 156 164 1530 130 505 12 
7327 