Subject: 298 22375 193 317 298 16 7209 193 93 193 193 193 
298 22375 193 
298 16 7209 193 
49 38 193 193 193 93 193 193 193 
21 36 15 298 22375 193 
23 359 50099 45 6482 443 4572 4441 2 
648 12 521 21 28 1051 12 49830 12 1217 
2457 
1397 247 454 902 45 17 2964 49 28 
2612 22375 19450 23 28 96 6237 109 28 2298 12 
144 12 481 474 38 164 9 406 49830 12 1217 8424 12 72 38 164 107 779 406 45 38 1906 4292 21 48796 49 28 298 22375 193 12 
827 12 179 38 481 9 4781 15198 31 392 1535 12 1082 45 8066 66830 144 
4 28 52813 6126 397 52923 323 109 28 60521 455 31 28 35995 12 
644 12 38 18 83 34 28 52813 6126 1930 86 392 648 12 1529 18 77 37589 125 15 15198 12 
729 12 121 15 15198 45 49830 12 1217 18 13 38 70 273 306 9 52813 
6126 140 502 2098 9 298 22375 193 215 9713 392 639 219 23 49830 12 1217 12 
448 12 3210 66831 62565 17 2188 2473 21 36 373 959 
298 59344 193 
21 36 15 298 16 7209 193 
23 359 50099 45 6482 443 4572 4441 2 
648 12 521 21 1051 12 66832 12 1217 
144 12 6460 109 28 298 16 7209 2941 12 
827 12 6392 499 195 829 430 17 15 
580 18 3078 499 21 392 0 12 1529 215 833 392 648 12 1064 49 2977 219 
644 12 3210 66831 
62565 17 2188 2473 21 36 959 298 7203 193 193 
2416 2 19679 347 3826 2 
19679 2 392 646 143 2416 49 208 
1209 12 16849 
240 143 628 306 62565 193 
3826 2 392 390 143 2416 49 208 1209 12 445 502 49 28 429 3920 389 12 
16849 240 143 628 306 62565 193 17 5455 62565 215 429 3078 429 2443 12 222 130 2 
150 429 3920 62565 36 158 298 4559 150 12 219 158 9 4322 49 392 646 18 257 21 38 72 38 164 
220 107 2111 9 3826 1825 12 439 150 440 6402 45 
38 18 77 9 19679 1825 8808 12 
21 3210 2 81 481 4322 347 483 73 34918 21 66831 
17 628 21 2 158 
66831 62565 
321 12 322 12 323 66833 
66834 2481 45 3170 66835 
391 
515 3581 31 2529 18 7 
861 23 66831 62565 138 
1383 45 38 18 128 2529 49 
35299 45 157 47948 45 1617 9899 45 1061 45 2786 45 17 959 12 23 68 92 45 508 31 670 
62565 164 49 393 143 54414 49337 17 5115 14212 45 251 419 164 
1960 584 21 1121 54414 62565 21 66831 62565 1028 12 419 164 65 1960 584 21 20902 28 1326 17 140 31 411 2529 
1357 21 670 389 12 
5705 335 66831 45 11044 12 124 9 406 
1201 12 195 13124 5836 12 
68 626 124 102 4 10821 31 
28 294 240 143 628 580 2 
976 2625 12 2606 976 2625 45 7135 215 9 219 215 144 219 215 1219 219 31 204 12 
53012 45 
68 240 143 628 112 445 102 499 1319 12 
439 150 440 6402 67 509 212 208 12 