Subject: 1 2 14016 245 
41 641 12 11114 45 
41 4371 1162 125 1738 
41 8039 1086 358 359 12 12301 143 793 45 
41 1617 31 1610 1611 45 176 31 2014 45 7306 12 
68 124 132 2012 2016 1828 12 3385 14578 8 2111 972 143 39871 
314 12 17 20 112 2475 445 1370 28 1662 3274 487 12 2858 458 20 12 
41 641 12 11114 45 
41 39777 2 9 9319 873 1400 49 6475 20907 1946 45 
41 8039 1086 358 359 12 39778 45 
41 1617 31 1610 1611 45 176 31 2014 45 7348 12 
18 13 68 21 38 407 240 143 628 12 
41 2209 7 62 36 4579 31 28 235 358 1553 2 
41 
41 321 12 322 150 39872 45 
41 9 12615 244 31 1505 3 384 18068 336 321 17 619 827 
41 568 9 19539 143 75 9984 1021 45 
41 39873 172 143 144 45 
41 1225 340 1617 45 
41 176 31 4586 23 4587 143 4588 45 6316 
41 
41 90 38 2949 14 2473 7 35 861 20 138 
7 8 9 39 31 68 12 38 35 1553 3567 9 1981 487 347 240 143 628 315 322 150 39872 
215 39874 302 1309 12 35954 12 1052 219 21 36 9 358 39 12 
11113 