Subject: 38282 28 54136 17 9499 28 5045 18573 193 
68 124 9 648 92 133 
15 273 112 5927 130 4091 148 
21 481 959 18489 12 
187 38 85 499 1535 33456 21 2666 541 
72 1200 934 38 187 10666 15 483 4 28 
997 827 524 138 
20 124 37870 21 12440 31 255 5820 76 193 
143 7 35 9939 256 20 112 208 31 28 96 2431 31 132 2261 193 193 193 
143 4430 54220 120 193 
143 481 392 2405 143 392 5620 347 959 2606 76 125 3314 193 
143 21 861 499 2473 670 408 1930 2 
1324 670 41409 298 6255 140 
648 29128 143 67035 143 67036 68 124 9 298 1324 
5506 21 670 144 5889 626 
955 15 105 17 139 4118 
2489 2 3799 3314 306 28 599 193 
135 1209 13720 6608 13594 31 2487 193 
38 35 3042 499 4 15 43107 92 
548 386 92 347 548 964 21 1446 92 
72 38 482 21 193 
20 150 204 15 1166 193 
359 18432 
481 67037 298 1324 
29128 67035 143 67036 