Subject: 1534 31 28 1642 150 1082 781 637 
42 98 45 
7 482 21 46 38 120 49 28 465 6148 17 
7 467 38 502 3380 12 
5170 45 7 207 4 66 306 6149 3997 17 419 164 1413 21 481 9 
420 4 73 21 2706 28 1534 31 28 781 637 49 28 418 74 
2976 25 12 
21 68 2918 45 7 187 77 47 5693 21 38 72 38 90 13 14 28 
6150 500 12 
192 4 269 17 
120 8 9 6151 3380 12 
1034 45 
6152 
43 12 6153 6154 
6155 2062 2073 
5840 150 5841 5842 2062 5968 
407 240 12 5969 45 644 
7 143 6156 5968 284 
1068 12 2 141 2995 4711 6157 
51 2 141 2995 4711 6158 
240 143 628 2 6154 302 2062 12 3429 12 20 
2739 2 1050 2 397 397 3428 12 2062 12 3429 12 20 2 6159 397 255 397 6154 12 5051 
