Subject: 
125 2 1050 2 397 397 1051 12 38610 12 24 12 1309 397 514 397 13389 397 7925 138 105 653 45547 45548 
45547 
100 1193 12 45549 
1762 45 24 2022 49 1225 340 
38 164 109 1166 4 1089 12 38 6342 1897 
125 28 1841 45 521 45550 45 8140 499 15 35232 
17 672 20 21 66 17309 12 20 231 45551 231 28 
45552 143 34473 9527 45 36335 28 1430 5478 
36376 3519 45 17 3625 17309 4 294 3273 12 17309 150 204 
4 143 28 143 12754 1225 3940 12 38 2949 20 34 28 1324 
124 751 45 17 226 28 1329 65 34996 15 
35232 45 20 33293 28 2375 21 9548 45 177 
17309 45 19806 4 70 157 31 15 45553 45 124 44318 
306 28 1430 21642 12 28 12754 1329 31 34 157 45 
36642 34 28 9858 124 3558 45 17 371 109 70 
1447 5334 17309 2143 9 1209 2663 45 34997 
34 20 35 45554 1456 12 9 1405 143 13859 45 2261 143 2861 566 
31 1897 45555 109 28 12754 45 130 72 38 777 45556 
15 2032 1461 28 3558 9858 12 28 566 45557 542 
33705 12 
17309 45 213 90 8 56 45 231 521 497 231 17 38 150 151 4430 
8 205 28 45558 45 970 45 231 669 28771 12 2473 150 204 1089 138 231 
38 6384 34 70 3324 2404 49 15 1106 
157 58 45559 45 251 38 8 445 2041 954 21 
17012 20 12 17309 6057 17 970 45 231 45547 45 36 36488 45 
100 17 4626 12 231 28 1329 36335 28 429 373 407 
769 3314 2000 12 4626 124 11078 21 548 4 
10554 45 17 124 6572 407 104 11602 143 45560 
1225 12 
1370 33456 45 28 45547 1484 2158 9 16319 
231 9595 16923 231 49 443 3968 774 143 5890 12 130 26 
12416 45 26 256 3385 435 231 45547 45 36 14 28 4619 
34 3378 306 45561 150 204 122 626 67 373 524 
2663 45 231 347 231 36 195 28 2298 2377 38 35 109 68 294 
2404 12 231 23 28 75 31 28 1841 45 17309 970 45 231 419 150 587 220 20 45 
4606 7 450 70 2338 4 28 997 4087 12 231 214 3508 
2051 35232 21 28 3837 9712 231 45547 45 13 9 39 
31 195 28 3864 419 525 12 231 38 20776 21 432 964 
28 1538 12 
68 38753 2258 9 3860 45562 31 515 255 
18 77 159 21 220 306 45547 12 28 294 408 124 9 
1711 143 9881 7770 1086 2141 45 45563 4 
3514 306 670 9869 1610 1611 
2022 17 11032 74 13294 12 20 124 35337 
68 76 23 28 2022 150 204 667 902 45564 45565 
45566 12 45547 150 204 37599 2918 124 21 82 
255 220 959 74 312 982 12 20 926 259 1461 
2973 8223 143 1237 1127 34 11001 
2233 572 17 6222 1353 16615 12 
28 28913 9563 306 28 35232 608 45 9 6021 5035 
19646 34 45547 1369 6147 12 20 217 435 9 9041 
139 251 65 58 9 532 6613 45 9 1556 45 9 17186 
13215 45 70 45567 45568 45 17 9 1367 
1225 12 6133 49 9 45569 35422 386 6572 21 
542 45570 45 28 3509 13313 31 28 35232 164 
1237 45571 2 435 9 45572 45 28 12927 35 
2671 23 28 7929 31 9 657 45 125 9 9041 139 45 21 9 
373 143 185 19652 45 9 4559 45 9 45573 45 9 45574 1225 45 
9 12554 19646 17 959 12 
997 124 28 45575 608 19646 45 540 6163 28 
160 143 6194 45574 124 1462 143 6194 143 143 4 
28 157 12754 45 28 11602 45560 45 347 28 3314 45576 12 
45577 7710 28 310 10827 21 45578 130 220 
2168 45579 21 34812 143 143 26 45580 28 45578 45 
251 306 9736 11007 12816 45 574 2168 
17 1826 6604 12 591 45577 164 65 
6572 21 10040 17 37018 45 17 35 
874 5695 28 1044 34870 45 8136 9 51 
1329 17 2949 72 28 9858 124 3558 12 
28 1084 341 45 28 1241 608 1484 45 2113 195 
45547 10811 21 1320 411 17 21 28 423 150 204 
1504 45 17 2158 16319 8998 16922 
34 37237 17 13185 130 539 12 28 8000 
341 124 7565 143 12814 1237 45 12269 11688 
1370 45547 489 1032 2915 130 9 35052 5322 
347 9 9890 45581 12 1122 306 91 
4148 2608 4427 34 12856 45547 
1369 45 20 124 2134 49 1476 45547 2233 17 
941 21 572 12 
6214 443 2116 12463 1127 45 45547 65 
1128 2116 1170 1127 12 28 
1162 143 1379 341 2971 38 861 28 
430 38 87 45 4 15 2745 5984 185 45 1364 
15 2745 573 45 28 573 34 17894 2176 306 38 45 
17 28 13023 2377 143 45582 31 28 2298 12 28 1447 
341 7977 38 2949 28 1329 515 9668 
1353 548 20 84 45583 125 15 12798 17 
45584 143 143 49 3521 45 179 21 45554 38 12 28 
3514 341 2971 9 1524 548 1122 
74 45585 28 2411 17 8035 70 9292 
40135 31 1148 45 3864 45 17 15617 
38696 12 28 11481 341 34959 
45547 21 28 571 31 7558 1369 17 20 7896 
34 195 1237 124 2850 8808 21 195 
10811 179 294 6843 8 2111 1357 45 
4347 8 205 42038 45 347 1369 8 114 49 
294 9115 12 
306 45547 45 419 4018 9 294 2343 2 28 
1329 13191 31 28 9502 9323 419 2940 
67 12 306 68 2690 45 28 45578 35 15556 28 
9502 9323 21 540 26 164 12734 45 35 352 
37 21 220 1368 1950 109 670 1842 45 17 35 1211 
1369 306 231 641 143 17701 231 5566 45 74 45586 1329 
6 1846 21 443 10811 6125 28 9502 
4074 34 419 450 143 143 49 3521 9 110 31 28 3544 
34 85 198 9586 70 157 9858 12 72 670 28892 
3078 6548 45 45547 18 3451 130 3986 9 5833 125 
328 150 204 297 143 8147 12120 130 28 3512 106 45 179 429 
6200 12 74 38540 28 1353 9591 31 294 
341 45 45547 84 2574 1036 
7917 17 1369 21 33643 2000 12505 1353 
571 45 489 1032 28 411 185 559 12 
66 2 
38610 3682 157 
24 2022 31 1225 340 
3682 302 38610 12 24 12 1309 
4014 12 4101 12 45587 