Subject: 11416 54885 
39384 2743 
28 235 626 112 102 21 38 130 70 44129 143 4 4183 21 44129 143 4129 143 391 12 
419 18 7227 21 1121 38 4223 2529 109 28 3867 17 1184 34 
1543 38 508 12 72 38 467 21 9253 81 6460 487 2 9253 
221 463 138 36 3940 193 1981 54886 17 36 
48719 11416 54885 34987 193 
6460 
487 21 4322 20 499 193 
38 35 450 914 670 54887 130 38 16825 306 37 11416 45 
306 359 2606 5889 10945 193 833 45 38 36 4 143 4200 14023 16849 54888 45 
2901 54889 10434 45 6582 3261 45 54890 34987 45 38048 36790 
17 48 959 193 
6460 
487 21 4322 20 499 193 