Subject: 6482 14 55728 
669 193 
6482 14 21 4561 3389 193 193 
7 207 148 49 255 306 9 502 548 54128 17 70 19735 9987 21 
19653 23 1557 392 848 45 1857 2606 76 1960 125 3314 193 
359 818 12157 347 2596 1403 45 419 18 1844 38 195 28 865 17 
2901 1947 38 18 87 21 7812 15 2487 193 
68 13271 3314 143 371 18489 1129 35 1022 38 182 4 1740 31 
15 92 45 15 16063 45 17 15 2261 193 
72 38 8 4080 411 4787 4 28 1335 34 8 13346 21 11416 964 
769 12278 45 68 124 218 1032 2423 3191 38 150 938 3870 193 
68 124 107 9 36 11614 4553 2398 193 
15 4561 1335 926 107 8 21 77 15 4561 460 193 
1324 445 72 38 164 5648 193 
648 143 6255 143 54205 143 55729 
439 150 440 521 21 18509 308 49946 21 68 193 
231 195 670 28892 35 3078 6548 143 72 419 8 28 19633 21 10880 37 231 143 55730 
55731 
46 38 49 15 92 17 8 9 14171 517 193 
72 68 273 58 3386 38 4 1409 17 38 467 21 77 6617 125 670 133 
110 81 13 15 5247 3214 21 2 55732 302 55733 12 1217 