Subject: 1 2 45628 
448 5530 248 5530 248 45629 248 1193 1257 141 1241 141 248 41919 1257 45630 653 125 143 332 334 892 636 2 667 2 246 335 
611 143 612 2 1244 
293 2 215 125 1244 302 614 219 74 615 215 616 143 617 12 448 397 617 12 448 12 618 219 619 1964 45631 49 613 158 332 45 892 334 335 636 2 454 2 1254 141 339 
293 2 125 628 12 45632 12 2465 215 628 12 45632 12 2465 470 7547 12 6256 12 9547 12 24898 472 219 74 615 215 616 143 617 12 448 397 617 12 448 12 618 219 306 1251 619 844 45633 49 158 332 45 892 334 335 847 2 1529 2 135 141 339 
293 2 125 35596 215 470 7547 12 6256 12 5365 12 10928 472 219 
74 628 12 45632 12 2465 215 617 12 1257 12 144 397 617 12 1257 12 144 219 306 1793 619 3227 45634 
49 158 622 45 512 334 335 618 2 618 2 3080 141 339 215 633 219 
626 143 619 2 
641 143 183 2 28982 302 45635 12 45632 12 2465 215 45636 219 
641 143 642 2 8694 4090 2778 30 144 12 144 215 142 219 
647 143 30 2 648 12 0 
649 143 650 2 549 397 651 158 652 653 231 434 143 654 231 
632 2 622 45 512 334 335 618 2 336 2 1973 141 339 
21 2 1244 302 1243 12 1265 12 1266 143 440 12 350 
125 2 28982 
627 2 3514 
183 2 1244 
649 143 447 2 45637 
659 2 
641 143 661 143 659 2 4056 
641 143 661 143 659 144 2 663 
641 143 664 2 665 1269 1270 9 45638 
42 315 12 3945 151 12 1222 193 
236 1118 124 148 49 2483 3830 49 
3514 4 28 235 1527 2 
143 20 143 1597 49 4561 1153 215 1012 49 8381 219 
143 8213 17 20 143 1597 4 45639 9114 12 
1118 3552 8448 125 1331 45 590 45 28 351 
17 2467 215 208 31 28 45640 6538 219 12 
369 419 164 3869 4 21 1959 1113 74 1773 17 164 985 21 
1549 294 2403 1389 729 902 1085 1116 
90 38 347 91 125 15 1433 8448 90 77 
1891 4 3514 138 
419 164 148 21 4024 125 38 
331 97 
45641 45642 
2084 
28982 430 1127 397 45643 
45644 4671 12 147 
139 2 141 9023 143 45645 
51 2 141 9023 143 144 143 45646 
240 143 628 2 28982 302 45647 12 2465 
