Subject: 85 13350 31 18800 1543 4222 193 
9 2 54266 6834 
4097 2 4118 5676 4122 
6835 
72 38 187 435 21 77 6617 
125 460 8364 45 81 149 306 28 2744 5247 4 28 627 347 1324 
21884 143 42511 143 55439 12 
82 53044 
38221 49 
15 
1166 193 
6460 487 
5634 
182 53387 
359 37785 144 380 14030 53386 
19605 52824 
359 18489 17496 
28 508 14040 1543 4222 193 
6392 4 670 4553 
1405 143 13259 486 17 38 
18 36 49308 3921 2529 45 
1394 
1370 1614 125 964 21 754 53044 193 
6460 487 
161 124 
4430 
184 578 21 11475 49 568 68 504 12 
5705 335 143 7284 55440 3199 45 11044 12 
21884 143 42511 143 55439 
68 124 107 9 44353 347 3359 21 7996 483 12 
55440 3199 124 107 9 53428 45 15346 347 
411 4561 14035 12 419 164 9 3199 425 
34 1128 1184 21 28 36233 1347 12 