Subject: 14204 49 8873 143 20 150 204 15 5491 21 95 12 
824 653 827 151 824 653 827 151 824 653 827 151 824 653 827 151 824 653 827 151 824 653 827 151 824 653 827 151 824 653 827 151 824 653 827 151 824 653 827 151 824 653 827 151 824 653 827 151 824 653 827 151 824 653 827 151 
8811 14204 49 8873 
824 653 827 151 824 653 827 151 824 653 827 151 824 653 827 151 824 653 827 151 824 653 827 151 824 653 827 151 824 653 827 151 824 653 827 151 824 653 827 151 824 653 827 151 824 653 827 151 824 653 827 151 824 653 827 151 
14204 49 8873 653 827 151 41 
1050 2 397 397 6460 12 42054 12 1217 397 54858 12 45863 12 0 12 24210 
231 419 2892 34 255 164 3554 502 231 
231 419 2892 34 8139 58 541 21 2897 231 
143 42054 1132 9706 
28 260 109 8139 150 204 188 124 2 2473 35 7 95 138 34 150 204 953 45 23 28 11 31 294 3273 43813 98 54859 17 294 3273 5913 28789 21074 54860 45 42054 58 7548 14204 49 8873 306 28 2195 31 5044 392 1876 9881 4 1876 2660 12 
38 8 9 4160 1129 21 9939 481 9 2923 12 81 1424 54861 17 15 18512 45 17 861 70 3816 38 35 110 109 1842 31 68 2340 2954 12 42054 18 53396 195 13380 17 838 6567 388 45 74 54862 53419 49 195 14204 49 8873 17389 12 
42054 112 12269 109 28 2140 31 9 2159 1132 12 670 1132 124 369 5826 28 1324 49 95 17 419 87 15 1947 12 81 1981 670 14204 49 8873 430 449 21 2188 959 12 
653 827 151 41 1050 2 397 397 6460 12 42054 12 1217 397 54858 12 45863 12 0 12 24210 
515 35 38 220 138 
1981 28 2113 1905 21 436 2 
3616 70 3816 653 827 151 41 1050 2 397 397 6460 12 42054 12 1217 397 54858 12 45863 12 0 12 37008 
7690 70 3816 653 827 151 41 1050 2 397 397 6460 12 42054 12 1217 397 54858 12 45863 12 0 12 28922 
54571 5634 653 827 151 41 1050 2 397 397 6460 12 42054 12 1217 397 54858 12 45863 12 0 12 54863 
515 35 38 3616 138 
85 9 5499 21 15 54864 347 37518 12 38 164 12096 21 861 9991 31 3897 45 1141 21175 14202 45 34 416 1225 45 49468 45 422 347 837 977 1209 150 204 2786 12 
21 861 499 959 67 18432 45 85 42054 150 204 231 2473 21 3616 231 11282 12 
653 827 151 653 827 151 41 1050 2 397 397 6460 12 42054 12 1217 397 54858 12 45863 12 0 12 54865 
824 653 827 151 824 653 827 151 824 653 827 151 824 653 827 151 824 653 827 151 824 653 827 151 824 653 827 151 824 653 827 151 824 653 827 151 824 653 827 151 824 653 827 151 824 653 827 151 824 653 827 151 824 653 827 151 824 653 827 151 824 653 827 151 824 653 827 151 
95 11943 28 2744 193 
81 19 68 273 21 2622 148 49 9 185 21 95 12 
824 653 827 151 824 653 827 151 824 653 827 151 824 653 827 151 824 653 827 151 824 653 827 151 824 653 827 151 824 653 827 151 824 653 827 151 824 653 827 151 824 653 827 151 824 653 827 151 824 653 827 151 824 653 827 151 824 653 827 151 824 653 827 151 824 653 827 151 
42054 150 204 10498 
1876 3471 31 28 54572 125 28 49196 31 14204 49 8873 17389 18 521 21 28 20480 45 769 4360 17 28 1182 10456 12 
933 49 28 3908 43616 6462 21 7812 34 28 54572 2489 28 247 336 902 3599 45 54866 54867 3599 45 28 294 3273 2228 423 8216 2445 7966 3599 17 28 1009 6614 4321 12 
824 653 827 151 824 653 827 151 824 653 827 151 824 653 827 151 824 653 827 151 824 653 827 151 824 653 827 151 824 653 827 151 824 653 827 151 824 653 827 151 824 653 827 151 824 653 827 151 824 653 827 151 824 653 827 151 
3607 3570 2 
8438 653 3356 45 9798 9799 653 3356 45 4578 653 3356 45 4632 653 3356 45 429 573 17505 1184 
824 653 827 151 824 653 827 151 824 653 827 151 824 653 827 151 824 653 827 151 824 653 827 151 824 653 827 151 824 653 827 151 824 653 827 151 824 653 827 151 824 653 827 151 824 653 827 151 824 653 827 151 824 653 827 151 
21 3612 28 2929 825 31 4747 45 54868 1906 3359 42054 6230 4188 74 54869 5991 15198 109 14204 49 8873 17389 12 
54868 35 3214 34 2977 875 77 484 74 49159 17 21 28 53419 1461 54869 12 53419 1366 222 130 54870 54871 17 53419 150 204 1454 369 1947 14204 49 8873 12 
824 653 827 151 824 653 827 151 824 653 827 151 824 653 827 151 824 653 827 151 824 653 827 151 824 653 827 151 824 653 827 151 824 653 827 151 824 653 827 151 824 653 827 151 824 653 827 151 824 653 827 151 824 653 827 151 
42054 102 68 240 143 628 21 38 86 15 1555 2902 54872 38 482 21 128 430 67 818 53766 45 2529 17 2578 12 38 164 4193 130 17272 617 302 54703 12 1217 12 
21 2671 15 1826 2902 45 521 21 653 827 151 653 827 151 41 
1050 2 397 397 6460 12 42054 12 1217 397 54858 12 45863 12 0 12 1249 
347 45 2858 149 21 68 240 143 628 306 9253 4 28 627 1479 12 81 817 34 20 229 85 964 21 135 2660 21 368 15 3214 12 1981 670 9657 3617 17 1170 1467 72 38 8 184 463 12 
521 21 9657 3617 653 827 151 653 827 151 41 
1050 2 397 397 6460 12 42054 12 1217 397 54858 12 45863 12 0 12 39433 
521 21 1170 1467 653 827 151 653 827 151 41 
1050 2 397 397 6460 12 42054 12 1217 397 54858 12 45863 12 0 12 2241 
5705 653 9 1257 7284 42054 11044 12 195 13124 5836 12 
2592 54873 17 19789 164 28 1189 31 769 8393 9622 12 42054 17 28 42054 2846 164 54873 31 42054 11044 12 