Subject: 33755 19695 6108 17 411 54919 12 12 12 
673 45 651 17 4572 12 12 12 20 1931 150 440 1384 72 38 482 21 36 9 7813 14217 231 772 231 45 
347 72 38 87 54920 397 54921 49 3999 3550 12 12 12 419 8 28 7203 49 38 193 
4 1166 49 765 1535 1010 45 419 1211 255 28 185 21 36 515 38 482 4 
9 1876 3471 14217 185 193 
18 107 2482 964 4 10046 54922 193 
53230 3806 17 2258 9 959 2233 231 772 231 193 
411 231 53017 52865 231 1357 109 670 2298 2404 12 12 12 
763 824 763 54466 763 824 763 763 824 763 53017 54923 763 824 763 
763 824 763 33755 19695 143 6108 763 824 763 763 824 763 54924 35333 763 824 763 
73 369 17 36 9 848 3471 4162 179 38 572 28 54925 1285 2 772 848 
4322 499 670 2298 2404 49 9 2974 34916 31 195 3867 1141 298 16317 193 
273 54926 302 53765 12 1217 306 28 4778 231 13 143 2404 231 4 28 627 
17 419 18 13 38 28 2298 2404 16 193 
347 
73 74 139 2 215 4014 219 25214 143 35645 
1167 2 
54927 12 7848 11128 12 392 785 12 1529 215 298 51336 219 
54927 144 12 0 11128 12 392 360 12 1529 215 298 51336 17 54928 54929 219 
411 6237 17 818 2529 1357 109 28 2298 2404 12 
482 21 77 6617 138 273 54926 302 53765 12 1217 306 28 2744 231 5247 231 17 38 18 77 6617 1457 497 193 