Subject: 941 54891 298 40135 
231 72 15 38 1383 572 9 54891 408 45 38 35 128 
35213 430 109 2473 21 7813 7954 54892 2895 45 10442 28 
408 7850 17 20685 1440 222 130 33453 27860 45 54893 45 46123 409 12 231 
38 35 2666 67 670 839 17 8366 23 2 
1050 2 397 397 7343 12 11626 12 7547 12 783 397 54894 397 397 
17 45 38 18 8 28 5491 21 9098 9 298 
1408 21 5615 28 11617 31 670 8366 12 
81 1981 670 2404 328 193 
21 77 6617 125 670 133 81 149 21 2 
54895 302 39508 12 1217 
306 231 54895 231 4 28 627 
231 72 15 38 1383 572 9 54891 408 45 38 35 128 
35213 430 109 2473 21 7813 7954 54892 2895 45 10442 28 
408 7850 17 20685 1440 222 130 33453 27860 45 54893 45 46123 409 12 231 
38 35 2666 67 670 839 17 8366 23 2 
1050 2 397 397 7343 12 11626 12 7547 12 783 397 54894 397 397 