Subject: 1 2 549 4649 308 44194 6345 
2743 215 16608 549 219 2527 308 44194 6345 112 208 
31 28 34961 3606 31 2532 1086 215 390 204 143 1250 204 219 109 1443 
430 1149 45 998 306 542 1515 45 6196 215 16608 2744 219 
4649 45 130 4 5788 12973 2691 12 161 112 9 
2375 306 28 1136 31 5788 4649 1362 4 
597 143 450 44217 17 44218 45 44219 17 44220 45 44221 45 44222 12 12 12 
215 7 8 107 2575 964 21 632 306 28 597 2527 2717 226 
28 3965 44223 2 591 1383 2033 1337 521 182 21 111 158 
161 164 65 91 959 427 17169 45 3918 18409 11236 17 5340 44224 45 
1708 49 2527 573 45 2154 45 540 7 7949 83 12 219 161 124 70 
12670 6311 110 109 28 2532 13584 548 4 132 817 4 5549 6522 
8437 646 215 648 219 45 7306 45 848 143 343 12 7132 2743 7712 6196 4649 
199 275 21 77 130 6238 49 13584 130 777 205 2697 45 5678 130 
597 143 2918 10811 12 12918 47 762 6580 2166 45 6133 74 28 
47 44225 1362 215 1371 12603 921 9 2205 140 31 2189 219 112 
9 3348 8363 12 161 58 205 91 44226 3918 12918 445 
38728 2743 397 6196 9313 12 161 58 65 45 306 28 5750 31 536 
10574 45 205 9 43340 13538 4 28 977 1336 31 2744 4649 
1370 28 3348 3948 1132 45 347 3198 489 
10264 143 4649 45 226 28 548 8802 9181 306 11037 
17 926 107 521 28 830 24121 148 49 2189 12 28 1388 421 124 515 
220 38 482 28 2189 824 49 824 12 38 8 21 8 1382 143 371 1172 12 
68 124 44227 4 35215 568 44194 2189 74 28 7902 
215 107 3559 2262 219 34 28 1481 2189 164 1368 49 769 2870 12 
208 5678 35 150 440 6132 161 164 2233 2189 34 18 44228 125 
28 573 12 215 28 1993 34 161 164 124 6117 86 255 6132 
34 4649 58 21 77 109 28 16572 1325 31 44229 
6109 12 219 38 35 85 9 432 31 218 45 195 17802 3324 17 
477 2196 2256 1157 45 1362 17 4702 37 21 28 310 7203 
17 36 218 1508 12 876 542 3559 9713 309 91 47 456 
44230 463 67 28 9508 486 31 4649 34 229 77 
516 49 15 1036 45 6471 45 84 20 77 44231 347 
44232 306 6177 21 1189 19350 74 8876 389 158 9135 
347 6045 306 6177 21 8876 2416 158 17 13153 215 3918 
2055 219 347 12746 306 6177 21 8876 8447 12 3940 21 
443 463 10055 21 477 218 1362 12 
7992 585 68 1931 150 440 270 15 3214 49 430 485 12 251 
20 229 95 4 44233 91 3128 1397 44234 109 91 35232 
12140 34 4091 2529 38 193 
36321 44235 10936 
36321 44235 10936 44236 
2084 31 385 17 430 1068 141 891 44237 44238 397 44239 
1225 2022 45 176 31 2046 51 141 891 44237 44240 
11456 19739 2692 45 21744 16510 1490 273 44241 302 4343 12 10360 12 853 12 590 
2046 4437 827 0 5599 45 6372 2298 
1051 12 4343 12 10360 12 853 12 590 397 1369 397 44242 
