Subject: 953 164 10525 17 3360 11600 15 96 36177 12 
72 38 6482 423 2578 45 38 181 83 34 28 6237 31 54705 
17 11600 11797 236 7198 17 54706 193 34 150 204 953 28 
3263 3264 230 765 848 3471 4 274 9 2351 2660 121 28 427 36226 
44023 12 
130 28 1200 12 204 12 48889 542 3793 45 54706 90 54707 837 840 4 
28 4605 5919 12 68 90 8 9 39168 4336 109 28 2349 31 10525 17 
3360 874 1356 13353 6237 12 72 68 6520 45 10525 17 3360 
3570 17 769 54708 90 77 49320 21 481 483 125 184 
80 9787 12 
34 150 204 953 591 255 3088 10525 17 3360 11600 107 274 9 990 
52748 4173 45 251 65 70 8381 7913 460 3264 
3387 12 
4 2001 45 591 10525 17 3360 11600 164 1383 18432 23 9 47 2620 321 397 240 
54709 193 259 45 837 72 28 80 31 10525 1931 150 440 54710 45 1510 3570 
229 1449 77 990 36177 12 
72 38 164 1891 4 357 430 67 46235 3570 
4 68 16457 81 3820 487 2 54711 648 302 54712 12 774 12 21658 
5247 3214 2 3519 3263 38458 54713 195 5247 54714 12 
72 38 8 293 68 2628 4 1409 347 2858 13521 21 77 6617 45 81 
19 68 273 21 2 54715 648 302 54712 12 774 12 21658 
2340 15545 2 68 273 3894 430 49 54716 2870 12 1389 359 
12911 124 20 21 77 576 347 2170 130 70 3359 21 3616 45 347 9 44353 
31 184 3359 21 7690 184 10820 125 3519 3263 38458 12 1427 28 430 13226 35805 58 205 
2008 125 4373 11610 21 77 7195 45 419 220 107 2427 34 20 124 1955 
347 2974 17 20 84 107 77 49297 6125 130 222 12 3519 3263 38458 926 107 2745 347 
4 184 185 8 1543 4 184 31 28 11600 54717 4 68 2628 12 