Subject: 653 138 1770 143 1771 143 248 138 167 138 6844 448 6845 144 1772 448 6846 729 6847 448 141 1269 1064 6848 827 6849 144 6850 0 6851 729 6852 653 653 138 653 
6853 6751 6854 6760 4309 6855 6856 12 6857 6858 6859 4318 6860 6861 6862 6863 6864 6865 
6866 4315 6867 6868 45 6869 6870 6871 6872 3182 
6795 4318 6772 6873 6874 6875 6864 6865 6866 6758 6876 4318 6877 45 4317 
6760 3173 6878 6879 3173 6880 6881 6882 3186 6883 12 6871 
6767 6774 6775 4318 6884 6885 4312 3182 6886 6887 6888 6889 3173 3183 
6890 6891 4318 6892 6893 6894 3173 6760 6895 6896 45 6897 6898 4318 6899 
6900 6774 6901 3834 3173 6769 12 
143 143 143 143 143 546 626 143 143 143 143 143 
125 2 98 99 
21 2 6902 158 1241 12 4011 302 2536 12 2537 12 350 
635 2 14 158 1230 1220 
632 2 2059 45 249 639 45 2405 144 2 843 640 
627 2 1 2 470 471 2 1 2 6903 936 1642 150 1082 472 
6904 3173 6904 6905 6906 45 
6907 6908 6909 6910 6911 3173 6912 6913 6914 4317 4311 6915 12 6751 
6916 
6917 45 6871 6918 6760 6913 2 
648 12 6919 6920 6921 6771 4318 6772 6922 143 6872 12 
144 12 6919 6920 3183 451 6758 936 6923 6788 6767 45 6870 3182 
6923 4315 6867 6924 45 6925 6926 3186 6927 4318 6928 358 12 
6929 6930 45 6931 3173 6932 6933 6934 6887 6904 215 6935 219 3182 6936 
3186 358 3175 3186 6937 2 
648 12 6754 6786 3186 3182 6760 4318 6938 4315 6939 143 6872 6940 3186 6941 
3173 6921 6942 6943 6944 6758 12 
144 12 6927 4318 6928 3185 3183 451 6758 936 45 4311 6945 6946 3182 6947 
6788 
6767 3173 6948 3186 6941 45 6949 6887 6950 45 6869 6921 
6951 4318 6952 6953 6760 6954 215 6955 6774 936 219 3173 6953 6956 4318 6957 12 
827 12 6907 4318 6958 6959 6934 6960 3182 6961 6854 3186 1519 3173 4311 6795 4318 6772 
6962 
6963 215 6927 4318 6964 219 6766 6965 6914 12 6751 6966 3186 6967 6906 
1519 6790 3182 6968 6773 3183 6969 12 6921 3186 6970 45 6971 6921 6795 4318 6958 
6972 6786 6789 6760 6973 2 143 219 
644 12 6974 4311 6975 6776 6975 6758 6976 215 6935 219 6909 6977 6978 4317 6760 
6979 2 3183 6980 6758 6759 6921 6789 6795 4318 6772 2080 12 6981 6790 
3182 6982 6786 6752 4312 6983 3173 6956 4318 6957 4312 6984 3173 6985 150 6854 
6921 6986 3182 6795 4318 6772 6987 3183 6980 12 6854 6760 6988 
6989 6774 6990 6991 6758 6759 45 4317 6992 4318 6993 6994 6980 12 
6751 4318 6995 45 6996 3182 6997 3186 6998 6934 3186 2080 6919 
6999 12 
4315 6867 4316 7000 4318 7001 4317 3186 7002 7003 3173 7004 
7005 7006 12 6921 7007 6934 4323 12 
3182 7008 6917 45 
6810 
6902 101 2 
41 
41 3187 45 
41 
41 6749 6812 3186 240 143 628 4317 7009 6934 6887 7010 6927 4318 6928 3185 6792 6757 6758 
41 7011 4317 
41 6789 7012 6774 6983 12 6751 6921 6795 4318 7013 7014 45 3173 3174 3175 
41 6945 3173 7015 
41 4317 7016 1511 3186 6795 4318 6772 7017 45 6789 7018 6917 3186 6883 3182 6795 4318 6993 
41 6943 6757 
41 358 12 3186 7019 6883 7020 7021 7022 215 7023 4317 
41 7024 3173 6774 
41 7025 219 6971 7026 3186 6788 7027 6943 6757 3173 7028 4311 12 
41 
41 7029 45 
41 7030 
41 
41 143 143 143 143 143 143 143 143 143 143 143 143 143 143 143 143 143 143 143 143 143 143 143 143 143 143 143 143 143 143 143 143 143 143 143 143 143 143 143 143 143 143 143 143 143 143 143 143 143 143 143 143 143 143 143 143 143 143 143 143 143 143 143 143 143 143 143 143 143 143 143 143 
143 143 143 143 143 143 143 143 
41 
41 627 2 1 2 6903 936 1642 150 1082 
41 632 2 622 45 639 607 2405 847 2 1764 2 639 141 624 
41 125 2 231 1241 12 282 12 4011 231 
41 21 2 231 6902 231 
41 
41 6904 7031 3182 7032 6917 12 7033 3186 6883 3173 6921 6795 4318 6958 7034 
41 7035 12 7036 6873 7037 7038 4318 7039 12 7040 6786 6795 4318 7013 
41 7041 6943 7042 4317 7043 4318 6899 7044 4318 7045 7046 215 6897 7019 6883 219 
41 7047 6939 143 6872 3173 6795 4318 6772 7048 6871 6767 6912 7049 
41 7050 12 6789 6749 7051 3185 7052 7053 3186 7054 6865 7044 4318 7055 4311 7056 
41 6919 7057 7058 12 6774 6883 4317 7043 4318 6899 7044 4318 7045 6962 45 7043 4318 6899 7059 6943 
41 6757 7060 7061 7062 7063 7064 6758 936 3173 6956 4318 6957 
41 6931 7065 7066 7067 7068 4309 7069 7070 6764 3182 7071 
6873 
41 7072 7073 3173 3182 7074 7075 7076 6774 7077 7078 45 
41 7079 7080 6789 7012 4315 6927 4318 6928 7081 6934 7082 7083 12 6907 7084 3175 
41 6760 7085 45 6869 4318 7086 6943 7087 3173 3185 6943 6757 7088 45 
41 4318 7089 7070 6943 7090 12 7091 7092 7093 4317 7016 6898 4318 6899 
936 
41 6774 1642 6795 4318 6772 7094 7070 6943 7042 4317 7095 12 6751 7096 7097 6751 
6764 
41 3182 7098 7070 4309 7044 4318 6776 12 7099 3185 4315 7100 4312 3186 7101 7102 12 
41 7029 
41 7030 7103 
41 143 143 143 143 143 143 143 143 143 143 143 143 143 143 143 143 143 143 143 143 143 143 143 143 143 143 143 143 143 143 143 143 143 143 143 143 143 143 143 143 143 143 143 143 143 143 143 143 143 143 143 143 143 143 143 143 143 143 143 143 143 143 143 143 143 143 143 143 143 143 143 143 143 143 
143 143 
41 143 143 143 143 143 143 143 143 143 143 143 143 143 143 143 143 143 143 143 143 143 143 143 143 143 143 143 143 143 143 143 143 143 143 
41 7104 4011 45 2329 2084 45 4729 17 1225 5543 12 3274 12 
41 176 31 2538 45 350 143 7105 7106 2538 45 268 
41 1068 141 454 143 215 0 219 7107 143 7108 51 7109 7110 
41 2739 2 1051 12 2536 12 2537 12 350 397 1945 397 7111 397 4011 12 5051 
41 143 143 143 143 143 143 143 143 143 143 143 143 143 143 143 143 143 143 143 143 143 143 143 143 143 143 143 143 143 143 143 143 143 143 143 143 143 143 143 143 143 143 143 143 143 143 143 143 143 143 143 143 143 143 143 143 143 143 143 143 143 143 143 143 143 143 143 143 143 143 143 143 143 143 
143 143 
41 143 143 143 143 143 143 143 143 143 143 143 143 143 143 143 143 143 143 143 143 143 143 143 143 143 143 143 143 143 143 143 143 143 143 143 
41 143 143 143 143 143 546 626 143 143 143 143 143 
41 125 2 6902 
41 21 2 1241 12 4011 302 2536 12 2537 12 350 
41 632 2 978 45 249 135 45 2405 644 2 1783 640 
41 627 2 6903 936 1642 150 1082 
41 
41 41 7112 6904 45 
41 41 
41 41 7113 45 7114 4309 7115 4317 6789 7116 6871 7117 6893 1511 
41 41 6758 1642 150 1082 12 7118 6934 7021 7035 4317 7078 7119 45 7120 6766 
41 41 7121 3173 6749 6812 6792 6903 4312 7101 322 12 741 12 
41 41 3185 7122 4318 7123 45 
41 41 7030 7124 
41 41 
41 41 321 12 204 12 4309 7125 4311 7126 215 6921 6795 4318 6772 7127 6871 7128 219 6760 4309 2 
41 41 6902 302 7129 12 350 
41 41 
41 
41 143 143 143 143 143 143 143 143 143 143 143 143 143 143 143 143 143 143 143 143 143 143 143 143 143 143 143 143 143 143 143 143 143 143 143 143 143 143 143 143 143 143 143 143 143 143 143 143 143 143 143 143 143 143 143 143 143 143 143 143 143 143 143 143 143 143 143 143 143 143 143 143 
143 143 143 143 143 143 143 143 
41 105 2 32 1775 1534 1775 2684 12 5607 
41 32 1775 1534 1775 2684 12 5607 650 2 6814 2939 215 1036 397 6815 219 
41 656 2 6816 6817 