Subject: 1 2 1642 1082 32 193 215 6747 219 
6748 6749 3187 12 
6750 45 6751 6752 4312 6753 358 45 6754 6755 12 6751 6756 4309 6757 6758 
6759 6760 6761 6762 3177 6763 3182 6764 3182 6765 6766 6767 3173 
6768 6769 215 6770 4318 12 6751 6771 4318 6772 6767 4312 6773 3183 451 6758 1642 150 1082 6774 
6775 6758 6759 6776 6777 6778 219 6779 6780 3182 6781 6782 6783 12 
6784 45 6785 6786 6787 215 6788 6212 219 6789 6790 3182 6791 6792 6793 
6794 6762 6773 3183 1537 3182 6795 4318 6772 3186 6796 1519 12 6797 45 6751 6766 6798 
6799 45 6800 150 6801 12 
6802 6803 45 
6804 
143 143 143 143 143 546 626 143 143 143 143 143 
125 2 98 99 470 2723 2 613 302 1243 12 320 12 350 472 
102 2 3079 45 247 1254 45 2405 617 2 638 640 
21 2 6805 302 2535 12 2536 12 2537 12 350 
635 2 14 158 1230 1220 
627 2 1 2 1642 1082 32 193 215 6747 219 
6806 45 
6807 6786 6790 3182 6771 4318 6772 6767 6808 451 6758 6809 936 158 
6810 
6811 6805 101 2 
41 
41 6748 6749 3187 12 
41 
41 6749 6812 3186 6813 358 12 
41 
41 6802 6803 45 
41 6804 
41 
41 143 143 143 143 143 143 143 143 143 143 143 143 143 143 143 143 143 143 143 143 143 143 143 143 143 143 143 143 143 143 143 143 143 143 143 143 143 143 143 143 143 143 143 143 143 143 143 143 143 143 143 143 143 143 143 143 143 143 143 143 143 143 143 143 143 143 143 143 143 143 143 143 
143 143 143 143 143 143 143 143 
41 105 2 6747 143 1642 12 5607 
41 6747 143 1642 12 5607 650 2 6814 2939 215 1036 397 6815 219 
41 656 2 6816 6817 