Subject: 6054 240 143 8443 2659 7895 17 6466 
669 2 
41354 1127 45 1051 12 55833 12 1217 45 124 9 4213 54697 31 1269 729 
536 143 3688 8057 9001 21168 12 41354 124 3358 9 639 3471 4162 109 195 
536 143 3688 9130 45 1442 12071 21168 49 28 47749 31 7284 12 
4 2001 45 49 1320 536 143 3688 9130 18431 45 41354 124 6390 392 9830 12 1529 
215 392 5665 49 9 12071 408 219 21 55834 12 226 419 1339 68 839 45 
249 648 45 7284 45 41354 58 6355 392 16897 12 1529 12 670 2195 124 21 2897 
392 848 45 1857 74 511 337 45 7284 12 34 124 70 881 31 638 536 143 3688 9130 
12071 384 12 259 369 124 28 92 21 15198 28 96 8057 55835 
109 28 3264 45 23 28 96 80 17 65 95 21 2897 21 1510 213 
230 259 48 109 247 336 45 7284 12 
28 536 143 3688 124 1351 21 1844 240 143 8443 17 240 143 1166 28 10820 31 
11891 34 1369 215 4158 219 164 4075 28 96 261 7895 
15 2298 2404 35 3359 45 195 28 92 12 28 536 143 3688 926 28 235 2 
648 12 8057 55836 1369 1495 195 1357 7279 17 769 561 
144 12 37669 5615 1320 2659 17 28 561 916 109 28 7279 
49 772 6466 45 819 17 7895 
827 12 2443 130 9 431 5531 5142 143 435 10820 45536 4 6059 31 
15 7279 
644 12 9780 34 9 1170 7212 21 28 2659 214 112 977 23 215 19665 55837 219 
729 12 1128 10405 47634 35372 574 
28 536 143 3688 12071 384 4782 9 1082 12 27655 3471 6466 17 479 306 
55838 55839 259 15 1369 18 107 77 55840 4 28 363 
31 2896 363 12 
5820 536 143 3688 9130 408 41354 35901 479 306 40080 45 429 
1209 8223 17 1237 11024 45 248 641 952 3852 1947 17 11007 
31 15 2183 17 2404 430 49 5973 9882 72 
539 413 4 28 80 12 
81 1981 1051 12 55833 12 1217 2404 49 840 430 12 767 
298 21 1324 37094 143 28327 143 55841 347 273 6165 302 55833 12 1217 17 419 18 
1211 38 306 3956 451 17 9 13 38 9 6619 55842 12 
990 8366 45 16578 4162 2162 38 306 28 3564 21 6054 
28 6466 17 7895 31 15 240 143 8443 397 240 143 1166 2298 2404 
11491 12 12 17 15 15198 18 966 4 9 466 21 55834 95 
1510 10456 74 247 336 45 7284 12 
192 49 15 442 
9352 781 12 55843 
6165 397 1238 
41354 1127 45 11044 12 
37094 143 28327 143 55841 