Subject: 36 9 1058 1059 487 193 193 193 
28 235 626 112 102 21 38 130 9 1825 31 990 1971 
1184 12 419 55821 21 1121 38 4223 2529 109 3867 17 1184 34 1543 38 508 12 
81 220 107 149 21 68 273 12 72 38 467 21 9253 45 450 1905 12 12 
1405 143 48796 49 70 54272 4578 347 4632 
964 21 392 648 45 1857 1058 9081 193 
6460 487 193 
1405 143 48796 328 143 36 70 54272 4578 4632 
306 964 21 392 648 45 1857 1058 7728 193 
270 644 463 143 36 1405 143 12591 4702 369 193 
54272 4578 347 4632 143 964 21 392 648 45 1857 1058 9081 
9 990 185 21 7691 347 55822 15 1058 193 769 2382 677 124 1364 28 37020 4 28 1347 12 
72 38 220 107 36 4156 49 68 1059 158 38 229 107 36 4156 19798 3191 12 
36 70 54272 4578 4632 306 964 21 392 648 45 1857 1058 7728 17 359 10820 823 193 
6460 487 
6460 487 49 9 359 823 4578 347 4632 193 
38 164 357 68 273 86 38 2038 21 128 2529 125 208 
347 959 31 28 35784 34 164 386 31 28 990 1971 1184 1524 31 3570 12 72 38 467 107 21 128 2661 3358 3867 222 130 69 4 68 273 45 111 6460 487 347 38 35 1324 648 143 6255 143 52779 143 52780 17 81 9536 499 15 273 16 
81 3318 754 1166 2660 49 28 9253 21 85 6832 12 