Subject: 299 20 193 193 193 
669 
28 235 626 112 102 21 38 130 70 44129 143 4 4183 21 
990 1971 1184 12 419 18 7227 21 1121 38 4223 2529 109 
28 3867 17 1184 34 1543 38 508 12 72 38 467 21 
9253 81 450 1905 12 
669 45 
38 150 1 
1521 21 4702 
49 9 4578 397 4632 839 34 150 204 1457 49 38 12 72 38 
8 359 1058 45 984 1058 45 347 38 164 1413 7691 347 
1 143 7691 15 1058 45 419 35 95 12 670 2195 124 21 95 38 
36 15 1058 182 109 6608 12 20 150 204 
3260 45 941 317 298 21 4702 193 
1059 10898 2 
51382 
15 1058 
964 
21 392 3920 1058 9081 
423 
759 473 
35318 
5634 428 
6460 
487 49 28 1058 38 87 328 193 
116 45 
460 1059 3390 
38 164 357 68 273 86 38 2038 21 128 2529 125 208 
347 959 31 28 35784 34 164 386 31 28 990 1971 1184 1524 31 3570 12 72 38 467 107 21 128 2661 3358 3867 222 130 69 4 68 273 45 111 6460 487 347 38 35 1324 648 143 6255 143 52779 143 52780 17 81 9536 499 15 273 16 
81 3318 754 1166 2660 49 28 9253 21 85 6832 12 