Subject: 3514 
42 2847 12 2502 12 6278 193 
46 38 47 48 49 28 1543 21 4141 1370 
729 902 8706 1116 12 670 1828 18 77 371 109 28 1508 
31 373 272 45684 1085 1959 12 670 774 143 45685 143 
11983 17 14 18 1981 3896 23 28 75 31 3391 45 2405 
121 34 419 231 587 66 38 17 1983 67 997 3052 
31 1828 4442 12 
419 467 38 1011 294 1209 193 
331 97 
45641 45642 
315 12 45641 45642 
2084 45 2459 1333 176 317 425 28982 20 
139 2 141 9023 143 45645 
51 2 141 9023 143 45686 
240 143 628 2 28982 302 45647 12 2465 
