Subject: 653 138 1770 143 1771 143 248 138 167 138 41969 448 14662 343 45097 1257 322 397 2992 25202 729 45098 248 45099 397 45100 248 240 617 45101 397 1772 1257 45102 138 653 
3187 45 
6905 6749 3173 7580 12 7185 3185 6943 44948 45 3173 6760 45155 45156 3185 6792 
33791 7070 12 6749 45157 45 11326 45 3182 11303 3173 3183 6898 4318 6899 
7077 6893 10585 12 7468 11388 4318 11389 45 11346 6789 45158 3185 6943 44948 4312 
6792 6978 6865 45159 12 
4312 3186 7186 6758 45160 45 7070 6943 7184 6921 6780 3182 45161 3183 
45162 45 4309 6978 4317 4318 42341 215 45163 45164 6934 45165 
45166 4315 45167 6789 11387 7118 3173 6792 6898 4318 4309 45168 6865 
45159 219 12 
4312 15807 45169 45 6774 42353 4311 215 45170 143 45171 219 4312 3180 12 
7000 4318 7001 45 
45107 
143 143 143 143 143 546 626 143 143 143 143 143 
125 2 98 99 470 2723 2 613 302 1243 12 320 12 350 472 
102 2 2366 45 2955 1535 45 2405 248 2 1535 640 
21 2 10501 302 30732 12 350 
635 2 14 
627 2 1 2 14634 4318 6776 4315 44954 44955 44810 
45108 6748 6749 45 
7101 7118 15810 14681 3185 6887 5757 12 43458 6945 6786 3186 45172 
6760 
3182 7467 6871 7167 6774 8822 4318 44363 44364 215 11760 827 45 729 45 248 45 848 45 333 45 1304 45 1808 219 3173 3182 
3186 
6862 7468 45173 6758 42215 12 6751 6921 6795 4318 7013 4318 11778 3182 3186 4320 45 3186 11732 
6932 12 
3183 15330 4317 6789 11198 4318 6772 6934 15327 6760 2 
16213 12 15367 3189 12 15368 215 45142 11832 219 
16213 12 45174 11310 
16213 12 45175 45176 
3173 6751 6921 6771 4318 6993 11722 6774 11203 2 15766 44409 
7432 45 45177 7159 3186 2415 12 3186 7036 4317 7078 45178 6760 3186 
45179 4312 45165 45166 12 6789 14922 3186 45179 6854 3182 
45180 6808 45167 158 
6775 6749 11738 45 3175 7177 4318 7178 45 6792 33791 4317 6789 45140 
3177 10605 7078 12 
6802 6803 45 
6810 
231 10501 204 12 45119 231 101 2 
41 
41 3183 2855 6760 11326 45 45103 193 6749 6812 11774 6856 12 6857 45104 4312 3186 1828 45 
41 6754 6786 3186 11328 6760 45105 6808 7077 12 
41 
41 7151 4312 6887 12 12 12 45106 12 
41 
41 45107 12 
41 
41 143 143 143 143 143 546 626 143 143 143 143 143 
41 125 2 98 99 470 2723 2 613 302 1243 12 320 12 350 472 
41 102 2 2366 45 2955 1535 45 2405 648 2 892 640 
41 21 2 10501 302 30732 12 350 
41 635 2 14 
41 627 2 1 2 14634 4318 6776 4315 44954 44955 44810 
41 
41 45108 45 
41 
41 7000 4318 7001 4312 3186 6998 45 6771 4318 6993 6756 7428 11328 2 
41 6777 45109 4318 6993 3185 3183 2855 6919 10596 3173 6943 45110 12 
41 3186 8822 4318 44363 44364 6760 6853 12 
41 7432 45 4309 6856 44059 3182 6760 45111 45112 45 7500 6934 6792 
41 7514 7511 12 6784 6751 16258 3182 45113 6953 6760 
41 45114 6774 6990 45115 6865 45116 45 11796 3182 11343 4311 45117 45118 12 
41 3181 3182 7504 3183 2855 3173 3182 4311 7588 6859 4318 6860 6943 
41 6856 34032 158 
41 
41 7000 4318 7001 45 
41 
41 6810 
41 
41 231 10501 204 12 45119 231 101 2 
41 41 
41 41 3187 45 
41 41 
41 41 14653 6749 15948 3173 7168 12 6749 6812 2915 2 
41 41 
41 41 648 12 6792 7044 4318 15574 10596 6758 42242 12 
41 41 144 12 6792 6979 6856 45 6925 6789 7504 6792 7514 7511 215 144 12 336 219 
3173 
41 41 6755 45 45120 3177 45121 45122 6758 231 45123 231 
41 41 827 12 3186 8822 4318 44363 44364 6758 11832 45 4317 45124 6766 6922 4318 45125 45 45126 
41 6786 
41 41 3177 45127 6789 45128 3186 45129 12 
41 41 
41 41 4312 45130 15300 6776 45131 11188 45132 3182 45133 7443 
41 41 4311 12 4315 7100 45 45134 3182 45135 3186 6998 11371 6881 45136 
41 41 6996 12 
41 41 
41 41 7000 4318 7001 45 
41 41 
41 41 45107 
41 41 
41 41 143 143 143 143 143 546 626 143 143 143 143 143 
41 41 125 2 98 99 470 2723 2 613 302 1243 12 320 12 350 472 
41 41 102 2 2366 45 2955 1535 45 2405 848 2 892 207 
41 41 21 2 10501 302 30732 12 350 
41 41 635 2 14 158 3945 151 12 1222 
41 41 627 2 1 2 14634 4318 6776 4315 44954 44955 44810 
41 41 
41 41 45137 7438 45 
41 41 
41 41 4311 6937 3177 5757 12 15368 19 3186 273 6749 12 
41 41 6771 4318 6993 7169 7646 11746 1519 4312 6792 33791 45138 12 
41 41 6751 6795 4318 7013 7075 6927 4318 7640 33791 45139 4311 4315 7100 45002 
41 41 15866 45002 3185 51 215 1242 219 12 
41 41 7432 45 17565 6751 6790 3182 45140 3177 45141 45142 215 10605 
41 41 6758 42215 219 6776 42355 4309 45143 6758 5757 12 44843 158 
41 41 
41 41 7000 4318 7001 6895 45 
41 41 
41 41 6810 
41 41 
41 41 41 11296 45144 45 
41 41 41 
41 41 41 33795 3177 45145 6758 42248 42242 44810 45 4312 6766 
41 41 42316 6758 15381 7008 11709 12 6789 6906 41777 3182 
41 41 41 45146 3186 44863 11309 45 6943 6927 4318 7640 33791 45138 
41 41 14634 4318 11845 6774 44955 3173 3182 6792 45147 6948 
41 41 41 7587 3185 4288 6919 6881 10601 7126 12 7648 7113 4315 
15831 
41 3182 
41 41 6906 45148 3185 4318 11185 3173 45149 6774 45150 7078 
41 41 41 45151 4309 15298 15106 6893 45152 6919 44948 45 6859 4318 6860 6934 6943 
41 15296 
41 41 6906 14879 12 
41 41 41 
41 41 41 3185 7122 4318 7123 45 
41 41 41 
41 41 41 10501 204 12 45119 
41 41 41 45145 44810 
41 41 41 7 12 282 12 1269 12 1598 
41 41 41 1254 45 45153 3083 
41 41 41 267 360 952 143 268 
41 41 41 1068 12 141 454 143 648 143 7905 12 172 12 658 143 144 
41 41 41 51 12 141 454 143 648 143 7905 12 1254 12 16260 
41 41 41 240 143 628 2 10501 302 30732 12 350 
41 41 41 2739 2 1051 12 30732 12 350 
41 41 
41 
41 143 143 143 143 143 143 143 143 
41 41 105 2 45154 12 1284 
41 41 45154 12 1284 650 2 1284 2968 573 
41 215 1036 397 641 143 1284 143 2968 219 
41 41 656 2 6816 6817 
41 41 
41 41 105 2 486 1775 1257 2603 12 5607 
41 41 486 1775 1257 2603 12 5607 650 2 6814 2939 215 1036 397 6815 219 
41 41 656 2 6816 6817 
41 41 
41 41 105 2 44810 12 5607 
41 41 44810 12 5607 650 2 6814 2939 215 1036 397 6815 219 
41 41 656 2 6816 6817 
41 
41 143 143 143 143 143 143 143 143 143 143 143 143 143 143 143 143 143 143 143 143 143 143 143 143 143 143 143 143 143 143 143 143 143 143 143 143 143 143 143 143 143 143 143 143 143 143 143 143 143 143 143 143 143 143 143 143 143 143 143 143 143 143 143 143 143 143 143 143 143 143 143 143 
143 143 143 143 143 143 143 143 
41 105 2 486 1775 1257 12 5607 
41 486 1775 1257 12 5607 650 2 6814 2939 215 1036 397 6815 219 
41 656 2 6816 6817 