Subject: 55066 9826 3586 12 12 12 12 12 12 12 12 
55066 9826 3586 12 12 12 12 12 12 12 12 
419 8 2030 28 35590 429 195 9135 2233 11944 54075 
2030 1208 49 15 53020 17 55067 12 443 2277 8 
205 576 306 2487 74 35775 31 6363 11004 28 423 21 40047 45 
9633 45 17 1131 769 53020 45 130 505 130 6164 54999 4278 17 3564 12 
38 164 67 21 2188 28 508 6238 54999 55068 317 11442 
1337 34 8 1355 205 2030 12 26 164 1342 45 36844 45 7811 45 
17 13720 21 548 49 184 852 12869 31 962 45 20417 45 347 1125 2861 12 
81 6460 28 3979 1905 445 72 38 164 1876 3471 5648 67 
55069 45 9129 45 17 54085 15 53020 12 670 2195 124 49 38 
21 955 487 307 45 651 17 4572 12 
72 3981 124 107 1960 273 55070 55071 302 39508 12 1217 
81 1022 55066 9826 4 627 31 273 
21 77 6617 273 55072 144 302 39508 12 1217 