Subject: 442 143 20390 109 3992 143 8032 12 12 54823 4014 
2340 2 3940 67 228 45 53577 45 3270 17 34474 
130 28 423 54824 306 28 54825 31 6108 17 228 2621 306 36226 44023 45 17 28 1620 6538 9563 21 51382 17 54826 121 28 54827 34 18 19728 77 1992 130 247 336 45 7284 45 208 4755 124 2603 12 
19404 17 2051 6582 45 12278 17 16846 164 959 2340 369 1032 1355 1397 12 
130 255 195 559 28 423 6526 21 19404 143 143 20 124 670 925 34 9141 70 1129 21 37729 2051 12227 17 16846 3573 17 2164 1461 670 8366 143 143 18 77 9 54828 4 15 2261 12 28 2744 20390 3992 143 8032 45 18 95 38 21 861 28 3940 21 294 463 34 38 45 15 599 31 17894 229 77 309 12 463 67 3270 45 6582 45 34474 347 228 12 
74 369 45 38 150 938 181 211 67 45 2666 67 347 5856 67 28 508 243 20390 244 341 1357 328 12 
861 1597 21 195 15 14023 1440 17 2261 150 204 9977 23 28 6460 31 9 6619 3591 138 
68 52760 294 1237 58 28 3940 38 150 1 148 12 20 150 204 28 508 1367 45 2261 143 253 1470 1357 328 17 20 150 204 941 21 572 12 259 439 150 440 4293 184 3806 45 85 13350 31 68 54829 1821 818 12 
109 208 3992 45 215 8694 347 2074 6843 219 38 8 9 2974 1135 31 54830 45 505 1992 6311 422 17 244 1366 12 38 35 3620 1315 20390 6843 9978 45 481 2901 174 45 3990 54831 17 1424 74 2744 45 7255 347 1845 12 
72 38 164 1891 4 2974 430 109 28 2744 3992 45 81 1981 670 2298 2404 12 521 21 2 1050 2 397 397 1051 12 52682 12 5363 397 2901 248 397 10820 639 397 72 68 3979 926 107 548 45 4618 11311 28 16 485 921 15 9752 12 
72 15 9752 3050 150 440 8057 28 2298 2404 45 13 434 70 240 143 628 17 419 18 1211 38 306 959 430 12 
28 2744 20390 3992 124 2858 14343 
28 759 6224 31 4427 109 28 3992 164 36332 23 765 392 648 45 2862 72 11314 4692 12 
824 824 135 1103 20390 6843 
824 824 618 492 2234 6843 
824 824 1257 546 2234 6843 
824 824 54832 5036 11012 
824 824 343 174 317 54833 
824 824 54834 10067 45 6318 45 317 6562 
824 824 3040 143 74 143 3040 3099 
824 824 3260 317 1367 2744 397 7255 1424 
824 824 959 1032 7276 45 1857 4321 2076 
824 824 2974 3586 306 11012 
65 2 
824 824 9180 9 2159 2140 49 3535 20390 244 45 
824 824 481 2901 174 485 921 15 1225 45 
824 824 6825 2113 21 39368 54831 17 422 12 
4618 20 12 359 4998 12 454 143 517 483 143 182 5697 
470 9082 2977 317 2513 472 
434 17 236 4157 378 12 
1058 12143 17 2901 4190 378 12 
72 38 164 1891 4 2974 430 109 28 2744 3992 45 81 1981 670 2298 2404 2 1050 2 397 397 1051 12 52682 12 5363 397 2901 248 397 10820 639 397 72 68 3979 926 107 548 45 4618 11311 28 16 485 921 15 9752 12 
72 15 9752 3050 150 440 8057 28 2298 2404 45 13 434 70 240 143 628 17 419 18 1211 38 306 959 430 12 
15 10827 306 19404 124 28 2140 31 15 2261 143 143 109 21027 17 49 54835 12 20 150 204 28 508 2340 10827 38 150 587 1355 7952 12 9180 15 10827 306 19404 259 38 35 54836 28 2261 143 253 10898 445 214 35 1211 2 14456 6582 158 54062 2261 158 4561 17 50532 20616 158 9826 158 17 1597 21 5820 1021 347 8363 38 150 587 1355 10897 12 
229 19404 28854 38 45 
54837 54838 
824 824 824 824 824 824 824 824 824 824 824 824 824 824 824 824 824 824 824 824 824 824 824 
419 6060 72 38 164 107 1891 4 528 109 670 20390 514 240 143 628 110 12 28 1971 124 28 21036 1381 31 2615 68 650 31 10478 430 195 765 28 423 12 72 38 467 21 8 15 240 143 628 16 2354 670 20390 514 240 143 628 10099 45 220 107 572 28 149 3591 12 28 125 16 926 107 521 21 670 44129 143 499 10099 12 
2858 6460 487 21 13 70 240 143 628 34 18 44129 143 499 15 16 125 28 10099 2 2723 2 2377 1775 20390 302 7618 12 1217 138 627 653 54839 