Subject: 1224 174 49 1642 150 1082 
42 43 12 2333 45 
419 164 2952 28 418 31 9 32 371 109 28 234 
34 18 77 78 4 1642 150 1082 12 419 2892 68 21 77 31 959 572 
21 2492 121 26 8 2893 28 127 45 1032 28 771 
2894 143 2895 12 7 187 48 94 15 466 4 68 
418 12 
1320 1956 18 8 21 1878 9 2898 31 639 21 454 449 
109 28 627 31 2051 397 104 234 12 28 2953 187 87 
21 77 1027 74 28 75 31 134 335 12 
81 45 82 14 83 31 15 1547 21 436 4 222 
70 2954 130 1028 130 261 45 251 107 1892 1032 28 454 902 
31 2955 45 136 12 
96 97 45 
315 12 1760 1222 
1899 12 1236 31 28 402 1662 1816 215 1654 219 
143 143 
1232 315 12 1760 1222 1068 12 2 141 454 143 648 143 1761 1232 
1232 2956 1762 141 454 143 648 143 1235 215 1236 219 1232 
1232 1237 17 1162 1238 1239 12 1232 
1232 1240 12 31 316 317 318 1232 
1232 1241 12 1219 12 204 12 241 12 231 320 231 1232 
1232 327 325 326 51 2 141 454 143 648 143 1242 1232 
1232 268 240 143 628 2 1244 302 1243 12 320 12 350 1232 
