Subject: 1 2 7558 2141 1828 
669 98 45 
1321 251 7 439 150 440 1029 21 8 68 273 215 347 23 1557 62 861 20 219 12 
35 38 3246 17 7 18 3820 306 45983 12 
97 45 
11644 
143 143 143 143 143 546 626 143 143 143 143 143 
125 2 231 98 99 231 
21 2 
635 2 231 14 231 
102 2 1037 45 247 246 45 7284 336 2 135 207 
627 2 7558 2141 1828 
41 4425 45 
41 
41 90 38 81 82 14 83 31 15 1475 45 173 670 427 
41 594 21 3210 28 7558 2141 1828 138 
41 2618 164 509 45984 1276 2 143 219 
41 
41 96 97 45 
41 
41 98 
41 
41 41 42 11644 45 
41 41 
41 41 38 229 11378 670 1841 977 1209 4 7370 45 177 7 
41 41 2712 9 358 109 8797 273 8800 4 70 1310 936 12 
41 41 
41 41 7 207 197 38 67 9 2141 1828 4 540 670 1524 
41 41 45985 12 28 2141 124 52 7558 17 20 124 1846 
41 41 21 9656 49 762 2298 8025 12 7 207 2888 9 1893 
41 41 1534 31 28 2141 12 
41 41 
41 41 7 187 435 21 672 38 2428 38 215 181 306 15 
41 41 11646 16492 219 187 435 21 436 4 28 1828 45 
41 41 3933 21 28 1118 15 1354 109 399 
41 41 561 31 9656 12 
41 41 
41 41 28 1828 124 1003 21 9 762 2613 17 20 124 1383 4 
41 41 9 2228 31 3537 12 28 1550 488 124 249 343 12 
41 41 
41 41 96 97 45 
41 41 
41 41 98 99 
41 