Subject: 1476 5648 483 58 4430 205 68 941 193 470 56010 472 
294 3992 8032 124 9260 21 6825 4642 55423 193 193 
298 2377 2 
824 515 72 38 90 481 9 1446 92 18489 39768 397 50 
499 9 392 648 12 646 3992 8032 138 
824 515 72 28 425 484 38 5820 517 138 
824 515 72 20 112 9 294 3273 3263 676 425 138 
824 515 72 161 112 359 231 1342 231 8362 45 17 11701 
571 670 504 138 
824 515 72 38 221 484 179 28863 7653 21 15 3981 
17 3542 28 52705 1156 379 1355 17 4557 964 138 
72 38 164 28 1557 657 12841 67 953 68 3992 8032 
124 1476 434 55423 193 193 
195 38 87 21 220 124 2858 2 
648 12 13 70 273 21 2 2723 2 10390 843 9 302 1241 144 628 12 1217 138 627 653 3992 1775 8032 
144 12 1022 231 3992 8032 231 4 28 627 2665 
419 18 273 38 195 38 87 21 83 21 36 3507 964 
17 1476 483 328 193 193 193 
5830 21 914 125 38 1028 193 
8325 
3054 12 12 81 1022 231 5247 231 4 627 1479 21 36 499 
31 68 110 12 192 12 