Subject: 38 150 1 231 1405 143 4156 231 49 392 9830 12 1529 16849 36376 3594 
626 2 419 35 36 2622 9 52770 193 1058 124 359 1021 193 
984 1058 45 359 1058 45 55095 45 38 150 1 4156 193 
419 150 587 4322 15 1058 17 36 38 4156 306 347 308 9 823 12 
72 38 87 9 823 20 18 77 4 28 441 31 274 392 9830 12 1529 17 18 
19653 1543 49 448 524 17 111 77 257 21 38 130 122 130 38 
63 15 580 1320 76 12 
1981 2 
68 124 107 9 1405 143 484 839 177 38 63 47 5488 4222 17 36 
9 45529 139 12 
359 45 38 36 990 2620 4222 130 2620 130 729 12 1257 4170 2606 5889 17 38 36 
28 52705 3296 143 51169 55096 4 28 2476 12 
17 45 38 36 68 392 39741 12 1082 139 298 193 
521 36 20 23 1051 12 55097 12 3519 397 8025 648 397 11012 12 1056 138 55098 653 55099 
3359 124 2432 1461 28 977 517 31 249 7284 12 
439 150 440 8901 499 193 521 21 1051 12 55097 12 3519 397 8025 648 397 11012 12 1056 138 55098 653 55099 
419 35 36 2622 9 52770 193 1058 124 359 1021 193 
984 1058 45 359 1058 45 55095 45 38 150 1 4156 193 
68 626 112 107 102 8801 12 
21 77 6617 125 840 8364 273 45 81 1981 2 
627 5247 