Subject: 1 2 7992 2141 
192 9 356 12 
98 99 109 952 397 1255 397 2405 637 2 2244 2 2244 640 
21 2 46146 302 46121 12 774 12 590 
635 2 
627 2 1 2 7992 2141 
38 84 7381 28 19788 430 45 7 12 240 12 45 
3004 1775 6836 
28 6836 18 111 77 2621 306 28 425 12 
38 18 77 159 21 4127 20 1461 28 839 215 72 20 124 46160 219 
1461 28 46161 4696 31 28 2514 215 28 3004 4696 219 12 
98 
46146 302 46121 12 774 12 590 101 2 
41 
41 98 45 
41 274 9 47 4553 260 45 7 8 9 6836 34 58 21 77 413 4 
41 1404 6 49 28 5597 19788 17 49 28 22211 19788 45 2473 220 7 220 20 138 
41 
41 192 45 
41 
41 3723 9365 12 
41 
41 98 99 109 952 397 1255 397 2405 3080 2 1259 2 784 640 
41 
41 21 2 46146 302 46121 12 774 12 590 
41 635 2 14 45 8290 302 1243 12 320 12 350 45 46122 
41 8008 45 231 2409 3081 215 548 219 231 
41 
41 
41 627 2 1 2 7992 2141 
41 
41 42 3723 9365 45 
41 
41 41 125 9 4553 933 7 450 70 941 143 21 143 3529 1021 12 
41 4 28 42240 4152 34 38 102 14 45 38 106 107 6482 28 6382 
41 46147 35263 2 
41 373 462 49 28 425 45 
41 5038 74 373 462 49 28 19788 45 
41 5038 74 208 849 49 28 17719 45 
41 5038 74 46148 17 28 105 31 28 6836 12 
41 28 2587 164 576 74 28 839 21 8162 28 573 46149 
41 921 19789 17 17429 215 36383 38 91 92 219 12 
41 72 1929 28 1036 3811 45 28 1457 2587 4 15 
41 279 164 2 
41 46150 1775 23976 
41 46150 1775 321 
41 46151 1775 321 
41 46152 1775 4559 617 
41 46152 1775 4559 
41 46153 1775 23976 
41 46153 1775 321 
41 46153 1775 46154 
41 46153 1775 4559 
41 46153 1775 46155 
41 
41 177 3004 653 46156 45 5597 653 46157 46158 45 22211 653 11985 46158 45 1193 653 762 45 282 653 9597 45 
41 23976 653 3326 
41 321 653 80 17 259 109 12 12 12 
41 
41 81 45 2671 28 2587 17 4618 120 12 
41 72 38 1449 8 1440 45 82 14 83 12 
41 
41 96 1204 45 
41 
41 98 
41 
41 46146 302 46121 12 774 12 590 101 2 
41 41 
41 41 4425 98 45 
41 41 
41 41 7 150 282 3312 9 657 31 9 12719 34864 294 573 4 28 1237 17 
7 
41 41 62 17798 3192 515 7 150 282 312 6459 12 7 150 282 34864 573 4 28 
41 41 573 648 1775 46143 4152 12 3554 7 8 21 4018 373 19789 215 445 
41 208 
41 41 17719 2861 219 17 827 143 644 2054 4 1320 19788 12 7 150 282 8811 28 
41 2054 45 
41 41 429 3326 215 28 9601 6836 219 17 111 195 28 374 
41 41 2054 306 9 824 997 21 28 208 34 84 108 109 28 6059 75 12 
7 
41 41 1833 373 6215 259 38 35 450 2473 984 28 13741 124 4 3614 31 28 
41 41 933 31 28 1237 12 7 8 4 28 573 644 19789 215 9610 219 45 7 220 107 
41 83 
41 41 1553 177 26 36 28 2587 125 215 217 435 125 386 31 28 
7209 
41 41 34 7 6291 219 45 65 7 62 4127 20 12 
41 41 
41 41 215 450 2915 2939 2 5322 1775 933 12 5607 219 215 450 2915 2939 2 46144 12 46145 219 
41 41 
41 41 90 38 81 1844 14 9 2894 306 68 98 138 
41 41 
41 41 192 9 356 4 269 12 
41 41 
41 41 96 97 45 
41 41 
41 41 3723 9365 
41 41 
41 41 
41 
41 
41 41 105 2 5322 1775 933 12 5607 
41 41 5322 1775 933 12 5607 650 2 6814 2939 215 1036 397 6815 219 
41 41 656 2 6816 6817 
41 41 1334 2 1966 2744 644 
41 41 
41 41 105 2 46144 12 46145 
41 41 46144 12 46145 650 2 12857 2939 215 1036 397 46159 219 
41 41 656 2 6816 6817 
41 41 1334 2 12857 144 12 641 40798 