Subject: 566 3261 17402 3358 
3314 455 
6826 
3358 
55779 2 
55780 
7462 4207 45 1825 55781 397 55782 45 
566 3261 45 11044 12 
55783 
7785 19654 1490 45 9832 39550 
36650 45 
10009 55784 
3852 215 24530 219 
13627 143 55785 397 
51 215 24530 219 26999 143 55786 
648 45 1857 45 1857 42819 31 2194 3263 
143 392 729 12 1529 2606 2176 
34517 
1389 37567 9 
566 
3261 54701 28 13124 21 28 1219 
55787 27634 341 
540 124 9 39503 368 74 540 1225 1237 2868 2847 
4074 45 2216 218 4074 31 28 310 55788 921 9 4097 35395 31 
34 55788 17 12145 28 4097 35395 55789 109 28 2901 1225 21 
6168 9 10890 754 143 9316 4097 4085 31 28 15711 6290 3257 
528 4327 12 28 2868 576 164 
999 21 28 2233 2868 31 28 50128 12 
28 341 58 70 4148 6552 34 11945 28 
4074 21 9 3992 143 8032 34 124 7363 306 9 2632 839 259 34 28 566 35 
77 10441 109 184 12580 1888 2901 1225 12 
49 
959 430 109 68 3358 17 21 128 9 838 3358 41327 
81 2974 28 486 1905 
105 
273 
2464 
16 
5913 
2228 
1284 
3314 
139 
548 
139 
81 66 14 
173 28 36101 
6460 
487 21 77 6617 125 460 8364 
55790 7462 4207 124 70 
374 1158 418 2162 430 109 1180 6826 
3570 12 3039 3570 54772 74 55790 63 5501 4 5634 
17 397 347 3263 21 55790 49 28 1158 15552 31 425 430 
17 45 4 91 753 45 2298 2404 1136 12 55790 112 49323 130 9 8389 
21 566 3261 12 49 208 1209 45 55791 21 9 1003 1467 540 1128 49 28 
13002 680 31 646 45 1857 42819 31 2194 3263 31 566 3261 45 8137 2347 800 
17 9 680 31 392 135 45 1857 5634 49 542 1184 45 1141 28 1158 
15552 31 430 3932 28 54772 425 12 55790 106 107 
128 184 411 17193 45 31 184 331 45 49 542 1184 411 1032 9694 
35805 12 55790 124 107 9 406 4173 13971 347 9 15346 35684 12 
55790 58 205 19479 34 28 36177 4 3570 54772 164 
2170 21 77 772 4998 17 572 31 28 430 1866 124 49 3344 
2870 445 72 2622 54773 21 12447 130 70 52749 26 164 19479 107 21 
36588 308 28 6382 54774 125 70 54474 347 9 406 4561 
15346 72 184 20977 54773 21 436 130 70 52749 111 20 18 77 34 
52749 150 204 7291 4998 12 55790 58 65 205 19479 34 28 15198 31 222 
772 4998 8206 229 966 4 28 6108 31 91 347 195 31 28 4173 12 195 430 124 1866 74 28 3570 54772 17 
55790 1375 359 1704 45 40151 347 52661 130 21 28 4329 
347 4328 31 28 1197 74 28 54772 3570 12 17876 84 
107 9704 15062 109 28 430 2712 12 489 45 17876 84 572 28 
430 1866 74 28 54772 3570 130 9 1544 776 49 312 
4148 374 1086 109 28 54772 3570 4 73 21 3318 28 
52749 21 486 2051 347 104 2745 6351 173 54766 4 28 54772 
3570 12 54775 10497 869 74 28 54772 3570 164 869 130 31 28 
632 1257 397 952 397 7284 17 164 627 21 2671 308 4545 12 28 581 31 68 
430 2222 107 6825 45 1389 184 12911 45 184 7299 34 
161 58 205 359 2671 4 28 17105 31 28 425 54772 226 28 632 
31 367 12 54766 4 35695 143 27073 8206 124 10407 52748 17 38740 
70 13825 772 3269 31 4998 12 20 124 261 34 70 52749 150 204 3509 
4173 229 77 230 347 54778 137 21 28 52748 1002 31 28 
3570 54772 12 55790 1375 359 372 34 28 8206 31 28 
3570 54772 84 77 11314 45 18431 347 915 74 6205 347 8292 
34 2188 31 28 54772 3570 1461 55790 12 54766 4 35695 143 27073 
8206 124 10407 52748 17 38740 70 13825 772 3269 31 4998 12 
20 124 261 34 70 52749 150 204 4173 229 77 230 347 54778 137 21 28 
52748 1002 31 28 3570 54772 12 3039 31 28 10497 
13226 4 68 514 7925 229 77 19 143 148 10497 1370 28 
12147 31 28 6822 8206 54770 54771 12447 31 4284 12 443 
10497 229 77 7863 74 222 3614 130 239 239 1916 45 150 150 239 239 2892 45 150 150 239 239 229 45 150 150 
239 239 18 45 150 150 17 239 239 5631 150 150 347 999 3614 12 55790 
7462 4207 347 542 35111 229 8 9 2439 4 28 8206 
1076 35805 17 229 481 6204 347 6165 7713 12 