Subject: 231 508 12183 231 9827 55698 11048 2529 964 21 392 648 45 1857 4 12831 
231 508 12183 231 9827 55698 11048 2529 964 21 392 648 45 1857 4 12831 46487 
68 1867 193 
81 3078 109 4 17 3210 670 952 4087 20977 193 
81 3078 109 4 17 3210 670 952 4087 20977 193 
392 648 
55699 109 5681 55700 
55701 
55702 12188 
952 954 
8424 1947 
55703 2565 31 28 1106 38669 
81 3078 109 4 17 3210 670 952 4087 20977 193 294 17690 
81 3078 109 4 17 3210 670 952 4087 20977 193 
6460 
487 193 
6456 
55698 298 1237 193 
481 
15 823 
17 419 
18 1844 38 12 12 12 
1876 3471 
12831 964 21 392 1876 193 193 
81 3078 109 4 17 3210 670 952 4087 20977 193 
81 3078 109 4 17 3210 670 952 4087 20977 193 
81 3078 109 4 17 3210 670 952 4087 20977 193 2003 17690 
81 3078 109 4 17 3210 670 952 4087 20977 193 
481 15 823 193 
6460 487 17 13 434 70 
240 143 628 306 15 61 105 
17 419 18 1058 15 61 
306 15 12 12 12 
646 3471 12831 964 21 392 648 45 1857 193 193 
81 3078 109 4 17 3210 670 952 4087 20977 193 3521 
823 392 1876 36 392 646 12831 21 128 392 9830 
823 392 3899 36 392 3920 12831 21 128 392 5620 
824 824 38 1906 3539 7778 225 28 441 31 15 823 21 48796 49 
15 12831 824 824 
824 824 38 1906 65 3539 7778 225 28 441 31 15 12831 21 5634 499 
195 54107 824 824 
824 824 68 5686 926 107 4702 21 53081 45 53079 17 53078 3539 12 
824 824 
824 824 822 31 14217 962 35 77 870 12 824 824 
824 824 54107 164 484 1319 2606 38000 45 21023 17 1225 824 824 
824 824 28 414 53766 164 107 21 77 576 4 1328 306 184 411 
53766 69 74 
10398 55704 11048 824 824 
824 824 68 3359 926 107 4702 21 28 53082 824 824 
824 824 68 3359 49043 109 249 333 45 7284 336 2 784 640 4036 824 824 
824 824 5990 1369 2858 39 17 37563 28 2739 1905 921 15 9752 824 824 
55705 53082 
19788 294 
933 
19788 294 1324 2445 21 198 15 55700 74 139 193 
41409 298 2589 2 
648 143 29128 143 28372 143 55706 391 
648 143 29128 143 28405 143 55707 6744 
215 26723 219 16930 143 55708 195 411 8067 
28 238 
21036 55709 
1051 12 12 1217 
53399 514 317 2578 
8147 
55710 
11614 2641 31 1051 12 55711 12 1217 2258 38 14023 28842 55712 
36204 193 
6460 487 193 
294 
55713 12485 4 10988 10989 3954 
4 28 18510 31 883 53556 17 13407 8363 49 28 
17575 1347 4 597 45 28 10988 10989 5683 17 8064 
10700 215 55714 219 4224 21 1086 21 95 35485 28 115 55715 
31 52741 130 20 2030 9 294 3199 1712 12 
6460 
487 193 
53002 38458 317 18445 
42 3451 45 
109 9 53078 5681 45 515 6520 179 38 231 198 231 7971 28 644 45 729 45 448 45 617 45 1257 347 
848 138 65 45 124 4770 9 140 9 502 7971 138 19498 1219 
2188 959 12 12 12 
28 10989 36230 
540 6230 53631 35 38 14030 
55701 14348 158 28 374 1971 11048 
7823 2022 
55701 14348 45 112 1091 4 136 21 9122 6230 53631 17 95 
19880 55716 125 55717 11048 2268 12 
2188 959 67 55701 12 12 12 
28 10989 36230 
6230 11048 317 53082 2422 
3078 85 9 7786 109 28 10989 36230 
55718 3192 28 10989 36230 193 193 1981 184 
31 28 729 8147 53631 317 53082 109 28 1971 193 193 765 392 248 45 1857 45 1857 4 
55709 68 1335 1209 193 193 
298 55719 
124 1980 109 15 6219 328 138 138 
1981 54889 9443 17 861 499 72 328 18 77 15 1980 517 193 193 
6460 487 21 450 12 12 12 
8147 3382 8385 31 670 3862 
55440 11048 
187 435 21 55720 55721 913 12 125 55722 
1275 45 213 58 3050 392 448 45 2862 12 1529 13351 3955 28865 193 193 
9827 2112 11048 187 435 21 
55720 55721 913 12 125 1275 45 213 58 3050 392 648 45 6240 12 1529 13351 3955 
28865 193 193 
9827 55698 11048 187 435 21 
55720 5580 1219 12 125 5692 45 213 58 3050 392 644 45 35168 12 1529 13351 
55723 53076 193 193 
37857 6230 11048 187 
435 21 55720 40 781 12 125 9835 45 213 58 3050 392 144 45 4229 12 1529 
13351 3955 28865 193 193 
52852 150 204 11048 187 435 21 
55720 1562 1241 12 125 9835 45 213 58 3050 392 144 45 31851 12 1529 13351 
3796 193 193 
28 10989 
36230 53082 187 435 21 55720 8433 1269 12 125 1194 
12050 45 213 58 3050 392 827 45 1876 12 1529 55712 2050 28836 17 28840 193 193 
72 38 62 450 68 2628 3811 81 
39 17 37563 68 2739 921 15 9752 2 
41 41 41 41 41 41 41 41 41 41 41 41 41 41 41 41 41 41 41 41 
824 21 5247 1897 125 68 133 110 45 776 15 9752 21 2 
824 8066 15 273 16 215 17272 302 551 12 17911 12 3454 219 4 28 2018 
1866 17 6460 231 9253 231 12 28 133 110 619 124 231 55724 2 336 231 12 
347 12 12 12 
824 19 9 39 31 68 626 21 55724 12 336 302 1316 12 55725 12 1217 
306 28 2744 5247 4 28 627 1479 12 
68 626 112 102 21 16 17272 302 551 12 17911 12 3454 
641 143 36631 143 15550 2 17272 302 551 12 17911 12 3454 
41 41 41 41 41 41 41 41 41 41 41 41 41 41 41 41 41 41 41 41 
55726 2 448 241 12 1193 648 1221 12 248 55727 