Subject: 1 2 1642 150 1082 2846 
42 98 215 7 925 38 439 150 440 188 14 2916 38 74 15 429 105 219 45 
98 99 101 2 
41 42 2847 12 2848 45 
41 
41 46 38 49 15 2917 149 12 
41 28 2846 217 476 193 419 87 28 2846 49 2116 218 2870 2 
41 648 12 21 77 413 4 670 2298 449 12 49 68 2918 20 571 21 77 9 
41 657 477 532 12 
41 2919 1032 28 208 38 869 12 
38 35 2920 28 2846 45 251 130 7 1076 1397 38 84 
2864 20 107 2865 20 347 20 18 2921 2922 12 
161 124 9 2923 4 28 1708 12 2924 18 2706 
502 1508 12 2925 445 2926 2863 308 2927 2868 
2928 164 539 21 2929 28 566 12 215 240 12 913 12 28 2930 2931 4 1056 
2932 222 2922 1508 219 
72 38 84 2596 1440 274 628 14 28 2933 2861 4 2863 
17 7 18 220 20 49 38 17 13 38 28 294 208 12 
41 
41 144 12 21 77 576 49 28 2934 12 49 68 2918 20 571 21 77 762 12 7 220 107 83 779 
41 2473 762 12 
49 68 2918 38 84 572 28 2935 30 31 68 2846 107 28 2936 45 
34 112 869 49 28 2298 12 
7 2937 38 83 28 2923 12 7 35 1211 28 2935 30 215 240 12 913 12 2938 143 2939 219 
251 38 84 85 2940 21 2904 28 2935 430 179 574 
28 2941 12 9 2935 2941 35 77 2669 4 2942 2861 38 87 20 
308 2943 819 12 
41 
41 827 12 21 77 2669 109 2944 4 2945 12 120 20 571 21 77 2946 532 161 12 
120 38 84 572 28 2935 566 12 
41 
41 644 12 21 77 2669 109 2944 4 167 397 781 12 120 2946 532 12 
120 38 84 572 28 2935 566 12 
41 
41 124 161 184 311 49 107 2947 28 2846 38 102 14 49 670 2298 449 138 
41 187 20 77 261 21 481 2948 49 28 411 754 753 138 
81 2949 14 515 2950 38 572 21 1453 28 2934 409 12 
7 18 1211 38 306 28 2939 1519 34 1930 96 306 68 
839 215 204 219 
41 
41 192 49 15 95 193 
41 
15 2951 
41 
41 98 99 
97 
2872 
143 143 
2873 12 143 2874 12 
2872 2848 
2875 207 
2876 2877 2878 
2879 2880 2447 
2448 827 45 2881 12 610 12 648 
2453 2882 
1068 12 2 215 141 2449 2450 219 2451 143 2883 
51 12 2 215 141 2449 2450 219 2451 143 2452 
273 2 2848 302 2446 12 1095 
1051 2 1050 2 397 397 1051 12 2446 12 1095 397 763 2848 