Subject: 470 9493 472 674 4559 109 1997 3080 397 3080 397 7284 
898 43660 231 9218 3289 231 215 43723 45 8931 648 1255 2 1529 143 1259 2 1529 219 43724 
43725 3161 43726 1661 43727 14 43728 2294 4934 2310 
43729 1535 43730 12 
5005 43731 45 19174 714 2294 43732 43733 215 321 12 641 12 8025 5140 2726 684 
5236 16318 43734 43735 43736 219 43724 848 43737 
43738 15082 43739 43740 45 43741 143 43742 1971 215 193 193 193 219 45 1670 
43743 704 747 43744 5331 700 684 5197 2315 7940 2291 714 732 3758 43745 
1670 43746 5005 5454 12 
4617 
298 193 28 423 150 204 96 273 16 302 273 12 1217 
6354 15 105 369 23 1050 2 397 397 1051 12 273 12 1217 