Subject: 1 2 8800 8797 273 
4425 44137 215 17 39598 219 45 
274 208 3203 34 3196 77 9713 8035 4 188 124 21 481 28 
9256 432 143 964 49 28 8797 143 273 8800 1382 9206 70 
516 9121 2498 12 49 3521 45 72 28 8797 8796 
187 77 541 2621 306 7558 1369 150 628 6612 45 111 
20 187 77 516 21 3088 28 10574 31 393 143 8797 273 21 
77 1775 195 1775 393 143 8797 215 107 274 628 34 112 12824 28893 583 21 
8163 219 70 7558 1170 9661 1616 91 92 5052 12 72 28 
8797 8796 187 77 41605 109 28 597 628 2659 215 107 274 49 
208 7558 219 45 111 28 393 143 8797 10574 571 21 8 195 461 
21 1123 6205 397 1316 23 34 2404 765 9 92 5052 12 4 70 
8398 423 45 38 150 151 482 21 28 8797 273 4 28 10574 21 8 205 
102 1616 28 310 92 5052 45 251 7 83 34 4 91 753 68 
19625 983 150 440 3559 1357 12 2209 45 20 150 204 9713 1476 28 
865 397 5615 8162 92 8812 215 7 12 240 12 45 195 28 865 2661 199 
293 1397 28 7823 2661 219 12 31 203 45 68 2158 91 
1148 72 38 150 1 312 4321 143 7893 34 84 181 77 
6136 12 
28 311 7 1121 68 964 124 34 4 272 548 45 419 275 34 
3039 9903 215 435 70 7558 150 204 429 105 219 164 10407 
3930 49 4649 4 28 3805 38753 12 2152 45 
393 143 8299 9903 215 222 130 28 92 31 517 34 28 273 112 102 45 
347 2428 28 273 112 102 485 21 28 1170 150 204 273 16 347 
21 9 110 219 164 65 47 3930 12 
7 150 282 474 508 31 443 3385 164 2194 2193 45 251 7 274 4428 21 
2176 91 272 1496 419 777 109 68 1845 4 279 38 861 
37 2597 4 15 548 12 
97 45 
41151 
321 12 204 12 28 1508 125 670 8797 8800 1168 164 1357 4 
28 358 2 
41152 45 282 12 45 39492 45 204 12 45 10141 45 151 12 45 17 13933 45 240 12 136 12 9 
1710 1946 21 8800 8365 240 143 628 12 4 3 49 549 
11488 2 451 125 28 136 936 12 1517 1333 2385 
1288 143 171 143 1970 12 
1357 109 143 1479 23 2 
41 
41 42 195 45 
41 
41 7 5631 21 572 549 4649 49 8800 8797 143 273 12 
41 2354 203 7 87 865 573 12 7 314 221 67 8569 
41 8797 2661 215 959 1032 583 2 143 219 219 125 2119 10425 
41 222 130 2 
41 
41 1050 2 397 397 1051 12 44135 12 304 397 3253 397 8797 397 335 397 
41 1050 2 397 397 1051 12 44149 12 2426 397 8797 397 10425 143 11012 12 1056 
41 1050 2 397 397 44150 12 38191 12 44151 12 1217 397 10425 397 8797 143 1193 12 1056 
41 1050 2 397 397 6838 12 3815 397 763 44136 397 8797 397 
41 
41 28 4367 1021 124 21 36 9 2364 432 31 393 143 8797 
41 2661 12 2354 203 7 90 572 132 2745 18322 215 2853 2978 
41 1010 31 273 219 17 7 90 36 91 7203 125 3251 12 
41 251 68 1946 124 181 107 28 1457 185 215 531 13342 219 12 
41 259 7 672 38 72 38 8 184 10 2568 12 
41 
41 6463 38 83 67 314 2003 865 10574 49 
41 8797 143 273 12 68 187 65 77 17863 49 14 12 
41 
41 7 207 65 1891 4 184 451 347 1496 38 3196 
41 8 306 568 549 4649 49 8800 8797 143 2661 12 
41 
41 
41 192 9 356 4 269 45 
41 
41 44137 
41 
41 143 143 143 143 143 143 143 143 143 143 143 143 143 143 143 143 143 143 143 143 143 143 143 143 143 143 143 143 143 143 143 143 143 143 143 143 143 143 143 143 143 143 143 143 143 143 143 143 143 143 143 143 143 143 143 143 143 143 143 143 143 143 143 143 143 143 143 143 143 143 143 143 143 143 143 143 143 143 143 143 143 143 143 143 143 143 143 143 143 143 143 143 143 143 143 143 143 143 143 143 143 143 143 143 143 143 143 143 143 143 143 143 143 143 143 143 143 143 143 
41 315 12 44137 44138 1068 12 2 141 2449 280 397 38409 512 4109 
41 12046 143 3683 51 12 2 141 2449 280 397 38409 512 24391 
41 44139 12 3884 273 2 44137 12 44138 302 12046 143 3683 12 1095 
41 151 143 44140 13909 2298 2 1051 12 12046 143 3683 12 1095 17 
41 1331 1051 617 12 4 12 28234 12 1095 397 44141 397 44142 397 44143 397 44138 12 1056 
41 143 143 143 143 143 143 143 143 143 143 143 143 143 143 143 143 143 143 143 143 143 143 143 143 143 143 143 143 143 143 143 143 143 143 143 143 143 143 143 143 143 143 143 143 143 143 143 143 143 143 143 143 143 143 143 143 143 143 143 143 143 143 143 143 143 143 143 143 143 143 143 143 143 143 143 143 143 143 143 143 143 143 143 143 143 143 143 143 143 143 143 143 143 143 143 143 143 143 143 143 143 143 143 143 143 143 143 143 143 143 143 143 143 143 143 143 143 143 143 143 
41 
41 