Subject: 1 2 1508 125 935 1168 
41 
41 3451 45 
41 
41 
41 373 463 109 443 2 
41 9 12 8009 3530 2744 8104 138 
41 167 12 220 38 1022 28 4778 31 28 310 969 4 28 310 432 215 959 347 982 219 45 
41 7 12 240 12 45 220 38 572 28 573 44512 138 
41 72 28 270 21 1404 1510 463 124 194 45 359 840 2600 109 34 
41 421 12 
44513 17 194 12 
41 
41 41 215 144 219 12669 9 657 306 28 2989 144 11446 12 28 
41 41 1021 124 34 410 31 28 538 7 4080 869 184 7898 538 21 28 
41 41 1508 2 
41 
41 38 35 150 440 93 2671 28 9819 2861 531 48 215 3454 12 7207 20 219 77 5895 20 
41 1375 28 1400 531 3792 193 
41 173 28 9398 5615 45 20 12860 9706 125 0 21 1876 12 38 84 
41 521 49 2620 9706 215 837 0 219 12 534 45 20 229 445 8 9 532 6832 72 
41 38 3832 109 568 28 40275 9319 12 4618 253 21 11555 12 161 
41 28 44514 5615 1375 959 2193 12 
7 150 938 4080 253 21 11555 17 44515 28 9398 251 28 
1508 199 7196 999 120 12 
41 
41 41 
41 7 150 282 1544 21 1844 964 45 916 499 31 2568 12 
41 229 77 7 84 4618 21 9427 28 44516 2620 1508 31 2989 144 12 12 12 
187 68 77 673 138 7 150 282 1544 21 2937 369 34 68 548 124 274 49 9 
2141 36189 215 17 445 386 31 34 219 259 419 7463 150 440 36 531 
44517 306 20 12 
1034 
3451 
41 
41 44518 193 
41 
41 98 
41 
41 