Subject: 1 2 470 471 2 44894 617 44895 707 21 44810 363 12 12 12 472 
3628 1298 2289 45 
5081 707 2294 1925 1257 44915 3014 15663 3115 3725 898 240 827 44916 45 
746 1293 1676 3689 1257 44917 684 1298 15017 45 18011 704 21 628 
897 705 40987 12 4989 3738 898 2523 12 8417 45 746 44918 746 
705 44919 12 
4405 45 14 21 44810 732 15442 705 4502 3742 12 4797 2294 6424 
704 747 10978 1257 9 1682 734 4821 12 3652 3654 3969 1257 44920 4543 746 
3740 12 3097 5016 4832 1257 44921 1257 9 17729 684 44922 3282 3969 1257 17968 45 3014 
43792 908 707 617 44923 12 
3709 45 3069 1257 9 747 1257 5085 684 44924 746 684 44925 746 902 44926 3102 
44927 44928 12 734 1925 1257 240 4934 1721 45 700 2767 684 44929 
1296 3165 746 684 5236 8603 2294 4942 12 21 3155 1676 44930 
898 10470 150 1082 746 898 10470 150 2405 700 898 2298 12 3115 3109 1257 9 1298 
3644 734 5163 12 2726 684 21 44931 3102 18024 1298 44932 138 
44933 684 1298 44710 45 3014 739 704 705 3710 684 44934 
240 827 44916 12 70 2726 45 8591 14 8603 898 141 2449 12 9027 12 786 44935 45 6706 
44936 2757 628 45 5005 15074 897 40850 1257 3668 12 
898 40852 687 44937 1257 9 3644 15068 628 12 
684 4413 3742 45 
5094 
141 141 141 141 141 141 141 141 141 141 141 141 141 141 141 141 141 141 141 141 141 141 141 141 141 141 141 141 141 141 141 141 141 141 141 141 141 141 141 141 141 141 141 141 141 141 141 141 141 141 141 141 141 141 141 141 141 141 141 141 141 141 141 141 141 141 141 141 141 141 141 
141 315 12 5094 5095 141 
141 1097 2878 45 5096 143 4667 5097 3498 141 
141 5098 4671 12 648 45 5099 3498 45 1331 141 
141 141 
141 139 2 141 2449 12 454 12 5100 143 16262 215 294 294 294 294 294 294 219 141 
141 51 2 143 5103 141 
141 273 2 5094 302 5104 12 5105 143 3498 12 1095 141 
141 1050 2 397 397 1051 12 5104 12 5105 143 3498 12 1095 397 763 5094 397 141 
141 141 141 141 141 141 141 141 141 141 141 141 141 141 141 141 141 141 141 141 141 141 141 141 141 141 141 141 141 141 141 141 141 141 141 141 141 141 141 141 141 141 141 141 141 141 141 141 141 141 141 141 141 141 141 141 141 141 141 141 141 141 141 141 141 141 141 141 141 141 141 