Subject: 1 2 1508 125 935 1168 
98 45 
7 150 938 1 143 1853 91 31 28 2989 144 1168 12 215 7 445 1006 109 28 597 549 226 
28 1400 124 477 3792 17 20 150 151 8 1838 531 122 21 77 9050 219 12 
7 150 938 869 373 538 125 28 429 1168 215 648 219 7 5046 28 1163 
259 34 195 2193 143 9491 31 9 2259 8009 164 1022 1122 4 28 
865 397 5615 573 17 215 144 219 12669 9 657 306 28 2989 144 11446 12 28 
1021 124 34 410 31 28 538 7 4080 869 184 7898 538 21 28 
1508 2 
955 195 11446 21 7928 9706 2 
4329 2 789 12 1254 3471 
11379 2 894 12 512 3471 
11378 2 2244 12 336 3471 
432 9819 21 144 215 7928 729 219 
4329 2 788 12 639 3471 
11379 2 782 12 791 3471 
11378 2 1799 12 1764 3471 
432 9819 21 848 
4329 2 15612 12 337 3471 
11379 2 4303 12 6241 3471 
11378 2 1764 12 1267 3471 
432 7884 21 144 215 7928 124 0 219 
4329 2 7848 12 623 3471 
11379 2 2449 12 7905 3471 
11378 2 784 12 264 3471 
4 2177 45 837 1397 184 31 28 44519 164 44520 45 419 1449 36 9 6203 
966 1032 419 106 179 28 2193 143 9491 199 44521 215 3454 12 107 15422 
1122 4 28 5615 397 865 573 219 12 
220 38 8 184 2568 67 515 84 77 506 997 138 7 439 150 440 83 72 7 44520 
28 1400 44522 4 9 1368 185 251 253 37 4602 150 440 1029 21 481 
48 2923 21 28 966 3545 12 
1034 
3451 