Subject: 1 2 1971 1379 3617 
4425 45 
194 45 9490 223 4 45 20779 6237 164 93 5488 259 44333 
23 28 968 31 189 499 3339 31 483 12 12 12 
49 9 9990 3214 45 38 35 1946 3253 4628 143 3831 2032 31 
10820 4998 12 
251 4 28 254 45 13 14 15 463 17 7 229 77 159 21 36 
255 21 270 12 
132 1617 124 2134 12 12 12 12 12 
3054 12 179 7 150 282 44334 45 1200 35 1981 72 38 12349 9 1867 4 13910 306 
28 599 409 12 12 193 
419 35 1522 959 1892 
2473 124 28 44335 253 985 138 
44336 
5838 44337 44338 215 44339 219 569 44340 44341 
10820 4998 
28308 44342 
8450 648 781 1064 321 143 1662 1257 3918 44343 
44344 648 
44345 44346 
1632 
1068 12 338 397 2067 1795 147 
1068 12 141 843 648 2067 1795 147 
51 12 338 397 2067 667 1535 
4656 44347 
1050 2 397 397 44348 
143 143 143 143 143 546 626 143 143 143 143 143 
125 2 613 
102 2 7544 45 333 12 7283 2414 135 2 783 
21 2 44337 45 5838 
635 2 613 158 613 
627 2 1971 1379 3617 
669 44336 45 
2473 164 38 312 138 8 38 195 223 21 1632 369 138 
7 207 305 21 672 49 9 7744 2 220 38 13339 21 83 28 160 
4 15 425 213 124 2134 49 28 425 150 204 1971 1379 
3617 138 72 38 220 45 90 38 1121 14 4 66 306 1456 138 419 164 
312 9 2144 67 68 17 20 187 77 
31 990 95 21 8 28 6351 31 222 9 160 12 
192 45 
98 
1981 670 3981 23 1050 2 397 397 1051 12 44349 12 1217 
68 626 3894 15547 430 17 124 1471 445 
49 28 7558 7697 12 72 38 164 107 28 7697 15549 38 
84 107 37503 45 2979 347 39 68 240 143 628 12 81 
2424 28 183 3923 74 240 143 628 72 38 8 293 68 
240 143 628 74 5412 17 6631 68 240 143 628 125 15 408 12 
240 143 628 13448 62 77 13388 21 77 16319 347 1409 143 298 
130 430 90 77 44350 45 9472 45 230 45 44351 45 
947 554 347 17384 45 347 2586 15557 12 28 183 874 
926 107 3357 15558 49 184 4347 347 2913 4 28 6642 
31 68 626 540 3525 130 9 966 31 240 143 628 13448 12 72 
17496 124 1403 81 3214 9 584 143 39 30 12 68 
626 124 1866 49 37404 2870 17 84 107 77 
44352 130 9 44353 347 3359 21 7690 347 3616 184 8206 347 
1846 4561 44354 12 