Subject: 1 2 7558 2141 1828 
4425 98 45 
7 150 938 777 9 1522 21 11646 67 68 17 3835 20 1931 150 440 
933 435 161 18 77 28 10813 46064 21 36 3869 4 28 
2141 12 
118 67 34 12 96 31 1980 306 28 1828 3545 12 
97 45 
11644 
143 143 143 143 143 546 626 143 143 143 143 143 
125 2 231 98 99 231 
21 2 231 11644 11645 231 
635 2 231 14 231 
102 2 1037 45 247 246 45 7284 648 2 894 640 
627 2 1 2 7558 2141 1828 
41 11644 45 
41 
41 46 38 49 15 149 12 
41 173 28 399 397 7759 1148 45 3385 164 28 310 130 4 
195 
41 8706 143 1113 1959 12 1208 45 21 15 463 2 
41 824 399 8448 215 130 6182 1086 3569 435 6607 219 164 
41 78 390 3471 31 769 2415 4 28 2141 17 26 8 21 1022 28 411 
41 390 3471 7997 12 445 291 8448 128 1876 3471 3306 23 70 
41 4148 143 64 6280 215 7 12 240 12 45 4781 4747 49 2003 17430 219 12 
41 824 130 49 28 3688 1148 45 7 207 586 125 28 107 143 259 143 1170 143 16168 2 
41 1050 2 397 397 1051 12 16841 12 16842 397 22098 729 397 1153 397 45883 397 1221 143 46065 617 12 5051 
41 231 2040 16947 31 10876 1959 8 46066 143 298 8009 13124 
41 21 195 1162 2900 4 28 2141 12 16947 2255 21 
11550 
41 769 2745 1162 3196 2393 1379 13124 23 2348 4561 
41 347 999 1391 45 3915 31 46066 143 298 12 231 
41 68 35 2671 72 539 1461 9 1402 1467 2585 28 
8448 12 
41 
41 173 28 3540 31 21816 4 28 2141 45 419 450 21816 130 9 959 
4241 143 21 143 3264 
41 341 3830 12 876 45 15 37572 229 77 4240 4 28 109 143 1479 
41 386 31 28 2141 45 347 837 28 3264 3261 12 534 45 11891 15 
41 1543 4 1329 3 397 573 1365 45 419 187 107 435 21 28845 38 
41 125 28 2354 143 1479 386 45 72 68 124 541 4 540 38 187 435 21 
41 436 12 419 164 1383 4 28 368 31 6641 28 1828 45 
41 540 84 77 1027 47 1028 12 670 1547 124 111 21 2979 68 
41 21 195 8448 45 1122 306 70 4143 8176 31 1950 12 534 45 
41 161 18 77 91 42867 21 16227 28 1957 31 28 
41 8448 12 
41 
41 96 97 45 
41 
41 98 
41 
41 
41 11644 11645 101 2 
41 41 
41 41 669 98 45 
41 41 
41 41 4 45986 68 187 77 31 45987 21 11646 251 20 187 
45988 
41 41 11928 109 28 277 215 399 17 602 219 12 90 38 1844 14 70 
767 
41 41 49 28 3540 34 38 450 49 21816 4 68 2141 17 2473 187 124 548 
499 12 
41 41 3918 45 124 20 1442 1113 49 399 8448 138 515 164 28 3688 1148 
49 
41 41 7888 1127 138 
41 41 
41 41 97 45 
41 41 11644 
41 41 143 143 143 143 143 546 626 143 143 143 143 143 
41 41 125 2 231 98 99 231 
41 41 21 2 
41 41 635 2 231 14 231 
41 41 102 2 1037 45 247 246 45 7284 336 2 135 207 
41 41 627 2 7558 2141 1828 
41 41 
41 41 41 4425 45 
41 41 41 
41 41 41 90 38 81 82 14 83 31 15 1475 45 173 670 427 
41 41 41 594 21 3210 28 7558 2141 1828 138 
41 41 41 2618 164 509 45984 1276 2 143 219 
41 41 41 
41 41 41 96 97 45 
41 41 41 
41 41 41 98 
41 41 41 
41 41 41 41 42 11644 45 
41 41 41 41 
41 41 41 41 38 229 11378 670 1841 977 1209 4 7370 45 177 7 
41 41 41 41 2712 9 358 109 8797 273 8800 4 70 1310 936 12 
41 41 41 41 
41 41 41 41 7 207 197 38 67 9 2141 1828 4 540 670 1524 
41 41 41 41 45985 12 28 2141 124 52 7558 17 20 124 1846 
41 41 41 41 21 9656 49 762 2298 8025 12 7 207 2888 9 1893 
41 41 41 41 1534 31 28 2141 12 
41 41 41 41 
41 41 41 41 7 187 435 21 672 38 2428 38 215 181 306 15 
41 41 41 41 11646 16492 219 187 435 21 436 4 28 1828 45 
41 41 41 41 3933 21 28 1118 15 1354 109 399 
41 41 41 41 561 31 9656 12 
41 41 41 41 
41 41 41 41 28 1828 124 1003 21 9 762 2613 17 20 124 1383 4 
41 41 41 41 9 2228 31 3537 12 28 1550 488 124 249 343 12 
41 41 41 41 
41 41 41 41 96 97 45 
41 41 41 41 
41 41 41 41 98 99 
41 41 41 
41 