Subject: 653 138 8694 143 17433 138 167 138 33335 729 141 827 33336 397 33337 448 33338 248 33339 397 9 653 653 138 653 
7113 45 7118 6934 28666 28667 45 4309 33340 28668 15499 
6865 33341 33342 33343 4318 33344 6802 33345 45 28669 3182 28670 6774 33346 28672 
6934 6943 7125 10572 6758 33347 33348 33349 28673 45 4317 
6795 4318 6993 6788 33350 15896 6943 33351 18268 33352 33353 12 
28674 2 
824 28675 4318 11719 2 28676 28677 
824 28678 28679 28680 2 28681 4318 28682 28683 
824 28684 6893 28685 2 28686 4318 28687 
824 28688 28689 2 28690 28691 
824 6802 28692 2 28693 28694 215 4315 6929 15101 4318 11741 33354 3173 6788 231 33355 
33356 231 219 
824 28695 28696 2 33357 143 28698 28694 
824 2387 2 28699 143 33358 28701 
824 28702 2 28703 28704 
824 28705 4318 28706 2 28707 28708 6776 33359 28708 
824 28709 2 28710 28701 215 4315 6929 15101 4318 11741 33354 3173 6788 231 33360 
28701 231 219 
824 33361 2 33362 28701 
824 33363 2 28712 28713 
824 28714 28715 2 28681 28716 
824 28717 2 28718 28719 
824 28720 2 28721 28722 
824 28723 2 28724 4318 28725 
824 28726 4318 28727 2 28728 28729 
824 28730 2 28731 4318 28732 4318 28682 
824 28733 2 28734 28735 
824 28736 2 28737 28738 
824 33364 2 28740 28741 
824 28742 2 28740 28743 4318 28744 
824 33365 2 33366 33367 
824 33368 2 6899 4318 33369 4318 28740 33370 