Subject: 95 432 
6545 2 432 470 472 
308 28 10405 12837 45 36 9 110 31 195 115 8081 49 
28 9772 110 12 602 2671 28 1416 21 28 294 6567 49 
34 110 45 130 1528 2 
1416 35 77 2 628 45 7627 45 16 45 12820 
23700 49 628 35 77 2 8027 45 34536 45 34537 45 9660 
34752 49 7627 8 21 77 2 115 143 7627 294 143 7627 
34752 49 16 8 21 77 2 115 143 7627 294 143 16 
34752 49 12820 35 77 2 194 45 359 
150 432 150 2 36 28 115 1416 8081 49 28 110 
150 432 628 8027 150 2 15 626 124 102 182 21 38 
150 432 628 34536 150 2 15 626 124 107 102 182 21 38 
150 432 628 34537 150 2 359 461 18 77 102 21 38 395 38 
2671 8087 120 
150 432 628 9660 150 2 15 626 124 107 102 182 21 38 12 
294 461 164 107 102 21 38 130 26 947 45 251 164 
17854 921 34755 34 164 34756 102 21 38 12 
150 432 7627 150 2 2671 15 
7627 49 11416 1379 21 28 408 215 7 12 240 12 49 4183 
1379 34544 179 34757 21 28 408 219 12 
150 432 16 2 2671 28 16 
38 164 4193 306 158 229 107 77 1357 109 195 1316 12 
150 432 12820 194 150 2 5247 1897 125 150 3239 150 17 
150 4282 150 17389 12 
150 432 12820 359 150 2 34758 31 272 8087 12 