Subject: 72 38 35 81 95 12 
42 18794 158 
669 45 132 105 124 15201 17 7 93 87 38 95 12 38 450 18794 7 93 439 150 440 83 38 6061 
251 7 91 2892 11688 4 132 43237 34 38 35 77 31 95 21 14 28 45 95 34 
7 150 282 5830 49 17 19824 49 12 7 9939 6060 49 68 19729 45 306 68 240 143 628 626 251 81 1929 34 7 2892 34 38 164 132 977 925 4 8436 132 48050 17 1440 34 1833 132 
599 17 132 9118 12 7 1319 120 6060 49 68 
19729 45 72 38 767 34 68 626 124 107 516 125 132 185 45 
17 14 309 38 49 95 1032 81 
85 132 11688 1321 49 8370 38 4223 92 12 
72 15 1449 3344 109 1032 7 9939 46 38 1319 120 11688 125 132 43237 45 
38 450 18794 45 229 7 1324 38 18794 138 2 143 219 505 46 38 12 
7 93 439 150 440 482 21 36 4 21 132 1440 306 38 86 7 1929 
34 132 1440 164 107 15 1440 17 12785 20 12 251 161 124 9 776 
4 2261 34 837 15 3536 17894 
164 107 159 21 95 38 45 259 12785 185 7 150 282 6634 21 38 49 15 95 12 
38 450 18794 9 2351 524 2663 45 7 65957 21 95 208 31 132 17894 4 9 4561 185 
17 7 8 20713 12 251 179 28 92 58 3078 21 14 
17 132 599 7 777 359 185 21 36 499 31 68 1021 7712 7 777 359 
208 21 95 14 21 36 499 45 17 306 92 
17 524 132 4561 600 777 552 4367 17 4367 45 
7 221 21 28 776 177 7 112 107 159 21 216 132 
4188 17 435 508 255 7 777 6741 18540 3192 306 132 4561 600 12 
7 8 58035 21 28 19676 49 95 17 7 93 2892 34 38 18 95 14 45 
17 21 28 255 34 95 1320 411 45 259 18794 7 150 282 93 309 38 49 9 47 532 95 45 
7 9939 10452 38 34 68 626 124 6548 130 132 1440 34 7 8 
1076 21 38 45 42 18794 17 28 95 34 
7 87 125 38 45 130 38 3196 8 314 3870 45 124 28 
4561 95 837 9 41197 45 38669 347 9 7770 18 95 14 7 150 282 107 309 49 184 536 441 7 150 282 445 
309 17 3795 49 9 532 441 34 124 1411 
49 38 17 34 38 35 41760 45 259 81 1929 12 
72 306 9 6518 7 18 128 959 1032 7 87 7 18 10452 38 
34 28 6134 31 483 18 77 41140 21 91 
331 31 65958 17 259 109 12 7 445 56603 17 6283 34 38 18 1929 
132 600 17 74 9260 14 19404 18 65959 38 208 517 12 
505 18794 7 150 282 985 21 7954 369 45 7 9939 11688 3192 4 132 584 46 49 15 92 
4 3344 68 626 12 7 150 282 41411 132 16 259 72 38 35 81 95 12 
117 9939 18794 
15201 
19404 28854 12 2 143 219 
321 12 204 12 
7 150 282 107 65960 21 77 65961 251 7 35 445 3357 5634 
125 38 17 445 515 38 35 41760 81 12 
15201 204 12 
65962 65963 4592 12 45 9832 4791 
5891 45 17392 60579 
1200 12 204 12 9 