Subject: 151 124 109 7731 193 193 193 193 
824 641 193 641 193 641 193 641 193 12 193 641 193 641 193 641 193 641 824 
824 322 322 322 322 12 1232 12 322 322 322 322 824 
824 143 824 143 824 
824 3742 6409 193 150 1232 239 1775 3724 4793 193 824 
824 19548 19549 193 824 2 824 215 231 151 19550 19551 193 824 
824 19552 19553 19554 193 824 12 824 763 215 653 241 19555 19556 193 824 
824 19557 19558 193 824 824 824 824 12 12 12 397 1775 1775 4089 16440 19559 193 824 
824 19560 19561 193 824 824 824 322 824 824 824 470 7247 472 19562 19563 193 824 
824 19560 19564 193 824 4089 322 824 19565 19566 193 824 
824 6473 3206 193 824 824 4089 4089 824 824 19567 19568 193 824 
824 19569 19570 193 824 824 824 4089 4089 824 824 824 19571 19572 19573 193 824 
824 19574 19575 193 824 322 4089 4089 824 19576 19577 193 824 
824 1011 3380 193 824 824 322 4089 4089 824 824 14367 150 204 7689 193 824 
824 19578 19579 193 824 824 824 4089 4089 322 4089 824 824 824 19580 11789 19581 19582 193 824 
824 19583 19584 193 824 4089 4089 322 824 19585 19586 193 824 
824 19587 19588 193 824 824 322 4089 4089 322 824 824 12905 21 28 423 824 
824 19589 19590 193 824 824 824 824 4089 4089 322 824 824 824 824 143 17 21 195 9 824 
824 19404 846 193 824 824 322 322 4089 4089 322 824 824 1011 294 1209 193 824 
824 1034 193 824 824 824 322 4089 4089 824 824 824 824 
824 824 2 151 322 1775 824 824 824 824 824 824 824 824 824 824 824 824 824 824 824 824 824 824 824 824 824 824 824 824 824 824 824 824 824 240 302 302 302 302 302 302 302 302 302 302 302 302 302 302 302 
824 1775 
824 397 
824 3471 150 219 397 3471 1232 19591 1232 1232 392 1232 397 1221 4089 1232 19592 1232 763 763 763 763 763 4118 4118 470 6835 6834 6835 6834 6835 6834 6835 472 215 2 219 6834 653 653 653 653 653 653 1232 1775 1232 763 763 763 763 763 763 763 763 763 1232 
2 2 2 2 2 2 2 2 158 158 4089 4089 4089 
150 150 150 4089 4089 4089 150 4089 