Subject: 1 2 4231 2 7541 31 28 110 
28 7541 31 28 110 124 23 
397 34932 
23 848 2 2449 207 729 397 952 397 1529 141 1017 45 35085 35086 101 2 
41 926 12449 83 124 20 261 21 450 28 7541 31 68 110 138 
41 
41 192 12 
41 
41 97 45 
41 35085 9 12 35087 45 
41 3650 8389 
41 143 143 143 143 143 143 143 143 143 143 143 143 143 143 143 143 143 143 143 143 143 143 143 143 143 143 
41 35088 9 397 204 45 
41 35089 4671 12 636 45 9834 144 45 
41 35090 45 35091 45 34351 
41 139 141 248 215 13692 219 35092 847 4711 215 35093 219 
34932 34933 
13973 
11438 384 45 11044 12 
34934 34935 34936 9818 
2675 45 2676 31628 
1050 2 397 397 1051 12 11438 143 384 12 1217 397 
34937 302 11438 143 384 12 1217 