Subject: 4231 2 1 2 109 143 28 143 5918 8849 31 3981 649 12 
19533 
72 38 36 28 115 215 1839 219 421 31 35106 12 5549 45 161 124 9 762 140 
31 5703 109 11611 12 208 818 976 109 9656 6742 
2298 1365 
58 70 969 74 40 3034 317 3035 3036 215 7683 487 2 
3027 150 9656 109 28 3519 568 2298 1365 2 362 2298 8025 150 12 
20 84 77 9 502 1544 776 12 
97 45 
3459 
3459 11639 45 774 143 11652 317 13973 
11593 1237 45 729 9 45 11622 157 3847 45 11623 
11624 11501 45 590 
1068 2 141 891 1304 11654 11655 
1051 12 11593 12 1217 
41 143 143 143 143 143 546 626 143 143 143 143 143 
41 125 2 5338 143 11437 143 1193 302 11438 143 10124 12 1217 
41 470 2723 2 5338 143 11437 143 1193 302 11438 143 10124 12 1217 472 109 1842 31 35107 5294 
41 102 2 827 1839 2405 636 2 1783 
41 21 2 150 11437 143 1193 302 11438 143 10124 12 1217 150 
41 627 2 4231 2 109 143 28 143 5918 8849 31 3981 649 12 
41 
41 
41 7689 195 45 
41 
41 132 417 35108 21 9 1845 34 124 107 5629 4 28 2193 419 195 
41 1929 20 45 251 7 8 2666 411 1525 34 35109 109 28 
41 627 17 293 35110 21 1111 34 13092 6125 20 
41 1461 132 4221 21 68 110 12 28 1845 124 109 143 28 143 5918 8849 31 
41 2298 2404 649 12 49 1510 107 5984 306 28 12147 45 2937 31 20 4 
41 3614 31 1424 11011 1508 12 38 1844 28 1424 11011 15 232 
41 3614 17 20 11802 38 306 449 8805 125 232 3029 17 
41 2113 21 35111 213 8 11314 28 1424 3614 38 576 409 12 28 
41 449 8 205 7548 231 109 143 28 143 5918 231 12 
41 
41 35 2622 776 14 21 91 4427 34 1987 306 28 2228 31 28 2229 
41 17 115 9655 138 545 45 776 14 2098 2423 12399 
41 1846 17 7 150 587 77 477 376 12 
41 
41 72 38 548 49 9 425 35112 4 20 45 7 150 151 77 1011 21 
41 914 125 38 
41 130 505 12 
41 
41 192 49 15 92 12 
41 
41 19533 35113 
41 3264 430 
41 35107 28654 1598 45 5692 12 
41 