Subject: 653 138 26510 617 143 241 138 1772 138 653 2536 653 1219 648 2 1775 34305 1775 8179 1775 34306 138 653 
41 7 8 9 6185 31 20580 17 34314 31 34305 17 7 207 148 49 
42 98 193 
7 35 3359 38 109 70 676 31 28 20580 34342 109 9 627 34305 12 
7 8 28 20580 31 21521 109 184 627 12 
7 482 91 2603 294 20580 215 4284 143 2405 219 12 
72 15 62 21 3047 21 14 515 132 28 16 21 1844 411 
28 33762 12 
306 96 97 12 
34343 302 34344 12 10962 12 8984 
1050 2 397 397 1051 12 16825 12 8984 397 763 34345 397 
34343 34346 
4301 12 21388 143 34347 45 
34348 810 45 21881 12 892 45 
34349 45 34350 45 
34351 