Subject: 1 2 37549 
4425 13245 45 
7 150 938 2110 506 91 5597 548 568 37549 109 28 13969 6556 12 7 
5038 28 456 597 1988 2214 4 470 13839 45 648 472 12 534 45 
3915 31 568 28 13469 36333 21 19695 7995 31 1369 45 7 
576 2935 7995 4 28 741 143 9316 37549 1462 215 306 741 653 390 219 12 
274 21 2482 9 4218 966 45 568 28 310 9256 432 964 130 
470 13839 45 648 472 215 848 3471 5615 1369 45 729 3897 39413 219 45 28 13469 36333 
1381 39414 9 2173 10107 1409 215 39415 219 31 0 12 7886 1427 28 37549 1381 
39414 70 39415 31 0 12 17391 12 7 65 4080 9 19691 18091 215 7 12 240 12 45 107 
7625 219 17 221 70 39415 31 0 12 35168 12 6210 37549 33595 6125 
13469 36333 130 48 130 13469 36333 33595 6125 28 
393 143 7625 535 12 215 313 7 1906 817 34 470 13839 45 648 472 
221 9 4240 39415 31 0 12 38771 49 28 393 143 7625 30 12 670 
11261 31 393 143 7625 10885 229 2172 4 91 6625 12 219 
7 5419 150 440 2666 39416 150 204 358 45 259 7 439 150 440 83 72 15 2589 481 2193 12 
20 926 1029 9 657 8892 3320 12 49 824 824 824 1933 824 824 824 2918 45 208 
12140 124 21 6825 9 532 39417 865 6556 45 7730 824 17 824 5615 28 
310 6556 45 17 450 72 28 1508 933 2348 12 508 3 
1708 35 77 7904 21 8 7196 39318 10050 109 865 
573 215 347 837 1876 3471 4329 219 45 259 20 150 204 13144 21 6608 12848 4 34 2498 12 
31 203 45 38 4430 5615 865 573 4 9 1342 7851 12 
49 9986 5597 1708 45 28 2173 10107 1409 1465 21 8 205 
7196 12520 2033 74 591 775 45 313 20 150 204 107 308 
7882 12 470 9746 45 144 472 65 2214 9 1325 21 13136 1708 34 
611 36345 13604 3915 31 39394 12 
925 34 2971 12 
143 39418 
215 648 219 70 3101 1988 49 7923 8998 8800 
4071 1193 13839 45 12401 9 13900 45 4048 39419 17 5580 11642 
215 144 219 9746 45 10141 45 17 39387 4 231 8944 3261 31 17189 
1708 49 8998 8800 231 215 9792 171 219 
41 143 143 143 143 143 546 626 143 143 143 143 143 
41 125 2 5338 143 9595 302 13847 12 9345 12 1309 
41 470 2723 2 5338 143 9595 302 13847 12 9345 12 1309 472 109 1842 31 13245 10224 
41 102 2 2366 45 1038 512 45 2405 336 2 1529 640 
41 21 2 9595 302 13847 12 9345 12 1309 
41 627 2 37549 
41 
41 
41 4425 45 
41 
41 4 132 7851 45 7 1901 9 1170 39394 20907 45 256 9 45 17 111 861 
41 20 150 204 37549 12 28 1170 9820 124 1553 648 45 144 45 827 45 644 45 347 729 12 121 7 221 28 
41 37549 45 7 572 28 1464 1946 4 9 1086 358 470 648 472 21 8378 28 
41 9820 49 39420 3816 49 9 2259 1170 215 28 39394 31 68 1170 
41 124 107 13226 4 20907 9 219 12 121 7 221 28 2526 45 7 275 34 
41 28 36345 9820 124 107 1370 132 9820 4073 215 648 143 729 219 12 91 31 37 
41 164 47 762 17 91 31 37 164 47 532 12 208 3521 124 125 29956 
41 21 143 7765 12 7 150 151 435 21 83 124 161 2423 7 8 506 6459 12 
41 
41 4 2001 45 220 38 8 184 11 4 9986 28 1508 31 
41 39421 143 371 2526 17 37549 143 371 2526 138 
41 
41 192 9 356 12 
41 
41 13245 
41 
41 6564 12 
41 470 648 472 100 747 12 39416 215 136 219 12 28 9605 31 35033 6567 4355 
41 109 8998 8800 12 
41 
41 143 143 
41 397 824 824 
41 824 28 11255 11256 176 31 340 17 341 
41 824 1225 1238 1209 827 
41 824 397 
41 143 143 143 143 143 143 143 143 143 
41 4783 21 28 9595 302 13847 12 9345 12 1309 133 110 12 
41 21 9253 45 13 70 273 626 21 11091 302 13847 12 9345 12 1309 
41 306 28 7255 231 9253 9595 231 4 28 6290 31 28 626 12 
41 
143 143 143 143 143 143 143 143 143 
4783 21 28 9595 302 13847 12 9345 12 1309 133 110 12 
21 9253 45 13 70 273 626 21 11091 302 13847 12 9345 12 1309 
306 28 7255 231 9253 9595 231 4 28 6290 31 28 626 12 