Subject: 1 2 17913 12 12 12 
3628 1298 2289 45 
1692 17914 17915 2310 17916 2294 3641 1676 3632 21 273 
17917 898 17918 707 2294 17919 215 138 219 17913 5005 17920 12 17921 
2294 2320 726 714 2294 13910 4561 1184 746 714 5561 
617 9 3635 17922 17923 215 17924 21 17925 715 70 17732 617 5127 714 5175 8667 219 
21 17034 617 9 17926 734 386 92 8087 746 17927 704 3150 617 9 
4854 3742 4859 746 3654 17928 898 17929 726 704 617 9 3654 3115 3738 
902 3725 707 3282 4805 1676 617 9 14 17930 17931 617 17932 747 3764 684 4382 
4848 707 21 2012 12 215 2326 3638 714 17755 718 3153 617 9 700 17933 
45 1676 734 17934 14 17935 617 9 17936 718 17937 617 2838 707 
17938 2822 2294 17939 746 2783 2812 17920 12 12 12 219 
3748 3635 898 17940 2310 17941 17942 707 2558 746 2315 
17943 3293 700 701 17944 4859 746 1700 298 273 707 3071 17942 
17945 12 12 12 
6728 17946 3742 898 17947 45 17948 21 3728 12 3014 705 4976 11420 
17949 14 902 17950 897 17951 704 705 700 746 701 3726 6448 707 
17952 17953 12 
7669 718 17954 714 17955 746 8283 5203 3297 3289 617 9 4382 732 6176 
714 732 17956 45 4838 684 17957 6707 8740 617 8741 6110 17958 898 17516 
2554 12 
2780 14 21 2286 143 2527 746 715 21 17959 8283 
17960 617 781 3289 12 3294 715 687 7942 17961 898 17962 827 143 644 8473 12 4859 
746 4797 3295 2294 17963 707 13910 6687 1095 17964 714 689 4893 
17965 45 746 21 17966 734 17967 3044 3205 14 21 5527 617 17968 746 
8629 707 684 3650 17969 689 11255 11256 1676 705 4797 3422 6446 12 
21 358 3057 617 9 21 17970 12 
746 3151 17971 14 715 21 358 898 1310 143 2405 714 687 17972 21 
10969 746 3652 746 747 617 5085 684 5203 5005 4942 215 4511 2294 4384 
3738 219 3014 648 12 17973 1676 705 17961 5005 4942 4859 746 322 8644 4511 
14 6065 707 12503 379 8183 215 687 17974 17975 8458 898 
17976 2310 4937 3069 689 4905 322 4936 219 746 144 12 21 358 1713 
1296 17756 17977 3132 897 17978 3757 6424 746 747 617 5085 684 
687 5017 5005 4942 3014 3775 705 17979 684 17980 4859 746 
4422 1682 17981 14 687 17982 21 6688 8287 12 12 12 215 322 738 17982 
700 8668 746 17983 3071 17984 9243 718 17954 2297 17985 689 746 14 
17986 17987 12 12 12 219 12 8350 5939 5219 14 732 144 143 827 3742 358 1676 3654 
15256 17988 17989 143 2527 12 
4405 1758 17990 21 3162 12 
70 17991 1296 746 705 3654 1971 143 2375 3297 617 9 734 8560 6103 
707 684 1298 3299 707 21 358 367 12 4380 1721 705 617 9 15520 5061 12 
684 8715 3742 
11750 
109 1302 45 336 846 2405 45 98 99 101 2 
41 17992 3628 1298 45 
41 
41 5159 732 17237 6417 5005 714 17993 158 
41 3652 17994 8726 714 2294 17995 897 3102 6065 4476 2822 687 17060 12 
41 21 16201 2803 21 1513 898 8113 45 21 4387 4511 701 4916 12 
41 17996 746 17997 3153 3139 898 17947 707 8702 45 3014 701 3728 193 
41 215 1535 17998 45 4815 17999 45 5539 12 219 
41 
41 18000 718 15246 714 9246 746 8472 18001 701 8279 193 
41 70 18002 5163 4805 215 701 18003 18004 219 1645 18005 8472 746 1645 2303 
41 3644 12 322 18006 734 16160 689 902 18007 12 8460 673 21 1156 158 
41 
41 746 2804 18008 2 
41 
41 648 12 5179 18009 732 451 1676 2730 2780 14 2286 2347 
41 1365 746 2527 12 70 732 5092 1645 732 1646 701 12 
41 18010 732 401 689 1310 2405 45 18011 746 6417 1296 
41 4919 45 21 4387 705 8332 684 21 18012 215 4380 18013 
41 18006 2294 5345 18014 5711 2 143 219 12 21 358 700 21 2 
41 18015 18016 17 18017 18018 45 231 1162 1706 125 47 
41 762 1738 568 7847 2343 12609 12 231 
41 700 2315 18019 412 282 150 15212 1676 2730 12 
41 
41 144 12 322 11750 322 2549 45 8354 1298 746 18020 897 45 1676 700 3748 
41 18021 898 15529 45 700 1116 18022 1825 898 18023 143 2405 12 
41 897 3281 4405 2804 451 707 367 45 732 3132 700 
41 4969 17035 12 3282 714 4829 700 3102 18024 1298 18025 746 
41 689 18026 684 1298 21 3644 45 4859 746 5092 15256 701 
41 8356 746 2726 684 18027 70 700 7898 466 12 
41 18028 746 1298 21 2293 12 1645 15008 684 21 18029 746 
41 684 897 2727 21 367 1753 902 4814 343 397 248 158 215 18030 704 1645 
41 18031 8568 1288 18032 707 21 5572 12 219 
41 
41 827 12 1291 18033 2780 14 902 4848 5005 18034 158 
41 
41 18035 3752 1298 12 
41 3638 3721 193 
41 
41 1301 99 