Subject: 4231 2 1 2 8378 11482 4 318 
10709 45 
7 207 50 38 485 9 358 1003 67 9 1470 34 58 77 576 
1208 21 8435 34979 2086 568 12314 
318 573 12 
2622 3191 109 28 110 1891 4 9 39 31 28 358 45 81 66 
14 2354 110 12 
315 12 29347 17219 34980 
11438 384 45 11044 12 
34934 34935 34936 9818 
2675 45 2676 31628 143 34981 
215 2679 219 34982 143 34983 215 3296 219 
215 2679 219 34982 143 34984 215 51 219 
34985 302 11438 143 384 12 1217 
1050 2 397 397 1051 12 11438 143 384 12 1217 
23 1973 2 1764 640 144 397 618 397 1529 143 4037 45 7 34986 101 2 
41 
41 627 2 4231 2 2849 294 2054 125 12314 573 
41 632 2 4106 45 618 1303 2405 618 2 952 2 1808 141 339 
41 183 2 5338 143 11437 143 1193 302 11438 143 10124 12 1217 
41 11439 2 6261 
41 
41 419 164 1544 9 2506 2141 1413 21 8378 11482 4 
318 
41 2088 125 12314 1324 573 12 20 1465 34 419 587 8 21 3615 294 
2054 
41 125 670 573 10101 435 2 
41 143 143 4180 3265 31 3625 2606 517 
41 143 143 446 140 31 236 3625 2606 76 409 
41 670 1946 31 68 627 124 489 8944 49 28 3315 12 90 
41 12449 95 434 138 184 6842 45 1846 548 347 34987 164 
1530 193 
41 192 9 356 4 269 
41 10709 