Subject: 392 5620 34223 8363 193 193 193 193 193 193 193 
4425 193 132 105 124 62861 36530 12 7 221 15 240 143 628 16 2354 9 417 12 81 49778 14 72 7 869 70 1409 158 7 150 282 9 373 143 65708 65709 12 7 1022 68 3547 817 1122 21 2482 255 34 20 150 204 107 9962 21 13260 184 441 31 19695 34 38 482 193 7 925 38 861 68 430 1368 12 
7 150 282 510 45 306 144 18568 45 9038 135 17 618 12 
7 112 509 4367 5820 1209 12 132 19695 777 18467 25436 475 23 962 2249 12 49 132 8148 17 9180 45 7 84 8 62871 67 809 475 12 34 112 280 475 21044 45 65710 65711 12 132 4582 199 8085 34 7 112 21044 45 17 2165 9257 12 5820 92 7 230 19695 45 7 11910 837 959 182 12 
111 3378 28 8363 12 26 56 34 72 7 230 19695 17 221 3192 21 132 6382 19695 45 26 187 1844 14 392 729 45 1857 12 
7 4428 34 483 45 251 837 959 7 4428 21 933 10 17 77 21598 12 7 62329 109 17 2354 49 248 524 45 251 221 54470 12 7 112 62865 17 53278 12 
28 392 729 45 1857 3794 150 440 130 2340 21182 45 313 7 5678 4428 20 12 20 112 959 28 877 8363 31 65712 515 777 2111 67 28 50487 3203 7 1355 777 21 220 12 7 18511 3313 274 2473 1376 68 19695 1021 777 93 2111 12 
7 777 36844 17 4080 591 19695 6108 2950 1616 132 22074 143 22074 55815 1010 12 7 106 21064 3260 45 10177 5566 45 39453 53155 45 65713 45 231 11944 143 17 143 18516 143 359 143 19581 45 231 65714 65715 45 53256 65716 45 17 959 12 38 105 20 17 7 4080 20 12 7 230 91 475 306 5820 34223 45 17 111 9635 11910 20 182 45 4784 306 9 2351 416 475 12 
7 5865 2143 964 12 111 45 7 12105 541 7 211 67 125 9 18794 31 9126 12 214 112 568 9 8366 215 91 331 31 818 231 44271 34971 231 219 2051 6055 7745 45 34 12655 1456 13260 9 356 31 19695 45 3260 12 20 777 205 2575 9 8054 49 1010 45 395 369 12 70 1009 425 54215 964 306 70 44271 11461 17 6187 28 8054 487 12 
3795 20 3196 95 65717 132 17897 1021 45 7 52 1456 964 21 450 2473 28 231 34971 231 7203 215 52 34971 15195 833 219 112 1960 12 214 56 20 112 1960 231 990 231 49 1456 45 130 505 130 49 411 255 568 20 12 20 3894 54247 65718 45 17 411 1388 57130 45 540 28 44271 1130 275 4 47 12255 46515 17 54919 12 
20 62923 531 502 21 77 6548 45 251 7 4080 3212 3191 12 259 208 959 92 12 7 227 34971 15195 833 5820 1850 158 20 13297 21 95 14 231 18510 964 231 4 28 1850 12 7 112 44027 28 18508 5045 982 12 7 777 959 11039 1616 28 517 45 17 40815 10 23 4496 12 
7 93 4767 9 2923 12 28 959 7 227 20 45 28 10 7 9570 12 7 112 3207 964 1892 45 251 112 959 49471 4 28 1850 12 68 112 9 47 218 2596 9687 21 411 53155 158 68 112 9 47 678 3203 12 
515 9 7130 31 60534 193 
194 45 8151 45 38 35 1449 18516 45 17 837 18516 502 7203 12 72 7 777 21 18516 274 9 50705 306 359 61866 49 9 53213 45 7 150 151 521 19698 193 
132 20727 45 5985 45 124 36224 193 4 729 524 7 230 1069 475 45 17 20 150 204 3207 2354 193 215 636 524 259 2342 12 219 7 221 3192 21 807 475 12 
20 112 941 12 2622 35 220 20 12 7750 45 17 194 45 7 106 3571 28 392 729 45 1857 12 419 1810 132 4582 49 9 7798 12 26 199 36224 17 12376 158 26 4602 150 440 10068 14 45 837 179 7 28875 1457 997 21 37 12 132 25530 17 58073 199 501 21 1844 14 28 483 12 58073 56 20 112 28 96 4173 214 1355 869 17 132 25530 45 505 45 20 227 9 2351 2660 49 104 21 5383 104 29430 964 2354 28 2370 12 
28 96 20447 3794 150 440 28 483 12 20 112 28 20447 31 528 21598 45 17 148 990 120 12 7 8 5046 45 7 18 4430 77 21044 120 12 34971 15195 833 1930 12634 12 
505 45 369 7 150 282 28 310 19695 7 112 4 2050 45 34257 65719 65720 120 12 7 3577 4 195 132 639 1209 972 20595 34 7 10932 3795 7 187 3577 4 37 120 12 7 1449 35 150 440 2892 20 6519 12 
673 45 259 487 479 28 536 6165 19827 45 1457 138 933 45 72 38 482 21 4618 68 8366 45 15 2261 18 2671 121 38 13260 28 19695 12 2892 14 45 68 124 28 445 3203 4 195 28 1010 34 2023 49 14 12 306 195 28 3199 54494 499 161 45 419 8 21 77 40118 12 68 124 107 9 54427 12 20 93 1930 193 
2428 38 87 21 85 2354 3968 475 347 373 13963 45 68 18 95 38 220 20 45 3260 17 941 12 28 425 58 9 483 143 182 5697 45 17 26 36 6606 359 7212 12 34 970 20 195 45 72 38 672 14 12 6460 109 28 3979 1905 17 2666 411 34971 15195 833 53590 21 4322 20 499 12 7 35 10452 38 34 7 187 107 1022 132 13579 109 28 1479 4606 3212 7 8 6336 38 487 199 1876 3471 6548 12 
6460 487 
19404 28854 193 193 
62861 36530 
68 626 58 205 102 21 38 74 70 374 34971 15195 833 45018 12 
21 
77 6617 149 306 5247 4 28 627 1479 12 
649 143 655 143 656 2 248 657 