Subject: 130 3870 109 4559 143 872 392 392 143 5634 124 9815 143 28 8054 1537 193 193 
68 124 20 193 193 
231 130 204 240 240 1241 109 391 1241 9 440 7 322 1241 9 1193 440 12 1221 12 231 
763 763 763 763 763 763 763 763 763 763 763 763 763 763 763 763 763 763 763 763 763 763 763 763 763 763 763 763 763 763 763 763 763 763 763 763 763 763 763 763 
66312 392 392 5634 124 9815 12 12 12 12 12 12 12 
68 124 28 839 38 150 938 205 3344 67 4 28 514 40160 12 
28 9650 3815 392 747 1971 1166 824 824 824 28 4180 150 3547 150 160 
35 1449 481 53083 31 872 392 392 392 392 392 392 150 204 4 5634 12 
38 229 8 3870 20 1397 45 953 164 38 5120 
20 120 138 138 138 138 86 20 93 1930 193 4618 20 392 392 
137 21 28 52941 31 68 839 109 28 1971 45 9 3986 11065 514 839 2110 2264 70 3509 2482 21 28 19897 31 28 839 2214 1905 21 450 45 72 20 93 35 481 255 483 12 
28 2482 65 4639 2428 347 107 28 839 112 14217 12 769 8431 19407 1319 17 49 195 34 161 164 5054 359 14459 52942 28 832 4 28 839 12 
68 58 12655 21 2482 255 34 68 124 9 4572 45 51235 17 28913 185 21 481 91 416 3815 392 747 483 23 3314 12 
28 1508 31 68 2482 58 205 9939 43340 12 
259 591 255 164 3607 34 1510 3869 164 312 45 48 10 1032 1355 1397 12 226 8139 1375 959 130 959 255 4618 20 499 45 542 205 47 2494 21 77 9 386 31 40160 12 
38 18 1929 1319 38 2596 20 12 231 487 20 124 1905 231 
38 229 8 211 68 960 1397 45 251 765 28 977 1821 37033 53484 869 70 9735 109 28 577 18589 2482 12 7327 114 1456 515 214 187 220 72 214 230 3212 17 777 21 3042 765 125 48301 12 
308 53485 45 53484 56 214 187 861 9 502 1484 3199 1129 17 36 21 548 12 
28 3268 1339 21 53486 17 53487 1456 12 214 8082 499 23 28 3268 17 20322 143 53488 2051 3793 18094 231 34 150 204 953 7 150 282 41605 964 487 17 38 164 195 41605 499 161 193 231 
68 124 49 1342 193 193 193 
862 124 28 1269 241 240 240 430 109 38417 45 3815 392 747 143 12583 143 
392 392 824 1219 9 392 747 824 392 392 45 3314 1166 1355 193 193 
3990 20 347 8163 20 4 9 2939 49 6311 
68 124 9 13271 3199 483 1476 1129 45 540 38 8 834 1740 31 1897 12 38 128 15 5634 964 6059 12 20 124 5054 45 1831 14217 193 193 
3213 2622 9712 218 143 20 124 14217 193 193 193 193 193 1193 143 240 143 913 143 9 143 1193 
20 926 107 1207 38 21 3078 4 66 306 255 45 220 184 584 548 45 17 96 31 195 45 38 4430 8 21 955 28 930 45 6133 21 36 28 628 12 12 12 12 17 12 12 12 12 12 195 15 4158 63 38 4 1200 12 204 12 7804 5634 392 392 392 392 392 74 628 193 193 193 
15 1225 17 28 1971 164 28 1388 21 392 392 392 392 150 204 12 
591 225 765 45 20 58 2260 17 13720 542 3564 21 2698 762 13869 31 5634 12 68 839 124 10463 57218 5490 306 9 4642 17 1355 143 2165 109 143 1479 10862 59416 31 4148 18489 12 
38 220 107 8 21 9704 109 70 231 2072 231 21 77 559 21 63 38 1114 193 193 161 124 359 13707 1225 43285 839 540 38 8 21 36 60892 10049 49 45 359 13707 23352 20907 650 2102 540 
187 61395 9 2017 35049 12 12 12 12 12 12 12 458 20 193 193 
68 124 47 4572 17 1349 12 12 12 12 12 12 17 12 12 12 12 12 20 93 1930 193 193 193 
435 184 23352 1166 15 1313 31 37572 17 2954 17 65 28 
37572 17 9177 31 15 4158 18 4192 2473 48 
38 18 481 143 28 4167 3376 164 2230 445 12 38 90 481 
982 143 38 90 481 9 830 356 959 12 
81 1 143 2666 68 2340 626 9 2351 225 21 481 474 38 35 6482 20 12 
20 124 107 23 195 9814 193 193 20 18 445 85 9 2351 1614 31 15 92 12 12 12 12 17 12 12 12 20 93 1930 1876 3471 5820 92 12 
20 124 1339 306 274 872 392 639 143 13978 7804 143 
392 639 445 834 61396 1355 12 12 12 12 12 17 28 2483 18489 611 124 16578 193 193 193 
3554 45 68 124 515 419 220 2 130 306 195 1711 143 1313 1166 45 419 9180 670 1166 74 17100 294 8448 17 18432 670 3867 12 5820 2228 4 28 391 17 508 8067 13886 38 21 17259 294 1711 143 1313 1166 8448 45 17 419 3359 9 8366 49 5820 7770 102 12 
68 124 107 9 36 11614 4553 2398 45 347 9 2208 849 143 20 124 9 13271 1711 1313 3199 1166 34 38 35 2867 17 8136 47 37471 407 28 1971 12 143 38 44126 74 6261 273 17 4158 13 769 4157 17 392 5634 21 38 74 20820 628 12 
28 3867 419 3616 164 9 155 31 2116 215 644 219 818 4561 17 
1166 1537 12 26 3078 306 42839 17 49259 13124 12 
28 430 4 443 1537 58 205 505 36844 17 124 
4223 49 591 411 1166 561 12 
15 4157 3078 74 20820 628 17 164 9774 74 38 1461 273 
215 9145 143 1030 219 347 74 20820 628 45 259 38 164 107 3869 4 2901 18432 347 184 650 31 10897 21 10897 1841 12 38 220 1166 19394 4 15 2745 3314 45 13039 347 157 407 273 17 20820 628 12 68 124 9 990 1711 143 1313 628 73 3199 1129 2 
3040 215 648 219 73 195 2116 644 1537 3804 74 105 17 140 12 
220 68 74 13376 28 2385 125 1320 31 28 2116 644 2587 3804 1905 12 
49 1320 2385 45 13 434 392 729 5634 17 9 9118 143 2591 45 41536 20618 
215 1166 2861 4118 848 143 38921 12 333 9554 641 336 9554 347 644 12 729 6294 641 617 12 729 6294 219 21 28 160 3804 49 28 1402 2385 12 824 824 824 824 6133 72 50 21 212 2476 193 193 
72 38 164 50 21 212 2476 49 15 2385 143 38 1906 
1833 392 144 416 49 190 4 198 31 41536 20618 12 
215 1833 9118 2591 20618 308 5534 219 
56514 28 392 729 215 141 392 144 72 236 219 5634 4 28 849 13376 28 1402 2385 105 17 140 12 2340 49 10820 193 193 193 
518 21 36 38 1537 182 74 273 9145 143 20 124 9 356 1030 
72 38 482 28 2385 8218 824 824 21 38 81 2228 20 17 3252 15 273 16 45 1449 13 41536 9118 16 20618 347 416 392 144 215 236 143 393 41536 20618 219 183 18 8 28 1416 21 273 20 347 20820 628 20 824 824 824 824 824 824 824 824 824 824 824 824 824 
763 763 763 763 763 763 763 763 763 763 763 763 763 763 763 763 763 763 763 763 763 763 763 763 763 763 763 763 763 763 763 763 763 763 763 763 763 763 763 
20 124 2435 34 38 1546 28 105 17 140 31 28 2385 870 21 28 160 38 164 13376 125 12 
38 18 87 195 2116 644 1537 86 38 18 77 42839 17 49259 37 12 
2340 2 3559 1211 310 143 517 504 109 195 4157 12 
824 824 824 824 824 824 824 824 824 
3040 215 144 219 1455 28 105 17 16 1389 2385 4118 648 306 117 45 2087 28 208 34 112 161 3192 21 2385 4118 144 12 
3567 28 105 17 16 1389 2385 4118 144 21 2385 4118 827 45 
2087 28 208 34 112 161 21 2385 4118 644 12 
28 105 17 16 34 112 1389 2385 4118 644 124 6831 125 28 110 17 68 20977 58 359 1450 869 91 5648 392 392 392 392 150 204 12 
2340 143 143 220 107 47661 28 2587 31 28 255 213 164 3804 997 21 1320 2385 45 347 769 2905 109 28 110 45 4 184 185 411 1032 124 5041 347 38 18 13260 499 109 28 8367 31 15 52963 12 1319 38 1929 28 185 68 1930 45 38 150 587 65 450 2473 20 1931 150 440 548 72 38 2671 20 12 1074 45 68 1381 58 205 7811 45 17 
72 38 47661 20 45 20 18 107 548 12 
179 312 68 45 481 3039 38 650 28 2587 17 2588 8376 193 220 107 13835 964 2087 8366 317 2385 9585 193 193 193 
3040 215 827 219 3312 869 28 1403 538 4 28 105 110 45 111 8163 68 849 130 9 549 215 12 19919 219 2939 4 20 150 204 2745 2422 21 77 576 306 2942 6261 273 839 38 435 12 
120 45 12 12 12 2385 4118 827 18 2949 38 28 96 1362 31 6261 38426 17 1439 273 1316 12 
3040 215 644 219 273 9 39 31 28 3509 839 28 208 38 164 3344 487 45 369 215 195 31 68 124 47 2340 219 21 8139 17 2622 9468 273 16 38 35 36 15 2276 109 45 12 12 12 12 12 12 12583 273 21 
2622 17 8139 193 
572 15 56539 193 38 35 36 273 2588 125 3570 109 28 1971 213 53395 4 273 133 1316 12 443 164 47 45529 45 36377 31 2588 49 559 392 9022 347 982 12 
72 38 8 15 2745 273 42940 839 143 195 28 10 193 193 
2340 2 38 3050 150 440 36 9 502 3793 72 38 572 70 972 110 45 259 3559 3214 17 672 49 44008 45 
294 1316 12 38 18 861 499 177 21 15198 443 1316 179 38 73 28 2116 644 1537 12 
1775 1775 1775 1775 1775 1775 1775 1775 1775 1775 1775 1775 1775 1775 1775 1775 1775 1775 
1403 1537 
763 763 763 763 763 763 763 763 763 763 763 763 763 763 824 824 824 73 1320 2385 74 140 17 105 824 824 824 824 824 824 824 2340 824 824 2666 824 824 824 824 
3559 13 9 9118 143 2591 45 41536 20618 17 392 729 5634 1200 12 204 12 4747 49 1320 73 34917 28 1402 2385 74 105 17 140 143 833 
416 392 144 49 236 190 12 12 12 12 1546 72 38 482 20 8218 1141 15 273 16 12 3559 481 474 28 434 392 729 5634 215 141 392 144 72 236 190 219 124 40203 4 28 849 49 10820 193 193 193 
824 824 824 824 2385 4118 648 231 2473 21 481 392 5665 45 1857 1461 
1711 143 1313 6165 231 
73 2385 4118 648 125 2 61398 156 
3274 12 26734 3877 
321 12 322 12 323 3881 
204 143 9022 2248 7729 143 61399 
7742 
824 824 824 824 2385 4118 144 231 3986 42901 17 
1711 143 1313 6165 231 
73 2385 4118 144 125 2 61400 1537 
61401 4118 144 
321 12 322 12 323 3881 
204 143 9022 2248 7729 143 61399 
7742 
824 824 824 824 2385 4118 827 231 4373 49 28 96 133 1316 231 
73 2385 4118 827 125 2 23012 3199 
35159 4118 827 
321 12 322 12 323 3881 
204 143 9022 2248 7729 143 61399 
7742 
824 824 824 824 2385 4118 644 231 9422 1711 143 1313 6165 3593 231 
73 2385 4118 644 125 2 53279 276 
61402 4118 644 
321 12 322 12 323 3881 
204 143 9022 2248 7729 143 61399 
7742 
487 150 204 70 3521 31 2473 68 14343 23352 
2563 35 481 38 392 483 392 2 12 12 12 12 12 12 12 12 12 12 12 12 12 12 
82 150 204 256 38 3807 21 3042 532 274 21 450 2473 20 7653 12 
6132 15 2195 124 21 36 445 639 6165 49 2385 4118 648 12 65 82 150 204 6132 34 8139 3191 4 15 53497 215 34 150 204 1320 31 1510 429 639 7985 445 848 4157 1320 49 769 8393 1537 12 
6482 68 3521 49 28 11469 1508 1905 12 
2385 4118 648 143 143 15 639 4157 306 392 729 653 392 1876 
2385 4118 144 143 143 848 4157 125 1320 1510 639 215 438 641 392 729 219 653 392 648 45 1857 
2385 4118 827 143 143 848 4157 125 1320 1510 438 215 144 45 1857 641 392 729 219 653 392 848 45 1857 
2385 4118 644 143 143 848 4157 125 1320 1510 144 45 1857 215 639 45 1857 641 392 729 219 653 392 1876 45 1857 
68 52964 143 143 143 143 143 143 143 143 143 143 143 41 392 5365 45 1876 
1074 45 68 124 4177 34 28 255 213 436 445 36 848 6165 1320 49 769 8393 1537 12 
52946 21 2937 49 9 3315 515 187 13339 72 8139 221 639 6165 1320 193 
91 255 213 93 521 49 20 36 1876 150 204 31 6165 12 2937 67 20 193 220 28 2589 1897 193 193 193 53893 56535 138 
10528 45 220 28 2589 72 38 36 639 4157 17 8139 3191 7985 445 729 4157 1320 
12 12 12 12 12 12 392 609 45 2862 124 7289 21 61403 23 193 193 
7 207 50177 28 1876 3471 5634 18489 34 7 481 74 50 499 68 839 12 38 531 45 18 77 1476 483 4 125 827 21 639 2660 215 4150 109 28 6604 31 28 20820 628 219 45 72 38 6482 28 4572 3052 15606 
4 68 133 12 
21 77 35903 374 124 21 77 298 12 298 21 481 4561 2431 130 4430 1397 12 521 921 1166 45 36 921 36177 45 53041 347 85 9 7798 12 359 3806 18 9 1360 31 483 4579 38 182 12 7690 34 294 505 539 11602 45 95 15 599 45 36 921 15 2745 3314 45 220 1510 13819 109 15 3314 12 12 12 12 12 12 2942 12 138 138 138 
534 45 47 2351 255 1448 4561 19609 45 86 179 1129 926 61167 45 26 518 21 3213 20 12 
20 124 48 13144 21 256 231 359 231 1032 231 194 231 45 17 68 124 28 260 34 38 1906 270 12 18 38 3213 68 14343 1129 347 18 38 85 13350 31 20 138 72 38 220 7289 45 38 8 6182 2619 541 17 7289 18 2671 12 
35775 31 255 8 576 68 839 21 2 
143 5695 7462 21 3042 769 2745 1166 
143 63 2354 52827 
143 7690 8022 45 9896 45 409 12 45 
143 61404 499 959 1394 193 
143 36 1510 20867 61405 193 193 
143 837 53041 193 
68 124 15 5491 45 259 81 439 150 440 6821 20 964 193 
81 1 143 2666 68 1979 45 68 124 9 818 1129 193 193 193 
132 1381 124 4572 12 7 3616 35775 31 255 9 8366 49 392 729 34 875 14 53046 21 2706 17 273 12 
7 84 65 776 499 120 34 68 23352 839 124 14217 17 5820 160 213 45985 18 481 483 12 38 164 3358 9 13271 4223 17 1368 8366 21 15 4158 12 
121 26 15198 28 8366 125 38 45 26 4095 959 17 52962 37 12 
20 150 204 4572 298 9130 12 130 38 4705 125 28 862 1979 45 28 8366 124 9 155 31 2116 644 4561 17 1166 1537 12 28 430 13226 4 443 1537 18 107 445 95 38 4 
1476 15 832 4 68 839 959 3582 45 251 18 77 1368 21 38 4 591 411 1166 2431 38 481 4 28 1010 3388 12 
38 164 65 8379 28 13124 21 42838 195 31 28 1537 45 540 18 77 13153 125 38 74 1510 21 4577 38 628 347 273 68 839 12 
74 28 185 45 15 64 21 436 4 68 124 6606 7289 12 38 3091 314 8 70 1971 2375 17 273 124 298 193 193 193 215 5505 125 92 109 5486 219 2385 4118 827 18 2482 38 28 96 1362 49 6261 38426 17 11601 273 1316 12 
28 96 1381 31 50 28 11314 1537 182 21 15 4158 124 74 273 193 193 195 53418 84 77 3039 21 1833 769 273 2588 21 128 769 1537 193 193 
96 1204 306 28 839 17 502 1980 193 
1074 2 
38921 12 438 45 1857 294 255 36 6230 3382 193 38 18 4430 1355 1853 499 31 2483 4158 193 73 15 1537 369 193 193 193 38 18 107 2892 28 18489 2483 193 
9 2901 817 125 28 3238 31 68 
839 12 12 12 12 12 12 12 12 12 12 12 12 12 12 12 12 12 12 12 12 12 12 12 12 
74 28 92 38 8 2666 28 862 430 17 8082 765 28 862 839 17 1537 45 38 84 8 12671 34 222 9 839 45 90 107 8 205 7548 74 70 53490 12 
82 14 2949 38 9 3547 67 1904 12 7 777 9 35056 1166 49 591 1010 12 111 4 12128 132 1166 13617 18800 2354 12 
7 112 312 28 310 3385 34 199 2594 1349 49 14 45 251 20 3794 150 440 1960 12 
2209 7 12737 20 499 12 20 3794 150 440 14 45 20 112 28 10829 12 
13641 17 53491 58 369 42039 28 13526 10829 34 777 205 306 434 226 53492 12 7 439 150 440 8 21 2949 38 515 58 6519 21 28 17837 677 12 12 12 86 591 31 38 83 125 429 2894 2596 12 
161 8 205 959 1927 17 53493 1032 1355 1397 12 28 962 31 61406 58 4077 21 5373 45708 65 12 
28 4605 8876 124 53494 12 1510 213 83 515 26 164 312 36588 53495 17 3619 964 12 1510 213 220 107 45 1141 1510 213 8 4430 777 2423 21 8163 347 36588 45 164 2087 3192 921 28 17095 31 28 4333 12 
130 28 9712 7653 45 231 28 11614 36 37962 17 28 4333 36 47657 12 231 28 5112 1362 31 1476 483 18 4430 3318 38 21 231 3619 964 231 347 231 36 11614 231 45 13641 17 61407 17 61221 18 65 450 21 34 12 
38 8 274 293 430 34 35 1844 38 91 4561 3389 45 306 231 359 4998 231 17 231 274 9 3547 657 31 2954 12 231 38 90 481 959 392 392 3815 392 747 392 392 483 4 28 997 2351 524 1032 38 8 1355 41977 193 193 487 150 204 15 5491 21 481 28 962 31 61406 17 28 54696 4787 31 28 1971 93 548 49 38 193 193 193 193 
6482 28 839 1318 130 5041 12 220 107 2671 20 4 184 185 12 20 1930 13167 505 130 20 124 369 12 1074 21 273 9 39 31 68 2494 839 34 38 164 3344 369 21 8139 34 38 
35 2937 31 12 
208 31 28 255 38 13 68 21 229 13 499 2862 45 1857 347 144 9881 45 347 959 12 12 12 17 15 105 18 77 109 5820 208 31 37 193 1074 45 28 959 38 13 499 45 28 959 2483 4158 38 18 1448 12 20 124 9 24779 2589 1166 193 193 
259 132 18794 45 7 8 78 38 28 2568 45 430 45 2458 45 17 1129 21 2111 35903 10 2354 12 
20 124 964 21 38 369 143 2937 67 20 143 15 834 4998 124 445 392 639 138 138 138 138 193 193 
2473 48 220 38 12543 109 59390 10671 2606 1867 
143 49 359 611 138 138 138 138 193 
781 747 9 440 151 322 2502 322 1200 747 9 1221 240 440 322 1193 322 204 240 138 138 138 138 138 
33944 11180 33954 11178 33944 11180 54536 11178 33944 11180 33954 11178 33944 11180 54536 11178 33944 11180 33954 11178 53590 11180 33954 11178 33944 11180 54536 11178 33944 11180 33954 11178 33944 11180 54536 11178 33944 11180 33954 
231 20 124 9939 14343 231 
132 105 124 11213 12 132 3369 59453 17 7 11416 4 59454 143 5486 45 12373 12 7 207 9 64 9810 306 9 3986 1200 12 204 12 4207 17 7 481 7196 502 483 12 179 7 293 28 839 7 52991 21 59453 67 357 231 8365 628 231 193 
7 869 28913 31 28 830 3203 45 52992 132 1162 31 28 10862 17 52993 3869 12 7 231 934 231 20 12099 150 440 548 12 59453 9926 9444 132 9659 1611 17 19869 4 306 1404 9912 12 7 869 52994 28913 31 104 45 17 112 1027 21 12178 28 972 231 7 6336 38 259 231 109 104 179 28 3203 4602 150 440 548 12 12 12 505 45 28 21009 112 109 14 193 
1370 135 2660 55 777 293 765 390 4178 49 2385 4118 648 12 
1370 1064 2660 55 777 293 765 392 4710 45 438 4 392 729 52801 193 7 112 58961 12 7 112 474 34 7 777 20 195 12737 17 34 20 12099 150 440 548 12 12 12 
7 207 9 52995 369 12 7 8 2020 59453 4 104 231 3547 231 52820 12 7 106 8 7778 959 1010 395 52996 45 251 7 2937 31 28 231 12630 20417 231 17 20 150 204 107 49 14 12 12 12 419 46142 20 195 21 68 4572 251 52760 23352 839 12 
11213 440 12 45 59454 143 5486 45 12373 
7 274 482 21 6821 998 132 96 1204 17 38227 21 38 12 184 14487 38 8 18 35054 179 15 429 4157 3078 4 12 20 93 1930 193 193 193 
3253 10300 45 20510 45 23194 
68 124 28 445 13000 483 143 1476 3359 7 150 938 1355 293 12 7 2142 86 68 2563 9939 1375 2193 12 
7 112 3800 179 28 392 729 52801 1339 8371 132 628 323 12 74 28 92 20 61409 2354 7 777 293 765 617 45 1857 4157 306 765 392 638 45 1857 4 5634 12 
4552 31 255 8 102 3370 2901 174 531 45 9141 28 514 31 769 502 55423 193 20 150 204 205 513 12 
39386 61410 36650 45 673 
28 1119 311 49 68 849 124 21 20539 38 34 68 408 124 13267 45 52997 45 13825 35056 45 17 124 9 185 21 36 9 762 441 31 483 4 9 1893 92 12 7 112 10251 1315 225 1397 7 7259 68 499 12 
7 2020 274 21 450 515 208 90 1916 4 611 49 28 9691 2954 17 483 1403 12 38835 7 82 359 208 4 28 2072 83 34 7 112 70 54474 17 45 21 132 52998 45 7 293 392 147 45 52999 4 28 429 135 1910 45 306 483 1449 963 4 12 
116 117 45 48836 9 12 4609 
68 2563 1930 435 18407 143 61411 193 193 193 259 2342 7 8 777 1257 45 28613 834 4157 12 12 12 765 392 1809 45 1857 193 193 193 7 925 7 8 61412 15 2745 38459 45 72 38 6482 28 839 1318 45 38 90 8 28 310 2487 7 8 45 72 107 10 12 15 2487 124 1457 559 28 12999 45 251 38 1906 220 9 3547 548 12 
502 1980 193 913 12 400 
107 528 28 53002 650 45 20 227 14 1315 1910 21 481 964 132 188 21 436 4 68 2563 12 251 37811 34 7 207 7 3919 34 28 4143 4173 112 259 3547 34 161 112 274 359 185 34 7 12099 150 440 36 583 4157 21 23 1557 36 132 483 182 12 18550 7 112 3800 179 7 275 132 9597 143 2861 417 157 323 53003 306 4157 12 
121 34 20 221 259 765 143 18576 34 7 777 21 3042 4780 964 132 628 23 28 5052 12 7 150 587 481 959 483 68 1209 1032 184 1010 31 132 2261 1397 12 28 465 3203 67 68 1987 124 34 20 1931 150 440 1384 177 4 28 1200 12 204 12 347 28 423 49 34 1384 45 28 255 11416 12 
161 2858 983 150 440 9 10 4173 306 9 18595 611 12 
4626 59462 45 59208 45 6485 
7 777 293 68 839 1397 12 7 9474 20 45 251 1892 7 50087 72 7 7463 150 440 8 78 20 9 4618 12 31 203 45 7 777 359 605 213 21 66 21 36 212 39 45 259 7 777 21 4293 395 7 112 240 143 6282 212 839 12 12 336 524 3854 111 20 3378 12 12 12 7 4602 150 440 6631 68 208 193 12 12 12 7 869 392 843 45 1857 109 28 429 4618 193 193 
151 12 59464 45 59465 45 4 
68 124 132 1084 92 21 436 4 68 2563 12 419 8 18566 670 5373 45 17 477 1028 419 18 7690 9 3314 109 28 4267 17 11416 2354 28 1543 109 670 483 12 28 445 185 109 21027 34 68 2563 18 548 49 38 124 72 38 220 20 193 193 49 15 53009 45 17 49 15 599 150 204 53009 439 150 440 6821 964 68 11140 1129 12 502 1980 17 1011 3594 193 
13758 59466 45 55690 45 17304 
392 392 392 392 392 392 392 392 392 392 392 392 392 392 392 392 392 392 392 392 392 392 
392 38458 49 2487 392 
392 392 392 392 392 392 392 392 392 392 392 392 392 392 392 392 392 392 392 392 392 392 
13 49 15 2116 644 1537 3923 259 38 18 8 37 179 28 4157 3042 963 4 12 
1775 1775 1775 1775 1775 1775 1775 1775 1775 1775 1775 1775 1775 1775 1775 1775 1775 1775 1775 1775 1775 1775 1775 1775 1775 1775 1775 1775 1775 1775 1775 1775 1775 1775 1775 
1427 38 4293 49 28 1537 21 947 2 
648 12 105 15 294 1166 12 38 35 1324 20 2423 
38 467 12 
144 12 36 9 417 157 323 215 2350 219 12 
827 12 4127 28 2587 17 2588 109 28 839 12 38 
1906 1074 45 15 105 17 16 521 997 21 
2385 4118 648 17 28 757 195 3619 3192 208 45 306 
28 8000 208 528 59209 2354 28 110 12 
644 12 3305 130 591 273 2588 130 261 21 
13 395 38 128 28 430 109 133 
110 3570 4 2385 4118 827 12 
729 12 3807 109 28 140 31 2950 38 5631 21 
13 499 12 28 959 38 13 45 17 28 1030 38 
13 37 45 28 959 483 38 18 481 12 7 152 
23 1557 1876 45 1857 833 74 6261 273 38835 45 
17 111 959 72 38 87 21 12 72 38 482 21 481 
68 9 93 536 1166 45 111 13 499 2862 45 1857 
347 959 12 28 959 38 13 28 959 38 
18 481 193 193 193 439 150 440 458 143 44008 11519 1316 193 193 
448 12 121 133 28 2950 45 36 1027 21 6392 
28 4157 12 
28 4322 776 540 52661 15 2487 124 2858 68 2 
38 1906 128 23 1557 639 4157 49 2385 4118 648 12 
68 124 9 1906 193 193 193 
72 38 439 150 440 1370 373 1910 45 273 499 959 2950 395 38 220 12 
111 9 224 31 1910 1892 38 84 128 23 1557 1876 4157 49 2385 4118 144 45 68 124 9 1906 65 193 193 193 
72 38 439 150 440 45 13 499 959 2950 395 38 220 12 
1319 38 8 293 1876 347 959 4157 49 2385 4118 144 45 215 85 9 11688 13099 219 38 35 12570 182 17 43339 12 12 12 12 12 12 12 72 38 482 21 45 86 38 84 481 23 1557 392 390 45 1857 5634 12 33457 20 124 9 13720 
5697 12 
31 1510 213 8 2142 4 28 839 17 3386 28 414 52661 143 195 8 3386 769 392 390 45 1857 2195 12 
65 45 1074 45 5820 92 15 105 124 223 3192 28 110 38 164 4 6059 31 9 218 2385 45 259 38 35 3832 6608 31 15 839 74 11891 515 255 164 13376 125 38 12 20 150 204 34 941 45 93 45 20 124 193 193 193 
913 322 1269 322 241 7 440 143 913 322 322 151 1193 1200 1219 741 193 
824 824 3054 12 439 150 440 458 21 1833 416 392 144 5634 49 236 190 72 38 164 13376 15 2385 125 4091 4 212 2476 824 
120 45 2473 48 220 38 12543 109 59390 10671 3382 49 392 0 611 138 138 