Subject: 19509 1083 
824 824 824 294 2950 125 19509 824 824 824 
19509 17402 28 6466 31 28 235 294 347 2684 
2950 12 28 2974 2080 31 1320 839 124 1357 109 423 
759 2298 45 17261 45 74 240 143 628 45 347 74 51 12 450 28 75 31 68 626 49 
277 12 443 6987 4268 28 2950 4 959 2713 130 505 130 
13380 28 1329 2584 45 839 2861 45 2397 7634 45 17 
80 12 
28 2974 1334 31 184 839 229 77 2008 74 11601 28 
1922 4692 12 1170 4441 45 28 2044 6280 49 
1021 1422 45 17 4218 2886 17 7876 164 4784 413 12 
2950 164 18431 306 6605 1285 21 6168 11481 12 
653 653 653 653 653 653 653 653 653 653 653 653 653 653 653 653 653 653 653 653 653 653 653 653 653 653 653 653 653 653 653 653 653 653 653 653 653 653 653 653 653 653 653 653 653 653 653 653 653 653 653 653 653 653 653 653 653 653 653 653 653 653 653 653 653 653 653 653 653 653 653 653 653 653 653 653 9797 397 34770 144 12 0 143 34771 18438 13538 1225 839 45 30 
144 12 0 
9797 397 34770 112 2030 130 70 12474 4 13334 28 13538 31 
1405 143 2003 9571 17 34772 4 9326 2179 31 1462 
384 12 20 1128 28 34773 19310 28843 306 9 
9954 1381 31 9422 28 231 9971 18438 13538 2261 231 
9115 31 9326 2179 12 9797 397 34770 35 77 576 
21 7894 28 15559 11270 2210 31 9 78 9326 
1453 12 1003 4 33608 5816 17 1219 143 2234 49 3696 2387 155 
17 34774 45 2074 415 385 45 3440 25593 397 5924 150 204 916 
3440 143 22094 45 948 3899 155 385 916 2648 397 648 45 4054 644 150 204 916 
34775 45 17 948 19445 916 23087 12 
839 140 2 569 143 34776 45 34777 143 34778 45 34777 143 34779 45 34777 143 34780 45 34777 143 
34781 45 34777 143 34782 45 34777 143 34783 
236 236 
1922 80 2 392 17693 12 1529 839 80 2 392 3899 12 1529 
18429 143 1512 143 28 9797 397 34784 3831 6311 19464 1325 143 4284 
18429 143 1512 1128 9 1453 6311 34785 306 2974 
3831 9291 12268 45 17 2974 34786 9637 
215 17327 21 34787 34788 219 130 505 130 2974 20998 17 
16849 12268 31 34789 2054 17 19664 
2179 12 18429 143 1512 65 3552 28 3564 21 34790 
7336 17 2206 34791 4 443 19464 
11446 215 240 12 913 12 45 34792 137 21 34793 17 411 
19464 34794 9632 219 12 18429 143 1512 124 1003 4 
33608 5816 21 77 1329 374 12 
839 140 2 34795 143 34796 
236 236 
1922 80 2 392 394 12 1529 839 80 2 392 2969 12 1529 
34797 143 9758 2871 839 49 28 3440 34798 3837 
9 9758 2871 9591 45 34797 45 58 205 2030 21 3990 
34799 6215 21 28 9795 9796 34798 4097 3837 12 
34797 34800 34801 4074 125 6215 109 9 7214 371 
9758 34802 17 8097 499 754 218 4786 31 
4074 2 34803 4074 45 4600 4097 4074 45 347 34804 4073 
4074 12 34797 65 8097 568 9 7928 34805 31 4600 
2868 49 4097 8097 12 1003 4 1219 143 2234 49 34806 644 151 
155 385 12 
839 140 2 34795 143 34807 
236 236 
1922 80 2 392 512 12 1529 839 80 2 392 2862 12 1529 
34808 144 143 17048 34809 34810 2090 408 143 144 
34808 144 124 9 12984 10861 2090 408 49 17048 
34809 34810 9826 1153 12 20 124 1471 21 1947 
1172 31 28 7895 31 34811 1462 12547 
21049 34812 45 17 21 5299 17430 21 261 
34813 12 21 2181 68 45 34808 144 1128 9 2101 
408 2965 74 516 34810 4342 1162 12 4 
2001 21 4337 17 4070 45 20 1128 659 5610 31 
28 34812 150 9826 45 17 9 5 5680 2690 21 95 
4 34814 31 28 430 74 28 16971 12 1003 4 
1219 143 2234 17 34815 13243 49 4054 155 385 12 
839 140 2 34795 143 34816 
236 236 
1922 80 2 392 5626 12 1529 839 80 2 392 1862 12 1529 
34817 143 1237 49 34818 16995 1389 1123 1434 
34817 124 9 1225 839 576 21 861 4241 143 1421 
1043 31 34818 3897 4 11007 9005 45 627 21 
1123 16995 1434 222 130 17008 3326 34819 45 
17008 19695 9081 34819 45 17 411 8121 12 
34817 13886 1369 21 1546 9 1371 34820 17008 31 
9679 447 45 2930 17 8148 45 998 306 9 432 31 34818 
3897 45 1320 31 9679 34820 4245 17 306 
9772 10859 45 21 10851 21 17719 921 28 17008 12 
28 1170 124 65 8036 21 1546 28 3561 49 16995 17 
28 3269 31 5859 10440 109 1320 9707 12 1003 4 
2194 12897 49 2074 385 
839 140 2 34795 143 34821 
236 236 
1922 80 2 392 142 12 1529 839 80 2 392 2862 12 1529 
34822 448 151 
34822 448 151 124 9 33608 839 49 34823 28 417 143 574 31 
1479 9627 6 45 1012 3535 6 31 34824 17 769 
13226 10062 12 34822 448 151 21024 9 2221 34822 143 10062 3535 
408 58 205 34825 306 1479 10239 11015 28 34826 
9686 31 28 34822 17 648 143 9316 11878 9686 31 
28 10062 12 130 3580 45 34822 448 151 12860 28 33645 573 125 28 
1325 45 17 28 1480 45 10819 45 347 6052 34827 573 125 
28 1422 12 34822 448 151 150 204 7876 9681 28 34822 143 10062 408 150 204 
33645 17 1508 568 827 143 9316 18538 10239 12 1003 
4 33608 49 572 109 10191 155 385 12 
839 140 2 34795 143 34828 
236 236 
1922 80 2 392 512 12 1529 839 80 2 392 2862 12 1529 
34829 143 2914 3996 31 34830 34831 
34829 34832 9 294 1507 12140 540 34833 
3348 34834 4 34835 21157 34 572 28 
34830 34831 12 68 294 12140 1348 28 8926 
33606 45 3915 31 1145 45 21 4192 28 163 
34 164 107 374 12 34829 34836 9 4572 1325 45 
1854 31 9 4600 19690 34837 17 9 34838 6572 74 
9 34839 34840 45 21 2235 28 294 12140 12 1003 
4 33608 5816 49 3696 2387 155 17 10395 385 916 
53 143 21357 12 
839 140 2 34795 143 34841 
236 236 
1922 80 2 392 512 12 1529 839 80 2 392 438 12 1529 
34842 143 373 143 9316 45 1932 1940 1603 1285 
34842 124 9 3260 17 34843 839 49 34844 373 143 
9316 3348 34845 49 572 306 34846 143 2923 
13855 143 34847 12 1404 11682 17 34848 1940 1603 
384 164 413 12 28 1381 49 1940 1603 74 
11682 1327 124 371 109 70 34849 1400 
17 28 34848 1940 1603 124 3568 74 8436 28 
3860 34850 9705 215 34851 219 12 9 9758 5322 
1048 568 28 9788 9758 215 5023 219 1135 124 413 21 
3318 1369 21 9127 28 1940 34852 23 1320 34853 12 
1003 4 33608 5816 49 9788 9758 34806 155 385 12 
839 140 2 34795 143 34854 
236 236 
1922 80 2 392 147 12 1529 839 80 2 392 144 45 1857 12 1529 
8162 143 2939 34855 17 9423 839 
8162 3580 184 762 654 650 2939 17 34856 45 347 34857 45 
20 921 2919 45 959 2164 6285 6215 12 28 140 31 1000 
4 28 7548 6215 124 2592 74 28 1170 12 443 2919 
6215 35 111 77 281 45 2669 45 347 19611 21 9956 34858 
308 2939 2861 7219 12 2939 73 124 3346 74 28 
839 12 8162 124 7813 2815 143 13091 17 3552 1170 2886 
34859 12 1003 4 33608 5816 49 3696 2387 155 17 10395 
385 916 53 143 21357 12 
839 140 2 34795 143 34860 
236 
1922 317 839 80 2 392 1876 12 1529 
34861 143 33608 12966 7876 2871 839 
34861 8097 33608 12966 7876 6215 109 508 393 143 1552 
522 306 416 9903 222 130 6298 1740 49 34862 17 
9795 9796 522 12 591 33608 2950 7876 573 21 
28 3837 347 21 9 573 2939 306 28 429 1008 31 573 
5836 49 3837 1740 10049 12 91 522 220 107 3820 
21 443 10049 1616 2871 12 34861 34857 28 573 21 
28 3837 17 34863 28 3812 3837 1740 10049 12 
71 1348 1833 28 3564 21 3272 9 573 347 654 
2939 1616 2871 74 34864 9 150 648 150 45 568 70 258 45 4 28 
429 1008 31 28 573 1479 34 84 3042 9 294 455 12 
1003 4 33608 5816 49 3696 2387 155 385 17 34774 
916 53 143 21357 17 4054 155 385 916 34775 12 
839 140 2 34795 143 34865 
236 
1922 317 839 80 2 392 438 12 1529 
34866 143 20850 34846 9627 1422 6279 408 
28 34866 408 124 1351 21 3904 144 151 12220 143 1480 
34867 1440 12 34866 34868 9 1325 4 34869 17 
1128 1366 49 34870 6052 34871 17 
34849 130 505 130 8057 3040 1326 12 4 2001 21 
1422 17496 45 34866 35 65 77 576 21 7843 28 
5036 571 31 1320 34872 12 876 28 839 2971 21 1410 
28 1285 17 9627 650 21 77 576 306 1123 13244 3202 
17293 12 70 1357 1422 143 1285 143 374 417 143 574 
13380 31 9627 34873 12817 9 2524 9627 966 
13380 130 505 130 9 2939 233 28 3507 881 
34874 45 881 34875 17 28 34876 34877 
9496 12 1003 4 7214 18538 5334 17 33608 5816 49 
385 916 28 7214 10652 408 12 
839 140 2 34795 143 34878 
236 236 
1922 80 2 392 512 12 1529 839 80 2 392 5924 12 1529 
34879 143 34880 12532 5730 839 
34879 35 77 576 21 1425 28 7898 92 34881 4 
7862 2636 28 34882 31 34820 34883 
163 49 18795 10038 4 9 34880 12532 130 3376 109 
34884 17 19418 12 34879 35 9604 28 4998 31 
3348 4347 45 4133 179 4641 306 9 762 
140 31 34885 347 179 163 164 12477 499 21 591 
7898 6625 12 1003 4 456 49 3696 2387 155 17 
10395 385 916 53 143 21357 12 
839 140 2 34795 143 34886 
236 
1922 317 839 80 2 392 1876 12 1529 
34887 143 28 1135 31 341 1136 
34887 112 201 2030 21 12335 430 67 
10852 243 341 3387 4 1503 9431 21 
21049 384 17 34888 4 10099 6215 52 
1088 12 161 124 45 534 45 359 9627 31 28 1453 540 
34889 34887 125 9460 411 341 1036 
1503 6189 28 12155 2088 31 21049 341 12 9 
34887 10099 35 77 576 21 4192 515 1127 
164 528 2030 74 10656 8225 45 1341 45 17 
6822 3570 1389 10656 3506 7833 21 
21049 384 17 34888 12 28 34887 1036 
839 17 28 430 13226 4 28 34887 1088 
164 9601 6125 1453 17 649 3580 540 199 1866 
74 9 1855 31 3607 10656 12123 12 34887 124 
9 10099 839 17 124 1357 445 130 34890 1285 49 
572 306 644 902 4291 13129 109 2074 385 12 
839 140 2 34891 143 34892 
236 236 
1922 80 2 392 4253 12 1529 839 80 2 392 4229 12 1529 
34893 143 7814 13724 3261 2 34894 34895 
34893 124 9 1225 17867 1453 215 27042 219 1470 1368 4 28 
3261 17 1453 31 7814 13724 2102 12 7814 
13724 347 34894 124 70 2435 9677 31 1826 
34896 45 34897 17 34898 12 34893 10509 28 
34895 3867 7548 74 28 34899 31 28 19652 
13254 215 22932 219 34894 306 28 34899 31 28 1430 
34900 215 6569 219 540 966 4 7814 2179 4 28 
1452 7814 215 72 219 6224 414 28 1403 9090 
1313 12 34893 124 10407 1932 306 28 1170 12 1003 4 
1966 33608 49 3696 2387 155 17 10395 385 
916 53 143 21357 12 
839 140 2 34891 143 34901 
236 
1922 317 839 80 2 392 438 12 1529 
34902 143 34903 143 387 143 34904 1237 49 34902 573 
28 34902 143 34903 575 34905 9626 34906 34907 215 34902 219 
566 573 21 9 2194 6311 5050 371 109 3586 12894 143 
12554 12 28 566 573 35 77 9478 45 34908 45 9509 776 45 
347 34909 2968 10106 12 34902 143 34903 9721 566 573 
17590 74 28 9797 397 27104 34909 34910 34902 45 34911 150 204 13371 143 648 34902 45 
17 34912 150 204 2461 143 13371 143 648 34902 12 534 45 28 34902 143 34903 1237 124 
1913 583 21 77 576 306 411 3857 3858 4074 130 
505 12 1003 4 33608 5816 49 34913 109 4054 155 
385 12 
839 140 2 34891 143 34914 
236 236 
1922 80 2 392 952 12 1529 839 80 2 392 648 45 438 12 1529 
653 653 653 653 653 653 653 653 653 653 653 653 653 653 653 653 653 653 653 653 653 653 653 653 653 653 653 653 653 653 653 653 653 653 653 653 653 653 653 653 653 653 653 653 653 653 653 653 653 653 653 653 653 653 653 653 653 653 653 653 653 653 653 653 653 653 653 653 653 653 653 653 653 653 653 653 19509 430 1184 
9797 150 204 1225 1237 1153 17 430 2445 215 19509 219 58 
205 200 23 28 176 31 1579 226 542 5824 4 7552 12 
419 17380 8 765 4229 1225 2950 1357 17716 
34 199 201 2030 74 9797 17 542 16947 49 28 1200 12 204 12 
1462 839 12 1237 124 1357 49 9 140 31 1527 31 1543 
1141 2 1610 1611 45 3348 10062 8215 45 34846 
9627 9326 3261 45 424 2057 45 34915 17 10062 
13855 3261 45 17 591 959 12 2950 164 7747 109 9 64 143 6109 
6280 17 4784 1833 6605 1285 12 
824 8366 430 824 
51 143 13 9 51 21 17378 143 34764 143 34767 
240 143 628 143 13 1158 628 21 2 504 302 19509 12 34762 12 1309 
817 2 36 670 34497 34916 13742 407 240 143 628 74 34917 21 77 1022 
109 28 240 143 628 110 12 
17261 143 81 1379 2 17261 12 19509 12 34762 12 1309 
423 759 2298 143 28 2739 31 68 504 2 1050 2 397 397 1051 12 19509 12 34762 12 1309 
653 653 653 653 653 653 653 653 653 653 653 653 653 653 653 653 653 653 653 653 653 653 653 653 653 653 653 653 653 653 653 653 653 653 653 653 653 653 653 653 653 653 653 653 653 653 653 653 653 653 653 653 653 653 653 653 653 653 653 653 653 653 653 653 653 653 653 653 653 653 653 653 653 653 653 653 824 824 824 13376 430 824 824 824 
3614 2 19509 9721 2 
400 498 347 236 483 73 869 34918 21 
19509 397 176 31 1579 
1824 34919 425 15198 73 486 215 3614 2 3519 454 2660 219 
817 2 4157 4 34920 31 392 2862 1906 77 11315 12 
4578 45 4632 45 8438 45 17 1009 4634 
817 2 28 1922 17 839 164 7747 4692 6133 49 
34921 19975 12 
28 773 2397 7634 124 14467 4 1320 19509 839 
2080 12 
49 430 109 7265 45 9 2669 13380 45 9 1489 1285 
2671 45 347 34922 7634 6466 45 66 28 19509 73 
1617 12 
19509 133 16 2 19509 
28 176 31 1579 
3242 5919 1478 2464 
267 45 8325 34768 143 34769 
19509 3852 140 2 17378 143 34764 143 34765 
19509 51 140 2 17378 143 34764 143 34767 