Subject: 
39384 2743 
42 859 45 
5247 14 125 28 110 81 12 81 1981 
1050 2 397 397 27035 12 1082 12 336 12 7342 397 56769 397 59387 12 44819 
2405 66541 33958 11312 6927 33927 5757 33921 16138 11180 33916 7091 33917 45 11312 66542 33927 66543 763 15155 11178 56226 31851 66544 138 66545 33918 6957 763 45 33929 6956 4318 16549 66546 138 66547 138 11180 33929 54263 33954 193 
470 4318 6956 472 4318 66548 45 66549 33921 33918 66550 827 62730 45 46580 56105 44500 66551 138 66552 11178 33929 54816 33954 33916 11180 66553 158 
6795 33924 66554 45 33929 54540 11204 59901 33927 52879 45 6795 33924 6927 138 11204 7091 33916 54536 45 66555 138 66556 12 
66557 4318 56848 11204 45 11204 33918 33921 14674 138 4318 33929 6957 12 215 33918 11180 138 4318 11204 33918 5757 33918 62728 66558 45 66559 45 66560 827 62730 219 
66561 33944 45 66562 11204 66563 66564 1775 35967 1775 648 302 55884 12 3519 12 62755 4318 52877 4318 2 66565 138 138 66566 45 66567 33927 52879 45 138 34147 46580 66568 12 33916 138 66569 11180 66570 
11180 56740 11312 66571 12 
653 653 653 653 653 653 653 653 653 653 653 653 653 653 653 653 653 653 653 653 653 653 653 653 653 653 653 653 653 653 653 653 653 653 653 653 653 653 653 653 653 653 66572 66567 33927 52879 66573 
653 653 653 653 653 653 653 653 653 653 653 653 653 653 653 653 653 653 653 653 653 653 653 653 653 653 653 653 653 653 653 653 653 653 653 653 653 653 653 653 653 653 648 58747 11312 66574 138 52874 66575 
144 66576 11180 66577 66578 
827 66579 138 52874 33927 55948 11180 66580 66581 
644 66582 66583 
729 58747 138 33918 138 33958 66584 55583 
448 58747 138 33918 56279 33921 16549 66585 66586 
248 58747 33918 66587 33921 16549 15473 66588 
617 58747 33918 66589 138 52874 66590 
1257 66591 33927 52879 11204 138 66592 138 52874 66593 
848 66594 138 52874 66595 
336 66596 33929 59875 138 54803 138 52874 66597 
618 66598 33927 66599 138 52874 66600 
636 66601 11180 33917 138 66602 138 52874 66603 
135 66604 33918 6927 52882 66605 138 52874 66606 
1535 58747 11204 66607 138 52874 66608 
609 66609 4318 66610 138 52874 66611 
343 58747 11204 66612 33929 52881 138 52874 66613 
1254 66614 11180 52881 138 52874 66615 
264 58747 11204 66616 33917 58765 138 52874 66617 
639 66618 4318 59884 33917 138 52874 66619 
608 58747 11180 66620 138 52874 66621 
333 66591 33917 66622 11180 33917 6776 33944 138 52874 66623 
623 66624 11204 66584 66625 
952 58747 33918 44500 59883 46580 33929 4318 46580 138 52874 66626 
646 58747 33918 44500 59883 33929 66627 138 52874 66628 
512 66629 138 52874 66630 
246 66631 33958 138 52874 66632 
1304 66633 11180 6958 33929 14674 4318 66634 33917 138 52874 66635 
892 66636 7091 4318 66637 138 52874 66638 
454 58747 33918 11180 7650 44500 66639 138 52874 66640 
337 66641 138 66642 11204 6956 138 52874 66643 
142 66644 33921 33929 66645 33939 66646 138 52874 66647 
2992 66648 11178 6776 33929 66649 33958 11204 58866 138 52874 66650 
1795 58747 33918 66651 33944 66652 11204 138 52874 66653 
667 66654 33929 33954 66655 46580 66656 138 52874 66657 
147 58747 33927 16138 46580 66658 138 52874 47390 
1808 58747 33929 7650 138 66659 138 52874 66660 
2249 66591 33917 66661 7091 33918 6776 138 52874 6159 
2995 66591 33917 66662 11180 66663 138 52874 66664 
638 66665 33952 15158 33939 66666 138 52874 66667 
843 58747 11204 6776 4318 46580 58765 138 52874 66668 
2243 58747 33918 66669 138 33921 6899 7091 58765 138 52874 66670 
610 66671 138 66672 66673 
891 58747 11180 11204 33921 16549 58765 138 52874 43376 
1064 66674 4318 11180 66675 138 52874 55584 
2248 66676 33929 58864 138 52874 23247 
1783 66677 33918 6927 138 66555 138 52874 66678 
1809 66679 138 52874 66680 
2449 66648 33944 33927 66681 66583 
390 66609 4318 66682 215 66683 219 138 66684 11204 66685 41 8829 
1799 66609 4318 6927 33927 54536 66686 41 40122 
653 653 653 653 653 653 653 653 653 653 653 653 653 653 653 653 653 653 653 653 653 653 653 653 653 653 653 653 653 653 653 653 653 653 653 653 653 653 653 653 653 653 653 653 653 653 653 653 66561 33944 45 66562 11204 66563 66564 1775 35967 1775 648 302 55884 12 3519 12 
62755 4318 52877 4318 2 66565 138 138 66566 45 66567 33927 52879 45 138 34147 46580 66568 12 33916 138 66569 11180 66570 
11180 56740 11312 66571 12 
11312 66687 
6795 11312 66688 16549 52882 
4318 16549 66683 138 66689 16549 52882 