Subject: 38282 28 54136 193 193 193 
28 839 
130 3870 109 883 4559 143 143 143 52760 392 0 21 392 390 45 1857 4 
4114 2660 193 193 193 
38 35 19653 392 390 45 1857 347 959 4 997 28 4114 2660 
50 240 143 628 12 1029 9962 138 2666 109 49 277 12 
68 124 28 849 38 150 938 205 3344 67 4 28 514 40160 12 
137 21 28 52941 31 68 849 109 28 1971 45 9 3986 
11065 514 839 2110 2264 70 3509 2482 21 28 
19897 31 28 839 2214 1905 21 450 72 20 
93 35 481 255 483 12 
28 2482 65 4639 2428 347 107 28 839 112 14217 12 
769 8431 19407 1319 17 49 195 34 161 164 5054 359 
14459 52942 28 832 4 28 839 12 68 58 12655 
21 2482 255 34 68 124 9 4572 45 51235 17 28913 185 21 481 
91 416 483 23 3314 12 
28 1508 31 68 2482 8 205 9939 43340 12 259 591 255 
164 3607 34 1510 3869 164 312 48 10 1032 1355 
1397 12 226 8139 1375 959 130 959 255 4618 20 499 45 542 
205 47 2494 21 77 9 386 31 40160 12 38 18 1929 1319 38 
2596 20 12 
487 20 124 1905 2 
824 824 824 3990 68 369 49 460 6311 824 824 824 
28 235 18489 1129 124 208 38 229 77 1891 4 
564 9 933 23 12 20 35 77 1339 306 47 3547 4173 17 
28 18489 611 124 37723 193 193 193 
72 38 187 435 21 481 23 1557 392 390 45 1857 4 982 1032 4114 2660 
81 2666 28 862 839 12 12 12 111 2666 20 120 193 193 193 
68 124 9 13271 45 14217 45 483 1476 1129 12 20 926 
107 1207 38 21 3078 921 66 306 255 45 220 184 584 548 45 
17 96 31 195 45 38 4430 8 21 955 28 930 6133 21 36 28 
628 12 72 38 2892 34 53481 38 150 587 36 34 536 9499 34 
38 150 938 205 5830 49 45 68 124 20 193 2858 6482 28 4441 45 
17 15 28892 18 3078 6548 12 68 1711 143 1313 240 143 628 73 
3199 839 1930 12205 12 12 12 1876 3471 5820 92 12 
240 143 628 124 28 6165 1470 31 28 460 12 85 13350 31 68 
393 143 52944 1381 31 3836 369 193 193 193 28 3806 38 
4293 45 28 959 255 18 77 312 1166 568 240 143 628 12 36 
15 4601 31 68 2135 193 193 193 
1711 143 1313 3199 215 23352 219 58 2209 11910 53482 12 
20 124 528 38066 4 28 16538 1166 127 45 17 1404 8113 
1086 17 28 12754 2464 1181 8 9694 34 2585 390 3471 
17 785 3471 31 195 14202 17 1184 18 77 18431 1461 1711 143 1313 
1362 74 28 3965 21 554 9983 150 204 12 68 124 9 1711 143 21016 7770 
1347 17 31 28 2862 45 1857 53483 4 28 1200 12 204 12 45 639 3471 215 1876 45 1857 219 
869 769 52745 4 28 977 1315 1010 4 23352 12 2152 45 
4282 2482 1064 255 2111 53483 12083 1461 
1711 143 1313 3199 12 
38 229 8 211 68 960 1397 45 251 765 28 1821 37033 
53484 869 70 9735 109 28 577 18589 2482 12 7327 114 
1456 515 214 187 220 72 214 230 3212 17 777 21 3042 765 125 
48301 12 308 53485 45 53484 56 214 187 861 9 502 1484 
3199 425 17 36 21 548 12 28 3268 1339 21 53486 17 
53487 1456 12 214 8082 499 23 28 3268 17 20322 143 53488 2051 3793 2 
231 34 150 204 953 7 150 282 41605 964 487 17 38 164 195 41605 499 161 193 231 
28 862 430 124 541 7 5865 82 42823 1461 132 
42715 12 35770 45 579 1892 7 1 143 2666 3212 17 2143 
91 968 17 244 21 20 12 132 105 124 53489 52948 12 373 1010 
2663 45 28 4207 7 2023 23 49 28 1335 6300 1010 3192 143 13754 17 132 
2439 112 9671 12 121 52949 3372 992 45 7 3919 
21 3558 132 2745 1166 12 765 28 1335 1209 45 7 16907 591 
14592 4561 1440 12 7 19606 132 599 45 17894 17 
52950 765 392 1764 45 1857 12 
28 10829 112 564 9 41409 109 132 1166 17 7 274 10266 150 440 1029 
21 481 8368 2564 12 7 777 21 52799 17 18539 7913 132 3314 21 
1947 132 599 17 49146 1166 12 23 34 3315 541 
7898 6519 4 132 2261 17 7 207 305 21 2176 28 
2596 4 7716 34 68 18 2671 15 2261 19728 
35903 193 193 193 
4 3965 511 45 7 293 68 839 407 240 143 628 12 2041 76 150 204 
1481 21 357 68 839 7 777 205 50 497 49 
430 109 2119 1166 4787 12 195 31 28 2950 7 
293 45 4 132 6351 45 199 107 64 6238 12 26 199 1553 
531 1376 49 14 21 18529 347 28 4143 4173 112 531 48 
49 14 21 4998 21 450 72 26 187 548 347 107 12 208 4701 34 7 187 
481 9 9881 7804 4 208 1209 12 12 12 20 4602 150 440 2949 14 7 150 151 8 21 3047 9 
32 21 481 20 193 
251 435 7 112 9712 45 4 511 31 1108 7 293 68 839 12 7 
4602 150 440 13 49 20 45 347 672 49 20 45 26 274 221 132 105 2354 9 
133 110 12 46 46658 49 34 193 193 193 121 3344 20 1315 225 45 21 
481 474 7 112 3344 20 3811 45 7 10266 150 440 2892 132 12551 12 487 112 9 
483 1476 6053 12 7 90 36588 130 48 130 7 4428 21 3042 45 
308 3373 14 840 921 19605 12 121 7 221 9 52951 17 358 
17 12737 20 499 45 7 187 23 1557 36 132 483 182 12 251 435 508 
31 38 7 112 1449 9 3547 40118 17 9 3547 41610 67 28 
14217 2210 31 20 195 12 259 7 7259 20 499 306 28 1200 12 204 12 417 157 
215 648 143 6255 143 7629 143 52952 952 143 52953 219 17 26 11976 34 20 124 6182 14217 193 121 
2610 28 839 112 14217 17 107 9 2208 849 45 7 3919 
231 953 107 12 231 
38835 7 102 499 848 45 1857 240 143 4756 12 20 64 14 67 392 1535 49 132 92 
109 143 1479 12 28 990 3203 67 240 143 628 124 34 7 439 150 440 87 184 483 
49 2871 21 13 499 28 839 45 17 86 195 31 132 4157 
164 52954 407 240 143 628 45 132 445 4155 124 132 92 12 7 207 103 
38 435 20 124 7 925 20 1931 150 440 6526 38 2354 45 251 7 6364 1904 34 7 
187 107 231 52955 143 2354 231 2622 45 359 1384 2473 48 483 20 869 14 12 
4 982 1032 208 1867 45 7 112 1544 21 128 4157 49 2385 4118 648 
74 3391 636 45 7 777 293 512 4157 49 2385 4118 648 12 15 2195 124 21 
231 128 23 1557 639 4157 49 2385 4118 648 1370 144 1910 12 72 
38 439 150 440 45 13 499 959 2950 395 38 220 193 231 132 429 
3040 4 1476 392 390 45 1857 4 4114 2660 112 506 12 74 3391 454 45 7 777 293 
34292 4157 49 2385 4118 144 12 15 2195 124 21 231 128 23 1557 1876 141 4157 
49 2385 4118 144 1370 144 1910 12 72 107 45 13 499 959 2950 
395 38 220 12 1319 38 8 1876 4157 45 
28 6134 124 941 45 43339 45 38 18 481 15 392 390 45 1857 2195 12 231 505 45 7 
777 34292 4157 49 2385 4118 144 45 3876 959 1032 7 539 12 259 7 4106 182 
17 6398 12 74 1551 648 45 31 132 240 143 133 31 848 45 1857 45 7 293 392 783 45 1857 306 
959 963 4 5820 517 12 
7 484 2354 195 132 52827 17 6221 9 48 539 294 11602 12 81 85 
92 21 2666 28 2915 839 45 20 18 2671 15 2261 19728 193 193 
1074 45 20 3050 150 440 548 72 38 439 150 440 4618 20 12 68 839 926 548 45 
251 38 1906 6482 20 1318 193 1012 28 2097 31 107 1413 
21 198 15 105 4 9 218 198 12 20 3050 150 440 548 17 38 150 587 
13260 499 109 9 356 31 483 193 
4 73 49 68 839 21 548 45 38 1906 2564 15 2195 31 639 141 
4157 49 2385 4118 648 45 17 1876 141 4157 49 2385 4118 144 17 38 18 481 
392 390 45 1857 347 959 4 4114 2660 12 7 207 8012 822 34 20 1930 193 193 193 
72 38 518 107 21 436 4 68 839 45 7 207 118 12 20 
93 124 9 990 1129 306 3547 64 347 4998 21 38 12 72 38 
518 21 436 45 6482 28 839 17 38 18 77 109 15 185 
21 4561 10820 12 72 38 164 9 2048 1166 5338 17 164 4 
4561 2896 435 7 112 45 347 38 482 21 3042 15 2745 1166 45 
3088 68 9 5912 12 7 106 193 
116 45 
53489 52948 
9 2901 817 125 28 3238 31 68 839 2 
74 28 92 38 8 2666 28 862 839 17 1537 45 38 
84 8 12671 34 222 9 839 45 17 208 34 124 14217 45 
90 107 8 205 7548 74 70 53490 12 
82 14 2949 38 9 3547 67 1904 12 7 777 9 35056 1166 
49 848 1010 12 111 4 12128 132 1166 13617 18800 2354 12 7 112 312 
28 310 3385 34 199 2594 1349 49 14 45 251 20 3794 150 440 
1960 12 2209 45 7 12737 20 499 12 20 3794 150 440 14 45 20 112 28 10829 12 
13641 17 53491 777 42039 28 13526 10829 34 777 205 
306 434 226 53492 12 7 439 150 440 8 21 2949 38 515 6519 21 28 
17837 677 12 12 12 86 591 31 38 83 125 429 2894 
2596 12 161 199 959 1927 17 53493 1032 1355 1397 12 
28 4605 8876 112 53494 12 1510 213 934 515 26 199 312 
11472 53495 17 223 964 12 1510 213 106 107 45 1141 1510 213 
4430 777 2423 21 8163 347 36588 45 199 2087 3192 921 28 17095 
31 28 4333 12 130 28 9712 7653 45 231 28 11614 36 37962 17 28 4333 
36 47657 12 231 28 5112 1362 31 1476 483 18 4430 3318 
38 21 231 3619 964 231 347 231 36 11614 231 45 13641 18 450 21 34 12 
38 8 274 293 430 34 35 1844 38 4561 
3389 49 28 6134 31 15 2261 45 306 231 359 4998 231 17 231 274 9 3547 
657 31 2954 12 231 38 35 481 959 483 4 28 997 2351 524 1032 38 
8 1355 41977 12 7 84 65 776 499 34 7 18 107 450 9 18518 31 
68 483 45 7712 2622 3191 213 58 1866 9 53400 49 68 
839 12 7 8 314 869 765 644 9881 7804 193 7 8 53496 
125 28 839 121 50 35775 17 35775 31 2950 12 
6482 28 839 1318 130 5041 12 220 107 2671 20 4 184 185 12 
20 1930 13167 505 130 20 124 369 12 1074 21 240 143 628 9 39 
31 68 2494 2385 21 8139 38 35 2937 31 12 208 31 28 
255 38 13 68 21 229 13 499 390 45 1857 12 12 12 17 15 105 18 77 109 
8139 31 37 193 
1074 3320 45 28 959 38 13 499 28 959 2483 4158 
38 18 1448 12 
259 132 18794 45 7 8 78 38 28 2568 45 430 45 2458 17 
1129 21 2111 35903 374 12 20 124 964 21 38 369 193 
231 2937 67 20 231 
1397 38 6631 68 839 125 15 35159 45 130 7 5865 106 45 
85 9 3547 92 21 2666 20 17 93 2937 67 20 12 36 9 52951 
17 4946 499 515 90 13339 179 38 436 12 4946 499 28 
12503 261 3793 17 359 1384 2473 38 7819 20 45 38 18 
1449 481 9 356 31 483 193 38 18 6184 36 182 515 38 
11472 12 184 14487 38 8 18 35054 179 15 429 4157 3078 
4 12 20 1930 193 
52961 5043 45 43032 45 2676 
487 150 204 2473 68 14343 839 18 481 38 
35775 31 7770 392 
4441 2 
68 1381 31 5044 7462 93 1930 1876 3471 5820 92 12 
7 207 474 34 38 90 572 964 21 392 390 45 1857 347 959 4 28 997 4114 
2660 12 1397 38 256 231 13925 12 12 12 231 45 81 2666 68 839 6579 12 
68 124 107 9 2208 849 45 251 9 12205 14217 483 1476 
1129 12 3554 45 68 124 515 38 220 2 130 306 195 1711 143 1313 
3602 45 419 9180 670 1166 74 17100 294 8448 17 
18432 670 3867 12 5820 2228 4 28 391 13886 38 21 17259 
294 1711 143 1313 1166 8448 45 17 419 3359 9 8366 49 5820 
7770 102 12 15 4157 3078 74 628 17 164 9774 
74 240 143 628 45 259 38 164 107 3869 4 2901 18432 12 38 220 20 
19394 4 15 2745 3314 45 13039 347 157 12 68 124 28 2612 
1711 143 1313 628 73 3199 19798 12 
68 124 515 38 1906 220 
648 12 73 195 644 1537 3376 109 28 110 1905 215 38 35 150 440 3616 37 
72 38 439 150 440 73 37 219 12 
49 1320 2385 45 13 392 729 12 1529 5634 45 28 105 317 140 31 28 2385 
38 164 13376 45 15 240 143 628 16 45 17 15 105 317 611 
16 215 4 279 31 9 1021 219 21 28 160 9468 105 1417 109 
28 110 997 21 28 2385 12 481 474 15 611 16 124 109 
15 20618 4 279 31 184 628 1440 193 
179 38 198 15 73 45 481 474 38 73 1320 31 28 2116 
1537 12 38 18 87 195 2116 1537 259 34 38 35 8163 37 109 
15 1225 17 52962 37 12 
1370 9 2351 2660 38 18 128 45 407 240 143 628 45 1320 31 28 2116 
1537 12 8163 37 109 15 1225 259 26 18 77 9292 49 38 21 
13 21 28 648 45 1857 150 204 31 255 213 18 73 37 125 38 12 
144 12 2340 220 107 47661 28 2587 31 28 255 213 164 3804 997 
21 1320 2385 45 347 769 2905 109 28 110 45 4 184 185 411 1032 
124 5041 1905 4 3052 231 9 231 1461 231 1269 231 347 38 18 13260 499 109 
28 8367 31 15 52963 12 1319 38 1929 28 185 68 1930 45 
38 150 587 65 450 2473 20 1931 150 440 548 72 38 2671 20 12 1074 45 68 
1381 58 205 7811 45 17 72 38 47661 20 45 20 18 107 548 12 
9 12 933 1905 49 28 13380 31 1357 1537 12 
167 12 121 38 150 938 13153 28 2116 1537 45 85 68 4777 17 
5247 28 105 17 16 1389 2385 4118 644 12 68 160 58 
869 20 1461 28 3202 17 124 359 1450 7298 769 392 390 45 1857 193 
1219 12 3619 28 105 17 16 1389 2385 4118 827 3192 21 2385 4118 644 12 
151 12 3619 28 105 17 16 1389 2385 4118 144 3192 21 2385 4118 827 12 
240 12 3619 28 105 17 16 1389 2385 4118 648 3192 21 2385 4118 144 12 
1269 12 5682 15 105 397 16 4 28 2385 4118 648 2439 12 
81 481 474 38 39 195 430 45 5820 105 17 
16 45 8376 193 
827 12 85 68 3509 849 45 1141 28 6841 110 31 2587 45 17 
8163 20 21 15 1225 12 481 359 538 21 28 8028 35910 
31 68 849 12 
15 64 21 436 4 68 124 6606 7289 215 924 
38 35 41760 392 639 219 12 38 3091 314 8 70 1971 
2375 17 240 143 628 124 298 193 
161 164 373 2593 1362 31 2692 15 53497 2 
1381 4118 648 2 50 6261 240 143 628 
82 150 204 256 34 38 3807 21 3042 532 45 274 21 450 2473 20 7653 45 
17 419 150 587 6132 38 17 195 1510 3869 13 499 445 144 45 1857 
2950 1320 12 82 150 204 65 6132 34 28 133 9661 9 0 12 729 3471 
3793 12 568 9 502 110 28 3793 90 77 48 10 12 65 45 
591 255 18 13 499 12440 31 35775 31 2950 
3915 31 144 45 1857 12 251 12740 306 68 3521 45 38 13 499 
445 144 45 1857 2950 12 306 9 0 12 729 3471 3793 45 34 124 445 848 4157 
49 2385 4118 648 12 1510 848 255 3820 74 50 499 144 45 1857 
2950 1320 49 9 834 31 639 45 1857 12 499 31 1510 0 12 729 3471 45 1876 255 
3820 17 73 2385 4118 144 12 1510 1876 628 499 144 45 1857 2950 
1320 49 9 834 31 438 45 1857 12 
28 0 12 729 3471 3793 21 34 124 648 45 1857 4157 49 2385 4118 827 12 1510 648 45 1857 
13 499 144 45 1857 2950 1320 49 9 144 45 1857 45 1857 834 12 28 0 12 729 3471 3793 
21 34 124 848 45 1857 4157 49 2385 4118 644 12 34 150 204 848 45 1857 392 729 52801 49 
38 12 5634 193 193 193 15 834 18489 4 68 3521 124 392 390 141 392 2862 141 392 729 45 1857 
141 392 390 45 1857 49 9 834 31 392 1764 45 6245 193 193 193 
1074 18794 45 68 124 4177 648 45 50202 499 31 28 144 45 1857 
255 38 628 21 18 220 5054 7289 17 19854 68 
839 193 52946 21 2937 49 9 3315 515 187 13339 72 
8139 45 347 1894 102 499 1876 45 1857 2950 3915 31 144 45 1857 12 
2892 14 45 591 255 18 220 274 34 45 17 959 193 74 28 185 45 15 64 21 
436 4 68 124 6606 7289 12 38 3091 314 8 70 
1971 2375 17 240 143 628 124 298 193 193 193 2385 4118 144 18 2482 38 28 96 
1362 49 6261 240 143 133 45 2949 38 177 21 3305 298 6261 240 143 628 
1237 17 177 21 3305 240 143 628 1316 12 
1381 4118 144 143 4770 298 3954 109 28 1971 
3836 109 28 1971 124 47 45 47 38593 45 17 161 164 
12440 31 298 6625 21 44126 12 82 150 204 256 38 3807 21 3042 
532 274 21 450 2473 505 20 1930 12 6132 15 2195 124 21 36 445 
848 255 21 436 109 15 429 1313 12 215 4770 9 356 31 298 
3954 109 28 1971 18 2164 36 9 9257 3793 12 219 65 6132 34 
8139 3191 4 15 2072 7985 445 848 53497 389 12 
6482 68 3521 21 2181 28 11469 1508 1905 2 
648 3083 1313 143 143 15 848 389 306 392 729 12 12 12 12 12 12 12 12 12 12 12 12 12 12 12 12 12 12 12 12 12 12 12 12 12 12 12 12 12 12 12 12 12 12 12 12 12 12 12 392 390 
144 380 1313 143 143 848 389 125 1510 848 215 392 729 641 1876 219 12 12 12 12 12 12 12 12 12 12 12 12 12 12 12 12 12 12 392 2862 
827 2287 1313 143 143 848 389 125 1510 1876 215 392 729 641 648 45 1857 219 12 12 12 12 12 12 12 12 12 12 12 392 729 45 1857 
644 902 1313 143 143 848 389 125 1510 648 45 1857 215 392 729 641 848 45 1857 219 12 12 12 12 12 392 390 45 1857 
68 52964 143 143 143 143 143 143 143 143 143 143 41 392 1764 45 6245 
1074 17894 45 68 13154 34 28 255 213 436 445 
17259 848 255 1320 12 2937 49 9 3315 515 187 13339 72 26 
221 639 255 21 436 193 508 255 36 1876 150 204 31 196 193 
2937 67 20 193 49 5820 392 729 12 1529 38 128 45 195 38 1906 220 124 240 143 628 37 
28 2385 26 13153 12 34 150 204 20 193 3559 1211 310 143 517 504 
109 195 4157 193 68 18 5697 34 28 240 143 628 26 13 499 306 15 
105 17 16 109 20 18 77 2917 86 26 35 150 440 44126 
395 26 128 28 2385 193 
1357 1537 
824 824 824 73 1320 2385 74 140 17 105 824 824 824 
174 2 
3559 13 392 729 5634 215 1200 12 204 12 3917 219 49 1320 2385 12 4190 107 
378 12 
3559 13 15 73 407 429 8876 628 12 
481 474 28 5634 124 34742 74 50468 20 4 23 1557 373 
20744 31 358 12 109 208 31 1510 20744 31 358 45 1833 2 
215 9 219 28 140 317 105 31 28 2385 38 164 13376 45 215 167 219 15 
240 143 628 16 45 17 215 1219 219 15 105 317 3133 16 12 
198 15 73 49 443 1537 369 2 
2385 4118 648 231 28 52966 150 204 1460 21 3836 49 298 109 28 
1971 231 
73 2385 4118 648 125 2 
9975 54394 
321 12 322 12 323 54395 
20563 45 6485 54396 
2385 4118 144 231 28 52966 150 204 1460 21 50 6261 240 143 628 109 28 1971 231 
73 2385 4118 144 125 2 
2461 12 54397 
321 12 322 12 323 54398 
19683 9789 45 20084 54399 143 54400 
2385 4118 827 231 231 28 52975 21 1711 143 1313 3199 109 28 1971 231 
73 2385 4118 827 125 2 
240 143 1597 9546 
321 12 322 12 323 2639 
10024 45 10025 54401 
2385 4118 644 231 2473 21 2111 9 52982 38423 28 2168 31 1711 143 1313 
3199 17 28 1971 231 
73 2385 4118 644 125 2 
151 12 54402 
17373 10120 2464 
54403 45 8011 54404 
67 390 45 1857 294 255 36 6230 5820 76 193 
824 824 824 824 824 824 824 38458 49 2487 824 824 824 824 824 824 824 
9494 68 130 15 1166 193 77 2917 45 8198 45 17 6482 
28 2488 8376 12 
13 49 28 2116 1537 3923 259 38 18 8 37 179 
28 4157 3042 963 4 86 2 179 38 128 9 392 729 73 45 38 
1906 13 499 28 870 8366 397 2385 12 
3559 1211 310 143 517 504 109 28 4157 38 128 12 
77 33713 17 35031 306 68 839 12 72 38 6482 28 
4441 1318 45 15 1508 18 77 1349 193 
414 195 45 8 4166 4 1897 17 83 38 18 18093 193 
824 824 824 824 824 824 824 15 2487 6150 824 824 824 824 824 824 824 
6482 443 6150 21 5697 15 2487 2 
72 38 439 150 440 128 639 4157 49 2385 4118 648 1370 373 1910 45 
7227 3836 347 50 240 143 4756 395 38 220 12 111 45 9 224 31 1910 
1892 38 84 128 23 1557 1876 4157 49 2385 4118 144 12 72 38 439 150 440 45 
7227 3836 347 50 240 143 4756 395 38 220 12 1319 38 
8 293 1876 347 959 4157 49 2385 4118 144 45 38 35 43339 45 
86 28 408 124 314 1960 49 38 45 17 28 5634 18 
7227 21 52988 4 193 
68 124 2340 21 1074 2 
5820 92 15 105 124 223 3192 109 28 110 45 38 164 10440 4 
6059 31 9 218 2385 12 38 35 3832 6608 31 15 2406 74 
18588 540 2385 255 164 13376 125 38 12 72 38 482 21 
2698 959 18489 45 13 212 13242 31 240 143 4756 347 7227 
4770 3954 17 3042 28 830 368 120 193 161 124 359 9081 21 
28 18489 38 18 2698 125 68 1166 193 
1397 38 481 15 1475 130 21 2428 347 107 38 436 4 
68 839 12 81 270 208 260 12 220 38 482 21 2671 15 
2261 138 72 28 270 124 194 45 81 933 23 28 235 12208 67 
68 839 2 
648 12 38 164 18432 9 8366 540 926 107 64 2423 21 2706 45 
7789 347 44126 12 
144 12 195 31 15 4158 63 38 4 5634 193 
827 12 240 143 628 124 308 260 28 508 1367 1381 31 
2615 430 109 21027 12 68 839 2216 28 
2397 2168 31 240 143 628 1122 306 28 50096 34844 
2168 31 1711 143 1313 3199 12 
644 12 15 445 4155 143 143 411 1032 15 4143 392 639 4173 143 143 124 15 
92 193 
729 12 8202 195 31 28 18489 38 2698 125 68 839 124 24779 
4149 193 
448 12 68 839 18 2671 15 2261 19728 12 
12447 369 193 85 15 429 3040 12505 12555 4561 19609 12 
73 28 1537 17 6482 28 839 15606 414 143 143 2487 18 
77 15 20447 12 
46 38 49 15 92 17 5501 12 
81 817 2 72 38 87 95 306 1544 9 1166 45 8168 9 
1166 105 45 3 2473 18489 5810 124 6118 45 409 12 45 66 15 
1430 157 31 28 532 1166 7759 215 9 11033 14160 219 
648 143 6255 143 53011 143 34340 49 298 95 17 3940 21 463 12 65 45 28 
15711 50096 504 2529 298 95 407 3852 17 298 
36011 67 1166 5810 2584 12 15 44124 164 10407 
54405 109 15 3544 17 3836 12 28 430 
13226 109 68 2404 17 4 28 2385 9696 359 52661 
9694 7712 12152 12 4 28 363 34 20 124 2581 34 68 2404 
347 2385 9696 9 5697 31 184 331 45 34 5697 124 369 
53516 12 28 44124 13869 3804 109 68 2404 17 4 28 2385 164 
37062 445 12 72 38 8 184 463 31 28 53517 31 68 
839 45 66 28 157 31 2329 1762 49 3199 
11912 45 11033 8216 1114 45 14154 31 14209 14210 4 
8021 45 1774 12 
5247 23 54406 302 4766 12 3519 