Subject: 430 38 870 65762 
164 38 1027 21 77 1349 138 
7 207 1027 21 12511 38 28 52975 7 8 17590 4 9623 
4561 19609 12 
68 124 107 9 1711 143 1313 3199 45 9 53429 2398 347 9 36 11614 
4553 4782 12 
68 124 9 1342 1166 17 1432 9 9429 17 54134 
7558 213 124 1027 21 3042 53431 23 1557 392 2405 2606 1867 45 
1457 497 158 17 9 7778 4946 18489 1370 28 997 144 1010 12 
1324 14 41409 298 23 648 215 21884 219 40059 143 53587 952 52953 397 248 2660 12 7 18 12882 
9 1895 14384 17 270 184 463 38 8 12 
77 9 1349 160 34 8139 65763 12 
46 38 17 7 925 21 914 125 38 193 
13245 
321 12 204 12 1324 648 215 21884 219 40059 143 53587 328 21 2671 15 2261 193 
21 128 359 959 31 443 13 273 21 35984 65764 302 7618 12 1217 