Subject: 28 1971 21012 17 38 193 
81 450 66094 23 28 75 31 68 133 12 
231 28 1971 21012 231 
419 2482 38 2473 21 36 28 12208 109 2622 193 
15547 
28 1237 26 482 13050 4 53666 195 390 6538 12 
953 138 86 443 52975 199 4430 1471 21 1448 15 12551 12 12 12 
36 28 12208 109 2622 568 28 1971 193 
9204 3087 758 45 861 230 34459 45 3305 2588 
17 139 2589 31 972 127 17894 45 837 48031 13853 20322 
18585 53683 12 68 124 107 9 6822 52443 45 251 9 
10951 1237 839 1351 21 8808 
18438 15 279 306 2113 21 35775 31 6826 13594 1738 12 
861 499 52975 67 15 34459 45 17894 45 53684 45 
17 8139 3191 193 143 143 837 15 44317 193 306 28 294 45 
1971 21012 17 38 193 
20 150 204 5054 965 193 487 150 204 515 38 35 2188 2 
39113 53685 140 193 
36 2622 150 204 105 17 16 306 274 9 39113 53685 140 193 
215 861 34 18502 38 1810 4 10894 193 219 
11078 13594 193 
36 2622 150 204 11078 13594 
1801 10820 140 193 
13853 2622 74 1801 10820 140 193 
16 193 
36 2622 150 204 16 306 274 9 105 193 
53686 139 2589 193 53666 
36 2622 150 204 139 140 306 274 9 105 143 837 53686 2589 193 
9204 193 
122 230 17894 45 34459 45 9 1335 19331 213 21336 15 18512 193 
240 143 628 193 
13 9480 240 143 628 7813 53687 193 
5191 52975 193 
8438 5191 52975 15 4 143 14459 439 150 440 482 38 21 83 193 
8435 2622 193 
572 28 4373 34 6822 53688 572 215 195 109 28 1971 219 
44321 193 
12299 143 44317 193 
2188 2473 21 36 430 109 70 12299 143 44317 34 18 95 38 
6113 4 9818 193 215 53689 964 972 53690 219 
34979 1424 143 60640 4322 193 
861 499 67 15 60037 53691 193 
215 347 104 20727 219 
861 499 193 
72 38 164 528 4639 193 
11074 193 
2188 195 67 15 53692 11074 193 861 499 515 26 
8 21 34953 193 
255 38 548 306 193 
77 53693 74 515 38 150 587 2188 67 255 38 548 306 193 
10252 17496 193 
106 214 93 8119 2050 138 861 499 193 
1971 21012 17 38 
1237 18 95 38 8438 2423 67 2622 45 306 
53694 11020 17 359 11311 4 1971 2588 193 274 
5682 28 9956 19855 17 521 193 
38 18 77 36224 17 49967 74 28 52975 34 35 77 
8095 67 5054 8139 193 861 499 28 52975 
26 439 150 440 482 38 21 83 193 67 757 45 67 1897 193 
20 150 204 52760 515 38 35 861 499 568 1971 21012 17 38 
17 28 1971 193 38 150 587 77 53695 21 15 1225 6613 193 
36 28 1237 26 150 1 1413 21 33131 193 1397 20 150 204 531 554 193 
864 92 3359 2 73 328 193 
445 392 1535 12 1529 434 
215 190 484 219 
419 18 20776 38 670 1971 21012 17 38 1237 259 38 35 
1014 14219 195 28 52975 38 1355 4428 21 83 193 
38 35 83 3212 67 2622 306 670 1971 21012 17 
38 1237 12 1930 306 195 48880 17 195 6843 31 5990 193 
73 328 2 13 445 392 1535 12 1529 434 
215 5634 45 4322 45 347 3133 483 73 219 
215 11077 16569 1907 248 3471 11077 2228 6165 5810 219 
215 4157 3526 28 391 45 1906 1907 392 729 12 1529 17 77 70 
236 483 73 45 359 190 62565 378 219 
492 4190 18 77 257 193 193 193 193 193 193 193 193 193 193 
21 2 
2461 55463 
241 648 
3277 323 66095 
39031 45 22445 66096 
215 195 4157 628 1370 1809 954 31 357 37 219 
481 4190 34918 21 2 2461 55463 
81 13 15 2 
215 3990 1412 219 
273 16 1775 1775 1775 1775 1775 1775 1775 1775 1775 1775 1775 1775 1775 1775 1775 1775 1775 1775 1775 1775 1775 1775 1775 1775 1775 1775 1775 1775 1775 1775 1775 1775 1775 1775 1775 
215 118 359 20540 30 1357 23 68 92 12 219 
817 2 68 839 18 107 548 109 8694 827 12 336 17 34251 
20 124 65 7745 34 38 6456 28 508 427 
30 31 4766 347 1971 9754 49 9425 7895 12 
68 133 124 506 74 70 374 3199 774 12 
419 6060 72 68 626 58 3386 38 4 1409 12 
8163 28 19537 45 8163 28 2283 193 44126 
407 240 628 12 359 18581 358 193 6631 306 
208 4572 54111 193 982 20405 4 670 54112 193 
68 124 28 294 185 31 294 51753 193 
81 220 107 3820 21 68 240 628 45 240 4756 18 107 77 2666 193 
21 77 6617 125 68 110 81 3820 21 2 
7492 66097 302 66098 12 1217 
419 62 5247 9327 45 38 1906 1844 28 3509 
240 628 16 12 46 38 193 