Subject: 1 2 470 9792 472 3 13569 2899 
4619 2598 31 15586 568 9 1481 34 2566 0 204 124 70 6238 
185 31 3 2899 215 7 12 240 12 45 36419 1340 39321 219 12 450 
302 969 6834 19788 1082 45 
365 653 231 282 12 19788 231 45 
361 653 231 2899 3 4 9582 11107 6 407 70 
39322 1481 17 9496 39323 231 45 
1181 653 231 237 3947 231 45 
1209 653 335 45 
3326 653 336 45 
449 653 231 19849 143 143 39324 231 
6835 
212 34209 1946 124 21 9180 9 2514 34 6 28 573 
12205 45 17 111 8827 6538 21 10404 28 1325 12 450 
302 39325 6834 39326 2082 45 
365 653 231 9 12 39326 17 204 12 282 12 39327 231 45 
361 653 231 1994 1995 1325 1703 74 1710 1325 13266 231 45 
1209 653 7348 45 
39328 653 231 39128 143 729 231 
6835 
24620 45 
9352 