Subject: 4231 2 1 2 4649 17 2286 
4425 7247 45 
9 6826 203 34 35094 2119 1365 1362 45 1366 17 1337 
124 2214 23 2 
2113 21 9982 573 1365 4427 164 13226 4 28 203 
2458 12 
143 13476 
143 143 143 143 143 546 626 143 143 143 143 143 
125 2 5338 143 11437 143 1193 302 11438 143 10124 12 1217 
470 2723 2 5338 143 11437 143 1193 302 11438 143 10124 12 1217 472 109 1842 31 14106 9 12 35095 
102 2 1886 336 45 2405 448 2 610 640 
21 2 11437 143 1193 302 11438 143 10124 12 1217 
627 2 4231 2 4649 17 2286 
7 83 34 4649 17 2286 164 218 3581 31 1365 12 
251 124 161 184 548 17 1086 506 21 244 28 3256 2585 28 
373 1362 138 72 259 35 38 81 35096 14 306 91 2113 17 
430 138 
46 38 4 269 45 
143 143 7247 