Subject: 38 87 4054 193 65814 
42 8055 
42 8055 45 
419 164 376 21 4018 6607 130 
28 9622 31 65815 1055 200 
4 65816 284 109 28 65817 11274 45 47 1276 21 195 
28 3986 11690 
2229 9300 12 
47 4241 21 28 1055 419 65 8 
9894 52912 1837 45 11059 143 11060 45 
9822 11050 17 411 64276 9298 38 229 467 
1616 15 7798 12 
419 187 77 47 1011 72 38 90 
12543 445 373 1614 4 16378 670 
2298 2404 45 177 419 150 1 474 38 18 861 541 31 15 
1543 31 
65816 17 65818 38190 12 
439 150 440 464 21 66 434 74 240 628 347 74 139 531 72 38 
467 840 
430 38 439 150 440 861 109 28 2404 12 
6117 419 3558 28 648 3083 12 31 229 395 28 75 31 247 
5820 1209 12 
419 164 148 19 21 4024 125 
38 17 48277 38 4 65818 
208 517 12 
317 54274 158 317 54274 158 
117 2477 45 
317 54274 158 317 54274 158 317 54274 158 317 54274 158 317 54274 158 
317 54274 158 317 54274 158 
1055 65815 
317 54274 158 317 54274 158 
65819 65820 397 65821 12 
1051 12 65822 12 20 397 65823 
321 12 204 12 419 7815 15 240 143 628 125 9 110 31 55659 
1891 4 1061 
8025 12 72 68 84 77 70 1409 45 81 3357 670 
9770 12 38 35 13 70 
39736 626 21 2 65824 7284 302 39508 12 1217 
192 12 