Subject: 4231 2 1324 2 6052 4649 12871 2141 
68 124 9 1324 49 832 21 70 236 1953 2954 49 
28 2107 17 35116 31 208 347 959 8810 49 6052 
4649 384 4 28 368 1347 12 
49 277 81 1981 2 
1050 2 397 397 1051 12 24734 12 359 397 7634 397 26423 1775 1324 12 1056 
306 28 6196 231 6052 4649 231 419 5631 21 1833 1950 2103 
28 863 31 2206 8804 4 368 573 12 670 1441 31 28 6196 
6052 4649 124 35117 21 5858 34 28 1471 1036 
4342 124 28 368 
1347 215 240 12 913 12 16525 45 4353 45 409 12 219 130 8103 21 411 1036 
9327 65 2103 2206 1990 863 45 222 130 45 49 3521 45 
1742 863 12 
143 143 
35118 35119 45 1272 12 151 12 
35120 49 35121 215 24734 219 143 1050 2 397 397 1051 12 24734 12 359 397 1103 397 
35122 35123 35124 2141 
28 8845 2141 2 
1050 2 397 397 1051 12 24734 12 359 397 7634 397 7717 1775 8845 12 1056 
28 6052 4649 12871 2141 2 
1050 2 397 397 1051 12 24734 12 359 397 7634 397 26423 1775 1324 12 1056 