Subject: 18591 193 193 
68 124 47 972 45 6605 5141 12 
21 132 42 3369 
1616 28 1335 1209 7 8 4080 21 481 6582 21 38 20712 225 12 7 
20713 147 225 45 540 17747 70 4180 31 1319 5820 2978 2660 12 28 
235 124 9 110 31 953 7 106 107 18093 959 1394 12 
419 18 18510 28 4061 343 225 
20 150 204 531 554 1535 225 
7 150 282 531 20714 729 225 
20 150 204 531 2532 782 225 
20 150 204 531 4365 1535 225 
20715 21 77 18513 2449 225 
5052 3558 28 17841 18 914 1257 225 
20716 144 225 
18564 609 225 
20717 848 225 
15 4134 18 914 434 448 225 
107 4 28 18582 608 225 
18 18510 28 20718 343 225 
18588 28 554 4559 2482 248 225 
531 20719 1257 225 
294 20720 644 225 
6459 92 31 28 76 644 225 
38 777 21 521 21 28 20721 1257 225 
109 28 147 20722 34 7 106 18093 45 28 2086 112 107 9583 
12867 86 448 225 38 274 12178 161 45 617 225 38 10249 
14 161 112 9 18438 4 28 20723 45 135 225 38 6336 14 21 20724 964 
17 36 20 765 306 45 248 225 7 777 21 18510 38 21 2949 38 7 777 
6389 17 1319 7 112 585 7 777 20725 38 86 7 9570 38 3619 12 
15 20726 20727 12 
21 132 42 20727 
7 2937 38 8 3385 9 3547 3803 12 487 164 28 1342 3550 
38 106 107 36 959 1032 38 106 12 
3378 3314 20728 17 4080 21 20729 28 12627 248 225 
4602 150 440 3078 3314 892 225 
4602 150 440 3078 135 225 
3378 531 1028 512 225 
6741 3229 1397 38 221 4 1254 225 
20730 4 20731 1257 225 
1960 554 2449 225 
56 38 777 9 20732 45 181 125 9 20733 20629 608 225 
4 9 20734 45 4091 20735 38 4 28 18433 644 225 
20736 20 4 15 1284 448 225 
221 9 7986 45 15 18170 13097 916 135 225 
20737 150 204 20738 1512 225 
20577 112 531 4365 45 38 20739 15 20740 1257 225 
777 9 20741 4 15 18531 644 225 
230 28 12394 121 2493 67 20 195 517 636 225 
3378 4 15 20742 1427 3344 9 5191 32 617 225 
31 28 225 419 106 36 1122 45 28 311 7 12178 1449 112 86 
38 777 2619 17 112 20743 28 20744 12 7 3794 150 440 3311 67 9 
18438 4 28 20723 45 515 7 56 112 231 187 38 5633 20 109 38 182 
347 306 14 20745 138 231 28 225 38 9570 14 3619 199 86 38 777 
20746 17 7 112 1413 21 20747 12 534 45 448 524 2663 7 20748 
20749 9480 49 95 17 769 2364 58 205 
2916 508 20750 12 
15 20726 3369 12 