Subject: 1329 3 110 2 7536 12 618 45 359 12 448 
1329 3 110 2 7536 12 618 45 359 12 448 
2059 45 1886 623 45 2405 
6642 2 
294 935 143 110 13027 138 
1272 12 151 12 2439 2 4372 2298 2141 
3372 11467 2 1762 45 573 1365 
5182 11461 2439 1357 
3349 2439 23 176 31 2014 45 590 
3349 9585 23 4622 
294 32 2 3229 2636 49 566 574 
32 2474 
32 1083 2 9051 17 1703 
1513 143 2405 936 109 231 9965 143 6567 17 9966 3 231 
3099 109 7970 31 1162 125 573 45 37519 150 2405 
3221 2405 143 387 17 1848 1531 
1219 644 12 729 35 369 5423 13243 
936 2 1329 3 4 1453 
848 902 13602 382 109 1505 1506 1507 215 1705 2405 219 
1314 2 38856 2405 4 9340 5692 
1314 2 36036 2405 4 11125 45 5692 
1314 2 38857 2405 936 
1324 49 32 6191 2 215 573 1365 2 9 9319 1946 219 
1821 127 141 8118 4 573 1365 
1314 2 25110 2405 45 1254 143 333 247 45 14085 45 2405 
28 1329 3 110 124 13990 12 1501 84 77 1277 21 
28 424 244 31 1329 3 12 628 1501 21 935 302 1052 12 35954 12 1309 12 
628 3592 21 77 4077 347 9474 21 935 143 3214 302 1052 12 35954 12 1309 12 182 1148 
229 77 2008 125 1050 2 397 397 1051 12 1052 12 35954 12 1309 397 763 37003 
143 143 143 143 143 143 143 143 143 143 143 143 143 143 143 143 143 143 143 143 143 143 143 143 143 143 143 143 143 
632 2 1302 448 397 636 397 1529 848 2 636 207 
125 2 100 2461 12 9559 470 9559 302 1052 12 35954 12 1309 472 
627 2 294 935 143 110 13027 138 
7 18 77 564 9 7148 997 1209 45 17 3050 150 440 77 159 
21 2706 935 143 110 12 1851 45 121 959 1032 9 1336 
31 2602 935 143 110 45 7 2937 542 92 21 8 4091 3191 
19704 85 765 13027 3316 12 72 38 164 1891 45 
81 82 14 83 12 
100 2461 12 9559 45 2084 17 1176 139 215 18080 219 18081 143 38858 
1617 31 430 17 1225 340 51 215 18080 219 18081 143 18083 
176 31 9835 240 143 628 9559 302 1052 12 35954 12 1309 
10157 45 3815 18078 143 18079 
1050 2 397 397 1051 12 1052 12 35954 12 1309 397 763 9559 
143 143 143 143 143 143 143 143 143 143 143 143 143 143 143 143 143 143 143 143 143 143 143 143 143 143 143 143 143 
632 2 332 448 397 618 397 1529 144 2 1795 640 
125 2 100 38663 470 38859 302 22947 143 6230 12 1095 472 
627 2 1272 12 151 12 2439 2 4372 2298 2141 
28 1162 1153 1524 31 43 12 315 12 10556 10557 45 
245 8941 45 176 31 1564 215 1331 219 
9304 6123 49 9 
1272 12 151 12 2439 
49 9 2141 4 28 760 31 28 13294 38860 2141 
215 13294 1164 8948 2234 219 12 28 2141 18 77 12477 
499 4 2186 306 8113 176 12 
28 2141 18 16 28 1136 31 70 
4564 49 2231 2298 2232 45 4 2259 
28 10264 143 5788 38665 31 1161 306 
430 7970 1362 12 4 989 45 28 2141 11312 204 
9650 2195 124 28 1136 31 1362 17 1366 21 
7691 28 4372 2298 12 
28 9391 570 124 2697 21 4579 9 8875 150 204 3269 
347 881 3269 215 240 12 913 12 2444 38861 219 12 28 17324 13869 
21 2444 17111 35251 215 540 124 2853 667 12 1857 3914 14752 18489 2606 
1209 4150 109 962 17 38862 659 219 12 
2413 164 2697 21 4702 49 28 2439 1397 1886 45 952 2405 12 
26 229 861 959 1832 430 23 
1050 2 397 397 1051 12 8941 12 3400 143 1564 12 1095 397 5373 
347 229 66 
43 12 315 12 10556 10557 
245 8941 
176 31 1564 
10529 1564 
1068 12 2 141 141 2449 11424 10518 143 38666 
273 2 10557 302 8941 12 3400 143 1564 12 1095 
1050 2 397 397 1051 12 8941 12 3400 143 1564 12 1095 397 10520 
143 143 143 143 143 143 143 143 143 143 143 143 143 143 143 143 143 143 143 143 143 143 143 143 143 143 143 143 143 
632 2 1302 448 397 448 397 1529 648 2 1799 640 
125 2 38863 38864 470 38863 12 38864 302 29934 12 3519 472 
627 2 3372 11467 2 1762 45 573 1365 
81 417 28 235 13380 12 46 38 4 269 49 15 5926 12 
1762 45 573 1365 143 38358 323 157 45 28 11470 143 38865 49 38358 5493 109 28 
1971 45 124 8956 9 3260 143 2087 573 1365 2090 215 4781 729 1010 219 213 
6057 7558 3199 12 2260 1354 306 17594 45 
10099 397 36196 1366 17 1709 3261 19975 215 240 12 913 12 45 691 45 35199 219 124 
1403 45 998 306 8896 1333 2596 12 243 3269 4 9 
35849 16912 124 2350 45 306 8875 150 204 1313 4282 12 47 
14040 17324 833 10898 12 240 143 628 17018 17 216 849 306 305 
13119 21 
12 
38863 38864 
38866 45 36195 2576 
38358 323 157 1484 
6248 2910 512 902 2464 45 618 902 2370 
294 3273 45 3170 2060 
440 14593 17378 143 13757 
1269 14593 27759 143 38867 
143 143 143 143 143 143 143 143 143 143 143 143 143 143 143 143 143 143 143 143 143 143 143 143 143 143 143 143 143 
632 2 622 448 397 609 397 1529 144 2 2244 640 
125 2 38868 45 2734 470 2734 12 38868 302 38869 12 1217 472 
627 2 5182 11461 2439 1357 
5182 11461 2439 1357 23 38869 11044 12 
38869 11044 12 215 1051 12 38869 12 1217 219 45 9 505 143 1113 1405 143 36101 36102 3358 
9 10260 49 8424 504 109 28 2298 45 124 8956 70 2033 
1086 11461 21 3210 670 38870 243 341 1524 12 
28 38869 243 341 1524 4271 17 36426 1959 
4 28 38871 31 1170 408 2175 21 1425 13455 2568 17 
3199 9449 21 35052 1238 1440 45 17 111 9176 
7908 1597 1461 28 1238 368 921 670 8366 3358 12 
20 150 204 9 37441 2033 1086 1524 34 38872 
3533 
1473 21 8449 8366 17 408 11434 45 12265 28 
1473 45 17 9176 7908 1597 1461 28 1238 
1453 17 3996 368 12 
670 1959 9392 1833 9 13835 31 4342 17 1021 3261 45 
2343 1603 45 1949 17 2692 1237 12265 45 28 
1172 31 2900 1597 45 28 1453 31 4099 143 819 
1237 17793 7908 1597 45 17 37572 21 37539 
12747 4 28 3996 31 222 1237 12 
28 1524 130 9 830 4138 306 28 9327 31 1353 397 1225 
2175 45 2233 2234 574 45 1329 3 45 17 573 
1365 17 2057 12 15 1021 2 2473 35 419 85 1369 150 
2596 17 6054 28 7895 31 28 408 138 2473 35 419 
2188 17 481 572 31 5529 31 9462 1364 1536 31 1369 138 
2901 16911 
3128 2 3969 397 569 397 2012 347 881 4 1329 3 347 
1225 340 158 
1315 1010 2596 4 935 158 
3989 109 3 1170 6 347 3 125 8009 
215 1012 4 9 2298 760 219 9 833 12 
67 38869 45 11044 12 
482 21 2671 2473 255 572 28 2298 138 38869 150 204 3867 11815 9 
1372 31 38873 143 4214 1337 21 1211 9 3535 45 
1123 143 3040 45 12814 143 7267 2175 306 75 1369 12 489 1032 
7136 38874 1461 38875 31 649 45 1369 109 9 38869 143 38876 
2404 7714 4 70 2231 12814 21 19697 3192 21 274 28 
430 34 8979 769 240 143 1947 347 240 143 6165 571 12 38869 150 204 
561 3318 9 425 21 6825 9 17582 8424 2596 
17 36 28 1457 1597 21 28 8424 12 306 68 1325 45 28 
425 2298 2404 35 38877 2111 28 429 776 31 504 
49 4158 12 38869 1930 306 28 8866 17 508 243 
240 143 3602 4 28 423 45 125 8147 4561 504 13972 21 4365 
12 38878 21 4213 772 143 341 38879 12 
38869 2529 1405 143 36101 3263 1414 45 17 14728 17324 45 10898 45 
17 548 9114 12 81 13 15 17018 998 306 38880 4118 639 143 38881 21 2 
38869 11044 12 
38882 38883 2642 
38870 45 3815 38884 
51 2 36373 143 10022 143 38885 
2734 12 38868 302 38869 12 1217 
37040 302 38869 12 1217 
37012 
65 933 49 14 215 2734 38868 45 1762 31 243 341 219 23 1513 12 
143 143 143 143 143 143 143 143 143 143 143 143 143 143 143 143 143 143 143 143 143 143 143 143 143 143 143 143 
632 2 1302 448 397 639 397 1529 336 2 639 207 
125 2 1984 12351 470 38886 302 8039 12 5048 12 853 12 590 472 
627 2 3349 2439 23 176 31 2014 45 590 
7 207 11949 21 2574 255 125 28 1329 3 397 1985 
1923 1503 213 548 109 2261 2045 1440 21 4702 12 
7 2222 77 5827 28 1513 397 9792 1111 23 8113 
17 18 77 1011 21 2223 68 840 306 1891 13530 12 
1984 12351 
315 1984 12351 38886 302 8039 12 5048 12 853 12 590 
245 49 362 17 237 3947 
342 31 316 45 176 31 2014 
729 17416 17417 45 2014 4121 648 144 17418 45 3911 45 590 51 2 141 891 750 3849 17419 
1068 2 215 352 219 141 891 750 6250 17420 215 1617 17421 219 141 891 750 3849 168 
1050 2 397 397 17422 12 5048 12 853 12 590 397 
316 17 542 1036 21 28 2261 2045 
28 342 31 316 23 28 176 31 2014 
215 1050 2 397 397 1051 12 316 12 5048 12 853 12 590 219 124 8956 21 481 70 16067 4 
28 2088 31 316 17 542 561 21 28 2261 2045 12 68 
124 3587 107 445 23 6541 28 561 31 316 21 
16572 1440 251 65 23 17387 10092 1086 4 
316 12 
28 342 58 12215 9 47 2159 8868 31 1086 4 1225 
384 45 2013 1225 340 45 2114 340 45 1610 
1611 45 8964 17 237 1504 12 28 1349 2442 18 
1907 21 670 2003 13794 4 1086 17 1958 45 2574 28 
1145 31 2051 347 104 2745 1086 306 34 31 757 17 2897 
21 28 1136 31 316 12 28 1349 2442 35 12813 
35056 37572 306 1430 775 4 9325 45 1741 17 
38887 1741 45 1141 28 294 2014 10070 38888 
13977 215 1050 2 397 397 1051 12 38889 143 38888 12 5048 12 853 12 590 397 219 12 20 124 11003 34 28 
1349 2442 18 85 9 17386 3540 4 28 9119 10900 
17424 9130 23 28 176 12 
28 16067 18 77 23 28 1956 215 343 45 6559 475 143 454 45 28999 475 219 45 
347 987 1956 347 37244 215 337 45 38890 475 143 667 45 38891 475 219 4073 12 
215 17324 17426 1389 367 12 219 
840 17428 35 77 275 23 
17 561 17429 35 77 2008 125 28 17430 1617 45 
28 176 31 2014 45 1257 143 609 17431 2464 45 2014 4121 648 648 17432 45 590 
1538 632 2 1304 1038 2405 
81 4159 6311 140 38892 12 
592 463 17 3592 49 430 35 77 102 21 
151 12 37853 302 30317 12 5048 12 853 12 590 
38893 12 38894 302 5048 12 853 12 590 
143 143 143 143 143 143 143 143 143 143 143 143 143 143 143 143 143 143 143 143 143 143 143 143 143 143 143 143 
632 2 1015 448 397 248 397 1529 144 2 1304 207 
125 2 19588 36716 470 1241 12 36716 302 4685 12 13299 12 853 12 590 472 
627 2 3349 9585 23 4622 
3349 9585 
28 176 31 4622 1617 31 1225 340 58 373 
3349 9585 215 38895 143 3935 881 31 
17089 143 6608 1454 2084 219 45 21 3042 500 12 419 164 148 49 
14728 775 4 184 2088 31 1225 340 45 306 9 
3563 21 220 91 5481 1958 3526 769 2088 31 
1086 12 161 164 9 140 31 17716 3076 1086 
1536 1370 28 3274 12 143 450 1051 12 4685 12 13299 12 853 12 590 397 1086 397 1536 397 
7 187 4133 435 21 2574 775 4 28 2018 31 
8964 306 9 10248 49 362 1362 215 11262 45 3360 219 45 38896 45 
347 2231 36642 12 
215 450 28 38897 1524 449 2 1051 12 4685 12 13299 12 853 12 590 397 1086 397 1536 397 38897 397 219 
81 6821 68 109 21 2622 213 3196 77 1891 12 
488 609 1886 158 14384 246 1886 12 9990 1036 1048 
124 407 4441 4 
1050 2 397 397 1051 12 13299 12 853 12 590 397 5373 
430 109 28 1617 17 176 125 2 
1050 2 397 397 1051 12 4685 12 13299 12 853 12 590 
19588 36716 2012 38898 38899 
2084 31 1225 340 
3274 12 1225 340 273 2 1241 12 36716 302 4685 12 13299 12 853 12 590 
176 31 4622 51 2 215 38900 219 13362 
4622 45 204 12 38901 45 590 139 2 215 38900 219 38902 
143 143 143 143 143 143 143 143 143 143 143 143 143 143 143 143 143 143 143 143 143 143 143 143 143 143 143 143 
632 2 1015 448 397 248 397 1529 648 2 847 640 
125 2 38903 38904 470 16014 302 38905 12 853 12 4 472 
627 2 294 32 2 3229 2636 49 566 574 
28 235 32 124 27 2110 2 
231 3229 2636 49 566 574 231 74 38906 741 12 38907 45 38903 38904 
17 38908 741 12 38909 215 7339 12 219 125 38910 143 1179 45 3699 45 294 3273 12 
959 430 67 28 32 124 1357 23 
315 12 38903 38904 45 1272 12 151 12 45 282 12 8172 12 
2329 2084 
1329 1611 12927 
9359 1709 245 
5784 167 12 440 12 2642 
38497 5924 10419 45 9361 
240 143 628 2 16014 302 38905 12 853 12 4 
38911 302 6824 12 1217 
51 2 141 7738 143 2992 143 38912 143 38913 397 38914 
1068 2 141 7738 143 2992 143 38912 143 38915 17067 12 4723 215 2354 219 
141 7738 143 2992 143 4181 143 38916 215 5129 219 
2739 2 1050 2 397 397 1051 12 38905 12 853 12 4 397 763 16014 
11465 2 38917 
143 143 143 143 143 143 143 143 143 143 143 143 143 143 143 143 143 143 143 143 143 143 143 143 143 143 143 143 
632 2 1302 448 397 636 397 1529 448 2 610 207 
125 2 10501 38918 470 38919 302 38920 12 23451 12 853 12 77 472 
627 2 32 2474 
42 775 1891 4 1739 3 45 
28 32 231 10095 1473 21 1739 3 231 281 74 
5580 4006 17 10501 38918 124 369 1357 12 20 124 27 17 
2475 74 423 424 12 23 28 310 92 45 553 3919 21 
3359 70 6230 30 31 28 2594 27 32 231 3 
9321 231 281 74 10501 38918 17 5580 4006 12 430 109 1404 
422 124 78 1905 12 
287 17405 143 3080 143 38683 143 0 
5665 286 215 38921 12 219 
434 392 4303 
32 1334 2 
6642 2 
6358 21 10095 1473 21 1739 3 
215 2461 4006 317 9 38918 219 
11556 28 9324 368 2 28 8796 12380 
215 1193 38922 219 
38923 36667 11681 
215 440 38924 317 204 37876 219 
1168 17 6 67 2114 4619 3 49 9429 1150 
215 321 36545 1101 4048 12 219 
3 1326 31 2135 49 38925 143 4005 1739 1740 
215 747 38926 143 38927 317 1269 10310 219 
14466 4705 1162 4 9 36427 3 4656 1739 1164 
215 2461 322 150 38928 219 
31 38929 17 38930 2 70 11682 1988 49 10095 
3361 31 34200 17 542 561 
215 1219 38931 317 741 38932 219 
11002 2100 2608 38933 568 1707 1507 17 38934 
215 204 38935 317 913 282 14561 219 
887 2 9 408 49 28 1172 31 11799 17826 
215 282 36530 219 
37244 2 775 17 8119 2492 4 8964 17 1329 
3 213 164 1891 4 10095 1473 21 769 
1503 12 
10501 38918 45 5580 4006 215 7339 12 219 
3 9321 
401 31 38936 143 448 45 2361 45 590 158 
1224 174 4 1610 1611 215 6199 219 38937 45 
553 45 136 
287 827 143 38938 143 38939 143 648 
3877 286 
4231 390 45 143 
68 32 124 369 6230 407 28 553 3979 504 12 68 3530 34 
4193 13530 215 1088 45 3569 45 409 12 219 35 1379 28 
2974 649 31 28 32 407 28 1051 12 1379 125 36867 540 164 
107 4193 21 28 3979 504 124 864 21 28 6987 31 28 
218 6191 12 
28 6230 1379 31 231 3 9321 231 124 200 23 
143 143 143 143 143 143 143 143 143 143 143 143 143 143 143 143 143 143 143 143 143 143 143 143 143 143 143 143 
632 2 1302 448 397 639 397 1529 848 2 623 207 
125 2 3267 9 12 3434 470 3267 12 3434 302 1576 12 853 12 590 472 
627 2 32 1083 2 9051 17 1703 
9051 17 1703 
38940 109 769 3256 17 1145 
281 74 
3267 9 12 3434 
3274 12 31 1225 340 45 176 31 1576 45 590 
17382 1219 12 10686 
3274 12 31 1225 340 45 176 31 10642 45 10641 
2033 1506 155 
3326 1254 
290 291 292 45 346 
38941 45 287 0 143 288 143 38942 143 0 
134 2405 45 21870 286 12 
37646 14189 12 1529 397 872 8871 12 1529 397 17499 791 12 1529 
21 73 2 
6564 653 17262 1775 22057 1775 167 1775 648 1775 648 397 13685 143 38943 143 38944 
38945 143 38946 143 38947 
32 2457 2 
480 2 
41 125 28 47 5824 31 769 19897 31 1353 2101 45 
12792 8 7863 373 411 2707 31 2101 45 6214 
38948 45 540 419 369 1324 9051 17 1703 12 38948 124 369 
2946 505 4021 45 251 9051 17 1703 8 38949 9 
999 1313 31 1743 12 28 451 2191 487 16 28 
10827 2585 9051 17 1703 17 769 261 
1145 12 28 1946 124 13182 12176 45 13182 34 31 
24779 1506 45 17 91 451 35171 28 959 1382 143 1918 1946 31 1662 12 
28 32 18 8856 28 442 31 12792 45 12854 45 1662 
775 17 1225 1130 4 597 12 
239 28 1125 32 12 12 12 926 12774 3558 8694 2098 1743 28 
6548 37735 31 2101 45 74 3197 9051 17 1703 
38950 130 9 11689 279 244 49 239 1342 1506 150 12 150 
38951 1600 38952 45 176 31 1606 
6642 17 1612 2 
35354 12 6358 12 6390 412 12 648 12 2105 17 1505 
2101 2 3128 17 1148 158 321 12 9 12 3434 45 9 12 1219 12 10686 12 386 7 2 28 
5609 31 9051 17 1703 12 144 12 2095 1505 
37063 164 38953 158 2461 12 241 12 38954 12 827 12 9051 130 
13897 2671 2 9 38955 1325 4 1610 1611 158 9 12 
38956 12 644 12 9051 2 2585 2714 38957 17 3348 
1359 158 204 12 38958 12 386 415 2 28 1506 31 9051 17 1703 12 
729 12 109 2161 2585 1703 17 9051 2 9 2207 776 31 
3620 158 167 12 38959 12 448 12 109 28 1506 31 12380 1603 158 321 12 9 12 3434 12 
248 12 9051 17 1703 125 9 393 143 38960 2101 8395 158 
1241 12 38961 12 617 12 2524 2006 4 3044 38962 158 321 12 10174 12 386 
5021 2 28 1145 31 9051 17 1703 2 70 1610 
1611 8395 12 1257 12 109 28 8447 2585 2105 17 
1505 6827 158 1193 12 38963 45 1193 12 2071 12 848 12 3 45 1710 
11107 45 5 6 45 17 9051 158 151 12 38964 12 336 12 109 28 
3256 2585 2105 17 1505 20865 158 9 12 38965 12 618 12 
11559 9051 17 1703 4 1329 3 158 241 12 2461 12 11431 12 
386 17409 2 28 1145 31 9051 17 1703 2 9 1506 1507 
8395 12 636 12 9051 17 1703 2200 4 9 38966 
1988 158 747 12 38967 12 135 12 3 2105 17 16059 
1506 2950 158 741 12 38968 45 747 12 38969 12 1535 12 2186 31 9051 17 
1703 4 1506 1507 158 240 12 38970 45 1101 4048 12 609 12 2105 
4273 17 37401 158 1219 12 38971 12 343 12 568 9051 49 
1703 371 109 4242 4273 158 9 12 36258 12 9083 12 
11012 12 
143 143 143 143 143 143 143 143 143 143 143 143 143 143 143 143 143 143 143 143 143 143 143 143 143 143 143 143 
632 2 622 448 397 144 397 1529 448 2 784 207 
125 2 37961 302 3399 12 3400 143 5778 12 1095 
627 2 1513 143 2405 936 109 231 9965 143 6567 17 9966 3 231 
9965 143 6567 17 9966 3 2 9967 28 9968 
9 936 23 28 9566 236 382 
109 1329 3 215 1513 143 2405 219 
8113 176 
1038 144 45 2405 
28 839 124 369 1357 23 2 
143 143 143 143 143 143 143 143 143 143 143 143 143 143 143 143 143 143 143 143 143 143 143 143 143 143 143 143 
632 2 622 448 397 609 397 1529 617 2 847 207 
125 2 38972 38973 470 38973 302 4306 12 3400 12 4298 12 645 472 
627 2 3099 109 7970 31 1162 125 573 45 37519 150 2405 
2298 449 233 174 49 28 
7970 31 1162 125 573 568 3348 1611 1362 
21 77 2712 23 28 28 236 2147 382 109 237 1504 45 38435 45 
284 45 952 143 246 1038 2405 164 1357 23 28 16 2 
443 449 18 1449 77 2030 840 251 23 28 1125 4098 26 84 
77 4093 21 1844 38 70 605 67 28 237 17 1329 38974 1362 
34 18 77 2712 12 450 38 4 38435 193 
781 397 38975 397 1190 38973 
1050 2 397 397 1051 12 4306 12 3400 12 4298 12 645 397 763 38973 
143 143 143 143 143 143 143 143 143 143 143 143 143 143 143 143 143 143 143 143 143 143 143 143 143 143 143 143 
632 2 1015 448 397 135 397 1529 648 2 1764 640 
125 2 7 12 38976 470 7 12 38976 302 27331 12 38977 12 853 12 590 472 
627 2 3221 2405 143 387 17 38978 1531 
1324 49 832 
6286 109 3517 3947 
5392 37998 38979 45 1194 6326 45 391 45 609 143 264 1038 2405 
28 2405 6286 109 3517 3947 18 6610 427 1086 
873 195 2707 31 3517 3947 1427 10093 38980 
1525 17 1953 2406 4 28 3517 3947 2018 12 
3221 2405 124 3988 11032 74 28 5565 237 1504 7366 45 28 
3517 1507 1816 45 17 28 7656 31 4729 8187 12 
28 839 17 28 387 277 31 6286 109 3517 3947 
35 77 275 23 28 382 2298 143 2404 2 
3221 2405 45 306 2119 818 1849 45 1511 45 1139 45 9977 17 
13585 45 18 77 873 428 4 28 2019 45 1961 45 17 1036 
31 195 3517 1337 12 
3221 2405 65 9903 70 1433 936 17 9 1958 936 2 
28 2918 31 28 1958 936 124 21 1211 70 1490 49 255 21 8 
70 3044 92 21 2223 1958 3517 1708 4 9 759 1855 
31 13491 215 7 12 240 12 45 9261 10252 45 1958 21 1225 340 9306 
1238 2492 45 409 12 219 12 49 959 430 81 459 21 
1050 2 397 397 1051 12 3454 12 10196 12 1309 397 38981 397 3221 2405 397 
331 97 
3221 2405 4146 1176 
38982 38976 45 35855 45 569 45 2012 12 
1617 31 2636 
176 31 38977 
38983 45 38977 1068 2 141 891 38984 38985 
13824 144 729 21933 51 2 141 891 38984 38986 
81 1981 6286 109 3517 3947 2 
1050 2 397 397 38987 12 2137 12 22167 12 853 12 590 397 3221 2405 397 
143 143 143 143 143 143 143 143 143 143 143 143 143 143 143 143 143 143 143 143 143 143 143 143 143 143 143 143 
632 2 1302 448 397 639 397 1529 1257 2 135 640 
125 2 35887 38988 470 38988 302 851 12 14046 12 3815 472 
627 2 1219 644 12 729 35 369 5423 13243 
68 124 21 377 28 6466 31 9 38989 21 11001 1219 644 12 729 21 5423 
13243 12 28 38989 2939 538 28 1219 644 12 729 2097 839 259 34 72 28 1416 
150 143 321 150 124 78 109 28 8856 1479 45 9 12 645 13243 2939 124 7548 
4 2001 21 28 671 7876 12 
20 35 2698 1285 21 3904 2097 2103 38990 215 653 219 45 38991 
215 41 45 