Subject: 1705 2628 143 7284 1148 143 421 144 
1705 2628 143 7284 1148 143 421 144 
281 74 35742 9066 17 35745 35746 
13 1501 347 3592 49 215 17230 219 4221 21 35741 144 302 3472 12 3473 
5681 31 6642 1905 45 1446 30 23 
1705 2628 143 7284 1148 143 421 144 
824 2474 31 12325 1705 143 1846 2578 
322 1705 143 7284 2 
336 902 236 382 109 1505 1506 1507 
35758 45 1090 45 1257 143 336 247 7284 
488 639 397 623 134 7284 
322 9269 143 7284 2 827 2287 3 2234 4 1506 936 
35758 45 1090 45 617 143 1257 247 7284 
488 1254 397 623 134 7284 
322 19443 143 7284 2 
618 902 236 382 109 3101 3 2019 
8021 1774 45 391 45 646 143 1304 2955 7284 
488 848 229 7284 
322 827 2287 1085 1164 384 1821 127 
1370 1642 143 338 2 243 203 109 1610 1611 
144 143 636 1038 7284 45 2383 45 21418 10649 
824 2474 31 1705 143 1846 422 
322 294 32 2 
2461 12 35749 17 204 12 9066 45 6212 12 
3 2234 4 1506 12 
553 45 3498 45 2405 12 
1224 174 4 1610 1611 45 35759 12 
322 1705 32 1357 109 143 1479 2 
1241 12 2395 17 204 12 9066 12 
1505 1506 1507 2 1337 17 561 12 
35760 35761 45 294 3273 45 2149 12 
824 818 421 1083 
322 9 818 421 109 1505 1507 45 
281 74 1571 35762 17 3485 35763 45 124 27 130 
3326 617 45 140 144 31 28 1443 1237 1238 1181 
