Subject: 1 2 15 358 4 18042 143 2405 
42 98 45 
46 38 49 50 28 430 67 15 548 4 68 2088 12 7 8 
314 2666 15 47 530 358 231 2527 28 1369 31 762 2298 
8025 921 1182 12 231 419 18 77 10035 91 31 28 411 2267 4 28 
460 3588 31 670 1086 1524 12 419 187 77 1011 21 7227 21 
676 2568 17 3619 12505 261 2186 12 
96 97 45 
143 143 10551 12 
10551 10552 45 1454 2084 
127 31 1225 340 45 318 317 430 384 
10553 176 824 11626 204 12 11627 4592 12 824 10554 45 1248 824 11628 
3296 2 18043 397 2634 143 18044 824 51 2 18043 397 2634 143 18045 824 273 2 10552 302 851 12 10553 12 1309 
2739 2 1050 2 397 397 1051 12 851 12 10553 12 1309 397 10552 
41 143 143 143 143 143 546 626 143 143 143 143 143 
41 125 2 98 99 470 2723 2 613 302 1243 12 320 12 350 472 
41 102 2 3797 45 249 952 45 2405 1257 2 390 207 
41 21 2 10552 302 851 12 10553 12 1309 
41 627 2 15 358 4 18042 143 2405 
41 
41 
41 42 43 12 10552 45 
41 
41 7 8 2666 306 1543 15 358 2 
41 
41 1706 31 18046 8009 1834 49 2298 9656 
41 
41 38 3196 65 861 31 1543 91 1846 451 31 2854 2 
41 
41 824 913 12 99 45 1219 12 1218 45 1221 12 1220 17 1219 12 151 12 1222 45 
41 231 2527 28 1369 31 762 2298 8025 921 
41 1182 45 231 401 
41 31 28 236 382 109 1329 3 45 2405 45 
41 286 12 11734 143 11735 12 
41 
41 824 913 12 99 45 1219 12 1218 45 1221 12 1220 45 1219 12 151 12 1222 
41 17 1221 12 1223 45 231 3 1170 1182 49 1183 
41 28 1184 31 430 1206 45 231 401 31 28 
41 1085 382 4 1087 18047 215 1081 150 171 219 45 1224 174 
41 4 1225 340 45 1241 12 1227 45 286 12 1228 143 1229 45 553 143 1179 45 136 12 
41 
41 824 913 12 99 45 1219 12 1218 45 1221 12 1220 45 321 12 8008 17 
41 1219 12 151 12 1222 45 231 762 143 4073 1365 31 8009 573 109 2298 8025 45 231 
41 1517 8014 8110 109 362 1170 1171 45 2405 12 
41 
41 824 913 12 99 45 1219 12 1218 45 1221 12 1220 45 1219 12 151 12 1222 
41 17 321 12 8008 45 231 125 2298 8009 4282 21 2298 8009 3261 45 231 
41 401 31 28 5565 236 382 109 384 852 17 
41 8010 45 1221 12 415 45 286 12 7547 143 7765 45 335 12 
41 
41 824 913 12 99 45 1221 12 1220 45 1219 12 1218 17 1219 12 151 12 1222 45 
41 231 2167 3 1337 49 28 928 31 
41 1170 8004 
41 17 1182 45 231 401 31 28 236 
41 382 109 1170 
41 1923 215 4375 150 1082 219 45 8005 1837 17 234 45 1241 12 8006 45 286 12 3224 143 811 45 
41 553 143 1179 45 335 12 
41 
41 38 35 6456 443 451 125 132 2298 455 2 
41 1050 2 397 397 1051 12 1243 12 320 12 350 397 763 613 
41 
41 419 187 94 184 840 676 31 2568 17 
41 261 2186 12 
41 
41 96 97 45 
41 
41 98 99 
41 