Subject: 4231 2 1424 2690 4077 21 11437 143 1193 
42 195 143 143 
7 274 4077 9 1424 2690 21 28 11437 143 1193 10425 12 
274 521 21 1553 28 35114 74 12667 347 74 632 143 143 
347 
17 38 18 450 9 3979 21 28 1424 455 12 
1457 369 45 20 445 2258 38 208 432 31 1508 45 489 
1032 35115 1461 37 45 251 7 432 20 964 259 34 38 
90 36 438 1508 17 34 3196 77 583 49 
9 502 3042 12 3799 4783 49 959 538 12 
925 38 435 20 193 
130 3559 45 72 38 87 21 9253 45 347 164 985 109 
7798 45 274 13 28 626 2 
9253 11437 143 1193 
21 28 16 2 
11437 143 1193 143 3214 302 11438 143 10124 12 1217 
17 20 18 77 506 49 38 12 
72 38 8 2896 45 274 13 14 9 817 21 34 
6832 17 7 18 85 2940 31 20 12 
21 1 143 4196 45 274 2671 15 626 21 2 
4196 11437 143 1193 
347 3191 521 21 670 3981 17 572 28 486 161 12 
192 193 
34932 
34932 34933 
13973 
11438 384 45 11044 12 
34934 34935 34936 9818 
2675 45 2676 31628 
1050 2 397 397 1051 12 11438 143 384 12 1217 397 
34937 302 11438 143 384 12 1217 