Subject: 
19322 21 3084 18800 4 6582 130 9 1041 
31 19323 45 31 6166 158 20 124 9 10941 19324 31 373 
19325 19326 4 28 1962 12447 31 2165 964 12 
17 3312 19327 19328 14578 1320 31 37 12 
559 68 363 45 19329 17 19330 45 28 19331 12691 
2952 2051 347 104 2745 2596 158 104 19332 
12512 45 19333 497 2098 9 13083 19334 45 2158 
28 19335 34 55 19336 306 104 2048 45 251 68 
124 19337 12 28 19338 6580 124 2858 208 34 58 7781 
70 2596 23 28 310 3315 31 92 19339 158 
17 28 9987 21 77 4241 28 19340 6580 124 23 429 107 137 21 28 
605 31 19341 20 45 251 2858 21 82 28 373 1496 
7843 7997 45 435 19342 4 218 19343 12 
195 68 229 19344 28 429 933 45 18797 347 4244 158 19345 19346 
12271 347 19347 158 19345 28 429 19348 540 3451 28 
6634 776 143 49 125 487 6582 19349 921 18446 45 
19350 17 182 21 19351 12 
19352 19353 
28 19354 19355 12 