Subject: 1 2 470 9792 472 16978 238 3099 
4425 45 3060 45 
28 3099 839 7 4784 1844 2492 3341 31 
28 235 2 
648 12 39252 143 1313 215 39253 45 393 143 851 347 393 143 39254 219 2 
2495 
9746 17 10366 150 204 1517 143 1514 3099 
3344 
39255 150 204 231 1710 1504 308 39256 231 45 1662 3834 7306 
39257 150 204 231 4 11443 31 11107 231 45 2133 39258 
7304 150 204 231 2101 1389 4693 231 45 1840 367 31 851 9983 215 138 219 
2144 2298 8025 
11436 2228 176 2506 1239 150 204 1710 1484 1366 1524 
1050 2 397 397 1536 12 7618 12 1217 397 1524 397 2506 143 1366 
1237 1366 
39259 215 502 198 21 3042 1413 499 13108 1366 219 
1050 2 397 397 1051 12 39259 12 1217 
39260 215 39261 45 4128 39262 219 
1050 2 397 397 1051 12 39260 12 1217 
144 12 1452 215 39253 17 39263 219 2 
2495 
33425 150 204 3099 
9792 195 143 517 203 109 12348 215 584 39 219 
3344 
39264 215 1630 12 648 143 144 597 158 827 45 448 45 248 72 1960 109 2006 219 
7304 215 1630 12 648 143 144 597 45 644 72 1960 109 2006 158 1257 302 411 12348 219 
39265 3099 4 44 150 204 32 
14081 17 39266 150 204 39267 358 215 8935 4607 302 2006 219 
470 35789 150 204 32 187 521 487 45 251 7 824 1449 824 5419 150 440 205 
159 21 36 9 39 12 12 12 472 
2144 2298 8025 
28028 150 204 13108 2144 455 
10281 150 204 13108 9083 
37781 150 204 13108 2144 455 
1237 1366 
33425 150 204 13108 2187 215 37089 219 
39268 215 1200 12 6049 28570 219 
1050 2 397 397 1051 144 12 31707 12 9372 12 1309 397 763 39268 397 
16978 6230 215 21338 45 39269 3874 12 219 
1050 2 397 397 1051 12 39269 12 1217 397 6215 397 16416 397 16416 12 1056 
827 12 243 215 39263 4 1662 397 3 397 2506 1837 219 2 
2495 
9783 17 9069 150 204 1517 143 171 3099 
215 72 1960 109 3 219 
10141 150 204 3099 
3344 
39270 45 39271 45 17 39272 
39265 1101 4048 
10122 150 204 3099 215 130 9 597 2144 219 
10141 150 204 53 143 10267 143 3876 143 1970 215 130 38 3804 1905 158 445 49 3 219 
1237 1366 
39273 215 39274 150 204 1524 219 
1050 2 397 397 1051 12 851 12 2497 12 1309 397 763 39273 397 3314 397 
644 12 12155 
2495 215 2506 1543 219 
470 2423 23 1517 45 2133 45 347 9792 109 1845 31 1543 302 
3 397 2006 397 1475 2019 397 1342 143 92 561 472 
470 4784 91 19372 143 31 143 28 143 76 109 22466 302 11464 143 10307 472 
3344 215 39275 143 39276 2098 2506 397 4231 45 2629 219 
37598 136 215 567 2525 1148 45 39277 1362 219 
13935 250 215 39277 1362 219 
39125 17 36493 136 215 2933 2006 219 
39278 17 39279 215 19 4607 397 35669 37070 219 
9783 17 39280 215 4218 1359 397 6523 31 22466 219 
10141 150 204 53 143 10267 143 3876 143 1970 215 130 38 3804 1905 158 445 49 3 219 
39281 17 5396 39282 2149 215 36387 8213 219 
39283 17 39284 9983 215 5859 4607 143 31707 397 2051 219 
470 411 1139 4 44 150 204 32 472 
925 68 2971 45 
580 
143 143 143 143 143 546 626 143 143 143 143 143 
125 2 231 10206 39285 231 
21 2 
102 2 3079 45 1886 637 45 7284 729 2 1795 640 
627 2 470 9792 472 16978 238 3099 
41 42 3251 45 
41 
41 7 207 3373 1122 9 3344 110 49 9 570 9468 1086 
41 18 1987 45 4 386 45 306 1710 238 12 
41 
41 7 187 435 21 77 159 21 1833 9 1893 397 9597 143 2861 3099 
41 34 187 4268 28 456 1920 31 1710 238 12 534 45 
41 23 68 776 45 7 62 861 184 5036 34 187 3577 68 1896 12 
41 115 1414 7 207 3524 31 164 1553 39286 7304 150 204 32 347 
41 648 143 144 455 231 3128 231 4644 31 2119 451 12 28 445 411 
41 71 124 10141 150 204 231 3 306 16978 238 231 3099 45 540 
41 926 107 1029 21 77 13679 45 86 419 164 107 1891 4 
41 3 16978 238 12 
41 
41 7 207 3209 72 38 150 151 77 159 21 776 14 23 541 4 2585 12 
41 
41 46 38 4 269 12 
41 
41 143 143 143 
41 143 143 143 143 143 143 143 143 143 143 143 143 143 143 143 143 143 143 143 143 143 143 143 143 143 143 143 143 143 143 143 143 641 143 143 143 143 143 143 143 143 143 143 143 143 143 143 143 143 143 143 143 143 143 143 143 143 143 143 143 143 143 143 143 143 143 143 
41 10206 39285 215 39287 219 31075 39064 215 139 219 
41 1454 2084 215 39287 219 39288 39289 215 51 219 
41 1617 31 1225 340 176 31 28797 
41 39285 302 851 12 26554 12 1309 1050 2 397 397 1051 12 851 12 26554 12 1309 397 763 39285 
41 143 143 143 143 143 143 143 143 143 143 143 143 143 143 143 143 143 143 143 143 143 143 143 143 143 143 143 143 143 143 143 143 641 143 143 143 143 143 143 143 143 143 143 143 143 143 143 143 143 143 143 143 143 143 143 143 143 143 143 143 143 143 143 143 143 143 143 
653 653 653 653 653 653 653 653 653 653 653 653 653 653 653 653 653 653 653 653 653 653 653 653 653 653 653 653 653 653 653 653 653 653 653 653 653 653 653 653 653 653 653 653 653 653 653 653 653 653 653 653 653 653 11456 747 12 11457 45 1272 12 151 12 
1454 2084 31 10307 45 11436 2228 176 
1086 11461 45 1443 3 1524 45 11462 
11463 302 10307 12 11464 12 1309 45 11463 302 11462 12 4598 12 1309 
1050 2 397 397 1051 12 10307 12 11464 12 1309 397 763 11463 11465 2 11466 
