Subject: 2164 13208 15 9591 52801 4 1894 193 
53146 9591 52801 369 193 193 193 
64975 9591 52801 369 193 193 193 67 434 53666 53666 1232 53666 53666 670 
5610 53666 53666 1232 53666 53666 2076 
231 11039 53478 5299 231 
134 144 380 45 7284 53666 514 2385 
9835 53666 11039 1173 20885 49 2248 3471 677 7207 193 193 193 
10525 36253 60570 4656 3874 12 65737 150 204 37020 143 1355 50096 31 392 7343 21016 
4 2405 
65738 6237 8 959 1032 35813 52744 
65739 3874 12 50185 2384 306 392 248 9881 12831 12 28 20900 150 204 8866 2233 
3360 17 20638 65740 9 142 3471 7207 765 2405 
130 38 2666 68 15 2168 4222 164 65741 1009 21023 17 1166 
18 77 10456 74 68 11039 53478 1141 38 193 
419 35 95 
670 941 21 2666 3586 20495 953 17 11066 2473 21 8163 328 193 53666 2188 4 982 
1032 639 1614 2473 21 3832 53666 53666 15 3314 65742 4 28 7986 8013 524 45 17 
53666 568 28 310 65743 45 65744 1616 28 4365 1821 524 12 765 454 4572 45 
8202 359 64 6842 21 95 38 8163 
2188 2473 21 1425 15 4365 11054 875 12512 74 23 1557 639 3471 21 390 3471 347 959 
5820 76 193 53666 7971 38 4602 150 440 83 34 6214 15 53803 17 65745 1856 
49 15 3314 45 15 4365 11054 124 28 431 508 5488 2168 64 4 28 
4180 3314 12 53666 419 35 2482 38 2473 21 481 9 224 31 47 4572 538 
308 2927 65746 17 51336 56514 17 125 34 776 109 4430 8 21 
220 212 3203 17 38 445 8163 125 111 109 193 193 193 
8 38 1355 4767 34 13671 38 3042 9 38282 4 15 65747 34 
5865 3923 28 65748 65749 4 12 12 953 138 53666 419 18 2176 306 38 45 17 
65 12511 38 2473 21 47 2858 7954 10602 28 11315 65750 5486 985 
964 15 21030 23 9533 28 3326 31 9936 5486 4 15 3314 5820 4087 12 12 12 
419 35 12511 38 17 2482 38 72 15 930 124 8370 9936 5486 4 15 54864 12 
419 439 150 440 2892 4 57194 8694 49 36210 14210 12 12 47 1377 17 
28 4180 160 124 3312 583 1440 8035 964 306 769 2168 52801 
82 12512 3594 35775 416 49 959 35477 12 53666 419 35 2482 38 17 12511 
38 2473 21 1844 1897 10 14210 125 28 7986 17 18592 23 67 
1862 3471 982 64 12 12 583 56 12 53666 
419 18 13 38 195 28 430 21 95 1425 15 3314 2168 49492 
74 964 21 390 3471 12 12 12 53666 
7954 528 1853 765 74 28 2168 3570 12 12 26 439 150 440 482 38 21 8163 12 
3042 36383 109 15 2168 52801 328 193 193 193 
4578 17 4632 378 
16319 6230 73 
347 13 392 1257 12 1512 4322 45 5634 347 483 65751 392 827 12 1529 190 17 65752 2 64975 
65753 322 323 65754 11033 185 45 17304 12 65755 143 65756 
6187 21 38 74 2 
28 65757 2628 
231 3933 38 819 35784 34 2867 9 21598 19537 231 
72 38 359 3806 467 21 128 28 294 21027 2628 45 
81 149 306 231 9253 7 12 1170 302 5048 12 853 12 590 231 4 28 627 12 
21 4196 212 16 45 
81 149 306 231 4196 15 302 16 231 4 28 627 12 