Subject: 1307 143 110 9660 1819 
1307 143 110 9660 1819 
1142 2891 4 68 421 1833 2 
648 219 2629 4 3085 
74 35649 35650 
144 219 431 1314 2 125 1164 2019 21 1164 3996 215 35651 150 171 
74 8978 302 1662 12 3439 12 853 12 23 215 8978 35652 219 
827 219 1314 644 12 35653 12 35654 
74 35655 35656 
632 2 4106 45 1254 607 1108 608 2 843 2 135 141 1017 
125 2 35649 35650 
21 2 1123 3239 31 110 45 
627 2 2629 4 3085 
626 143 619 2 
9 32 109 237 1504 4 3085 
237 1504 49 2540 17 4561 1923 
9 12 35657 45 204 12 35658 45 321 12 35650 45 250 45 35659 45 2643 45 286 12 35660 
287 648 143 35661 143 3224 143 617 
6642 2 
1919 
386 7 12 237 1504 45 1707 1708 17 2540 6 2 70 
1919 
2898 648 1610 237 1504 17 1707 1708 
3123 31 28 2898 
648 12 648 1610 237 1504 
648 12 648 12 648 1919 
648 12 648 12 144 28 2899 31 13262 143 19 1504 
648 12 144 3 4 1610 237 1504 
648 12 144 12 648 1119 10859 31 3 
648 12 144 12 144 28 182 143 33673 1400 
648 12 144 12 827 597 2600 109 182 143 33673 
648 12 144 12 644 70 3521 31 182 143 33673 
648 12 827 1707 1708 
648 12 827 12 648 1919 
648 12 827 12 144 515 124 9 1707 1400 138 
648 12 827 12 827 28 773 1707 1400 
648 12 827 12 644 597 2600 
648 12 827 12 729 70 3521 31 1707 1400 
648 12 827 12 448 1707 1708 49 2629 3 
648 12 644 411 3 10811 
648 12 644 12 648 8807 384 
648 12 644 12 144 9054 3 
2898 144 2540 6 17 1475 143 1476 
3123 31 28 2898 
144 12 648 91 1277 9903 31 35662 2540 6 
144 12 648 12 648 1919 
144 12 648 12 144 9 12984 35662 1325 
144 12 648 12 827 28 35663 6475 
144 12 648 12 644 28 597 35664 31 70 2540 408 
144 12 144 4693 17 8953 13418 
144 12 144 12 648 28 1325 1389 4693 
144 12 144 12 144 8953 13418 
144 12 144 12 827 9326 1162 
144 12 144 12 644 1709 3 17 4275 21 8953 13418 
144 12 827 3 
144 12 827 12 648 3 17 3348 2584 
144 12 827 12 144 9000 
144 12 827 12 827 35665 17 2175 
144 12 644 1165 130 2100 384 
144 12 644 12 648 2100 384 
144 12 644 12 144 6 31 3 
144 12 644 12 827 28 244 31 2100 384 
144 12 644 12 644 1610 237 1504 17 3085 
386 415 12 1168 306 1610 2232 
2898 827 237 1504 17 3085 
3123 31 28 2898 
827 12 648 70 1610 237 1484 1946 21 2540 1923 
827 12 648 12 648 35666 17 35667 4 3085 
827 12 648 12 144 35328 17 35668 
827 12 648 12 827 411 1473 2 2090 384 17 8807 384 
827 12 648 12 644 3 306 35669 35670 
827 12 648 12 729 17793 35669 35670 306 237 1504 
827 12 144 28 1136 31 3348 10811 306 2629 
827 12 144 12 648 2629 130 3348 10811 2 769 10526 130 2101 384 
827 12 144 12 144 237 2090 384 
827 12 144 12 827 2692 2540 17 4561 6 306 2629 
827 12 827 1743 11799 
827 12 827 12 648 10526 31 1994 35358 
827 12 827 12 144 3511 3261 
827 12 827 12 827 35671 2585 35672 17 3580 
827 12 827 12 644 19695 11452 17 9691 1504 
827 12 827 12 729 14219 35673 2097 
827 12 827 12 448 12846 35210 11799 
827 12 644 28 11799 31 2629 143 371 2540 6 
827 12 644 12 648 208 143 1164 6 
827 12 644 12 144 208 143 10862 17 1711 143 10862 6 
2898 644 28 4321 9465 1381 
3123 31 28 2898 
644 12 648 28 4321 9465 1381 
644 12 648 12 648 9129 6 308 9 13992 2097 
644 12 648 12 144 28 4321 9465 12140 
644 12 648 12 827 4321 35055 45 1373 3590 17 1373 2403 
644 12 144 1168 306 4321 35055 
644 12 144 12 648 4572 1827 1168 
644 12 144 12 648 12 648 2232 35674 49 5114 
644 12 144 12 648 12 144 3 21 3529 1440 74 34200 
644 12 144 12 144 2540 14037 4 208 1164 6 
644 12 144 12 144 12 648 35675 21 80 538 
644 12 144 12 144 12 144 2232 4 9 3263 3264 
644 12 144 12 827 28 597 1988 31 28 3263 3264 1325 
644 12 144 12 644 1373 3590 4 208 1164 6 
644 12 144 12 729 18085 4321 9465 2232 
644 12 144 12 448 1373 2403 4 2232 150 2175 
386 5021 12 6 31 1610 12222 
2898 729 208 143 1164 6 
3123 31 28 2898 
729 12 648 28 2107 31 208 143 1164 6 
729 12 648 12 648 208 143 1164 6 
729 12 648 12 144 7558 3 
729 12 144 3201 1440 
729 12 827 1475 1440 
729 12 827 12 648 125 35676 21 2431 306 1373 2097 
729 12 827 12 144 125 35676 21 2431 306 15711 2097 
729 12 827 12 827 35677 31 70 2135 
729 12 644 1712 1172 
729 12 644 12 648 2540 3561 49 1712 1172 
729 12 644 12 144 1172 3561 17 3 
729 12 729 9 1325 31 35678 143 371 3 35679 
729 12 729 12 648 28 35679 150 204 1484 
729 12 729 12 144 3 
729 12 729 12 827 28 9114 
729 12 729 12 644 28 1021 31 1994 35358 
729 12 729 12 729 28 1707 1400 
729 12 729 12 448 28 7893 368 
729 12 729 12 248 1508 
729 12 448 10526 31 1475 2097 
729 12 448 12 648 1440 31 10526 
729 12 448 12 144 2100 11799 17 2540 11799 
2898 448 208 143 10862 6 
3123 31 28 2898 
448 12 648 208 143 10862 6 
448 12 648 12 648 208 143 10862 6 2 456 2107 
448 12 648 12 144 3085 17 35665 
448 12 648 12 827 125 208 143 1164 21 208 143 10862 6 
448 12 144 9 4561 3264 1325 306 3348 35668 
448 12 144 12 648 35665 17 35680 
448 12 144 12 144 28 11799 31 28 2232 
448 12 144 12 827 28 35681 
448 12 144 12 644 237 1504 49 1610 2232 
448 12 144 12 729 3 4 1610 2232 
448 12 144 12 448 28 8215 31 28 408 
448 12 144 12 248 1508 
448 12 827 9 4561 3264 1325 306 12245 35668 
448 12 827 12 648 10859 31 28 1325 
448 12 827 12 144 28 11799 31 28 2232 
448 12 827 12 827 9 237 1484 1163 31 70 1164 
448 12 827 12 644 28 35681 
448 12 827 12 729 3 4 1610 2232 
448 12 827 12 448 1508 
2898 248 1711 143 10862 6 
3123 31 28 2898 
248 12 648 1711 143 10862 6 
248 12 648 12 648 1711 143 10862 6 2 456 2107 
248 12 648 12 144 4561 12222 130 9 373 143 10862 1325 
248 12 648 12 827 1711 143 10862 6 17 6 31 35682 20688 
248 12 144 9 1325 31 3263 3264 306 34200 
248 12 144 12 648 1334 31 28 1325 
248 12 144 12 144 28 218 4786 31 2232 
248 12 144 12 827 3 4 1610 2232 
248 12 144 12 644 33618 31 8205 2099 
248 12 144 12 729 1508 
248 12 827 774 143 33618 31 2099 4 70 109 143 6613 3263 3264 
248 12 827 12 648 1334 31 28 1325 
248 12 827 12 144 16572 35683 17 35668 
248 12 827 12 827 35684 45 17834 17 3264 2097 
248 12 827 12 644 1508 
248 12 644 9 1325 31 6128 408 
248 12 644 12 648 1334 31 28 1325 
248 12 644 12 144 13972 17 1025 
248 12 644 12 827 28 3 31 28 1025 
248 12 644 12 644 1508 
1943 
2076 
143 143 143 143 143 143 143 143 143 143 143 143 143 143 143 143 143 143 143 143 143 143 143 143 143 143 143 143 143 143 
632 2 332 45 639 607 1108 264 2 1799 2 1970 141 339 
125 2 8978 302 1662 12 3439 12 853 12 23 215 8978 35652 219 
21 2 1307 143 110 302 851 12 1308 12 1309 
635 2 14768 4363 
627 2 431 1314 2 125 1164 2019 21 1164 3996 215 35651 150 171 
626 143 619 2 
431 
1324 49 451 
125 1164 2019 21 1164 3996 
9 8110 23 28 
135 902 1085 1841 109 8010 17 384 1086 
215 35651 150 171 219 
134 135 143 343 45 136 45 14229 45 10485 
1550 488 2 2955 617 45 1108 
1164 143 371 341 58 869 9 3260 35685 125 10407 35686 
1511 109 1142 222 130 239 239 35687 150 150 17 239 239 35688 150 150 21 
35228 17169 12 4 28 203 31 68 1136 45 20 58 65 
205 11078 28 28830 31 3568 9449 17 1143 
215 240 12 913 12 45 28 19413 125 239 239 7990 35670 150 150 21 239 239 35669 35689 150 150 
347 28 1919 31 9 239 239 1801 1313 150 150 414 28 239 239 1162 
1313 150 150 219 130 505 130 35690 28 35691 31 10095 
14399 31 2568 306 130 8896 1503 130 3085 45 1740 2019 45 
3517 9325 17 35692 45 347 5608 17 35693 45 564 
109 239 239 35694 150 150 2210 31 11879 4 3558 35590 12 
28 1119 1120 31 68 8110 124 21 11615 28 676 31 2568 
17 2596 1364 775 1960 109 2013 17 3549 
1148 31 1164 341 45 873 1404 28 35695 17 7262 2210 
31 1164 1453 12 
1142 31 1543 1833 2 
322 1164 1924 17 1144 
322 561 
322 1826 
322 2714 17 2013 3254 
322 1136 17 1238 2106 
322 3 17 35696 
322 8985 45 10820 45 17 10108 1148 
322 1371 9642 12 1711 143 1164 384 
322 1801 1148 4 1164 2421 
322 35697 17 9592 
322 1170 5322 1148 
2340 1915 2 
1550 488 2 2955 617 45 1108 
1555 31 473 397 9090 2 511 264 45 1108 
838 451 137 2 3391 454 45 136 
1550 277 2 
49 277 31 2473 21 1878 28 498 838 358 45 450 28 
6150 49 28 1119 35651 382 27 109 28 35651 2298 
2659 215 219 12 498 838 451 
84 107 9144 848 1371 143 2273 9 644 449 45 838 451 1906 107 
9144 448 449 215 848 776 45 373 1008 219 12 
378 451 2 
412 31 378 451 18 77 2601 74 511 264 45 1108 158 
28 110 18 65 77 27 109 28 35651 2298 2404 12 121 28 
363 45 9 431 9732 31 959 6476 4307 124 3041 540 
124 21 10055 21 28 418 31 3044 6843 31 1180 
1501 4 70 281 6185 12 
8110 7711 2 
14768 321 12 4363 45 590 45 
8978 35652 45 10485 45 215 1430 774 143 1176 219 
1116 756 2 
215 130 11976 31 607 12 639 45 1108 219 
8433 35698 
7211 35699 
35700 35701 
11213 35702 
10547 35703 
100 3978 
35704 35705 
35706 35707 
3451 151 150 35708 
100 1980 
5580 143 35709 1630 12 35710 
14768 321 12 4363 
14742 4363 
10331 35711 
8978 35652 
35712 35713 
1607 9077 
840 430 2 
49 184 840 430 109 68 8110 81 66 28 
1430 774 143 1176 2 
8978 35652 
1609 1086 1240 12 49 1610 1611 
10482 827 
9 143 10483 14229 
10485 45 1133 
273 2 8978 302 1662 12 3439 12 853 12 23 
51 2 141 610 648 35714 143 5816 
143 143 
8978 35652 141 610 143 648 143 35714 143 618 215 1068 219 
1609 1086 1240 12 49 1610 1611 141 610 143 648 143 35714 143 5816 215 51 219 
10482 827 45 9 143 10483 14229 45 10485 45 1133 8978 302 1662 12 3439 12 853 12 23 
143 143 143 143 143 143 143 143 143 143 143 143 143 143 143 143 143 143 143 143 143 143 143 143 143 143 143 143 143 143 
632 2 1015 45 333 607 1108 135 2 390 2 639 141 4122 
125 2 35655 35656 
21 2 8324 1775 240 45 3200 143 240 143 110 
627 2 1314 644 12 35653 12 35654 
626 143 619 2 
68 1324 112 102 21 1315 1316 12 419 6060 84 38 
128 20 1123 225 12 
143 143 143 143 143 143 143 143 143 143 143 143 143 143 143 143 143 143 143 143 143 143 143 143 143 143 143 143 143 143 143 143 143 
1324 49 451 
653 653 653 653 653 653 653 653 653 653 653 653 653 653 653 653 653 644 12 8110 35654 
231 35654 4 4099 17 1979 1153 231 
237 238 45 2089 432 2019 45 3517 1708 
176 31 35715 45 606 12 618 12 1551 136 215 848 207 143 448 640 219 
1823 2 
28 1823 31 68 1010 8110 164 35654 561 4 
4099 17 1979 1153 12 35654 130 9 1333 6196 
3552 28 13495 12463 1527 31 1610 237 1504 45 
2089 432 2019 45 17 3517 1708 12 
1427 35654 124 3868 528 2033 4 28 1333 8441 45 
419 2892 34 28 990 2483 31 35654 49 28 1153 
4342 58 107 779 205 2981 12063 4 1347 12 
28 35715 8110 112 3568 21 2443 130 9 3979 2585 
340 17 1961 45 35716 109 9667 561 17 
83 143 2473 655 12 261 1142 31 1501 1833 
251 164 107 864 21 2 
824 4099 2576 
824 356 35717 17 8965 
824 35623 1440 
824 11964 1740 
824 1329 4337 
824 573 1365 
824 11024 2576 
824 408 10439 
824 1479 9001 
824 368 1740 17 8212 
824 8373 1153 
1800 2 
28 8110 124 1541 1036 143 35718 12 20 124 1847 74 
389 31 28 45 35719 109 35654 4 1166 231 45 3988 306 
28 14154 31 341 655 31 28 176 31 35715 12 20 
12860 198 23 28 176 31 35715 45 2689 1811 
2692 12 195 754 272 8131 293 47 678 
12090 125 1130 17 35720 12 
2618 2 
618 12 956 12 136 488 49 3044 2080 1550 
215 3815 12 144 449 45 240 143 628 1550 673 219 
264 12 956 12 136 1555 31 473 
609 12 1303 12 136 1556 1027 1446 451 137 
246 12 1303 12 136 387 488 17 945 632 21 63 382 578 
618 12 3048 136 8110 
382 578 2 
28 382 578 124 4231 1876 45 143 2878 3066 3660 4231 438 45 143 49 411 
196 45 17 3552 28 401 45 1533 17 4492 4493 12 
81 63 21 670 61 359 12 35721 22518 23 13784 21974 215 2444 400 1285 
5665 2862 1529 219 12 61 16843 124 28 45 35722 5399 1618 143 21902 231 12 81 
5855 231 644 12 8110 35654 231 306 15 680 12 419 3357 3914 
89 45 251 3835 62 3357 1058 12143 12 
401 2 
9 401 3326 18 77 2475 23 28 382 12 4 
1196 15 2975 45 81 6482 443 1519 2584 2 
2871 2088 343 641 952 9554 45 618 3424 225 6258 347 999 6298 45 1371 
1479 10105 45 359 455 6303 45 2734 12 609 449 45 361 4 1254 3424 35723 
6301 17 6194 12 1905 81 2228 412 2587 17 9084 
215 6194 219 12 81 1833 1893 2080 17 1388 4778 12 1501 
4 2444 347 1103 12 
81 13 373 1322 31 15 2975 4 35724 486 130 505 
130 28 35725 2939 109 19855 21 28 16 9694 1905 12 23 1557 208 
31 28 412 31 70 378 358 124 1403 21 436 4 28 
8110 17 1125 28 358 12 2495 84 107 9144 638 1614 
215 1141 848 1614 49 2411 219 12 
8110 1051 143 455 2 
66 2 
81 13 764 21 2 
644 12 8110 35654 
2873 12 143 4306 12 1004 35726 
4667 35715 
29391 12 7 
35727 3437 35728 35729 729 
151 143 35730 35715 
1331 
387 16 2 
2873 12 143 26388 12 2873 12 143 4718 12 8420 35731 
5399 35732 143 35733 
35734 143 35735 
35736 4671 12 2248 397 1809 
35737 35733 
1331 
240 143 628 2 151 12 35731 302 35738 12 5399 143 35733 12 1095 
49 463 407 240 143 628 81 459 21 2 
35739 302 35740 12 1095 
215 315 12 35655 35656 219 
143 143 143 143 143 143 143 143 143 143 143 143 143 143 143 143 143 143 143 143 143 143 143 143 143 143 143 143 143 143 
75 31 1307 143 110 9660 1819 
824 824 824 824 824 824 824 824 824 824 824 824 824 824 824 824 824 824 824 824 824 824 824 824 824 824 824 824 