Subject: 1642 1082 387 
42 2847 12 98 99 45 
7 8 102 74 51 28 387 486 17 9 39 31 9 400 655 109 
3079 17 9 626 21 1642 1082 302 1243 12 320 12 350 
7 8 102 5739 872 21 28 61 31 2908 2909 245 31 
1884 45 306 277 78 4 28 387 486 12 
187 38 77 259 331 21 1983 14 34 38 8 221 28 51 17 28 
655 12 72 28 2923 4 80 18 77 45 7 18 5740 20 179 7 
18 947 12 
116 45 5524 
315 12 5524 5741 
3274 12 31 3549 316 
5742 176 31 341 
5743 390 143 5744 45 5742 45 
4764 143 5745 45 5546 
1068 2 4750 248 5746 
51 2 4750 248 5747 
240 143 628 2 5748 302 72 12 5749 12 4764 
41 41 
41 
41 
41 