Subject: 298 2393 483 193 4430 62498 13388 193 
20 150 204 6548 193 298 2393 483 125 392 2862 21 392 390 45 1857 17 
959 124 1357 21 38 49 1166 3042 964 45 2157 45 928 45 
7748 45 17371 45 49911 45 2359 17 959 12 298 483 124 
1357 49 2901 571 45 3999 52801 45 10252 45 19605 52824 
17 508 2340 68 483 124 298 12 20 4430 58 21 77 66715 45 
66716 193 
8016 45 6363 45 4061 45 60431 45 66717 45 2492 164 3027 21 68 
298 483 12 359 63041 45 359 774 143 64994 45 359 10820 823 45 
359 52826 45 359 1058 4322 45 359 63 182 12 68 1209 6822 3254 
17 28 66718 18 1844 497 765 646 21016 7804 12 49 15 298 
430 575 45 13 392 827 2977 17 2513 21 2 66719 3274 12 
14209 430 2445 45 66720 8396 13520 12 4592 12 45 14847 12 13685 45 10009 
5913 45 673 66721 12 81 1833 15 105 45 16 45 2393 2918 317 441 12 
321 12 204 12 47 2340 193 81 1833 15 2393 2918 317 441 45 
259 419 35 9206 15 4561 571 317 2584 306 28 508 1411 
6822 3254 4 670 839 12 
68 626 47602 306 28 1620 6538 11033 2584 
34 1404 39854 17 53443 28 50 31 8801 399 
273 130 505 130 28 8021 2228 399 273 580 34 65 
39854 17 53443 28 50 31 8801 399 273 12 
48875 143 419 2892 4 9 298 1971 12 7463 150 440 38 138 
36 15 298 1971 1379 17 273 23 