Subject: 707 3071 20315 718 20316 
12052 20317 2 2473 67 28 3256 31 28 674 20318 21 2051 2259 
12249 8868 138 38 1319 56 161 124 359 5492 268 4 268 12 
515 106 38 2173 74 34 1318 138 
98 20319 2 7 8894 268 124 9 12922 368 12 4 1103 28 
9525 231 5492 268 231 3552 28 12147 31 6389 45 10675 49 
434 268 7653 109 8012 45 49 10 347 49 4550 158 20 124 4 2261 45 58 107 
20320 779 12 34 124 9 2177 12 208 35 481 28 310 12675 179 208 
9446 28 12508 31 5492 674 12 15 11904 4 8873 347 4 
6372 347 4 1090 229 77 477 1457 4 12698 28 20321 
12508 2 49 37 674 124 9 20322 2234 158 251 49 434 20 124 212 
960 12 28 2177 124 45 38 3088 34 5492 674 58 20323 542 
4278 23 9 3039 776 45 17 68 7924 38 21 20324 20 143 306 132 
16462 143 4 70 9679 185 12 
12052 20317 2 111 38 3091 450 28 674 8868 4 2234 45 130 
505 130 4 411 3385 45 130 9 12922 368 12 34 124 107 28 1993 31 
91 4281 17 19595 11904 4 68 2476 143 17 7 45 13345 1864 12 
98 20319 2 38 83 953 34 6520 138 86 28 627 45 28 5610 
31 268 124 259 762 34 1320 20325 7728 7802 21 9 3039 1909 
347 888 45 17 7289 5777 3526 31 20 12 49 3521 45 19617 2170 
34 9 9911 1010 31 2261 199 9 20326 12 2473 35 9 255 77 4 20326 
49 9 9911 1010 138 121 195 45 2585 28 20327 20328 17 28 7550 31 
20329 2973 13963 1010 20330 143 347 541 435 34 143 17 111 
12076 161 199 9 9911 1010 31 20326 12 
28 1089 367 992 20331 23 548 12 644 902 155 27 4 20332 
422 7617 294 3273 45 294 3273 1200 12 204 12 9 12 