Subject: 36 15 52801 1389 1740 306 16849 580 4013 171 397 1082 
933 49 9 990 839 21 36 15 52801 1389 1740 12 
111 933 359 65675 45 20 124 487 17 20 150 204 52 16849 580 4013 171 12 
6456 12 1217 2258 20 508 550 17 8147 36204 12 
367 125 35991 215 729 499 31 729 13709 219 
16849 580 4013 171 124 9 2901 143 857 1153 408 12 
20 7924 38 21 2164 6608 15 52801 45 4188 45 1058 12143 45 4089 
49470 45 48672 45 17 9722 109 9 16849 6280 12 432 15 2745 1536 
21 3979 52801 45 111 2415 15 4188 12 28 3324 5322 
2529 3339 31 2168 45 306 9 65685 5052 65686 17 41468 21 1022 
195 31 28 18560 23 15 59110 12 37016 17 3567 4188 921 
55141 49 28 115 76 347 51531 15 4188 17 1024 21 
9514 9668 3544 12 38 35 518 125 70 46160 6462 1135 
21 3451 15 2119 8673 17 4188 12 1537 9128 15 573 
21 3573 2482 515 15 4561 659 124 12 28 41058 143 7267 41192 
2905 7985 38 964 17 916 3573 74 11398 15 8673 45 
4188 45 17 1536 12 109 143 1479 95 45 9 549 3586 45 4218 573 45 17 1740 
65687 1211 5926 4 3 28 839 9903 12 
72 38 87 9 65688 1470 21 6608 15 52801 17 65689 45 
85 9 933 23 16849 580 4013 171 12 
38 35 6456 28 1446 1960 30 17 4618 20 49 1064 2660 12 
6456 16849 580 4013 171 
1050 2 397 397 1051 12 65690 12 1217 397 36242 397 23311 171 12 17924 
6456 16849 580 4013 1082 215 36159 219 
73 20 6230 23 49572 2 397 397 1051 12 65691 12 1217 397 65691 397 47634 397 34926 397 5365 
73 16849 580 4013 171 1397 134 648 3083 17 36 16849 580 4013 1082 298 
8415 9 12 39219 
4049 1237 20331 45 11044 12 
1050 2 397 397 1051 12 65690 12 1217 
65692 302 65690 12 1217 