Subject: 1 2 470 9792 472 3 13569 2899 
36221 39304 45 
28 5112 1381 49 3 13569 2899 124 21 572 6838 215 1992 130 
39305 143 21593 347 19 143 36387 4 542 13569 6843 219 21 2188 11446 49 
28 13569 12 2899 11066 964 4 28 9664 12891 130 393 143 12086 
12891 49 8036 9664 12 
591 31 28 451 164 4 1742 863 2118 45 1023 86 
15586 429 2664 39306 572 312 1742 863 12 7 2892 443 
65 8 91 2411 31 9634 12 
39307 45 1193 12 241 12 45 231 9 3099 109 1994 1995 6 17 1180 
561 4 1742 863 231 12 401 31 28 5565 7536 5816 45 
286 31075 143 39308 45 3595 16528 
39309 45 167 12 747 12 45 17 39307 45 1193 12 241 12 45 231 1994 1995 6 49 1742 
863 231 45 39310 45 7536 12 2992 45 286 6239 143 11939 45 1839 45 7306 12 
20 150 204 9713 12502 34 2899 4 70 13569 35 77 20912 12 20 124 1394 
28 279 34 28 310 8935 368 35 1394 77 2434 74 959 
1032 208 13569 45 17 28 3257 35 77 218 12 1993 67 28 460 
31 28 368 124 515 150 204 2340 45 17 28 6538 31 70 13569 164 96 
968 31 12290 130 6280 11810 306 540 21 2427 28 1462 31 
1993 6538 12 
132 2417 1086 112 70 10851 21 6825 70 1400 125 540 
4705 15586 125 573 74 1960 125 429 2694 12 7 90 2188 28 
1340 143 7876 12891 130 9 4278 31 1993 2228 45 251 7 10266 150 440 
8 9 185 31 1380 9 6280 540 869 195 28 12891 678 12 
132 2417 124 1357 23 2 
12021 12095 
41 4425 45 
41 
41 35 12449 776 14 21 91 2076 49 3 28 2899 31 41 1995 14212 17 1994 1995 6 125 573 138 
41 
41 65 31 1543 187 77 91 773 2076 10035 9634 347 41 12888 15031 49 15586 12 
41 
41 192 45 
41 36221 12 
41 143 143 
41 1050 2 397 397 1051 12 31707 12 9372 12 1309 397 763 39311 
41 