Subject: 4231 2 1272 12 151 12 2417 2 92 155 573 1365 2 9676 2206 8804 49 10889 17 2526 31 92 155 2578 
7689 45 
132 1272 12 151 12 2417 124 1357 49 6456 125 2 
1050 2 397 397 34955 12 32631 12 11127 12 1309 397 156 12 28 361 17 2080 164 275 
1905 12 
96 97 45 
9099 
92 155 573 1365 2 9676 2206 8804 49 10889 
17 2526 31 92 155 2578 
9099 2461 12 34955 
1617 31 4729 17 1225 1238 45 34956 176 
34957 45 10082 
2080 2 
9 294 1988 49 4566 92 155 573 52 92 155 573 
1365 215 34958 219 124 6200 12 68 1988 34959 17 34960 573 1365 
1920 21 4566 92 155 573 12 4 2259 45 20 2158 9 432 31 
1362 34 9630 1994 2206 8804 34 164 34961 17 
17189 31 92 155 2578 12 5112 92 155 3261 1362 
164 864 74 28 5384 31 34962 31 28 92 155 17 
34963 17 19609 31 28 34964 12 86 26 10851 21 
12561 17 8378 195 92 155 4279 45 5112 92 
155 3261 1362 164 2255 21 1526 2100 215 34965 45 
11269 45 34966 45 17 34967 219 10859 12 34958 1362 6633 
9655 31 5112 92 155 3261 1337 12 9 1895 
12249 367 31 1846 1503 45 1141 9 2411 31 28 
2013 34968 49 28 34958 1988 45 124 869 12 28 34958 
1988 45 1920 45 17 1362 164 3053 4 2713 17 2033 21 
1342 143 423 92 155 125 28 1238 17 4561 9327 12 