Subject: 1 2 1642 1082 2 5812 430 317 4759 
98 99 101 2 
41 42 315 12 5814 45 
41 
41 2182 21 670 5831 45 38 18 77 1613 9 1371 1044 4 2747 12 
41 534 45 15 4322 143 4 17 4322 143 499 2660 220 107 108 109 670 1537 12 
41 72 38 8 107 314 506 259 45 81 102 9 51 21 295 12 5418 45 5650 
41 443 373 4773 31 430 12 
42 2847 5832 45 
46 38 47 48 49 15 149 12 7 8 102 9 51 21 295 5418 
21 1075 132 5750 215 729 902 846 12 219 17 5833 215 609 902 846 12 219 1915 49 
132 1049 23 2747 12 
7 187 65 77 47 5693 72 38 90 51 14 9 4759 31 
132 387 86 132 1617 1432 20 49 5834 
31 28 1061 5823 12 215 132 51 3403 12 2 141 843 333 1633 5816 4711 219 12 
5813 38 49 15 331 95 45 7 207 148 19 21 1841 
38 4 1884 12 
9 12 5814 45 
143 143 