Subject: 977 3806 4 1870 65765 
53015 15 204 240 641 2261 306 53473 
1050 2 397 397 1051 12 65766 12 3519 397 53016 397 
3084 3806 53022 17 35621 54791 4 6363 17 
65767 60898 53028 17 53023 4 8016 
53473 49 6363 2 
55005 2365 17 13813 
9787 11039 17 53025 
3806 53022 17 35621 54791 
53473 49 8016 2 
13511 1351 1012 49 8016 74 8016 
55005 2365 45 39192 53023 
60897 204 240 641 3845 
39192 60898 53028 
20 150 204 28913 45 9971 45 17 6238 12 
17 38 439 150 440 837 87 9 60899 12 
36 959 430 369 
1050 2 397 397 1051 12 65766 12 3519 397 53016 397 
6460 487 
21 77 6617 13 273 21 65768 7848 302 7618 12 1217 