Subject: 1530 21 1662 143 34426 
143 143 
1530 21 28 1662 143 34426 133 110 193 
81 8163 68 626 49 460 6311 12 46 38 12 
72 38 1355 482 21 5247 1897 125 68 133 110 45 
38 35 13 628 21 306 28 235 
8856 4 28 6290 31 15 273 626 2 
9253 1662 143 34426 613 302 34435 12 1243 12 1265 12 1266 143 440 12 350 
72 38 1355 87 21 36 4 66 306 28 5338 31 28 110 45 
215 72 38 8 2896 19794 45 347 8 463 67 28 
110 1948 219 13 273 21 12 
68 124 28 597 2347 49 508 133 1316 179 38 87 
21 66 9 1353 12 
487 150 204 28 597 430 49 28 110 38 150 938 4193 21 45 
4 279 38 439 150 440 314 8 20 2 
28 1662 17 4282 110 231 1662 143 34426 231 124 9 8437 49 28 676 
31 430 109 1610 1611 17 4282 45 
1141 382 17 936 2474 45 4307 45 
2717 17 1237 3949 45 34429 17 6351 45 17 5417 12 
28 110 124 6285 8808 74 28 11091 133 110 2659 12 
49 95 18085 306 68 2659 45 13 28 626 231 95 231 
21 28 16 231 11091 302 34430 12 11118 12 3815 231 12 
81 2666 68 231 95 231 430 259 38 83 2473 21 9975 
306 11091 12 4 2259 38 35 4196 17 9253 
8808 12 
28 1662 143 34426 110 124 13990 12 2397 31 17854 764 
18 2219 67 5820 827 1910 347 130 10894 34436 158 
81 6610 92 143 8812 1979 215 240 12 913 12 45 2474 219 
34 38 229 77 4440 12 
13 461 49 2397 21 231 1662 143 34426 302 34430 12 11118 12 3815 231 12 
28 13027 18 7894 15 626 1397 2615 20 12 
13 461 107 49 2397 215 240 12 913 12 463 3312 21 220 
306 110 6642 219 21 231 1662 143 34426 143 13027 302 34430 12 11118 12 3815 231 12 
28 13027 124 1383 34431 302 34432 12 34433 12 1309 215 34434 3978 219 12 