Subject: 1 2 471 2 4731 2 14023 215 3955 219 19858 12 12 12 215 471 219 
2892 20 347 107 193 
143 143 143 143 143 143 143 143 143 143 
2149 150 204 508 19487 19859 
23 28 2149 1840 3895 9902 78 74 28 1009 2286 49 
19860 340 45 19861 2469 439 19862 19863 19864 2051 3268 4 
1194 6326 306 28 14217 7219 31 9 19487 19865 12 487 124 28 
960 12 
231 109 623 1551 2149 45 28 3999 7868 10441 28 6290 31 8229 19866 17 
12671 34 214 12629 125 9 19867 12537 31 28 2032 12 28 19868 777 
19869 125 28 8147 31 9 2978 143 960 2692 19870 21 19871 19859 215 214 
2893 9 817 5931 2051 19872 219 12 130 214 19873 1335 28 19874 2370 45 
2051 
2261 112 19875 74 9 19867 19876 1461 9 5052 45 540 19837 1456 
10446 12 7132 28 19877 7712 28 19868 112 3524 34 9 8985 3519 
777 205 19878 23 28 19879 2370 1313 21 19880 91 5052 12482 
17 
34 19866 187 107 8 205 159 21 2974 2051 19859 3545 86 31 
68 12 231 
231 13666 45 231 315 12 19863 11609 45 231 9 160 213 2166 499 21 19871 19859 
12424 19881 45 837 3320 28 12942 3196 107 77 515 214 
1471 12 
34 19866 112 18418 109 28 185 21 3039 19865 6309 13689 1905 181 
187 107 8 5046 2051 8087 31 19865 125 19859 21 19882 12 251 28 
2177 34 2051 19883 13370 187 107 8 205 1349 4096 28 
3999 7868 21 767 34 214 777 19882 109 2051 2276 12 
231 28 1044 109 28 19874 2370 19884 28 19867 19876 19885 112 19886 
74 
70 13961 852 17 2051 3369 12 26 199 12393 17 214 112 19887 104 
306 
28 19867 12 214 112 259 19888 34 45 179 214 19889 28 13007 45 214 7813 
2619 2051 3369 17 28 19890 6741 1461 28 9 5052 19891 19866 12 
231 179 208 1817 21 4068 627 9 251 18472 627 167 4 28 10851 45 208 
124 
12697 31 28 18466 31 627 167 12 179 19892 306 68 299 45 28 972 
852 17 2051 3369 199 1404 19893 34 7132 934 34 28 19867 112 
18576 12 28 972 852 56 20 112 2051 122 143 12644 18446 21 19894 2051 3369 
306 28 19895 19867 12 214 777 359 1547 21 18466 104 143 874 45 28 
18468 31 19866 6144 21 77 70 19896 12 34 124 45 28 13691 777 205 
9771 18576 12 
231 28 12740 19897 4224 964 9 19898 213 2664 28 972 224 150 204 
19899 8847 28 19867 10669 2041 1910 1481 21 28 14806 
19900 12 
20 
19901 34 28 972 19902 777 13208 2354 104 19899 150 204 4561 1947 17 28 
19899 45 11891 28 19903 31 2051 601 21 572 28 19867 19904 45 
18576 28 13691 306 28 19905 34 2051 601 187 13268 2051 4134 12 
28 279 369 7835 208 31 18466 109 28 386 31 28 19899 49 28 19865 31 
8229 19866 12 
161 112 70 19906 19907 12 
231 840 19897 19399 34 28 19899 470 8229 19866 472 777 2111 
9112 19908 765 28 10060 31 2051 10851 21 11894 2051 
4134 150 204 18466 12 68 10453 1456 21 12892 2354 28 2978 143 960 2692 109 1551 
623 45 
445 21 77 19837 74 9 19867 19876 1461 9 19874 960 5052 12 
231 28 3999 7868 60 28 279 130 9 19859 12 231 
192 45 