Subject: 4731 2 968 49 28 517 12 12 12 12 12 
41 41 28 536 18439 
208 517 70 2090 4 92 1153 112 6333 21 
9 1524 31 1166 2492 17 45 21 3845 3314 9 776 45 576 70 
7561 1510 2492 18 4430 458 12 
41 41 
130 214 28875 4 6059 31 28 1524 31 772 28876 
28877 214 56 45 231 15602 45 92 49 9 28878 12 231 111 214 19889 499 9 
208 143 28879 45 759 143 18171 2501 28880 17 432 20 109 28 5681 4 6059 31 1456 12 
214 111 
2094 67 9 28881 28882 143 13754 18439 17 6579 10440 37 45 208 23 9 
92 45 921 28 28880 12 
179 28 28880 112 9774 21 28 8147 17 359 959 18439 
187 3577 14578 45 214 114 45 231 124 68 28880 1446 138 231 8139 4 28 8876 
56 45 231 194 12 231 
28 2090 56 45 231 93 138 231 214 3386 1389 28 
5681 17 19889 499 9 28883 31 28884 12 111 214 28885 91 28884 4 17 
28886 28 28880 7221 4773 31 28884 21 548 7997 3192 921 28 
1462 2585 28 536 18439 12 214 114 28 1524 1319 959 45 231 124 28 28880 
1446 138 231 
74 68 92 28 8876 112 109 21 1456 12 231 181 
107 45 231 208 31 37 4429 12 
41 41 
231 502 193 231 214 778 12 214 3386 1389 28 5681 17 
6187 499 9 28883 31 11687 214 1339 28887 28 11687 4 28 28880 17 20 
6741 921 195 31 28 2273 2893 2585 28 18439 17 28 28884 12 
1319 959 214 114 28 260 45 231 124 68 28880 1446 138 231 
359 193 231 28 8876 20526 12 
41 41 
1319 120 214 56 45 231 502 12 231 111 214 28888 9 28889 31 
11054 17 13617 21 16965 20 4 395 28 28880 112 9774 21 28 28890 12 
111 214 8082 23 28 8876 17 114 45 
231 515 124 28 776 31 68 7561 138 231 
41 41 
208 18077 28891 13336 2051 2894 17 56 45 231 28 776 
124 45 359 1384 2473 1446 15 420 124 45 72 38 4618 93 584 38 35 
3559 3577 91 959 3385 4 20 193 231 
41 41 
231 359 45 231 28 2145 778 45 231 34 150 204 107 28 776 12 
28 4755 68 7561 13965 434 124 2 72 38 439 150 440 1022 28 536 
18439 4 429 45 38 150 587 4430 36 37 4 23 195 12 231 
515 164 28 150 536 18439 150 4 15 2261 138 15 
4061 12 12 12 12 15 19338 2267 12 12 15 10252 12 12 12 12 15 28892 12 12 12 12 9 28893 
5895 12 
1958 347 28894 757 12 12 12 312 3385 34 38 6582 12 12 12 12 92 49 
1897 12 12 12 12 12 15 9826 12 12 12 12 15 7898 411 12 
41 41 
1074 21 1022 443 536 18439 4 429 347 38 150 587 
4430 36 37 4 23 195 12 72 38 28895 28 3547 7203 215 28 28884 45 28 
11687 219 
111 38 150 587 6392 15 2261 306 3547 3385 38 6402 67 34 439 150 440 
93 1384 45 17 38 150 587 4430 8 28 1342 819 92 38 87 21 
12543 
109 28 536 45 2340 7203 215 28 536 18439 219 12 259 45 7226 45 347 4 28 
1850 45 179 38 164 
16064 109 68 1893 960 45 672 1897 68 260 2 515 164 28 
150 536 18439 150 
4 132 2261 138 
7952 15 517 12 
1014 4229 4250 28896 12 5051 
282 
282 653 4118 13506 1514 23 141 5376 158 448 321 470 617 28897 
248 193 240 397 302 440 824 397 392 1200 3471 729 392 392 302 617 1221 472 1241 653 317 729 1241 653 4118 21659 667 143 215 729 392 1200 45 215 4118 644 1241 45 4118 1241 45 1219 45 1772 143 231 6852 
282 45 4118 321 215 167 193 1241 6241 21645 397 644 653 3471 827 151 28898 397 644 22551 143 231 21895 667 3471 240 45 636 641 4089 141 1200 143 28899 1772 3471 397 302 440 824 397 231 472 215 135 3471 392 
282 397 302 440 824 397 392 219 397 648 3471 151 302 617 1269 653 4118 158 26148 
282 648 392 240 448 397 302 440 824 397 3471 8077 397 392 1257 397 827 240 0 302 1257 1269 3471 1219 1819 1200 193 1269 644 472 45 28900 158 1269 219 204 
282 
282 219 1269 653 440 12 241 1269 1257 781 0 470 215 3471 648 747 2082 193 231 2 448 
282 827 240 0 302 1257 1269 3471 1219 1819 1200 193 150 193 240 
282 2 448 641 302 653 317 6838 2082 193 282 6241 21666 1257 1221 729 282 3876 24226 215 150 653 9 
282 0 240 215 8077 397 392 1257 397 827 240 0 302 1257 1269 3471 1219 1819 1200 193 
282 
282 
282 827 23343 644 397 167 4089 0 240 215 8077 397 392 1257 397 827 240 0 302 1257 1269 3471 1219 1819 1200 193 1269 644 472 45 28900 158 1269 219 204 
282 
1269 644 472 
282 45 10645 193 
1269 644 472 45 28901 
282 653 1269 729 241 6241 143 747 2 785 1221 1514 219 204 215 317 3356 215 150 143 9 2 394 1193 215 231 219 397 2 1221 3471 2502 141 231 193 440 2 448 21645 215 440 824 1257 1269 472 241 215 317 392 302 
28902 215 3471 648 747 3876 641 302 2 317 729 151 215 317 472 1200 653 231 193 9 397 231 472 317 827 23343 644 397 167 4089 0 240 215 8077 397 392 1257 397 827 240 0 302 1257 1269 3471 1219 
282 1819 1200 193 
282 215 1269 0 302 
1269 644 472 45 10645 215 2082 193 440 2 317 729 1241 
282 397 231 472 231 193 204 2 248 3454 397 827 215 8077 
1269 729 1241 215 317 1257 7 
144 193 321 158 317 3471 1219 28903 302 653 144 321 302 158 28904 215 317 3471 440 215 317 392 4089 141 440 1257 397 827 240 0 8077 215 4118 1772 231 644 22551 4089 648 151 472 12 729 231 143 231 1269 1257 9 
282 617 1221 644 472 1255 219 7 6241 321 302 
282 644 4118 641 143 231 21895 0 397 21895 317 827 23343 644 215 317 1257 9 617 1221 644 472 1255 219 7 6241 321 302 
282 4300 45 302 1257 15616 158 781 302 6241 21715 215 317 22074 215 1221 143 741 
282 729 4118 641 302 397 392 219 144 397 21895 317 827 23343 644 215 317 1257 9 617 1221 644 472 1255 219 7 6241 321 302 
282 397 827 215 8077 
282 1255 219 7 6241 321 302 150 193 240 827 4089 167 215 392 3356 215 150 219 240 
1269 644 472 45 28905 6241 219 1193 2082 193 9 158 1269 0 302 
282 3876 22159 215 440 824 729 167 193 747 2082 193 151 653 448 964 28903 302 
282 397 167 4089 0 240 215 8077 397 392 1257 397 827 240 0 302 1257 1269 3471 1219 1819 1200 193 
282 215 1269 
282 2 248 3454 397 827 215 8077 
282 397 392 1257 397 827 240 0 302 1257 1269 3471 1219 1819 1200 193 
144 193 440 2 6817 302 653 317 3356 215 317 143 1193 
282 4300 143 204 215 150 653 9 
282 827 240 0 302 1257 1269 3471 1219 1819 1200 193 
282 28903 1241 397 231 472 317 827 23343 644 397 167 143 231 21895 231 644 22551 4089 648 151 472 12 729 231 193 1269 6241 143 240 397 644 3471 241 2 448 3471 1193 215 440 824 
282 6241 321 302 
282 
1269 644 472 45 22370 
282 397 167 4089 0 240 215 8077 397 392 1257 397 827 240 0 302 1257 1269 3471 1219 1819 1200 193 
282 215 317 472 1269 215 150 648 747 2082 193 204 
282 1819 10267 397 151 472 1241 617 1221 644 302 158 448 472 241 2082 193 747 2082 193 9 
282 215 317 321 1775 215 28906 648 151 472 12 729 4118 641 302 397 231 472 0 397 302 440 824 397 3471 8077 397 392 1257 397 827 240 0 302 1257 1269 3471 1219 1819 1200 193 
282 158 231 193 204 2 248 3454 397 827 215 8077 827 1269 4089 9 215 167 193 440 2 317 644 302 617 26607 
282 648 151 472 12 729 231 193 1269 6241 143 240 397 644 3471 241 2 448 3471 1193 215 440 824 
282 141 440 1257 397 827 240 0 8077 215 440 824 397 392 219 144 397 21895 317 827 23343 644 215 317 1257 9 617 1221 644 472 1255 219 7 6241 321 302 
1269 644 472 45 27751 28907 240 
282 
1269 644 472 45 10645 644 2 317 729 1241 215 317 472 322 2 1221 729 151 215 1269 0 302 
282 4300 143 741 28903 1193 397 231 472 317 827 23343 644 397 167 4089 141 1200 8077 4118 0 747 4089 644 4118 641 4089 648 151 472 12 729 231 193 1269 6241 143 240 397 644 3471 241 2 448 3471 1193 215 150 143 7 41 1269 644 472 
282 45 28908 729 28897 653 231 193 7 
282 158 1269 219 204 
282 
282 2 248 3454 397 827 215 8077 2 248 45 1193 215 317 22074 215 781 
282 2 248 45 1193 215 317 22327 215 317 345 448 472 1200 215 28906 648 151 472 12 729 4118 641 302 397 392 219 144 
282 
282 215 440 824 
282 827 23343 644 215 28909 215 150 648 747 2082 193 204 
282 215 317 1257 9 617 1221 644 472 1255 219 7 6241 321 302 
282 648 151 472 12 729 4118 641 302 397 392 219 144 397 21895 317 827 23343 644 215 317 1257 9 617 1221 644 472 1255 219 7 6241 321 302 
282 
282 729 4118 641 302 397 231 472 0 397 302 440 824 397 3471 8077 397 392 1257 397 827 240 0 302 1257 1269 3471 1219 1819 1200 193 
282 653 317 3356 215 231 653 167 2 448 
282 0 240 215 8077 397 392 1257 397 827 240 0 302 1257 1269 3471 1219 1819 1200 193 
282 617 1221 3471 22092 644 472 45 10645 644 
282 3876 3471 1219 2 781 219 7 158 1269 
448 472 1200 215 440 824 158 317 472 1221 2082 21804 141 74 644 2 448 21645 215 317 1257 322 
282 617 1221 644 472 1255 219 7 6241 321 302 
282 141 28910 653 248 215 302 
282 1819 1200 193 1269 644 472 45 28900 158 1269 219 204 
282 
1269 644 472 45 10645 16930 21645 158 448 219 240 
282 653 317 3356 448 472 1200 219 28911 397 231 472 317 827 23343 644 397 167 4089 
282 0 240 215 8077 397 392 1257 397 827 240 0 302 1257 1269 3471 1219 1819 1200 193 
282 25942 302 6241 17418 141 167 193 219 1257 167 193 2502 158 781 644 302 
282 1257 781 219 9 653 1269 729 1193 141 231 193 440 2 317 644 4089 141 440 1257 397 827 240 0 8077 215 4118 1772 231 644 22551 4089 648 151 472 12 729 231 193 1269 6241 143 240 397 644 3471 241 2 448 3471 1193 215 440 824 
448 472 1200 215 150 653 322 
282 644 22551 4089 648 151 472 12 729 231 193 1269 6241 143 240 397 644 3471 241 2 448 3471 1193 215 440 824 144 193 282 28907 440 1514 215 1193 215 317 3471 1241 
448 472 1200 
1269 644 472 45 28901 
282 158 167 193 440 2 248 193 322 
1269 644 472 45 28912 158 781 219 1241 2 448 9244 141 231 193 781 2 317 729 1241 215 150 21833 653 144 193 9 
282 644 22551 4089 648 151 472 12 729 231 143 231 1269 1257 9 617 1221 644 472 1255 219 7 6241 321 302 
282 
282 653 1630 302 729 28897 653 231 193 9 
282 158 231 193 204 2 248 3454 397 827 215 8077 219 1221 219 7 1257 241 193 241 158 1221 143 741 
282 1255 219 7 6241 321 302 
144 641 4089 141 440 1257 397 827 240 0 8077 215 4118 3277 