Subject: 2974 1865 4013 2405 
124 15 157 1476 20 150 204 446 18489 2483 138 
164 38 3594 531 48 92 109 4576 138 
8 38 1355 2170 515 9 52808 408 90 220 49 38 138 
505 111 2974 1865 4013 2405 274 3196 77 15 270 12 12 12 12 
2974 1865 4013 2405 2529 38 28 235 17 111 959 12 12 12 12 
6548 142 143 657 8694 
6638 17 1865 8849 
16067 8965 
17016 92 18573 
8424 5610 
17016 8817 
34926 5610 
46630 34235 5373 
2974 11964 1740 
1446 3199 
9536 65735 
1484 1027 
7627 10820 
1273 567 
17 48 48 959 12 12 12 12 12 12 12 12 
21 861 499 959 6460 487 12 12 12 1050 2 397 397 1051 12 12 1217 397 11272 2405 
347 21 128 9 454 143 517 298 1408 6460 487 12 12 12 
215 21 77 6617 125 68 110 81 149 21 68 273 306 5247 14 130 28 627 219 