Subject: 4196 34539 98 99 
38 8 205 4077 21 110 34539 302 547 12 13443 12 1309 12 645 12 
28 408 58 11809 15 16 130 
613 302 851 12 852 12 853 12 590 
17 4 73 49 15 461 21 36 4783 215 72 28 110 9721 10825 219 45 
38 18 8 21 13 37 125 68 16 45 4606 28 110 926 107 1207 
4221 49 11467 12 
72 9 626 124 1355 527 45 81 66 28 110 150 204 5338 2 34540 302 13301 12 13443 12 1309 12 645 
15 4143 7627 124 34541 12 81 2671 20 130 1028 130 38 35 
74 13137 28 235 3214 21 13823 302 547 12 13443 12 1309 12 645 2 
432 34539 7627 34541 294 143 7627 
3828 2 220 107 572 15 34542 7627 158 38 18 77 34543 10820 23 15 
2404 12 
68 408 229 3357 1971 25519 397 3688 7222 49 574 31 11416 
3592 45 17 28 7627 18 77 576 21 1844 38 4183 34544 12 
49 959 430 45 13 9 150 95 11416 150 3214 21 13823 302 547 12 13443 12 1309 12 645 12 
49 430 109 68 504 17 2473 21 572 20 45 13 28 235 
3214 4 28 6290 31 9 628 626 21 13823 302 547 12 13443 12 1309 12 645 2 
95 
195 3592 84 77 2591 21 13823 302 547 12 13443 12 1309 12 645 12 
34545 34546 684 34547 34548 231 34539 231 193 
6717 732 34549 34550 45 34551 781 34552 7 34553 34554 34555 34556 
684 34557 34558 5149 34559 34560 34561 7 34562 
1200 34563 12 
5149 34564 34565 16291 34566 7 34567 34568 3277 34569 143 34570 
34571 34572 34573 34574 5876 322 34575 34576 
34577 34578 781 34579 34580 34581 34582 220 231 34561 231 12 
34583 34584 34549 781 34585 34586 45 34587 34588 5876 16952 12 
34589 781 34585 34590 12 
9 34591 34592 34593 12 
774 21 34549 6717 34594 231 34539 231 138 
6717 34594 231 34539 231 34549 34595 215 1108 219 34596 8437 
34597 34598 34583 684 34557 34558 5149 34599 34600 
34539 7 34601 1200 34563 12 3969 34602 5149 34603 34604 34605 
34606 34607 45 34608 34609 34610 34611 34612 34563 
7 34607 45 34613 2978 34614 34615 34616 34617 12 25456 34618 
34619 45 
22244 34620 34621 781 34622 34623 34624 684 34625 34626 34562 45 
34627 
7 34628 34563 12 34629 34630 684 34547 34630 5876 2 
648 12 34631 34632 34633 34634 34635 34636 7 34637 
5149 34638 34639 12 
144 12 34632 322 34640 45 34641 7 34642 34639 
5149 34539 12 
827 12 34643 7 34644 34633 34645 34646 34647 
34648 34561 12 
644 12 34649 34650 684 34614 34651 220 34652 7 34653 34654 143 
6717 3969 34605 34655 34606 34656 34657 781 34658 
34659 34651 12 
729 12 34660 684 34614 34661 34662 7 34663 34664 34665 
34666 34667 220 34668 12 
6717 34669 34670 34671 6717 34672 34673 34674 
34675 34676 34677 34678 34679 12 
34680 34681 781 34682 5149 6717 7 34683 12 
34684 34685 34686 34687 143 34688 34632 25456 34689 684 
34690 45 25456 34691 16291 5149 34692 34693 45 25456 34694 45 774 21 34549 
13823 143 34695 684 34696 2 
34540 302 13301 12 13443 12 1309 12 645 
34629 34630 5876 34697 34698 34633 34699 
6717 45 9 34700 21516 34701 193 
32251 34702 16291 684 34690 45 34693 5149 34692 34703 34704 34696 45 29999 
34705 10000 34706 34632 5149 34707 45 34708 34709 34710 684 
34696 34711 34712 45 231 34713 231 322 34714 
13823 302 547 12 13443 12 1309 12 645 
34715 34716 34717 34718 34549 34671 34719 34720 45 16952 12 
4196 34539 34721 34722 143 34723 34724 34725 34726 
684 231 34727 231 
9253 34539 143 34723 34728 5149 34716 34729 
34707 
2377 34539 143 34723 34730 34650 684 
34614 34707 
781 2502 204 1193 9 1241 7 240 34717 1241 9 1193 7 204 440 240 45 11987 12 220 34597 
34731 34707 5149 34732 34733 34734 45 34684 
34735 34736 34710 684 34696 231 34561 231 2 
34539 302 547 12 13443 12 1309 12 645 