Subject: 5597 504 49 1086 12 1966 12 1217 
419 150 938 4077 9 5597 504 49 28 1086 12 1966 12 1217 2298 2404 12 130 38 
1981 449 109 28 2404 45 20 39383 411 449 31 261 1543 12 
373 9655 2 
91 449 8 4333 361 222 130 231 39384 231 347 231 132 2457 231 12 
535 
21 1510 449 164 107 130 1368 130 2267 21 45 256 45 231 8223 10811 143 
3314 231 12 419 164 
1960 21 6054 455 820 12 
535 108 445 109 449 34 572 28 2404 150 204 773 
8084 12 68 
3552 508 1524 449 17 91 2901 3314 449 215 49 3521 45 
9126 219 45 251 107 
195 449 12 
21 4618 499 28 504 45 274 1981 28 2298 2404 12 68 455 124 9 502 198 
21 3042 2 1050 2 397 397 1086 12 1966 12 1217 397 1086 397 
72 38 861 2423 34 217 39385 45 7 150 151 77 5693 72 38 150 151 13 14 
70 240 143 628 12 
143 39386 
39386 39387 
1966 1086 
1050 2 397 397 1086 12 1966 12 1217 397 763 39388 
143 143 143 143 143 143 143 143 143 
4783 21 28 9595 302 13847 12 9345 12 1309 133 110 12 
21 9253 45 13 70 273 626 21 11091 302 13847 12 9345 12 1309 
306 28 7255 231 9253 9595 231 4 28 6290 31 28 626 12 