Subject: 1 2 37549 
28 235 358 1348 37549 397 2629 49 8998 8800 2 
39435 45 151 12 17 9559 45 282 12 231 3 8998 1997 231 45 4 401 
31 1513 150 171 45 2248 143 2244 12 36441 6484 7339 12 136 
7 2937 38 35 6456 20 125 100 9559 150 204 3314 455 23 2 
39400 39401 45 2012 12 
6170 341 3903 
39399 1127 45 11044 12 
648 423 8216 2445 
9832 39402 
294 3273 45 3170 39403 
440 2 215 14593 219 11580 143 39404 641 21677 
1269 2 215 14593 219 11580 143 39405 
1050 2 397 397 1051 12 39399 12 1217 
143 143 143 143 143 546 626 143 143 143 143 143 
125 2 5338 143 9595 302 13847 12 9345 12 1309 
470 2723 2 5338 143 9595 302 13847 12 9345 12 1309 472 109 1842 31 13245 10224 
102 2 1037 45 1038 246 45 2405 144 2 1529 207 
21 2 9595 302 13847 12 9345 12 1309 
627 2 37549 
4425 45 
4 132 7851 45 7 1901 9 1170 39394 20907 45 256 9 45 17 111 861 
20 150 204 37549 12 28 1170 9820 124 1553 648 45 144 45 827 45 644 45 347 729 12 121 7 221 28 
37549 45 7 572 28 1464 1946 4 9 1086 358 470 648 472 21 8378 28 
9820 49 39420 3816 49 9 2259 1170 215 28 39394 31 68 1170 
124 107 13226 4 20907 9 219 12 121 7 221 28 2526 45 7 275 34 
28 36345 9820 124 107 1370 132 9820 4073 215 648 143 729 219 12 91 31 37 
164 47 762 17 91 31 37 164 47 532 12 208 3521 124 125 29956 
21 143 7765 12 7 150 151 435 21 83 124 161 2423 7 8 506 6459 12 
4 2001 45 220 38 8 184 11 4 9986 28 1508 31 
39421 143 371 2526 17 37549 143 371 2526 138 
192 9 356 12 
13245 
6564 12 
470 648 472 100 747 12 39416 215 136 219 12 28 9605 31 35033 6567 4355 
109 8998 8800 12 
143 143 
397 824 824 
824 28 11255 11256 176 31 340 17 341 
824 1225 1238 1209 827 
824 397 
143 143 143 143 143 143 143 143 143 
4783 21 28 9595 302 13847 12 9345 12 1309 133 110 12 
21 9253 45 13 70 273 626 21 11091 302 13847 12 9345 12 1309 
306 28 7255 231 9253 9595 231 4 28 6290 31 28 626 12 
143 143 143 143 143 143 143 143 143 
4783 21 28 9595 302 13847 12 9345 12 1309 133 110 12 
21 9253 45 13 70 273 626 21 11091 302 13847 12 9345 12 1309 
306 28 7255 231 9253 9595 231 4 28 6290 31 28 626 12 