Subject: 1074 14 138 
419 861 3087 255 49 38 12 12 12 12 12 347 20 150 204 298 193 193 
130 3870 109 33443 12 12 12 12 13813 13388 193 193 
8873 861 15 230 6582 125 772 127 
8873 861 28 160 213 53757 2857 53758 38 483 
8873 861 28 18794 38 9299 306 4 53759 
8873 861 34 53760 6828 
82 53761 34 3087 160 49 38 193 
1508 4 788 954 347 982 193 
1324 41409 298 193 193 193 29128 143 36356 143 53764 
13813 13388 4 305 109 670 2298 2404 193 193 
591 35775 65921 12 12 12 591 35775 1449 230 12 
82 53761 95 12 
1324 41409 298 193 193 193 29128 143 36356 143 53764 
21 77 6617 125 840 8364 13 70 273 125 28 
16 38 482 6617 21 2723 2 20925 302 53765 12 1217 138 627 653 5247 
419 861 3087 255 49 38 12 12 12 12 12 347 20 150 204 298 193 193 
130 3870 109 33443 12 12 12 12 13813 13388 193 193 
8873 861 15 230 6582 125 772 127 