Subject: 7 12 1170 2 38 164 109 15 185 21 70 52960 7798 12 12 12 
38 3507 964 182 4 229 49 670 298 54532 10671 49 373 
824 824 824 8386 824 824 824 
42 7 12 1170 45 
2182 21 670 5831 45 7 12 1170 302 5048 12 853 12 590 112 
406 182 4 229 49 670 298 54532 19975 49 373 12 
366 45 38 3050 193 193 193 208 31 670 298 54532 575 
10671 18 77 34746 21 38 1370 248 143 848 2660 407 434 628 12 38 1906 6460 109 28 3979 1905 17 6392 499 28 
430 1318 130 20 18 108 109 15 10671 12 38 229 955 28 431 
20977 8086 72 38 164 107 474 213 18 77 985 306 38 45 251 38 1906 66 
434 407 3852 23 1557 848 2660 1481 21 5833 306 28 431 53572 150 204 
105 12 2974 277 109 15 2418 575 18 77 413 4 9 3893 
34 18 77 34746 21 38 12 
81 
3832 4 188 34 161 164 23 1557 390 8385 31 68 5499 17 20 3196 85 14 9 3547 1427 21 
36 182 21 38 12 
192 9 356 45 
13265 12 
81 6460 487 21 
7227 
817 2 21 77 6617 81 3820 306 9 8086 273 12 