Subject: 240 143 8443 2 28 460 31 1166 193 193 
13160 7207 15 1166 52963 193 
187 15 1166 53015 72 38 90 3357 1058 12143 138 
1082 3471 31 195 1971 2401 977 1209 199 4 20850 12 
17505 659 18 95 38 7207 6165 74 70 
52760 390 3471 21 1862 3471 12 7954 18571 4223 6165 193 
306 208 139 1324 38 35 77 2 
2334 195 3986 1058 12143 193 
2334 4190 765 28 3519 347 74 51 193 
2334 1342 92 574 49 1825 8025 193 
8888 66305 54189 17 14030 193 
1276 28 49196 369 12 359 959 3209 72 231 28 4322 
124 4 28 628 231 
824 824 824 49 28 997 3968 2660 195 11613 12 388 164 5494 824 824 824 
215 411 3570 299 392 438 143 392 2862 7804 219 
66306 
37638 28 17505 6128 1347 226 7348 
66307 328 41409 298 302 648 215 21884 219 35865 143 66308 17 672 49 
14007 4118 43362 49 298 41192 193 
22335 31260 302 