Subject: 19509 839 5883 
19509 45 9797 150 204 1237 341 2397 14160 45 124 34759 1158 
8364 31 294 839 1836 12 72 38 220 107 467 21 128 443 
461 45 81 149 21 68 628 17 419 18 5247 38 125 670 
2397 110 12 
19509 124 1891 4 12740 21 6054 670 2531 31 9797 2030 
1237 215 17 6387 430 67 34 1237 219 21 28 34760 
213 187 508 7877 2489 125 20 12 419 187 1530 184 6842 347 
2600 38 3196 8 34 8384 21 443 9177 12 6842 3196 
1833 2 
322 826 31 1402 1347 156 34761 2666 
74 38 347 15 3251 12 
322 535 49 294 347 2914 1184 34 187 
481 20 13144 21 2188 67 28 1237 341 540 
124 1357 125 19509 12 
322 1826 31 3550 953 38 3196 107 17380 11403 
1237 125 19509 12 
4 2001 21 443 6842 17 397 347 2600 419 3559 1530 463 12 
81 767 298 21 66 434 74 2 
322 2858 2733 21 68 626 
322 50 70 546 626 21 3199 302 19509 12 34762 12 1309 
322 34763 434 23 215 17378 219 34764 143 34765 215 617 207 21 729 640 4036 219 
322 34766 434 23 215 17378 219 34764 143 34767 
322 305 21 434 23 
19509 45 28 176 31 1579 
3242 5919 1478 2464 
267 45 8325 34768 143 34769 
419 933 19 21 4024 125 38 12 
46 38 193 
19509 8424 1947 5182 