Subject: 1662 397 34426 215 7536 12 644 45 359 12 827 219 
1662 17 4282 110 2 7536 12 644 359 12 827 
3891 45 229 336 45 1108 
6642 2 
648 12 294 4216 13639 2 1329 3 45 2957 2496 
144 12 1710 1162 1706 8172 1537 
827 12 127 109 2044 17 9502 6 31 11879 
644 12 936 109 9118 143 2390 10067 
729 12 30 827 12 0 31 34427 1219 1710 8807 
448 12 1086 2329 2439 4 549 1365 397 430 7970 
248 12 1893 203 2 231 1476 2193 31 573 2 1225 143 17867 
1990 1706 231 203 124 1880 49 1038 135 143 1254 
617 12 3042 143 964 425 217 49 1780 4 1475 2283 397 1710 
1504 
1257 12 1329 3 1181 818 421 109 11559 
1123 4705 6 49 1183 17 13081 1329 
3 1708 
848 12 936 109 22349 141 34428 
336 12 1798 143 1514 1324 49 832 
618 12 6475 109 28 488 49 28 14253 1662 382 
636 12 236 382 109 3348 1611 17 
1152 561 1257 143 336 3595 136 
135 12 1108 5565 236 382 109 237 1504 
1535 12 3348 3 2019 17 1329 3 1111 
215 2532 387 8368 1886 144 219 
28 1662 17 4282 110 124 9 8437 49 28 676 31 
430 109 1662 17 4282 45 1141 382 
17 936 2474 45 4307 45 2717 17 
1237 3949 45 34429 17 6351 45 17 5417 12 
28 110 124 13990 12 2397 31 17854 764 
18 2219 67 5820 644 1910 12 6610 92 143 8812 1979 
17 68 229 77 2475 836 1032 28 997 1880 
417 72 20 124 1277 21 28 1132 12 3832 11161 1893 45 
23 67 648 741 143 644 741 45 306 9 2739 34 1128 277 215 7721 45 
387 2707 45 839 2121 45 17 411 393 143 2435 
1979 18 77 281 219 12 
461 49 2397 2 1662 143 34426 302 34430 12 11118 12 3815 
461 107 49 2397 2 34431 302 34432 12 34433 12 1309 
215 13027 45 34434 3978 219 
21 4196 45 13 9 626 231 4196 1662 143 34426 231 45 347 
21 9253 45 13 9 626 231 9253 1662 143 34426 231 45 347 
21 36 95 45 13 9 626 231 95 1662 143 34426 231 
21 11091 302 34430 12 11118 12 3815 
1816 49 1662 17 4282 2457 215 1389 2691 219 2 
540 3552 182 1148 130 505 12 
75 31 1662 143 34426 110 215 1221 12 644 45 1241 12 827 219 
824 824 824 824 824 824 824 824 824 824 824 824 824 824 824 824 824 824 824 824 824 824 824 824 824 824 824 824 824 824 824 824 824 824 824 824 824 824 824 824 