Subject: 1 2 34305 8179 34306 
98 99 101 2 
41 701 34371 34372 684 34373 6686 3102 34374 215 19422 746 14 
41 5602 34375 219 12 34376 8555 14 21 6435 158 
41 5179 34377 1291 34378 34379 15584 14 21 6435 715 
41 2781 158 3654 5209 14859 215 1753 732 34380 2310 34381 689 150 394 219 45 
41 322 738 4490 21 34382 9834 14 34383 2294 34384 746 
41 2294 34385 12 
41 3057 45 5179 34377 707 3115 3141 20005 34386 34387 736 
41 34388 158 3679 21 3747 689 4511 34389 4424 215 6690 3733 219 12 
41 
41 3006 701 707 4480 718 3643 12 
41 
41 1301 99 
41 
41 4423 34339 101 2 
41 41 
41 41 98 99 101 2 
41 41 
41 41 41 4425 193 
41 41 41 
41 41 41 7 8 9 6185 31 20580 17 34314 31 34305 17 7 207 148 49 
41 41 41 9 34306 306 68 1823 12 164 38 3524 31 184 222 34306 138 
41 41 41 
41 41 41 46 38 4 269 12 
41 41 41 
41 41 41 98 99 
41 41 
41 41 34323 741 12 682 45 
41 41 34324 704 45 707 3282 4474 34325 45 1645 
41 41 1722 684 34326 34327 34328 1656 8521 3015 45 4840 2 
41 41 34329 34330 45 
41 41 913 12 34331 741 143 1257 45 34332 143 827 12 
41 41 4301 12 34333 359 12 618 45 
41 41 34334 34335 34336 12 
41 41 1312 34337 45 
41 41 10501 34338 215 4423 34339 45 323 
41 41 34340 7960 143 9 45 5574 45 109 45 282 729 781 648 321 144 215 34341 219 
34323 741 12 682 45 
684 691 3277 1656 34390 45 6586 5127 687 34388 705 
732 34391 3742 14 687 34392 4393 34393 34305 746 705 4894 5717 
34394 34325 18625 715 21 6435 5127 1656 34395 8314 12 34396 34397 3282 
34398 5127 1656 34399 1676 34400 3115 6403 34401 689 34402 746 7 
34403 689 700 1288 8521 45 4840 2 
34404 3662 45 3672 34405 45 151 143 34406 34407 397 34408 215 8263 219 12 3679 5717 
34409 34410 34411 12 
34412 45 687 741 12 34413 4424 705 687 
34396 12 
34414 45 
10501 34338 12 