Subject: 6686 714 687 19419 193 
3743 2 734 5454 448 143 144 143 144 19420 45 19421 1257 143 648 143 0 215 19422 707 19423 9 
167 1219 19424 0 219 12 700 10972 21 17365 1257 322 2 
167 19425 9 1257 641 144 653 1254 
1219 19425 9 1257 641 144 653 1254 215 322 1219 6510 5123 144 8473 164 19426 4815 193 193 193 219 
747 3656 19427 19130 704 31 1219 19428 16027 
9 147 19429 219 
167 19425 1219 0 641 144 653 0 
1219 19425 167 648 641 144 653 144 215 746 1727 19130 5392 1257 1288 322 1219 6510 5123 144 8473 
8476 19428 644 19430 6417 12 12 12 12 
9 19425 167 648 641 144 653 144 215 715 19130 5392 1257 1288 12 322 9 18882 6510 5123 219 
9 19425 1219 0 641 144 653 0 397 19431 638 19429 19432 215 144 641 639 219 12 
204 150 19433 14828 4934 19434 394 19429 12 12 12 12 12 