Subject: 
1170 3028 17 1170 143 7858 2175 2 
28 1181 31 9656 1086 
818 421 109 1170 3028 49 2298 17 10886 430 1149 
215 4 50249 31 8432 14079 219 
488 2 3595 646 45 2414 
430 1149 124 208 31 28 12250 1036 1527 34 
37712 1170 1834 17 1170 6 21 2443 7558 1369 
10 12 779 430 1149 124 107 28 310 1086 2018 369 
34 20 112 274 729 143 448 1010 2663 12 28 423 759 2298 58 50250 
34209 6 17 1473 31 430 1149 17 6187 
21 2261 9 762 10160 31 1086 109 2298 430 1149 34 
40054 125 5112 2743 1149 4 1315 1438 12 21 
2574 775 21 2385 109 28 1036 31 1170 6 49 
2298 17 10886 430 1149 45 419 164 2916 49 
1501 21 9 818 421 31 8001 12 4 28 1335 45 8001 58 
6016 818 1148 109 362 430 1149 17 362 
10886 12 28 2195 31 28 294 818 421 124 218 143 143 21 2482 
28 10898 17 9977 31 1170 3028 17 9656 49 
430 1149 4 28 760 31 10886 17 28 2298 12 68 
818 421 18 2443 130 70 2435 6311 49 775 
109 2298 430 1149 213 164 1891 4 1476 769 
384 362 17 7625 12 
419 482 21 48280 68 818 421 21 28 4215 31 8432 14079 45 9 
1234 213 6355 21 1315 50251 1959 23 28 
50252 31 362 10886 17 430 1149 45 7824 
4 8001 215 648 219 12 8432 58 50253 12629 4 70 19896 4 7284 45 251 
2051 548 13097 41593 411 775 12 
49 68 818 421 419 18 3088 195 1930 2264 21 1170 
3028 17 1170 143 362 384 4 28 2018 31 2298 17 10886 
430 1149 12 1277 1142 1833 45 251 164 107 864 
21 2 
322 362 430 1149 4 9 50254 31 38100 
3864 
322 2692 17 9004 1170 6 17 1834 49 2298 
430 1149 
322 1164 1144 49 7625 2298 430 1149 
322 7625 2298 430 1184 
322 7625 430 1184 49 8238 17 1162 
1153 9143 
322 13266 1424 17 11598 4 362 430 1149 
322 362 10886 1337 4 430 1149 760 
322 8944 1172 31 362 2298 430 1149 384 
322 362 2057 49 2298 430 1149 
322 1524 1170 6 45 8998 8800 45 17 1801 1150 
49 2298 430 1149 
322 1170 3028 17 9656 49 1087 1088 
322 2298 17 10886 430 1149 1461 4656 10811 
67 8001 
28 1181 1170 3028 17 1170 143 7858 2175 124 70 37247 
1181 34 18049 13364 17 50255 1086 1508 109 
28 215 3535 219 8117 31 1225 384 21 769 1353 1369 45 
17 28 3540 34 28 408 150 204 1325 31 28 1170 14462 4 68 
760 12 451 34 1125 50256 1086 2568 164 107 1027 
21 77 752 21 8001 12 3915 45 443 2568 84 429 77 
2712 23 1511 21 36 5089 125 3251 12 1319 38 35 
8383 2568 34 164 50257 964 74 1508 45 111 26 164 1027 
49 8001 12 443 1508 229 77 2900 74 2692 9 215 3860 219 
1225 3996 17 125 34 45 1553 12582 542 9462 45 
1853 8944 1168 45 347 12582 28 605 568 9990 3530 12 
591 5703 4 8001 164 874 477 4216 17 4268 
28 1508 31 1315 1010 31 548 12 9600 45 8001 2258 
231 48719 231 1462 21 412 215 130 122 130 515 26 3047 124 
2340 219 17 65 926 107 188 72 1086 34 124 528 752 
21 8001 58 205 2594 27 4 13529 17 4773 23 
1511 17 1111 215 130 122 130 28 11451 1128 
7898 294 9599 219 12 
2340 1915 
3391 454 7284 215 7745 219 1549 9 208 455 2080 21 3342 
6212 
3595 646 7284 488 49 1550 31 1446 451 
229 648 45 7284 4545 31 367 1508 
6987 31 208 455 347 982 84 77 102 21 28 3342 6212 
1481 21 3391 454 7284 45 1012 72 412 164 8085 67 
4648 31 28 358 21 28 818 421 12 6987 164 10407 
2573 45 251 107 1403 12 443 6987 18 77 525 74 
28 3342 6212 445 12 
1446 358 764 84 77 4 28 8001 1519 17 18 77 
525 1404 74 28 3342 6212 17 74 373 347 959 411 8001 
375 12 959 277 31 1550 10106 164 1357 125 
8001 150 204 2298 2404 45 1050 2 397 397 1051 12 3399 12 3400 143 13958 12 1095 397 8001 12 
3342 6212 2 
3267 13924 
127 31 430 2045 
176 31 6049 
50258 36911 1490 
6049 45 8011 11574 
391 
50259 302 31707 12 9372 12 1309 
10987 13953 
6155 2062 11695 240 2073 
12040 2062 50260 
407 11671 42476 21678 
7 143 50261 50260 
284 
13953 302 50262 12 50263 12 20 
215 648 219 50264 45 1219 12 45 50265 45 2461 12 45 17 14079 45 2461 12 2 362 11618 
1150 371 109 1170 3590 17 760 12 1170 3028 17 
1170 143 7858 2175 827 45 827 215 2037 219 5660 143 6565 
547 45 1241 12 17 14079 45 2461 12 2 1170 143 6194 1151 49 362 
430 1379 12 1170 3028 17 1170 143 7858 2175 448 45 144 143 827 
215 250 219 29856 143 19840 