Subject: 298 3199 317 483 52975 
38 8 205 1180 21 128 68 626 86 31 15 1912 109 28 423 759 2298 12 68 124 9 208 92 626 445 12 28 183 58 314 6617 38 125 184 460 8364 12 251 21 77 474 31 10821 45 274 149 21 28 16 1905 21 77 6617 125 28 133 110 12 
442 2 419 12543 43544 31 92 35157 670 8364 259 34 419 1448 28 1457 255 12 72 419 8 3386 38 4 1409 45 419 164 118 49 28 2670 12 
46 38 49 15 3270 12 
42 18794 45 
164 38 107 60033 15 4561 28892 138 72 38 
482 21 481 959 483 74 1960 49 445 9 2351 954 1320 
1867 158 515 7 207 67 21 3359 38 124 9 5491 21 450 9 298 
3981 34 35 95 38 59192 15 4561 3590 12 
68 3981 2529 2113 21 3076 1166 4787 
34 274 35 150 440 77 3854 964 12 38 35 837 36 9 298 3981 45 
17 128 298 4223 3199 38458 109 2473 21 3032 
4158 21 15 2404 12 7 2892 37 21 77 28 96 
4787 499 161 12 251 439 150 440 85 132 2744 49 20 12 
3078 450 68 2404 49 1897 12 
38 8 7289 21 13260 45 17 3212 21 8442 12 
96 1204 45 
3199 6230 11978 
321 12 204 12 4787 164 4430 230 45 274 275 74 4091 3191 193 
824 824 824 21 77 6617 125 68 133 110 45 274 273 21 
68 16 60034 302 60035 12 1217 306 28 627 231 2617 231 