Subject: 1 2 1310 143 7284 367 
6751 6760 3182 42349 1058 45 50483 3173 7426 4311 12 12 12 
50484 3183 3545 215 3185 3183 1310 6602 6150 6756 219 3173 6789 3183 11732 
367 12 12 12 
3189 
143 143 143 143 143 546 626 143 143 143 143 143 
125 2 98 99 470 2723 2 613 302 1243 12 320 12 350 472 
102 2 3079 45 134 623 45 7284 144 2 610 640 
21 2 11750 12 2549 302 15561 12 1217 
627 2 1 2 1310 143 7284 367 
17555 42344 50485 42264 45 7067 6921 7325 6751 6996 3182 6791 1058 6985 150 6854 12 
6789 3185 16218 6895 6756 12 6932 6789 3183 7158 10628 6773 12 
3186 488 6760 336 48077 12 
3182 6749 3183 7155 158 
14674 
11750 2549 101 2 
41 
41 6921 8682 6751 34160 3182 6781 367 12 12 12 12 
41 
41 6751 34160 45 10628 45 7426 4311 3183 2618 3173 50482 4312 3183 12 12 12 
41 
41 11749 
41 
41 824 824 824 824 824 824 824 824 824 
41 
41 5701 608 158 429 365 2 1559 321 12 1560 
41 361 2 9423 13604 31 10245 74 13187 50481 753 
41 143 143 143 143 143 143 143 143 143 143 143 143 143 143 143 143 143 143 143 143 143 143 143 143 143 143 143 143 143 143 143 143 143 143 143 143 143 143 143 143 143 143 143 143 143 143 143 143 143 143 143 143 143 143 143 143 143 143 143 143 143 143 143 143 143 143 143 143 143 143 
41 5701 9553 158 429 365 2 4260 50457 143 50458 
41 361 2 393 143 38725 2527 2298 8064 74 3260 45 41274 17 7897 
41 1708 109 1379 5188 
41 143 143 143 143 143 143 143 143 143 143 143 143 143 143 143 143 143 143 143 143 143 143 143 143 143 143 143 143 143 143 143 143 143 143 143 143 143 143 143 143 143 143 143 143 143 143 143 143 143 143 143 143 143 143 143 143 143 143 143 143 143 143 143 143 143 143 143 143 143 143 
41 5701 4113 158 429 365 2 50461 143 3827 3847 
41 361 2 3 549 38196 568 446 11555 1325 308 48 
41 10437 1162 
41 143 143 143 143 143 143 143 143 143 143 143 143 143 143 143 143 143 143 143 143 143 143 143 143 143 143 143 143 143 143 143 143 143 143 143 143 143 143 143 143 143 143 143 143 143 143 143 143 143 143 143 143 143 143 143 143 143 143 143 143 143 143 143 143 143 143 143 143 143 143 
41 5701 4111 158 429 365 2 7725 6229 
41 361 2 1310 3 515 255 215 439 150 440 219 482 
41 143 143 143 143 143 143 143 143 143 143 143 143 143 143 143 143 143 143 143 143 143 143 143 143 143 143 143 143 143 143 143 143 143 143 143 143 143 143 143 143 143 143 143 143 143 143 143 143 143 143 143 143 143 143 143 143 143 143 143 143 143 143 143 143 143 143 143 143 143 143 
41 5701 30555 158 429 365 2 41343 50475 
41 361 2 1310 2 568 7906 4 1196 50476 31 10245 
41 371 109 218 6552 9313 21 9514 4273 1409 