Subject: 28 2974 66 10099 12 12 12 
72 38 482 21 3264 9 8366 347 504 21 2298 2404 9622 17 
7437 45 38 87 21 2666 67 28 8875 43285 2405 10099 193 193 193 
38 35 369 1379 964 143 21 143 632 573 49 765 617 12 729 9881 3570 
13353 12 195 31 37 8 769 2745 150 12 1217 150 45 150 12 3519 150 347 150 12 2426 150 4342 
105 109 28 1971 45 1476 37 8147 54361 49 1971 1166 12 
215 67 390 3471 1833 273 2588 12 12 12 219 2858 2974 28 3214 486 
862 17 611 407 51 45 208 31 670 6165 758 18 66 
173 670 3867 12 419 65 9180 1738 21 73 17 6147 959 
1032 9 28881 411 1738 125 597 66 2377 45 51 45 273 45 409 12 
8875 43285 2405 13886 38 21 9699 573 17 518 3570 2182 
21 15 2902 45 573 35 77 49269 17 47772 21 15 66 
1153 45 60773 45 17 43885 561 12 
81 817 68 124 18431 2968 568 7241 109 9 1371 10401 130 
573 445 4 549 654 1519 17 926 107 1833 184 839 21 
5237 28 573 193 193 38 18 87 21 1211 15 2745 1237 21 36243 
17 60774 28 573 12 65 38 18 87 9 4781 31 648 12 729 21 827 12 0 47607 
31 584 3845 1462 21 39875 28 10099 12 28 1503 34 164 13226 
1370 28 1738 419 3359 164 130 1528 158 
425 105 
16 
5913 
2228 347 42450 
3133 1285 
2476 
35601 215 315 12 45 2847 12 45 295 12 45 409 12 219 
429 105 
4605 105 
977 105 
4358 215 22009 12 45 415 45 5021 45 17409 45 409 12 219 
361 215 13973 45 1272 12 151 12 45 151 12 282 12 151 12 45 151 12 151 12 204 12 45 409 12 219 
139 
6475 
51 
240 143 628 16 
2298 16 
2298 361 215 361 31 2298 455 219 
1312 1334 215 1334 31 3981 219 
1312 8816 215 8816 37617 21 3981 219 
6290 215 429 11588 10933 31 2298 2404 45 240 12 913 12 11012 12 1056 219 
55454 10049 
81 817 34 1320 13594 926 107 1833 573 49 1320 2018 45 72 
38 518 28 54288 17 1947 1416 38 18 128 28 13742 
21 2003 5831 17 1503 45 130 505 130 4148 5831 12 534 
419 220 5697 34 38 18 107 861 17 11440 4342 347 3950 
1370 28 10099 12 49 3521 38 229 861 959 1032 208 66 
105 49 1123 9327 72 34 66 54701 347 13029 130 70 5294 49 
959 1032 208 4342 12 
8875 43285 2405 215 931 648 12 1529 4118 617 12 729 9881 5831 219 875 434 392 41161 12 1529 824 824 
8875 43285 2405 8777 215 931 648 12 338 4118 644 12 729 9881 5831 219 875 434 392 20706 12 1529 824 824 
215 81 817 28 8777 30 926 107 1833 28 1312 45 361 45 17 6290 1503 219 
273 2588 445 215 931 648 12 3080 4118 827 12 729 9881 5831 219 45 1357 49 434 392 48826 12 1529 824 824 
824 824 3552 3536 2369 2977 49 391 20605 
10264 143 1840 13742 164 1357 49 434 392 10928 12 1529 
21 73 51 68 486 21 215 20705 219 2374 143 60775 347 1324 369 49 959 2377 193 193 
824 597 430 824 824 81 3047 1412 193 193 193 824 
425 2 
105 2 
2464 16 2 
5913 2 
2228 2 
1284 2 2476 2 
273 2 
139 2 
51 2 
470 472 194 193 13 28 231 8875 43285 2405 215 931 648 12 1529 617 12 729 9881 5831 219 231 49 392 41161 12 1529 434 
470 472 194 193 13 28 231 8875 43285 2405 8777 215 931 648 12 338 644 12 729 9881 5831 219 231 49 392 20706 12 1529 434 
470 472 194 193 13 28 231 8875 43285 2405 215 931 648 12 3080 644 12 729 9881 273 2588 219 231 49 392 48826 12 1529 434 
470 472 194 193 4292 14 49 28 10264 143 1840 13742 317 1947 49 208 1209 23 392 10928 12 1529 434 
470 472 81 13 959 430 1397 7 73 28 231 8875 43285 2405 231 12 
824 2977 430 824 
215 72 359 16 124 7702 419 18 572 28 16 3804 4 28 976 414 219 
7789 21 2 
2464 16 2 
5913 2 
2228 2 
1284 2 2476 2 
824 20605 2977 1414 445 824 
470 472 2977 317 2513 407 2369 2531 413 306 15198 215 20605 445 45 
450 236 976 49 2977 1414 219 
470 472 4634 574 45 17 7789 4697 765 4496 49 70 4148 392 892 12 1529 
824 236 2977 1414 445 824 
470 472 236 2977 124 9 9037 50780 578 31 392 2449 12 1529 
81 1410 208 31 28 235 1414 49 28 52807 31 36243 4019 
317 36243 9847 2 
470 472 81 8 28 36243 4019 397 9847 52807 21 132 54729 61 4118 1775 1775 1775 1775 1775 1775 1775 1775 1775 1775 1775 1775 1775 1775 1775 1775 1775 1775 1775 1775 1775 
470 472 74 35170 1389 28 1058 1059 8818 976 7 207 60776 28 1058 
1059 752 21 77 60777 1370 10669 448 1910 121 28 546 441 124 
3572 49 28 441 31 28 36243 4019 17 36243 9847 12 7 5424 28 2177 
34 60778 6230 45 11044 12 926 107 83 28 441 31 443 4019 397 9847 1481 
21 50780 130 26 9636 125 2476 21 2476 12 
824 680 430 824 
470 472 63 74 4322 441 31 4322 392 1775 1775 1775 1775 1775 1775 1775 1775 1775 1775 1775 1775 
628 195 4188 74 4322 21 2 
60778 6230 45 11044 12 
60779 20448 37067 315 12 4118 24222 
20448 14174 45 4742 60780 
36323 2 8875 43285 2405 
470 472 1219 12 322 12 151 12 
74 1399 68 1416 8424 5829 21 63 74 1553 9 400 397 12188 4322 
347 483 73 49 28 834 441 833 2977 72 184 12 4 2001 21 28 
15198 80 17 2977 875 161 18 77 70 4148 299 31 392 609 12 390 434 
49 1219 12 322 12 151 12 574 12 
824 1058 1059 8818 976 824 
470 472 63 74 1058 1059 834 299 392 
1059 650 2 470 472 4578 470 472 8875 1059 470 472 1009 4634 470 472 8438 
1059 140 2 39049 12 632 2 
1059 16843 105 2 215 824 68 1906 77 370 317 3507 74 10943 219 
16 2 
5913 2 
2228 2 
1284 1285 2 2476 2 
7 40053 231 60778 6230 45 11044 12 231 21 299 132 1058 1059 49 28 
231 8875 43285 2405 231 10401 4 28 441 130 9772 414 833 2977 875 72 
4634 2531 12 215 72 13376 306 1058 1059 45 68 1906 77 257 306 10943 150 204 7482 193 219 7 207 65 3524 34 28 299 18 2482 109 132 1198 130 1553 
231 23416 238 52807 231 347 231 3519 2778 15226 231 12 
7482 2 1775 1775 1775 1775 1775 1775 1775 1775 1775 1775 1775 1775 1775 1775 1775 1775 1775 1775 1775 1775 1775 1775 1775 1775 1775 1775 1775 1775 1775 632 2 1775 1775 1775 1775 1775 1775 1775 1775 1775 1775 1775 1775 1775 1775 1775 1775 1775 1775 
81 817 2 419 18 107 368 17384 4157 193 
21 73 347 49 959 430 81 1324 347 51 68 486 21 215 20705 219 2374 143 60775 369 193 193 
65 81 45 13 4148 430 109 2 
1775 1775 1775 1775 1775 6230 52807 397 1058 1059 574 
1775 1775 1775 1775 1775 38426 1184 17 1738 
1775 1775 1775 1775 1775 1424 11011 17289 
1775 1775 1775 1775 1775 236 66 1316 
1775 1775 1775 1775 1775 8379 397 18432 10894 
1775 1775 1775 1775 1775 411 1738 1357 
1775 1775 1775 1775 1775 411 2 1775 1775 1775 1775 1775 1775 1775 1775 1775 1775 1775 1775 1775 1775 1775 1775 1775 1775 1775 1775 1775 1775 1775 1775 1775 1775 1775 1775 1775 1775 1775 
21 60781 581 31 840 4545 17 21 77 6617 125 670 10099 45 
81 149 306 28 2744 231 5247 231 4 627 12 347 1324 215 20705 219 2374 143 60775 17 
955 15 273 16 49 21112 125 28 10099 17 460 8364 12 
72 38 187 435 49 959 430 109 28 411 3867 17 1184 419 
8 21 3359 1846 21 6230 3199 1738 397 1366 45 81 149 
306 28 2744 231 4196 231 4 627 12 347 1324 215 20705 219 2374 143 60775 17 955 15 
273 16 49 959 430 17 460 8364 12 
60778 6230 45 11044 12 
60779 20448 37067 315 12 4118 24222 
20448 14174 45 4742 60780 
12 60782 12 