Subject: 144 741 21 729 741 9 1867 
38 199 2110 13384 21 14 130 4091 213 112 1027 49 9 
4561 35229 259 7 150 587 36 1457 21 28 776 12 
68 9130 58 205 4772 4 2 
52982 3834 45 13540 12 2405 
58720 3834 45 1839 2405 
54151 3834 45 7885 2405 421 
2119 411 1148 977 448 524 
220 38 8 9 41082 9987 21 2 
11491 2671 28 819 31 15 2003 2261 138 
11491 11416 28 2261 34 757 445 38048 67 138 
11491 19653 765 390 741 2606 76 125 28 9657 31 15 2745 3314 17 
53041 4 144 143 827 1010 
11491 2181 1404 2901 17 4561 3389 
2666 109 193 2666 109 193 2666 109 193 2666 109 193 2666 109 193 2666 109 193 193 193 
2473 187 38 435 21 2 215 34204 317 57509 219 
648 12 54219 1425 2901 45 1166 17 7462 41191 9847 138 
144 12 19880 195 49144 125 184 486 31 54579 45 53808 45 347 13723 138 
827 12 6825 9 2041 4946 18489 5820 644 524 138 
644 12 53992 17 2904 15 2901 17 4561 9657 138 
729 12 6825 17 59534 2901 35331 45 59535 20 17 19880 20 138 
448 12 4069 9 827 21 448 225 9736 611 109 15 483 138 
248 12 34204 481 1897 17 15 49144 7813 44111 822 12 12 
2209 2 359 18432 45 359 19408 45 107 23352 12 12 
1324 648 143 6255 143 44503 143 60987 1324 648 143 6255 143 44503 143 60987 
15 273 16 21112 397 38224 4441 2 
419 28787 306 1464 11033 16848 173 8801 
399 273 74 2162 38 306 9 1381 49 15 273 16 
21 77 19704 6617 125 670 10099 17 184 460 8364 
125 670 425 12 
21 5247 15 16 45 81 13 70 273 626 306 28 2744 5247 
4 28 627 1479 21 2 44129 143 499 302 391 12 1217 
72 38 220 107 650 28 2744 5247 4 28 627 1479 45 
15 3214 21 77 6617 18 107 77 3572 12 