Subject: 8163 536 109 15 236 3625 193 193 193 193 193 193 193 193 193 193 193 193 193 
1221 4089 2 824 6834 9462 2 2739 215 4118 7928 4118 54276 219 158 6835 
322 4089 2 824 6834 9462 2 2739 215 4118 7928 4118 54276 219 158 6835 
781 4089 2 824 6834 9462 2 2739 215 4118 7928 4118 54276 219 158 6835 
12 8169 6834 9462 2 2739 215 4118 7928 4118 54276 219 158 6835 
8163 964 21 4711 3471 
60463 
671 
2350 8424 
827 
729 
2405 143 338 143 1304 440 338 2 142 2 1529 5149 
2405 143 3080 143 892 440 636 2 1255 2 1529 5149 
2405 143 3080 143 892 440 636 2 618 2 1529 5149 
648 
448 
667 
60464 
648 
648 
2243 
1257 12 58871 
0 
0 
8163 964 21 4711 3471 
653 
1324 653 9 0 215 5521 219 14593 
60465 
653 
51 2 215 5521 219 27655 60466 
273 2 
60467 302 60468 12 1217 
653 
2473 220 7 63 138 
161 164 
754 1362 31 680 60469 2 
648 12 
236 
1058 1059 2 
38 35 8 60464 299 15 4578 45 8875 1059 347 1009 
4634 1059 49 15 3625 9533 9 76 12 
653 9 0 
195 10945 35 77 21153 109 670 6230 52807 2404 12 
144 12 
653 
5634 45 4190 45 483 
4157 45 7955 5891 4188 17 347 9812 1024 2 
68 486 31 680 
1432 10820 12 10820 124 378 4 486 31 5634 823 45 
1430 397 236 1058 1059 140 45 347 9 678 849 31 1058 125 
15 400 12 28 13174 21 77 821 45 72 184 45 18 77 2581 74 434 12 827 12 
653 
11315 60058 2916 
12143 2 
38 
35 63 4 269 49 184 3625 38 187 435 21 481 306 28 504 74 
11601 670 60470 12143 12 28 60471 1357 164 392 646 45 392 390 45 
17 392 1876 12 680 1362 18 77 5634 45 9812 17 347 7955 5891 680 12 
653 
653 
653 
677 4280 
2473 220 419 5912 964 138 
1324 
434 347 273 434 12 419 18 13 38 195 829 2707 12 574 85 952 
954 125 28 92 419 8 293 195 1403 1922 12 1319 
4156 45 419 18 11663 38 70 1379 140 49 15 3852 17 38 
229 3042 568 28 504 12 
648 215 6255 219 41409 298 
6670 504 193 
72 38 8 9 215 6255 219 140 34 38 187 435 
595 21 15 3852 17 482 21 8163 109 15 115 17687 45 419 
35 3359 38 28 310 2620 4222 130 60058 12 49 959 2377 81 66 
434 12 
653 
653 
1919 21 60472 60058 
419 
164 208 31 28 4213 60058 1206 4 28 423 12 568 28 945 
341 419 164 159 21 3359 28 7883 6237 306 772 819 
1000 12 653 9 0 38 18 77 159 21 7952 
2620 4222 195 765 28 423 12 359 1384 515 2476 38 164 45 38 55256 
964 4711 3471 765 15 1430 139 425 12 
7952 670 10898 2 
653 167 248 
653 
5455 2620 4222 
653 167 248 
653 
6230 52807 653 3876 49 15 1213 
653 167 248 
653 
359 299 49 60473 3625 
653 167 248 
653 
6230 60058 60474 
653 167 248 
653 
6230 8424 504 
653 167 248 
653 
448 431 52807 121 28 429 5889 
2473 926 28 408 548 138 
236 60058 124 
4572 21 572 2 
648 12 
19910 9 818 140 4 391 17 82 20 3664 274 1319 17 558 964 12 
144 12 
1370 33456 45 38 164 52 182 17 18 914 9 434 19910 12456 12 
827 12 
369 1324 19798 4 28 423 23 2620 434 236 4222 12 164 161 184 1184 10945 388 138 
359 45 5054 107 193 
161 124 359 16849 10945 45 5912 964 578 347 1840 
299 12 72 38 220 107 481 9 1324 45 419 220 107 299 38 12 
220 7 36 9 580 138 49 15 1213 419 8 6230 52807 12 20 124 9 
2228 31 28 2229 839 34 7977 38 13032 195 15 52801 23 14444 
38 482 12 653 9 0 1320 580 11066 2 
653 167 248 
653 
632 92 31 1320 1324 
653 167 248 
653 
1110 17 140 52 
653 167 248 
653 
447 31 1320 1324 
653 167 248 
653 
11605 1324 11455 12 
653 167 248 
653 
952 954 9 517 1379 12 
28 
429 52807 3202 124 125 28 648 3083 31 28 76 3928 28 1535 902 
31 28 76 12 28 431 52807 3202 124 125 28 609 902 49482 
76 3928 28 75 31 28 76 12 
109 8063 139 3625 193 