Subject: 12335 28 442 31 36377 193 193 193 21870 
38 150 1 3344 68 45 1457 138 34 150 204 822 583 34 273 3199 35 12335 28 442 31 36377 31 255 109 28 1971 193 308 260 45 20 150 204 28 21036 45 508 6238 45 17 508 53146 3530 31 3836 328 193 193 369 38 531 35 3616 15 3867 317 1184 347 2867 15 3981 21 36377 31 255 49 8202 7289 193 193 193 
515 220 419 3359 34 359 208 3191 926 138 138 
653 41 28 508 6238 273 1237 575 1357 308 260 2 
38 18 77 159 21 13 2661 23 9939 14343 59591 17 2982 7813 9480 531 12 14030 434 347 861 499 28 584 185 45 411 1237 18 1553 5895 38 21 13260 15 1971 61 45 347 5912 964 49 50192 31 231 12774 497 231 1971 8673 143 540 107 445 875 38 56219 388 45 251 35 65 75 964 48694 38 8056 388 49 60605 769 3614 31 504 12 38 150 587 65 77 159 21 572 9 28570 347 9895 42911 1971 2375 49 133 23 59833 59591 193 
653 41 9 2473 21 1460 34 20495 38 1318 515 21 220 45 3040 74 3040 2 
439 150 440 77 12906 74 28 4552 31 5918 74 4496 8189 34 18 3616 38 133 1237 17 955 20 964 21 38 21 4946 499 2473 21 220 20 3811 143 68 58 205 208 31 28 12250 54494 109 28 1971 193 419 6384 3385 21 38 1412 17 7813 12 
653 41 646 45 1857 45 4122 273 2588 34 8 9939 205 42986 2 
28 140 208 54427 109 28 1971 58 205 18432 273 1316 34 36 18431 17 53393 49 1010 233 972 347 34740 273 2588 143 439 150 440 7885 33708 21 68 193 50 3092 273 2588 124 28 12503 2196 3203 38 35 220 45 20 2158 37723 1440 17 8373 12 419 3345 5820 16 34 419 3616 193 
653 41 5455 143 11519 273 16 74 5913 45 2228 45 2476 45 347 1347 143 1141 429 17 977 2587 531 2 
8 38 3870 21041 1397 34 3359 11519 273 1316 138 9453 164 34 26 150 1 8898 11519 45 347 21153 193 419 572 28 508 6238 3530 49 11548 1402 273 2588 45 17 419 3345 37 531 193 
3084 6165 57948 19655 17 515 34 187 2173 49 38 2 
72 38 777 274 208 3816 21 3616 49 9 392 639 4149 17 102 499 208 9881 35151 45 274 9 648 3471 12366 3793 187 481 38 392 438 45 1857 193 306 9 7850 33454 1907 17 28 1457 8366 45 38 90 2196 128 130 48 130 9 729 3471 3793 215 540 187 9598 392 648 45 1857 45 1857 4 68 279 219 193 17 38 35 220 68 49 130 3547 130 392 0 12 60606 2606 273 215 17 35 77 576 765 17 765 120 219 143 2473 35 38 41760 107 21 85 13350 31 68 138 138 
824 824 824 130 70 4077 12831 45 72 38 198 15 73 1370 28 997 1809 954 38 150 587 128 9 1460 21 4552 31 6625 21 3305 298 317 9480 1971 1379 45 273 8673 45 2298 33387 8673 215 1141 11068 34265 317 15063 7222 49 6230 6204 219 45 6255 2589 45 17330 45 17 51 2589 193 
653 41 13376 124 941 317 16319 17 35 77 506 306 9 1058 1059 347 4322 215 15 430 18 445 77 49323 49 574 17 107 77 53393 219 2 
198 15 73 74 8371 499 28 235 486 17 34766 41409 298 21 2 648 143 29128 143 27919 143 53392 12 38 150 587 128 9 4759 407 273 17 3212 18 77 1357 49 38 765 28 1971 1319 15 680 124 3572 12 
143 143 143 143 143 143 143 143 143 143 143 143 73 486 215 13208 998 68 1479 219 143 143 143 143 143 143 143 143 143 143 143 143 143 143 143 143 143 143 143 143 143 143 143 143 143 143 143 143 143 143 143 143 143 143 143 143 143 143 143 143 143 143 143 143 143 143 143 143 
1775 1775 5455 143 3260 45 9480 273 1237 306 2473 21 1460 143 392 10928 12 1512 
1775 1775 646 45 1857 45 1857 42986 273 16 143 392 10928 12 1512 
1775 1775 1404 31 28 414 49 208 2620 80 31 392 28384 12 1512 215 8163 392 390 193 219 
1775 1775 390 45 1857 273 2588 11519 74 5913 45 2228 45 2476 347 1347 45 837 1141 28 429 317 977 105 143 392 1082 12 1512 2606 5913 45 2228 45 2476 45 347 1347 12 81 110 1320 31 28 5913 45 6538 45 8067 45 347 11474 38 187 435 21 128 2 
1775 1775 1775 1775 1775 1775 1775 1775 1775 1775 1775 1775 1775 1775 1775 1775 1775 1775 1775 1775 1775 1775 1775 1775 1775 1775 1775 1775 1775 1775 1775 1775 1775 1775 1775 1775 1775 1775 1775 
824 824 824 73 1370 28 997 1809 954 17 128 2 
1775 1775 1460 21 4552 31 6625 21 3305 298 317 9480 1971 8673 45 273 8673 45 60607 8673 215 1141 11068 34265 317 15063 7222 49 6230 6204 219 45 6255 2589 45 17330 45 17 51 2589 143 392 892 12 1512 
66 430 2 
817 2 4157 62 77 52922 308 2974 430 215 540 18 445 77 49323 49 574 17 107 53393 219 12 81 3990 1412 21 95 6604 15 73 12 
105 
425 105 
16 
5913 
2228 397 42450 
2476 
1284 397 3133 1285 
139 140 
273 16 215 4759 17 73 8817 18 77 102 487 219 
1058 1059 4157 2 
4578 45 4632 45 1009 4634 140 
9828 632 
105 109 1059 
834 73 441 
632 
7482 215 650 15 1446 105 72 50 407 273 219 
4322 4157 2 
4322 140 215 28 140 31 15 4322 143 4784 1417 4 12095 1457 143 12999 219 
61 140 215 28 3509 432 31 2589 998 28 4242 31 15 4322 12 572 231 143 231 49 28 2273 2585 1536 31 2589 219 
17942 140 215 28 432 31 2589 4 28 12095 1457 143 12999 31 15 4322 12 3521 2 618 143 623 397 2117 219 
1446 105 109 4322 
400 105 109 4322 
400 139 140 
34 150 204 20 45 274 51 68 486 21 2 648 143 29128 143 27919 143 53392 
46 38 49 15 73 193 
419 55821 21 77 4 2974 10821 31 28 294 240 143 628 580 45 976 2625 45 7135 215 9 219 144 1219 31 204 12 53012 12 231 54459 21 38 74 28 183 31 150 68 150 273 18 77 19787 21350 74 50 70 240 143 628 306 231 5247 231 4 28 627 1479 12 231 13 70 273 21 60608 2405 302 7618 12 1217 17 38 18 5247 38 125 670 10099 12 72 38 8 293 68 626 74 5412 45 81 6133 670 1321 45 419 18 5247 15 16 21350 12 46 38 12 