Subject: 3214 49 1333 1537 
7 207 12365 21 36 2377 109 28 1333 2385 38 870 12 
534 45 7 207 6670 430 23 28 10087 1135 12 38 229 482 21 
66 37 485 12 28 430 26 87 124 2 3506 140 45 
365 31 28 2385 45 17 28 7923 2072 12 
9900 1193 12 10212 
50267 302 1135 12 10087 12 10088 12 10089 
403 1086 2022 
1285 50182 
8021 45 1774 35647 143 50276 
3296 2 215 27035 219 50277 143 50278 
51 2 215 27035 219 5034 143 50279 
72 7 35 77 31 840 95 45 81 82 14 83 12 
50269 38347 2679 143 23285 143 50270 
50290 302 50291 12 50266 12 10088 12 10089 
49 14562 50292 