Subject: 1 2 109 1842 31 315 12 50527 50528 
143 143 143 143 143 546 626 143 143 143 143 143 
125 2 98 99 
21 2 11864 11865 
635 2 14 158 158 
102 2 2059 45 3595 637 45 2405 618 2 667 207 
627 2 1 2 109 1842 31 315 12 50527 50528 
41 42 315 12 11865 45 
41 
41 46 38 49 28 594 21 3169 9 1531 4 28 423 
41 11084 12 15 594 124 93 70 50249 49 14 12 534 45 
41 7 207 585 132 270 58 21 77 4349 45 137 21 373 2340 
2275 12 
41 429 45 132 420 49 28 997 2351 524 124 47 490 17 7 228 34 7 
41 187 107 77 159 21 220 9 502 3372 31 28 2072 31 28 1531 17 
41 431 45 670 7743 2415 58 314 205 1613 49 68 1209 45 
540 
41 3530 34 7 187 107 77 159 21 3599 132 50533 4 28 
382 12 
41 
41 7 187 435 21 46 38 120 49 15 331 594 12 
20 124 9 543 49 434 107 21 8 15 832 12 419 10442 670 925 49 
28 460 12 
187 38 3088 28 5688 31 9260 434 4 28 6602 368 138 
72 259 45 90 38 81 1983 434 67 28 1527 177 15 164 8161 21 
481 451 4307 4 138 
96 97 
11864 11865 
41 
41 96 1204 49 28 382 12 
41 
41 98 99 
41 