Subject: 34301 12 12 12 28 10099 580 19739 926 107 482 38 21 83 67 
5528 34 38 150 1 916 499 31 33629 306 1966 12857 
49 3842 15 1166 17 2901 430 138 
585 34 1966 1379 18 481 38 767 435 9 48557 138 
2473 67 10099 1237 34 1931 150 440 1207 1507 45 
17 1931 150 440 52804 38 921 1966 49 15 573 138 
36 9 4572 45 941 21 572 1422 49 195 15 10099 1959 193 
9 1367 8694 10099 8398 49 10099 1153 
17 2156 1036 1136 12 208 52805 38229 
74 4213 1225 156 1141 2387 3834 45 
2387 423 45 36203 45 8238 2387 17 1225 49227 12 
2387 423 9397 28 8366 130 528 9 231 4572 45 1367 45 17 39429 
9966 
10099 34 124 13144 21 572 1032 1966 1379 231 12 
41 125 9 1237 425 34 58 205 2692 10099 1237 
49 765 264 1010 17 58 765 648 9881 39315 4158 193 
298 1408 3359 193 
21 128 15 298 1408 45 81 13 9 626 21 
52806 302 5990 12 1217 306 28 2744 231 1408 231 
4 28 627 1479 12 
12831 2 638 298 10099 561 413 193 
306 68 10099 38 18 2164 3529 1440 435 2 
52807 
52808 
52809 
3999 5831 
8424 504 
11964 1740 
66 1153 
393 4149 13594 8035 
1353 5036 430 
10187 17 127 2416 
1189 1153 17 11024 
2662 17 11024 5831 
8381 1031 17 5831 
2141 1153 
39523 384 
776 31 49196 
8965 
52810 
833 48 959 193 193 193 
21 128 15 298 1408 45 81 13 9 626 21 
52806 302 5990 12 1217 306 28 2744 231 1408 231 
4 28 627 1479 12 
21 77 6617 125 68 110 45 81 13 9 626 21 
52811 302 5990 12 1217 306 28 2744 231 5247 231 4 28 627 12 