Subject: 1 2 935 644 3454 936 1550 231 
42 98 45 
46 38 49 4440 21 670 936 12 7 228 7 62 2666 7132 28 
3054 7712 28 6394 12 7 207 568 7214 8825 12 28 3054 124 8826 31 274 208 
455 12 4946 215 204 219 4 28 6394 164 3955 12 1397 7 13 20 21 28 7807 
215 26 90 8827 28 373 4 279 219 45 7 482 21 481 474 34 161 124 107 
541 6459 306 28 6215 12 
90 38 81 5615 28 6215 109 7214 215 124 20 261 49 38 138 219 138 90 
38 81 13 37 120 45 3545 138 
97 45 
3430 8828 
98 99 101 2 
41 
41 42 315 12 8828 45 
41 
41 81 861 862 9 6394 17 9 1552 30 31 670 358 2 
41 
41 231 3 1475 2283 49 7697 143 7698 863 17 4649 231 
41 
41 313 45 28 358 124 107 4 28 838 2132 1519 45 542 2861 124 1370 28 
41 7728 432 74 2132 143 2405 45 7 12 240 12 45 8829 4778 12 
41 
41 72 38 8 2896 4085 347 2871 28 358 45 81 220 107 464 21 
41 66 14 23 28 273 16 2 
41 613 302 1243 12 320 12 350 
41 
41 81 817 34 3079 636 397 827 124 9 4065 4 268 12 
41 
41 97 45 
41 
41 98 99 
3430 8828 143 8830 302 8831 12 8832 12 20 
8832 397 8831 45 5844 2606 5392 8833 8834 240 8835 
407 8836 1254 45 8837 7 143 8838 8839 284 
1068 2 215 141 2995 219 8840 143 8841 143 8842 51 2 215 141 2995 219 8840 143 2451 143 8843 
