Subject: 1 2 4688 144 741 387 
41 42 315 12 8359 45 
41 
41 7 8 3890 8695 132 387 486 49 4688 2405 17 419 8 102 28 
41 358 109 3079 12 7 925 38 8 293 1404 308 1440 12 
41 
41 419 6527 49 28 523 12 
41 
41 98 99 
46 38 49 15 466 17 387 12 
3212 124 4 73 12 
450 38 4 8358 45 
625 
143 143 143 143 143 143 143 143 143 143 143 143 143 143 143 143 143 143 143 143 143 143 143 143 143 143 
315 12 4718 262 8359 
24 2447 
8406 1257 
3695 8407 
1331 
1068 2 141 2449 8408 8693 
51 2 141 2449 8408 8410 
240 143 51 2 141 648 8696 8697 
1051 12 4682 12 1095 
143 143 143 143 143 143 143 143 143 143 143 143 143 143 143 143 143 143 143 143 143 143 143 143 143 