Subject: 3397 143 110 2 573 1365 4 51122 
7 8 370 9 532 6185 31 1088 1368 49 1329 
3 17 
573 1365 12 20 1432 6113 142 45 51122 144 12 648 17 28 42855 1329 3 
1988 1135 45 1404 11965 35042 12 
9903 2 
2527 397 2346 3 2 
143 741 143 3530 215 51123 219 2527 
143 2089 2527 
143 2055 50584 2527 
2345 3 2 
143 51124 10950 7389 
143 51124 15420 49 4649 45 7389 45 17 13508 
2598 
143 40203 51124 15420 8807 540 35672 8876 12891 
143 597 11433 49 51124 4649 306 9478 
10245 
143 1315 37808 2691 1362 
143 1947 49 231 13266 231 28 838 4649 125 50476 31 
10245 34 7876 11107 9308 
817 34 42855 1948 1128 50072 591 9903 2 7138 45 
741 143 3200 45 4649 17 7389 2283 45 7845 16978 10245 45 1172 
1337 215 10952 4321 7893 45 1998 4607 45 51125 45 409 219 45 
6534 1703 45 409 12 4322 499 1050 2 397 397 7383 12 622 12 3400 143 7382 12 3473 397 42855 397 
20 35 195 77 275 23 1050 2 397 397 1662 12 622 12 3400 143 7382 12 3473 397 763 51126 397 51127 397 7 150 282 118 49 107 
2441 51122 144 12 144 45 17 37246 411 1032 6113 142 23 28 3315 12 
251 195 34 18 3078 1866 4093 1170 38588 12 
96 97 45 
51126 
51126 51128 215 51128 302 302 5565 12 2426 219 
3349 31 1225 17 430 340 
176 31 1583 
1588 
141 7717 843 24115 30667 
143 143 143 143 143 143 143 143 143 143 143 143 143 143 143 143 143 143 143 
3397 1132 110 
