Subject: 257 628 2 2356 5141 
143 143 143 143 143 14807 31 1531 1528 143 143 143 143 143 
9946 2356 30167 143 22038 12 1095 107 275 49 642 43254 12 
6245 12 12 12 2356 5141 
143 143 143 143 143 43255 626 1528 143 143 143 143 143 
293 2 125 241 617 1221 12 851 12 852 12 853 12 590 74 282 648 12 851 12 852 12 853 12 590 215 644 12 648 397 616 143 644 12 648 2 4048 448 219 
619 345 49933 158 332 45 618 1303 3876 336 2 1064 2 454 4051 
632 2 332 45 618 1303 3876 336 2 1064 2 1304 4051 
125 2 98 99 215 2012 151 12 204 12 866 219 
626 143 619 2 
21 2 49826 302 30167 143 22038 12 1095 
627 2 1 2 2206 4649 384 
4425 49825 45 
7 925 3212 124 985 505 4 15 294 3372 12 
7 150 938 293 15 2717 367 328 17 28 429 4553 4554 58 
93 4208 14 12 7 1012 435 28 5 7561 31 28 
1920 34 38 4268 12 
7 1929 38 18 77 47 563 369 45 251 72 38 220 36 91 43107 92 45 
7 187 94 20 72 38 90 82 14 83 2428 7 35 572 15 
2090 408 17 573 12 7 925 21 3042 42960 91 1168 306 28 
408 34 7 2030 4 1551 17 15 1036 1465 47 530 12 
192 9 356 49 195 15 95 193 
96 97 45 
98 