Subject: 50807 1922 
7 275 20 12 419 439 150 440 8 28 50808 7267 2939 45 540 124 953 34 
976 124 6628 499 12 82 14 83 2473 20 7653 12 7 8 9 839 
34 970 20 13726 674 1770 10933 21 7215 2886 45 72 34 150 204 31 
184 1543 12 7 65 8 9 8057 31 7267 6215 
50809 12 7231 12 5149 50810 618 12 7231 12 5149 50811 12 7215 12 5149 50812 12 7215 12 5149 
50813 848 12 7231 12 5149 50810 848 12 7231 12 5149 50814 12 7231 12 5149 50815 12 7215 12 5149 50816 12 827 12 0 1219 12 5149 
50813 618 12 7231 12 5149 50810 336 12 7231 12 5149 674 12 7231 12 5149 50817 12 7231 12 5149 50816 12 7215 12 5149 
540 7 5419 150 440 40040 12 26 150 1 195 4 763 14132 397 22559 45 259 72 38 482 
21 8 9 933 45 274 95 1897 12 195 28 6215 164 2968 568 
9085 45 50818 18 82 38 2666 37 12 
8 28913 
14132 
3471 50819 12 7215 143 143 2444 2234 1170 150 204 1922 31 50807 12 7231 
4089 7377 6834 4089 1618 6835 6834 4089 16973 2082 6835 
4089 50820 6834 7770 6835 
4089 1014 6834 2743 6835 
4089 361 6834 4089 6496 4089 1269 231 12348 143 143 50821 50822 6835 
4089 365 6834 2461 231 2426 50823 6835 
4089 632 6834 648 12 763 617 12 763 7348 6835 
4089 50824 
16449 50825 231 50826 1269 231 12348 50821 50822 16344 50827 16449 50828 
6834 4089 21956 50807 6835 50829 12 16291 50830 16305 50831 35444 24 21001 
282 231 50832 50833 6272 50834 45 50835 45 50836 3660 6834 4089 6838 50837 
50838 6835 12 
16449 50831 50839 50840 4 705 50841 671 45 50842 45 50843 3660 50844 
40383 50845 231 50846 12 
4089 976 824 6834 50847 6272 50848 549 6835 
24 4089 12700 2 4089 1014 6834 674 6835 2 50849 852 16449 50839 16313 50822 4375 45 
4089 12700 2 4089 75 6834 674 6835 2 50850 40383 50851 50839 40383 231 50852 12 16449 50853 
50854 16344 16302 50855 34366 2 
4089 7376 
105 317 50847 317 50856 317 105 317 50847 317 50856 4089 4089 
4089 7376 
21330 317 9 45 9 317 392 9 45 9 392 317 3170 317 1241 45 1241 317 392 1241 45 1241 392 4089 4089 
36159 317 167 45 167 317 392 167 45 167 392 317 21710 317 641 45 641 317 392 641 45 641 392 4089 4089 
39250 317 913 45 913 317 392 913 45 913 392 317 50857 317 322 45 322 317 392 322 45 322 392 4089 4089 
38442 317 151 45 151 317 392 151 45 151 392 317 7987 317 321 45 321 317 392 321 45 321 392 4089 4089 
10181 317 240 45 240 317 392 240 45 240 392 317 50858 317 241 45 241 317 392 241 45 241 392 4089 4089 
50859 317 5149 45 5149 317 392 5149 45 5149 392 317 36341 317 204 45 204 45 1219 317 392 204 45 204 45 1219 392 4089 4089 
4515 317 747 45 747 317 392 747 45 747 392 317 30036 317 440 45 440 317 392 440 45 440 392 4089 4089 
2269 317 2461 45 2461 317 392 2461 45 2461 392 317 50860 317 1200 45 1200 317 392 1200 45 1200 392 4089 4089 
50837 317 7 45 7 317 392 7 45 7 392 317 50861 317 1269 45 1269 317 392 1269 45 1269 392 4089 4089 
12087 317 741 45 741 317 392 741 45 741 392 317 13833 317 1772 45 1772 317 392 1772 45 1772 392 4089 4089 
50862 317 1193 45 1193 317 392 1193 45 1193 392 317 33048 317 2502 45 2502 317 392 2502 45 2502 392 4089 4089 
132 317 282 45 282 317 392 282 45 282 392 317 19524 317 781 45 781 317 392 781 45 781 392 4089 4089 
4089 7376 
4089 75 6834 39156 6835 4089 75 6834 2445 6835 
1269 231 12348 16449 50863 50854 1260 16449 1241 231 50864 50865 25107 231 50866 45 50867 
16449 50868 1269 231 12348 392 2461 45 1772 392 3660 392 2502 392 215 6834 4089 21956 2461 6835 45 6834 4089 21956 1772 6835 45 3660 6834 4089 21956 2502 6835 219 1260 50869 
5097 50870 12 
40383 50847 3437 50834 45 50871 3660 4660 6834 4089 6838 50837 50838 6835 50872 
50873 50874 2 
6834 4089 21956 6835 50875 6834 4089 6838 50834 50876 6835 392 
4036 239 7 440 763 781 1232 
151 763 26099 1232 45 41 195 239 9 440 239 322 741 150 50877 41 1099 4036 239 7 321 150 50878 240 41 150 50879 
440 763 781 1232 151 763 26099 1232 158 322 150 50880 240 41 10387 12 
4089 75 6834 50881 6835 
3437 50882 1260 2 
4089 1014 6834 50883 6835 
4089 1014 6834 50881 6835 
41 1099 322 41 50884 150 17747 913 150 899 321 150 50878 440 239 322 167 239 50885 240 41 150 50879 41 4036 239 7 440 763 781 1232 
151 763 26099 1232 45 41 195 239 9 440 239 322 741 150 50877 41 1099 4036 239 7 
321 150 50878 240 41 150 50879 440 763 781 1232 151 763 26099 1232 158 322 
10387 12 
4089 75 6834 50881 6835 
4089 75 6834 50883 6835 
3471 4089 976 824 6834 50831 50886 6835 
3471 
3471 30042 231 50887 5097 705 952 763 50854 4660 50831 19374 50888 50889 
3471 16346 50890 40383 50891 3437 50892 448 45 4114 3660 763 16876 50893 12 16506 
3471 16344 50827 16449 50828 6834 4089 21956 50808 6835 40383 50845 231 50846 50894 12 5363 
3471 50895 50896 25990 231 204 143 30256 16303 50897 1269 231 12348 16291 12 10292 231 50898 
3471 50899 231 19443 6834 4089 21956 50808 6835 16305 50900 215 50901 219 12 50873 50902 50903 40383 
3471 50845 231 50846 2 
3471 4089 1014 6834 2445 6835 
3471 4089 1014 6834 39156 6835 6834 1232 241 1232 1219 1232 1232 241 1232 1219 1232 6835 
3471 4089 7376 
3471 6834 4089 21956 4089 1618 39454 6835 317 4089 39454 317 6834 4089 21956 4089 1618 39454 6835 317 4089 39454 4089 4089 
3471 6834 4089 21956 4089 1618 50901 6835 317 4089 50901 317 6834 4089 21956 4089 1618 50901 6835 317 4089 50901 4089 4089 
3471 6834 4089 21956 4089 1618 50904 6835 317 4089 50904 317 6834 4089 21956 4089 1618 50904 6835 317 4089 50904 4089 4089 
3471 6834 4089 21956 4089 1618 50905 6835 317 4089 50905 317 6834 4089 21956 4089 1618 50905 6835 317 4089 50905 4089 4089 
3471 6834 4089 21956 4089 1618 50906 6835 317 4089 50906 317 6834 4089 21956 4089 1618 50907 6835 317 4089 50907 4089 4089 
3471 6834 4089 21956 4089 1618 50908 6835 317 4089 50908 317 317 4089 4089 
3471 4089 7376 
3471 4089 75 6834 39156 6835 
3471 4089 75 6834 2445 6835 
3471 
3471 16306 16354 215 7348 219 50909 4 50853 50892 259 16448 2 
3471 392 4089 50907 9 4089 50905 4089 50904 167 4089 50906 392 12 16449 50847 50910 50827 2 
3471 4089 1014 6834 50883 6835 
3471 4089 1014 6834 50881 6835 4089 50907 9 4089 50905 4089 50904 167 4089 50906 4089 75 6834 50881 6835 
3471 4089 75 6834 50883 6835 
3471 
4089 976 824 6834 16493 16346 282 231 50911 6835 
6834 4089 21956 50807 6835 50912 50831 50913 45 151 12 763 747 12 763 16448 6834 4089 21956 158 6835 50914 392 158 392 
3660 16448 6834 4089 21956 138 6835 50914 392 138 392 12 24 6834 4089 21956 215 215 6835 3660 6834 4089 21956 219 219 6835 50915 231 19443 852 50831 
30593 231 50916 392 215 215 392 3660 392 219 219 392 12 
24 16383 50917 4089 12700 2 4089 50820 6834 7770 6835 2 50914 16305 50918 16337 
50919 50920 50921 3660 50822 12 50922 50923 16470 
50924 45 50925 50926 16385 7992 549 747 231 50927 50831 781 231 50928 50929 
16421 12 16449 6269 231 50930 50931 4660 50932 215 50933 4 705 
50934 39014 219 231 50935 3437 50917 763 4089 12700 2 4089 547 2 12 
16449 50936 50937 50938 50939 16440 1269 231 12348 50821 
50822 45 50940 741 231 50941 50942 50943 50944 12 16449 
50945 4089 12700 2 231 1232 2 16448 6834 4089 21956 2444 12 7231 6835 50840 4 50848 549 6834 4089 6838 
16288 6835 40383 50845 231 50846 45 47868 50946 23369 763 4089 12700 2 4089 143 2 12 
4089 75 6834 2743 6835 