Subject: 4649 6 4 3085 50080 471 41 
42 43 99 17 43 3081 45 
81 82 14 4018 1904 130 28 276 258 
1166 17 3085 31 290 291 292 45 
200 4 346 45 28 351 12 
130 3327 58 307 38 45 7 8 1838 765 28 
10108 49 15 414 1076 32 2141 12 
7 187 77 47 5693 72 38 90 1983 14 31 9 
13000 1550 632 31 15 2975 12 4 2001 45 
81 82 14 83 2428 38 8 184 463 347 
3606 173 28 4442 31 28 1556 1027 39 
2975 12 
4 279 38 164 107 474 2428 28 1519 31 28 32 
124 3812 45 7 152 21 13 9 4218 2898 21 434 12 419 
18 4322 20 17 1983 38 31 184 4347 72 829 12 
1423 419 35 2424 38 31 50081 17 539 538 
23 70 2532 4098 12 
81 767 298 21 66 14 179 7 35 77 31 184 
5926 12 
7 207 148 19 21 15 149 12 
331 97 45 
50073 
143 143 143 143 143 143 143 143 143 143 143 143 143 143 143 143 143 143 143 143 143 143 
290 291 292 
53 12 50073 1600 50074 
276 258 
1166 17 3085 
352 139 2 141 337 215 0 219 353 7853 143 50082 
352 51 2 141 337 215 0 219 353 7853 143 50083 
16378 16 2 
348 390 
321 12 322 12 323 343 
344 345 346 
28 351 
1050 2 397 397 1051 12 303 12 304 
143 143 143 75 595 626 143 143 143 
143 143 143 143 143 143 143 143 143 143 143 143 143 143 143 143 143 143 143 143 143 143 
290 291 292 
53 12 50073 1600 50074 
276 258 
1166 17 3085 
352 139 2 141 337 215 0 219 353 7853 143 50082 
352 51 2 141 337 215 0 219 353 7853 143 50083 
16378 16 2 
348 390 
321 12 322 12 323 343 
344 345 346 
28 351 
1050 2 397 397 1051 12 303 12 304 