Subject: 38 3619 4 45 55 54112 38 12 515 369 138 
56145 49 6363 
8792 150 204 56145 49 336 397 617 397 2405 
8792 150 204 1366 
6054 132 6363 56145 
5912 14 964 49 212 2171 
2949 9 18794 
2671 132 387 430 
13 463 
4 28 60081 5048 60082 
1522 435 9 852 
515 150 204 4365 138 515 150 204 107 138 2051 60083 
60084 60085 
848 143 431 28842 2 2736 9 42439 31 1618 
4 28 56185 
28 5048 60082 
4618 21 6482 2050 28836 40160 138 28 40135 31 34930 60086 36167 182 21 33697 1320 60087 58657 4 28 21008 55842 12 213 4663 515 28 60088 16610 18 9630 12 59 45 754 45984 60089 60090 10851 212 1250 204 52940 60091 12 42485 6386 84 77 6634 765 4 2051 58456 45 251 214 150 204 1449 6603 45 17 60092 499 440 317 9 4559 435 161 150 204 359 3193 12 419 35 150 440 4293 49 28 46619 30 31 60093 454 1010 1423 12 419 150 1 55417 60094 58 60095 12 
240 143 628 68 56186 21 9 18794 
1522 435 9 852 
231 38 83 45 161 150 204 60096 150 18540 60097 67 9 18550 34 150 204 4430 35620 60098 1397 12 231 
143 143 60099 60100 45 9815 31 28 60101 215 107 9 60102 12864 219 
240 143 628 68 56186 21 9 18794 
824 824 824 13455 7203 824 824 824 
12893 5933 143 1844 34 818 4091 9 3379 11049 52813 125 13 12 1217 193 9 231 54941 54187 231 143 392 3224 21 392 36356 125 13 12 1217 193 
515 150 204 4365 138 515 150 204 107 138 
2051 60083 
60103 60104 13709 4 754 19450 4 2116 1910 12 107 9 536 1987 45 38 256 138 3812 45 251 20 150 204 28 508 2494 3203 419 90 2937 31 12 419 150 1 107 13334 9 687 31 48877 58101 765 28 997 224 1873 12 4 2177 45 28 36185 164 259 33 45 419 150 151 2574 38 21 521 499 17 450 28 1 143 7925 31 4060 18568 143 143 1193 12 9 12 15547 1762 20604 9558 150 204 8117 31 100 60105 150 204 1140 60106 60107 14098 45 100 35259 45 10430 60108 17 1562 60109 22009 12 9 1994 32433 12 
60083 
51191 150 204 48733 
4091 545 1022 964 392 4114 9881 21 6526 9 60110 150 1250 204 4559 2482 921 9 48877 12 17 60111 16277 983 150 440 837 4 20 12 68 30 112 9395 74 4091 7697 21997 12 214 2594 869 37478 49 33010 45 9 1484 306 28 310 140 31 462 130 2051 105 12 28 294 48733 45 35620 74 761 60112 45 57574 60113 17 13011 11460 45 4618 21 33634 28 60114 31 769 54136 45 51191 143 35620 45 130 3559 45 74 28 3296 31 60115 150 204 5580 43820 12 2744 124 34 68 48877 124 4550 1032 580 9900 150 204 40280 45 251 34 150 204 107 8035 959 1032 392 638 9881 53769 9713 31 2381 143 1867 60116 497 12 124 20 28 60117 60113 4 9 60118 306 982 53978 1032 9 13132 31 60119 138 347 28 215 1023 219 50129 60120 761 17 104 2893 6020 138 521 4946 12 
959 48877 60121 2 3547 60122 31 60123 60124 31 60125 60126 
240 143 628 68 56186 21 9 18794 
824 824 824 13455 7203 824 824 824 
6113 9 3314 20628 408 45 9 60127 60128 45 9 536 6613 4559 347 959 12 6460 487 21 8066 28 618 3382 4065 54793 12 
53810 
672 60085 
28 60129 852 58 251 208 7195 6605 49 4070 158 20 150 204 107 2051 2920 45 60130 347 837 2051 25530 12 489 45 20 150 204 34 107 143 259 143 4237 9569 31 195 754 2 2051 60131 12 60085 124 28 58983 1095 6501 31 670 930 60132 45 1027 21 16 184 17 195 3606 12 
60085 2 
7 150 938 205 8012 306 9 208 143 31 143 9 143 331 21346 49 644 524 45 17 7 150 282 12117 4 6582 306 104 12 161 150 204 208 1021 45 55 970 34 55 1931 150 440 6582 14 21182 45 17 4694 14 21 3619 499 193 515 150 204 28 1987 138 7 35 150 440 3084 1904 306 2622 3191 45 17 7 150 938 4430 9570 68 3037 67 2622 1397 12 7 150 282 33625 148 45 13267 45 2264 45 55104 45 20726 45 17 837 60133 193 35 38 2949 14 515 7 150 282 312 6459 138 7 83 34 20 150 204 107 3559 8894 21 77 45 251 852 45 68 124 7990 12 
3803 4 10078 12 
1219 12 7 12 1219 12 12 12 12 
7 150 282 474 38 150 1 9 502 8820 17 195 45 17 34 38 2173 505 45 251 7 150 282 107 474 515 38 150 1 1413 21 13640 74 13380 15 21152 12 28 1353 18512 124 107 9 9569 4152 7712 9 17018 12 13182 419 6582 28863 17 26 439 150 440 6582 434 182 49 359 502 311 411 1032 34 26 439 150 440 6582 434 12 20 150 204 107 13094 17 20 150 204 49 56441 474 107 20959 45 251 515 220 38 220 138 38 60134 15 279 45 38 481 474 38 150 938 506 5820 33625 3203 38 35 21 3832 104 17 111 38 955 20 12512 12 13182 6582 124 9 53734 45 60135 18591 35620 109 434 74 9 19404 213 84 93 77 563 306 411 3385 12 369 439 150 440 220 2423 13273 435 18544 38 8 9 5920 60136 347 541 274 21 18444 104 921 49767 559 12 6582 124 107 9 60137 600 12 96 31 1980 45 60138 45 251 1074 45 1553 185 20 6458 499 12 12 12 85 20 435 9 852 12 
6460 487 411 4070 125 60085 12 
240 143 628 68 56186 21 9 18794 
848 143 431 28842 2 2736 9 42439 31 1618 
28842 
28 60088 60139 155 124 18571 28 12675 7913 9 883 60139 60140 12 72 28 883 60139 199 35620 328 45 10009 45 60141 17 60142 4118 648 45 187 3539 4742 2228 49 28 7296 5682 8238 3301 7303 204 105 487 7301 2050 28836 361 12 251 4742 2228 230 21 43841 213 230 21 8021 45 9468 445 6108 124 21 10128 45 17 10128 6831 208 21 10082 45 9 3390 34 7303 204 107 837 4 28 8147 848 12 3805 4118 648 60143 35922 8172 65 230 21 43841 17 58 19623 7813 499 31 28 2941 45 251 4742 45 43841 45 17 57129 90 195 12892 182 4 997 76 12 3803 138 4293 11491 161 7303 204 959 12 4742 2228 41139 28 14367 23 4742 45 17 10009 18 181 3539 57129 4 28 536 618 60139 9984 12 670 499 109 9 33694 60144 2 9 3390 125 4742 18 77 13351 49 28 883 60139 12 
240 143 628 68 56186 21 9 18794 
824 824 824 13455 7203 824 824 824 
8792 45 2964 60145 12 1217 49 1410 392 336 12 1082 294 5113 13389 12 298 2977 193 
56145 49 6363 124 11032 74 2 
15 240 143 628 16 109 13594 306 56145 124 8792 302 2627 12 5048 12 853 12 590 12 
463 138 2600 138 6842 138 81 95 434 3820 21 15 3592 17 2886 74 305 21 434 23 2 2377 302 56145 12 1217 3915 31 2733 21 68 626 215 419 102 68 21 38 125 9 231 13 143 445 231 35159 219 12 
56145 240 143 4756 164 4430 102 8801 12 56145 445 33311 240 143 4756 21 406 389 12 72 38 187 435 21 9253 125 445 28 56145 49 6363 8366 45 38 35 13 70 273 21 9253 143 6363 302 56145 12 1217 
347 38 229 6460 487 21 9253 125 195 56145 3867 12 
5705 2405 56145 45 11044 12 195 13124 5836 12 56145 45 11044 12 124 9 8809 37614 425 45 13646 2 56193 12 
6460 487 49 52749 8447 12 514 31 28 12896 143 143 5705 215 1219 219 2405 39418 60146 12 514 31 28 12896 229 107 77 16937 347 2475 3991 45 4 3990 347 602 45 308 28 1003 6169 31 60147 17 5035 25 60148 12 13 15 12896 514 21 39418 60146 45 321 12 322 12 323 60149 45 41164 45 11263 45 60150 347 521 21 1051 12 60151 12 1217 