Subject: 1 2 3605 4 28 5730 31 6138 447 
118 67 28 523 4 2733 12 487 150 204 2473 419 5029 28 1334 
447 4 34845 2 
72 419 8 28 235 2352 2 
648 219 28 12627 2664 28 6619 
144 219 28 12627 211 28 6619 
827 219 9 12627 2664 
644 219 9 6619 211 
729 219 9 12627 211 28 6619 
448 219 9 6619 2664 
419 35 36 68 4143 6138 2 
204 143 41 2229 12699 12700 144 2229 12699 144 2229 143 41 28 
204 143 41 2229 12699 12700 2229 144 12699 144 2229 144 143 41 9 
204 143 41 2229 144 12699 12700 144 12699 143 41 12627 
204 143 41 2229 12699 144 12700 12699 144 143 41 6619 
204 143 41 2229 144 12699 12700 2229 12699 144 12700 143 41 211 
204 143 41 2229 144 12699 144 12700 144 12700 144 143 41 2664 
259 45 419 8 617 393 143 5920 4786 45 1141 239 204 150 17 239 7954 150 12 28 239 204 150 
2097 1207 337 824 827 653 1819 13529 12 
72 7 777 215 50018 219 413 28 2893 143 2894 143 6219 4 1320 2347 
447 45 34 187 1907 1254 13529 49 28 239 204 150 2097 12 148 23 28 12897 
1285 45 20 1465 34 7 106 34 12 
78 34 45 28 2589 3078 499 130 4 28 358 2 
1808 824 827 653 5365 141 1535 215 7954 49 1320 386 143 31 143 1742 215 5717 219 2347 45 8163 28 
977 219 653 6249 12 226 28 1457 143 2894 6219 124 7813 2581 49 1320 
5717 2347 45 26 87 359 13529 21 1546 2259 1457 143 2894 8128 12 
2087 21 28 997 5730 12 12 12 
72 419 8827 2229 141 2229 144 143 41 2229 45 419 8 2 
204 143 41 2229 12699 12700 144 2229 12699 144 2229 143 41 28 
204 143 41 2229 12699 12700 2229 12699 144 215 144 219 2229 143 41 9 
204 143 41 2229 12699 12700 144 12699 143 41 12627 
204 143 41 2229 12699 144 12700 12699 144 143 41 6619 
204 143 41 2229 12699 144 12700 144 12700 143 41 211 
12700 144 143 41 2664 
161 164 248 5151 4786 45 1141 239 204 150 17 239 7954 150 45 259 28 239 204 150 2097 87 
454 824 5193 215 248 219 653 790 12 16873 13529 12 49 28 5717 2097 45 419 87 729 824 5193 215 248 219 13529 49 
28 239 7954 150 12708 45 17 648 657 49 1320 31 28 2229 2171 1457 143 2894 
8128 45 540 21041 964 21 1876 12 50019 
143 143 143 143 143 143 143 143 143 143 143 143 143 143 143 143 
161 124 23 1557 208 39559 4 68 656 143 143 28 6119 
2893 143 2894 143 6219 31 5820 2347 12 7 439 150 440 83 72 20 13160 
2961 28 11799 31 28 1400 45 17 7 35 150 440 7954 21 7851 
306 20 1457 369 12 
502 1980 109 15 2141 143 143 7 933 19 21 3344 67 15 
13819 17 9588 12 179 7 207 6389 306 132 2417 45 
7 925 21 611 21 68 2088 1904 12 
143 9259 50020 