Subject: 36265 514 
28 36265 514 504 58 205 223 125 231 282 648 231 215 9 644 397 6246 219 21 231 51149 231 143 9 
51150 144 540 65 58 959 43285 1462 1357 21 4579 28 514 
5703 12 282 648 58 51151 21 3832 964 306 28 8057 109 20 17 419 150 938 205 
18571 3385 45 28 294 1329 13097 964 306 28 13262 125 51152 17 2199 
9 18595 17 959 12203 49110 486 31 28 514 5899 1237 215 9928 219 12 
9928 12817 9 2194 10099 215 334 143 514 2227 219 49 572 74 28 2119 
514 2632 2950 21 11001 627 46484 409 130 2606 28 3200 51153 12 
68 18 1844 434 28 1129 21 3359 959 1441 4 3614 31 51153 
2950 308 51154 9 3986 34515 397 5036 2359 12 
419 18 107 6147 2423 411 1032 28 1119 19796 2519 45 833 
1510 2170 1277 12 68 17 28 9257 43285 18 3318 434 21 3832 
5703 49 9 3806 92 12 38835 7 150 938 432 68 23 9 1867 141 9 3205 141 9 517 
259 34 38 90 369 445 2666 514 1319 9 1867 308 3087 2423 143 23 
28 3315 3385 164 231 20320 231 121 9 224 31 2660 12 215 68 3604 3548 21 
28 3416 12 824 19356 143 411 982 231 1277 231 2519 18 77 20320 121 
754 2660 17 91 51155 397 41186 1979 837 18595 12 68 231 3617 231 124 
7877 21 2671 627 21 28 3326 31 514 409 17 7 35 47661 28 92 419 
3832 91 31 28 19443 12 824 409 1536 72 1403 219 12 
38 18 77 159 21 3832 15 12 51156 313 28 969 140 6224 18 
77 218 215 251 4240 259 34 20 229 77 9697 568 28 231 51157 231 
12942 1370 15 51153 219 12 38 229 77 6336 34 38 8 231 34740 231 
19356 143 68 124 86 419 359 3806 6147 37 12 240 12 913 12 21778 12 824 409 12 38 229 
450 91 5703 34 38 150 938 2666 1397 12 7 12 240 12 3385 229 77 9 657 3792 28 
429 92 38 2671 21 28 294 2659 397 1237 251 84 6604 964 38757 12 
51158 2 
3200 58 205 38455 21 30 448 12 729 143 68 369 1348 9928 150 204 2227 10099 
3915 31 28 23400 51016 3200 10099 17 58 9 2351 416 9903 143 7 150 587 
417 91 277 21 852 12 851 12 377 12 1237 12 20 150 204 7877 34 91 9903 
31 3200 9601 109 28 972 23400 51016 6215 222 130 51159 18 107 369 548 12 
21817 58 205 42039 74 51160 143 9 51161 486 31 21817 143 51160 2529 48 959 
1032 651 21817 251 72 38 572 28 105 21817 20 18 1324 51160 17 12714 508 31 
28 11799 31 28 972 21817 12 
51162 1465 21 548 322 12 741 12 251 7 83 91 255 8 1440 306 20 17 7 18 
7217 20 12 
51163 124 7824 21 548 322 12 741 12 125 1370 28 51164 10652 408 12 
51165 39773 150 440 205 38455 779 251 18 77 328 12 
51166 
72 38 8 2423 34 1348 68 9114 6836 38 84 432 20 
21 231 51149 231 107 231 282 648 231 12 215 38 35 572 68 21 776 21 212 514 2659 
21 2666 1536 7564 487 45 251 68 229 77 3792 17 38 18 87 21 3539 
18445 306 15 763 397 12 51156 2939 219 12 
359 1450 161 18 77 28 36578 34237 1021 251 1026 26 150 587 77 5130 
499 2946 3573 12 7 150 587 588 49 430 67 514 21 108 4 28 
771 6625 833 109 28 1051 449 12 
3253 