Subject: 11414 28 41499 368 848 143 639 1010 193 
8 38 211 31 1353 13538 54033 215 31852 219 138 138 138 
13383 74 15 2745 54035 54036 45 31852 15608 
56907 4 15 639 204 45 837 959 4 15 454 204 17 638 204 45 
9635 7888 4 28 56908 31 3986 
54044 143 833 195 411 34948 1846 21 972 962 12 
68 35 369 77 47706 193 193 193 4 35775 31 35223 
3361 45 31852 58 205 3376 21 13640 28 235 2 
824 1425 6290 19581 308 55815 
9180 53253 19692 308 11944 193 
824 6164 37793 7895 
824 5247 53750 17 53990 
824 6203 20513 17829 17 6054 53991 1896 
824 6054 18509 45 5566 17 4215 
824 53992 20461 4097 17 13538 
824 9633 28 37458 408 
824 7207 11039 17 23552 7876 
824 6526 182 15 6290 150 204 16572 92 18573 848 143 639 
1010 4 448 524 31 8009 193 193 193 
38 439 150 440 8 21 12543 35775 31 7804 109 18410 12 
38 439 150 440 8 21 12543 28 392 43352 12 1529 2606 19799 34 
31852 124 18432 49 23 91 47619 4 28 
1620 6538 12 
49 28 997 454 2660 45 38 35 3305 9 2974 
208 143 76 2349 31 670 31852 60948 49 670 818 
231 294 4158 231 80 31 274 392 7905 12 1512 833 392 448 12 1529 
2977 17 2513 12 21 7812 9 8149 2349 17 
21 8163 837 959 45 38 35 73 306 33450 
827 50477 31 31852 17 36 648 298 143 34 150 204 274 392 35596 12 556 49 
644 50477 45 833 392 448 12 1529 2977 17 2513 12 
38 8163 392 7905 12 1512 193 73 328 193 
680 1362 
38 229 51 347 3133 628 4190 45 4632 45 4578 45 
317 1009 4634 4188 12 483 4157 
164 378 445 74 3133 628 12 
3040 648 2 198 9 4322 74 15 8449 60763 12 
1775 1775 1775 1775 1775 1775 648 19799 31 31852 392 7905 12 1512 
1775 1775 1775 1775 1775 1775 144 50477 31 31852 392 750 12 4114 215 392 785 12 1512 9 19799 219 
1775 1775 1775 1775 1775 1775 644 50477 31 31852 215 7690 827 36 648 298 12 8163 392 7905 12 1512 219 392 35596 12 556 
81 1907 392 448 2977 17 2513 49 184 2861 73 12 
470 834 64 1141 2977 317 2513 45 
648 19799 653 392 7848 12 1512 45 144 50477 653 392 30667 12 4114 45 644 50477 653 392 3885 12 556 472 
236 2977 45 81 1907 392 667 49 184 2861 73 
470 834 64 1141 2977 317 2513 45 
648 19799 653 392 13685 12 1512 45 144 50477 653 392 803 12 4114 45 644 50477 653 392 4596 12 556 472 
492 4190 164 107 378 12 1058 12143 317 236 
483 4157 445 12 
3040 144 2 198 9 4322 74 15 8449 680 1381 
17 2974 1503 72 829 12 
1775 1775 1775 1775 1775 4322 347 4322 143 74 143 51 470 277 1905 472 
1775 1775 1775 1775 1775 483 73 
1775 1775 1775 1775 1775 1009 4634 
61 140 1775 1775 1775 1775 1775 1775 1775 1775 1775 1775 1775 1775 1775 1775 1775 1775 1775 1775 39049 1775 1775 1775 1775 397 1775 1775 1775 1775 
1775 1775 1775 1775 1775 4578 
61 140 1775 1775 1775 1775 1775 1775 1775 1775 1775 1775 1775 1775 1775 1775 1775 1775 1775 1775 39049 1775 1775 1775 1775 397 1775 1775 1775 1775 
1775 1775 1775 1775 1775 4632 
61 140 1775 1775 1775 1775 1775 1775 1775 1775 1775 1775 1775 1775 1775 1775 1775 1775 1775 1775 39049 1775 1775 1775 1775 397 1775 1775 1775 1775 
81 481 15 4322 347 483 73 34918 21 
231 33386 2045 883 231 12 
3040 827 2 81 2974 17 3990 28 235 1503 1412 12 
105 1775 1775 1775 1775 1775 1775 1775 1775 1775 1775 1775 1775 1775 1775 1775 1775 1775 1775 1775 1775 1775 1775 1775 1775 1775 1775 1775 1775 1775 1775 1775 1775 1775 1775 1775 1775 1775 1775 1775 1775 1775 1775 1775 1775 1775 1775 1775 1775 1775 1775 1775 
16 1775 1775 1775 1775 1775 1775 1775 1775 1775 1775 1775 1775 1775 1775 1775 1775 1775 1775 1775 1775 1775 1775 1775 1775 1775 1775 1775 1775 1775 1775 1775 1775 1775 1775 1775 1775 1775 1775 1775 1775 1775 1775 1775 1775 1775 1775 1775 1775 1775 
5913 1775 1775 1775 1775 1775 1775 1775 1775 1775 1775 1775 1775 1775 1775 1775 1775 1775 1775 1775 1775 1775 1775 1775 1775 1775 1775 1775 1775 1775 1775 1775 1775 1775 1775 1775 1775 1775 1775 1775 1775 1775 1775 1775 1775 1775 1775 1775 1775 1775 1775 1775 1775 
2228 1775 1775 1775 1775 1775 1775 1775 1775 1775 1775 1775 1775 1775 1775 1775 1775 1775 1775 1775 1775 1775 1775 1775 1775 1775 1775 1775 1775 1775 1775 1775 1775 1775 1775 1775 1775 1775 1775 1775 1775 1775 1775 1775 1775 1775 1775 1775 1775 1775 1775 1775 
1284 1775 1775 1775 1775 1775 1775 1775 1775 1775 1775 1775 1775 1775 1775 1775 1775 1775 1775 1775 1775 1775 1775 1775 1775 1775 1775 1775 1775 1775 1775 1775 1775 1775 1775 1775 1775 1775 1775 1775 1775 1775 1775 1775 1775 1775 1775 1775 1775 1775 1775 1775 1775 1775 
240 143 628 1775 1775 1775 1775 1775 1775 1775 1775 1775 1775 1775 1775 1775 1775 1775 1775 1775 1775 1775 1775 1775 1775 1775 1775 1775 1775 1775 1775 1775 1775 1775 1775 1775 1775 1775 1775 1775 1775 1775 1775 1775 1775 1775 1775 1775 1775 1775 1775 1775 1775 
7482 1775 1775 1775 1775 1775 1775 1775 1775 1775 1775 1775 1775 1775 1775 1775 1775 1775 1775 1775 1775 1775 1775 1775 1775 1775 1775 1775 1775 1775 1775 1775 1775 1775 1775 1775 1775 1775 1775 1775 1775 1775 1775 1775 1775 1775 1775 1775 1775 1775 
470 1403 49 4322 17 1058 1059 4157 472 
41409 298 51 73 1479 2 648 143 6255 143 60764 143 60765 
72 34766 4 15 73 45 81 2228 2428 38 1207 
9 51 45 273 45 347 359 4759 23 195 12 
3318 964 21 208 517 49 4759 45 72 870 12 
51 4157 164 3572 3923 12 
347 45 3990 317 628 21 2 
33386 2045 883 
9035 204 12 2228 2287 12 248 4118 5660 
59434 45 11263 60949 143 60950 
824 4322 74 51 4157 2 2974 28 4322 130 671 12 40141 
28 4322 4 28 2088 1905 12 1905 28 4322 45 1412 3047 
28 4322 140 45 195 2589 23 28 4242 31 28 4322 45 
317 15 105 12 40141 28 4322 1905 17 51 28 4322 21 28 
41409 298 51 140 414 12 53516 28 4322 12 670 17505 
18 3991 56801 15 61 49 28 441 31 
28 4322 158 15 6311 140 49 68 825 18 
77 15 4322 140 12 7289 90 77 13274 317 13144 193 
40141 4322 1905 
68 124 9 208 92 133 2 21112 124 5788 17 359 840 
66 124 829 12 81 817 2 31852 124 107 1471 21 
57166 45 9494 45 20685 347 33634 184 34950 12 28 32131 58 107 
6391 443 10497 12 