Subject: 17827 143 17828 2975 4118 50548 49 367 
42 315 12 99 45 
2975 
143 143 143 143 143 143 143 143 143 143 
140 2 50548 
361 2 50549 741 143 3530 17 50550 2 9 12615 3261 
143 143 143 143 143 143 143 143 143 143 
220 38 2937 38 187 77 159 21 367 28 414 358 49 5565 
2401 109 1162 17 573 1238 138 72 259 45 90 38 
81 149 1370 827 2660 306 15 2974 133 16 17 9 
139 140 259 34 28 5565 1225 1816 157 35 4691 
306 38 12 28 5565 1225 1816 157 18 82 38 83 179 
26 1916 15 367 2385 45 17 7 439 150 440 779 83 769 488 
430 12 
72 38 187 435 21 8 9 933 23 28 358 1397 12563 21 
367 20 45 9 6394 39 31 28 358 124 1357 109 28 2298 215 407 
9480 3583 347 4766 397 1971 9754 219 4 
11113 
315 12 11113 11114 215 11102 302 11101 12 1309 219 
2329 258 45 5565 2401 109 1162 17 573 1238 
143 143 
3274 12 31 2044 17 1225 2045 45 10078 127 31 11101 
4171 4586 2464 45 11140 45 10078 11141 45 391 
1051 2 1050 2 397 397 11100 12 11101 12 1309 397 763 11102 397 139 2 215 9026 219 9035 143 11142 51 2 143 11143 