Subject: 1 2 14391 260 
98 
72 7 3811 1929 515 38 256 20 603 435 9 999 1021 21 
28 208 419 8 4 3999 5831 540 670 1524 12450 21 11405 
568 9 827 5531 1325 12 
28 8147 5531 45 52 2171 1462 45 3341 31 9 2343 9648 
540 9556 21 4786 17 3894 3897 222 130 231 6055 231 45 231 33713 231 
17 231 41455 231 12 
28 431 5531 9556 7 2937 21 28 3581 31 3816 38 164 309 
67 12 419 1324 20 231 7558 1462 231 143 20 3894 3897 222 130 231 315 
4424 231 45 231 295 10936 231 17 231 295 10936 150 41455 231 12 443 164 3585 
9491 31 1920 125 2171 1462 251 1449 2427 2080 
573 4786 12 
28 1084 5531 124 52 231 8104 1462 231 17 3894 3585 3897 
125 28 3999 13594 222 130 231 9 15603 2585 315 4424 17 295 
10936 173 295 10936 150 41455 109 28 648 397 648 397 1512 231 
7 83 68 1931 150 440 270 15 260 251 7 968 20 3196 95 21 
83 34 9 999 1021 58 205 2170 1864 17 12824 21 
1207 9 1140 1422 143 4 411 4778 161 181 983 150 440 9 4572 
270 21 15 260 12 
13828 