Subject: 6825 9 294 1058 2939 34204 4 454 2660 193 193 193 
2473 21 6825 9 294 1058 2939 4 454 2660 193 
7952 4104 1058 4 648 76 45 568 9 1876 3471 14217 1381 193 
8438 2473 21 6825 9 19788 294 1058 2939 49 1897 74 564 13350 31 28 14459 34 60904 28 1058 10655 12123 193 68 4160 17 8202 5141 839 124 1876 3471 14217 45 17 35 548 49 38 5820 92 12 68 124 15 5491 49 9 294 3042 193 
81 1929 2 20 926 107 1384 515 15 1058 1335 124 45 17 96 31 195 45 28 368 124 298 193 443 164 28 47 310 1058 52975 34 59496 8 576 49 1010 12 443 164 28 52975 34 28 1058 55083 439 150 440 482 38 21 1355 8438 193 
38 450 45 1058 55083 17 28 10656 2949 38 34 38 164 12525 306 15 1058 5610 4606 161 164 4347 12 4 2177 45 20 58 205 7824 34 130 591 130 1250 3471 31 195 54175 8 1440 306 4349 347 7751 430 109 769 1058 2385 12 
3835 45 395 369 161 39773 150 440 205 9 5036 21 6526 21 49 941 143 21 143 1929 45 34927 430 67 2473 21 36 499 31 15 40004 1058 12 251 45 37051 306 68 8054 430 45 161 164 591 3385 34 38 35 220 21 6054 15 1335 1058 13594 1370 28 1190 193 
121 3344 68 32 45 38 18 3042 509 294 1058 12143 17 411 1000 31 1058 45 21 8722 9 11602 45 36 1405 143 4156 1058 1059 2529 45 347 837 36 9 36233 109 15 38048 930 193 
670 13720 1337 164 1832 4 9 2603 45 3040 143 74 143 3040 368 12 161 124 359 56786 86 419 12178 499 15 2563 49 2487 4 9 185 34 18 95 38 21 2671 15 1058 13594 19728 12 
274 3084 2 107 3312 21 77 56971 67 15 1058 1440 21182 12 251 81 439 150 440 464 193 130 419 56 45 68 124 15 5491 49 9 44008 45 294 3042 193 
294 1058 12143 
294 11602 49470 
294 400 49470 
294 36233 49470 
60905 294 4104 1058 
195 68 4 274 454 2660 193 
628 68 347 60906 
24049 240 12 15227 14847 12 11568 
122 4267 45 3815 12 60907 
49 959 2377 38 35 1448 670 
51 143 109 143 6047 2445 23 2 
215 31476 219 55666 143 60908 
1775 1775 1775 81 20776 14 15 2385 109 9623 4104 1058 4 454 2660 193 7 482 21 128 28 2385 23 392 618 12 390 
977 397 429 105 
2464 16 
5913 397 2228 397 1284 
273 16 
139 359 12 
1775 1775 4322 1775 1775 282 12 322 12 215 34918 21 2 60906 219 