Subject: 130 38 870 143 143 298 13119 17 430 
298 13119 17 430 
1324 41409 298 648 143 29128 143 60421 143 2195 215 60422 219 
7207 11039 45 53024 17 53025 193 
5695 15 55031 17 34229 19581 34198 193 
7207 12156 11039 1313 193 
1740 18552 193 
1425 18450 55818 193 
359 11944 193 
359 53155 193 
68 124 9 392 729 12 1529 6567 5054 298 306 359 4998 
21 38 12 38 1324 434 45 359 39570 18 1355 1324 
38 12 1876 3471 2233 45 21598 45 17 14217 12 670 298 
4218 13854 3552 195 430 49 670 
19689 8366 45 1141 195 277 31 
53017 11039 833 17 515 20 35 220 49 38 12 
38 8 7289 21 13260 193 73 15 298 13119 
17 430 13854 369 193 68 124 9 864 92 
3359 193 
1324 670 41409 298 35893 648 143 29128 143 60421 143 2195 215 60422 219 
15 73 18 77 52922 21 38 28 47 997 
517 12 46 15 49 15 92 17 1543 12 
60423 236 124 9 425 2264 21 
255 9260 255 12 195 31 670 3867 3078 
306 9 1876 3471 359 4998 483 182 5697 12 670 
140 208 2195 124 8424 13813 12 46 38 
49 15 1543 12 
68 124 9 208 92 133 12 
21 77 6617 125 68 110 149 21 2 
60424 302 60045 12 1217 306 5247 4 28 627 1479 12 