Subject: 13243 74 50739 
42 315 12 99 
38 84 45 77 369 143 293 28 13243 74 50739 1172 215 72 38 5419 150 440 38 
18 128 20 1370 28 997 2351 2660 219 12 
13243 74 50739 571 10049 21 1853 45 21 6604 3385 964 81 273 14 28 2356 
277 215 50754 317 5224 219 31 28 1329 916 28 1237 12 
274 4 279 38 439 150 440 83 2473 21 3305 68 430 45 81 650 50754 
17 5224 23 28 2917 215 4 6526 219 12 7 18 111 77 159 21 421 38 306 
1172 10049 12 
72 38 8 184 50755 45 81 66 14 12 
7 933 19 21 4024 125 38 1028 12 
117 116 
10367 50756 
6165 9613 
1775 397 10367 50756 
1775 397 1775 397 6165 9613 
143 143 143 143 143 1775 397 143 143 143 143 143 143 143 143 12489 1597 864 
1775 397 1775 397 1775 397 827 38095 9818 
1775 397 1775 397 1775 397 50743 
1775 397 1775 397 1775 397 50744 
1775 397 1775 397 1775 397 1775 397 1775 397 50287 4438 512 729 3918 
143 143 143 143 1775 397 143 143 143 143 143 143 143 143 143 1068 12 141 215 891 219 50745 50741 
1775 397 1775 397 51 12 141 215 891 219 50745 50746 
1775 397 273 2 10367 302 36621 12 774 12 590 
