Subject: 4 28 628 
98 45 
2209 45 8244 221 28 483 487 12 7 6741 17 40146 964 28 1322 328 17 
837 221 37 4 28 628 12 3835 45 28 190 64 2342 959 1032 7 
47663 12 20 64 392 172 12 7848 215 193 219 21 628 37 45 7 90 8 6282 37 49 67 
392 638 45 251 28 34285 56 34 187 85 448 21 617 1910 12 7 968 38 150 151 
6184 482 37 1397 34 45 259 12 12 12 
487 150 204 9 5028 31 28 1856 215 195 1009 7804 219 2 
392 9026 12 1064 143 49 28 1322 
392 172 12 7848 143 49 28 190 
392 729 12 4711 143 49 28 190 49 28 4218 39 7 102 38 
392 144 12 638 143 49 28 4218 39 
392 766 12 1529 143 49 132 92 17 548 
834 653 392 29956 12 638 
3835 45 34 124 959 1032 419 201 968 12 72 38 90 81 
588 49 28 416 392 891 12 638 45 192 12 
7 18 628 28 867 21 38 130 505 12 
143 49857 