Subject: 1310 397 10470 150 338 9091 102 499 
42 1310 150 338 2387 1825 45 
7226 419 8 102 499 215 373 2660 3388 31 420 2 143 219 28 
1310 397 10470 150 338 9091 12 591 192 120 49 15 35213 
1501 21 28 6602 368 12 28 488 49 6537 
451 124 1254 1886 158 91 31 38 18 1449 77 129 559 34 
92 21 4439 109 9485 378 451 12 28 50438 
3981 124 369 60 49 375 45 251 18 77 2684 4 137 92 
306 28 378 451 12 
49 15 430 45 487 164 91 4282 2 
3357 9582 4374 834 
1310 609 892 788 1622 
10470 1535 135 2449 353 
2147 1257 336 646 1064 
638 894 28127 37715 
487 45 231 2147 231 4161 21 28 451 3988 752 21 1310 17 
10470 158 371 109 28 412 150 10248 17 28 375 150 
535 45 419 8 1180 4 540 31 28 373 401 28 
358 18 108 215 107 14467 219 12 9 1326 31 443 451 45 17 
3198 9 2351 772 819 231 1371 764 231 540 164 31 1543 
21 1404 1182 45 18 77 7908 49 379 109 28 3608 
517 12 
591 192 120 45 17 96 1204 45 
143 143 3267 45 2251 17 37747 