Subject: 6496 3385 12 12 12 
28 50971 49 40073 124 13752 17 13753 12 
28 185 21 572 37 124 34 2423 34 4784 6741 4 470 472 7835 9 
13753 17 28 657 4 6834 6835 124 28 13752 12 
259 45 132 773 2016 20593 124 2 
4089 13752 470 336 3424 472 6834 2385 6835 
4089 13753 6834 9 644 45 2012 45 50972 45 50973 45 225 6835 
7 8 413 9 644 12 7231 130 70 2859 12 
36 182 21 14 72 161 164 184 959 1440 12 12 12 
1034 45 
3253 
653 653 653 653 653 653 653 653 653 653 653 653 653 653 653 653 653 653 653 653 653 653 653 653 653 653 653 653 653 653 653 653 653 653 653 653 653 653 653 653 653 653 653 653 653 653 653 653 653 653 653 653 653 653 653 653 653 653 653 653 653 653 653 653 653 653 653 653 653 653 653 653 653 653 653 653 653 653 3253 12131 45 1219 12 9 12 151 1524 45 1617 31 1225 340 45 176 31 
175 45 2010 2642 45 175 45 282 636 1257 645 45 1620 1621 12 
1068 2 215 141 891 3362 219 3363 40347 51 2 215 141 891 3362 219 3363 16602 240 143 628 2 50974 302 851 12 852 12 853 12 590 
