Subject: 
4425 195 
68 124 274 21 4018 434 12 
419 18 3830 306 8831 215 3430 47691 45 3217 47783 219 
49 282 143 47623 45 4 2259 49 12 12 12 47754 4 11690 12 
143 1405 143 2003 2179 419 164 2576 21 
9662 921 28 838 408 158 
11690 549 3261 12 5858 12426 45 849 143 21 143 1157 45 7915 31 
37732 
143 408 2179 419 164 2576 21 9180 12 
47754 4 11690 12 47764 215 144 347 754 19825 219 
540 1237 2179 220 38 2563 21 572 4 15 466 
21 282 143 47623 138 
195 31 28 414 
49 1320 31 443 1237 2179 45 177 1992 45 81 2949 
434 2 
143 105 31 28 1237 17 184 30 140 347 411 
826 158 
47754 648 12 827 12 648 215 1050 2 397 397 1051 12 47784 12 5048 12 853 12 590 397 1959 397 47754 397 6456 12 1056 219 
47754 648 12 644 12 648 215 1050 2 397 397 1051 12 47784 12 5048 12 853 12 590 397 1959 397 47754 397 6456 12 1056 219 
143 9465 10652 408 17 30 45 39787 397 1329 143 650 158 
8694 5151 215 38676 2387 219 215 6591 138 138 219 
143 1136 2234 45 47768 17 30 45 1088 45 
1136 9114 45 409 158 
53 21712 141 141 45 1219 158 31615 144 12 248 12 144 45 144 12 1257 215 47785 167 639 219 
143 2531 486 215 3918 1135 45 6605 45 2659 45 1966 46117 45 409 219 158 
6605 
1034 45 
8236 317 3430 
1775 1775 1775 1775 1775 1775 1775 1775 1775 1775 1775 1775 1775 1775 1775 1775 1775 1775 1775 1775 1775 1775 1775 1775 1775 1775 1775 1775 1775 1775 1775 1775 1775 1775 1775 1775 1775 1775 1775 1775 
8236 47778 
1742 341 47786 
245 31 47787 17 47788 
883 1086 7366 
14766 215 284 219 
407 913 12 47789 45 848 45 47790 14766 215 284 219 
139 2 141 2995 38525 47791 
51 2 2 141 2995 38525 47792 
628 2 47778 302 47779 12 21646 12 11691 12 20 
1051 2 1050 2 397 397 47793 12 47779 12 21646 12 11691 12 20 397 47794 397 449 397 8236 12 5051 
1775 1775 1775 1775 1775 1775 1775 1775 1775 1775 1775 1775 1775 1775 1775 1775 1775 1775 1775 1775 1775 1775 1775 1775 1775 1775 1775 1775 1775 1775 1775 1775 1775 1775 1775 1775 1775 1775 1775 1775 
3430 47781 
8832 143 8831 
5844 47795 2062 47796 143 47797 2606 5392 8833 8834 240 
8835 12 