Subject: 470 46711 472 46711 143 41 294 240 143 628 16 
653 1219 144 653 240 648 653 240 827 653 240 827 653 5554 653 4524 653 240 248 45 
653 151 827 653 240 729 653 1269 0 653 240 648 653 1269 648 653 240 648 653 5596 653 240 648 653 4524 653 5598 653 1269 0 653 1269 648 653 5600 653 1269 827 653 240 617 653 240 729 653 1269 827 653 240 729 653 1269 827 653 1269 644 653 240 248 653 30995 143 628 653 240 644 653 240 1257 653 240 729 653 5599 653 240 617 653 1269 729 653 5048 653 1269 827 653 240 248 
46711 143 8448 302 1243 12 320 12 350 653 5596 653 240 648 653 240 1257 653 1269 644 653 240 248 653 5048 653 240 648 653 5596 653 5600 653 4524 653 666 653 1269 729 653 240 617 653 240 248 653 240 644 653 240 1257 653 240 729 653 5599 653 240 617 653 1269 729 653 5048 653 1269 827 653 240 248 2 
46799 302 1162 12 350 
653 1269 0 653 666 653 1269 729 653 240 648 653 5048 653 1095 653 5596 653 240 729 653 240 1257 653 1269 827 653 1269 644 653 666 653 5048 653 1269 827 653 1269 729 653 5048 653 240 729 653 1269 648 653 240 827 653 1774 653 1269 644 653 240 248 653 1773 653 240 648 653 1269 144 653 1219 144 653 240 648 653 1269 827 653 4523 653 4524 653 240 248 653 3815 653 4524 653 1774 653 240 644 653 240 248 12 
143 143 143 143 143 143 143 143 143 143 143 143 143 143 143 143 143 143 143 143 143 143 143 143 143 143 143 143 143 143 143 143 143 143 143 143 143 143 143 143 
653 151 0 653 1269 648 653 666 653 1269 144 653 5600 653 4524 653 666 653 1269 729 653 1269 144 653 1269 644 653 666 653 1269 729 653 1269 144 653 1269 827 653 1269 729 653 5048 653 240 729 653 1269 648 653 240 827 653 1774 653 1269 644 653 240 729 653 1269 144 653 1269 644 653 666 653 1269 729 653 635 653 1219 1257 653 151 644 653 5597 653 151 827 45 
653 151 0 653 240 648 653 1269 648 653 240 648 653 5596 653 240 648 653 4524 653 240 729 653 4523 653 1269 827 653 240 617 653 240 729 653 240 648 653 1269 0 653 5600 653 240 729 653 240 644 653 5598 653 5596 653 240 648 653 240 1257 653 1269 827 653 1269 644 653 666 653 240 729 653 2536 653 1095 653 1269 144 653 5596 653 240 648 653 1269 644 653 1774 653 1269 644 653 240 248 653 5048 653 240 648 653 1269 0 653 666 653 1269 827 653 1269 644 653 666 653 4524 653 1095 653 1269 644 653 1269 1257 653 30995 143 628 653 1269 827 653 240 648 653 1269 144 653 1269 827 653 1269 644 653 240 248 653 5048 
653 240 729 653 1269 644 653 240 648 653 240 1257 653 1269 648 653 240 729 653 4523 653 240 648 653 1773 653 240 648 653 1269 144 653 5048 653 240 648 653 1269 827 653 1269 729 653 1773 653 1269 0 653 240 729 653 1269 648 653 240 1257 653 4524 653 1774 653 240 144 653 240 729 653 1269 644 653 240 729 653 5596 653 240 648 653 240 1257 653 1269 644 653 240 248 653 5048 653 1269 0 653 240 648 653 1269 648 653 240 648 653 1269 0 653 1774 653 5048 653 1269 1257 653 240 644 653 240 1257 653 240 729 653 5599 653 240 617 653 1269 729 653 5048 653 1269 827 653 240 248 12 
653 151 827 653 240 648 653 1269 144 653 240 729 653 1269 729 653 1269 248 653 240 648 653 1269 648 653 240 1257 653 1269 827 653 1269 644 653 5598 653 240 729 653 5596 653 1269 644 653 1269 1257 653 5048 653 1269 0 653 1269 648 653 666 653 1269 644 653 5554 653 1269 648 653 1269 1257 653 5048 12 
653 151 448 653 240 1257 653 4524 653 240 1257 653 5596 653 1774 45 
653 151 827 653 1269 644 653 5554 653 1269 448 653 240 648 653 5048 653 666 653 1269 144 653 635 653 4523 653 1269 248 653 666 653 1269 144 
653 639 
315 12 10836 46734 
4729 317 1225 11894 
241 317 151 4747 13970 
1162 5876 215 2740 1524 219 
16 2 1808 45 1241 12 240 12 322 12 46763 143 15534 3083 12 
25436 843 45 2538 
268 
1068 12 2 141 454 12 7107 12 46765 
51 2 141 454 12 7107 12 46766 
240 143 628 2 46733 302 1162 12 350 
68 626 112 2475 74 28 231 46711 143 8448 231 110 12 
21 13 9 626 21 28 110 389 45 273 46711 143 8448 302 1243 12 320 12 350 12 
445 110 389 35 13 461 21 411 389 1461 28 110 12 
49 7657 347 1440 45 273 46711 143 8448 143 5338 302 1243 12 320 12 350 12 