Subject: 1 2 2080 49 382 358 
591 192 49 15 2080 12 7 861 20 530 17 187 435 
21 10880 68 1479 31 548 306 38 143 143 4133 109 91 
6476 3199 573 419 8 12 6182 45 7 2892 161 124 9 279 
487 49 312 12615 548 568 215 1364 757 219 11262 3360 17 45 
3198 45 28 548 528 506 74 8111 46691 23 3344 12 
1427 45 130 28 414 18 1039 45 15 548 1465 21 14 21 77 
9703 530 17 1368 45 132 1531 23 28 46692 
382 124 67 9990 1362 143 143 10508 17 19367 67 28 
9686 31 1329 3 45 409 12 34 124 45 72 38 90 4700 
2256 34 11262 164 10 1032 773 1362 179 2033 21 
91 8876 31 573 215 256 219 45 111 68 187 77 516 12 
10528 45 7 187 3088 9 1390 45 2044 46693 
306 91 14501 4 45 49 3521 45 9256 1346 12 
6182 45 7 33 68 431 5688 90 77 11863 49 38 12 
82 14 83 515 38 2937 12 
117 116 45 
4202 46694 