Subject: 1 2 11862 31 997 1841 
42 195 
419 84 65 4758 34 9 1841 1397 28 367 124 48038 12 
3932 28 1915 49 434 20 124 673 1553 892 143 454 45 1553 892 143 454 143 337 1551 12 
96 
98 47745 
3553 31 1085 1959 
2140 31 28 402 423 
45675 2249 45 45676 267 268 
1068 141 2625 47700 51 141 2625 47701 
4656 139 141 47747 47748 
143 143 143 143 143 546 626 143 143 143 143 143 
125 2 5338 143 47681 302 316 12 5048 12 853 12 590 
470 2723 2 5338 143 47681 302 316 12 5048 12 853 12 590 472 109 1842 31 11693 107 
102 2 2366 45 3595 1255 45 7284 848 2 783 207 
21 2 2461 12 47690 302 5048 12 853 12 590 
635 2 47681 302 316 12 5048 12 853 12 590 158 47692 302 8831 12 8832 12 20 158 47778 302 47779 12 21646 12 11691 12 20 
627 2 1 2 11862 31 997 1841 
4071 47690 101 2 
41 7 2937 419 84 6127 306 28 1841 1397 28 367 86 
41 31 28 122 2341 215 1276 21 448 524 219 34 187 966 72 419 3892 
41 395 121 28 367 12 20 150 204 65 28 279 34 161 150 204 9 356 31 
41 3385 34 87 21 77 4283 12 
419 1929 34 12 
49 434 45 1404 28 1464 1414 49 28 1841 420 
215 892 141 454 347 892 141 454 141 337 219 164 673 45 1866 34 9 959 1832 
2380 49 28 1960 1536 124 2626 4 269 21 
11445 2576 17 2411 3544 12 
41 6634 21 15 463 67 28 11451 6219 31 3385 45 7 150 587 
41 1844 3940 130 96 130 7 35 12 443 35 445 77 1827 45 17 
41 28 1333 1148 215 17 184 48039 1153 1148 219 187 77 
41 48 10 4283 23 9 1841 31 195 1277 13530 12 
4 73 49 28 2411 23 28 1841 21 77 130 468 
130 261 45 20 187 77 2435 49 434 21 8 4148 
430 67 28 37684 31 28 12927 1326 
48040 4 269 12 124 161 184 1357 1922 67 
68 12514 408 13215 138 
41 41 84 419 36862 28 3614 31 28 1118 1467 4 28 
41 41 12020 31 68 138 
41 
41 953 84 68 77 829 138 
68 181 6225 109 28 650 31 1467 282 143 47623 124 985 
21 481 306 12514 384 12 164 419 8379 68 13215 
347 124 20 2858 9 298 1408 138 220 26 1916 5089 125 434 
109 670 2596 31 572 138 
41 91 463 8 205 4 28 5486 49 91 92 12 7 12 240 12 2099 
41 49 45 17 28 5036 13006 31 45 573 928 21 1947 28 
41 12927 1326 1946 12 28 270 21 34 260 124 1449 47 
41 48 3558 45 7 150 282 585 45 4 386 86 255 487 8 107 779 777 
41 28 2596 21 481 70 307 12588 12 72 7 128 959 
41 430 109 443 463 45 7 18 5678 6821 20 109 21 
41 1277 13530 12 
41 
41 4 28 254 45 82 150 204 2563 21 8 9 1446 2411 31 443 1148 
41 23 28 1551 1841 12 
419 18 3042 10035 68 1845 65 48041 23 8831 12 
120 45 184 1922 347 4148 430 67 28 
37684 31 28 13215 187 77 47 1368 12 
1034 45 
11693 