Subject: 1971 5113 
359 38 150 1 107 109 9 133 110 45 7 150 282 274 50 9 208 92 240 143 628 49 195 
28 584 1960 41591 306 434 12 
419 95 41614 213 8 1003 5113 36 4148 38230 12 419 439 150 440 
3616 28 5113 419 274 481 20 1357 49 38 21 36 9 4553 5506 12 
65 419 439 150 440 1844 499 19668 347 3571 430 125 38 45 28 
36883 45 259 419 150 1 107 18432 15 2901 430 435 399 2298 
8025 12 7 3050 150 440 105 37 259 7 439 150 440 8 21 6402 67 509 4 4367 
2896 111 7 207 306 38 12 
192 49 107 509 19442 23 14 49 1413 21 95 28 41614 109 670 
2298 2404 12 
1050 2 397 397 1051 12 44125 5113 12 1217 
57168 45 
2957 
144 57169 302 44125 5113 12 3519 
1050 2 397 397 1051 12 44125 5113 12 1217 
3054 38 164 107 109 9 133 110 17 72 38 482 21 13 9 35773 240 143 628 21 
14 49 50 38 68 7 18 3820 21 5424 34 38 164 528 
211 12 528 9 57170 109 28 1971 1931 150 440 2173 419 439 150 440 15100 12 
528 9 41591 1904 45 7 207 47 8812 12 