Subject: 4178 21 8792 150 204 273 
4425 8792 45 
91 4178 2 
653 653 653 653 653 653 653 653 653 653 653 653 653 653 653 653 653 653 653 653 653 653 653 8792 2 7 2937 20 150 204 10 21 3832 28 9315 3272 49 9 1427 45 
17 3088 36513 28 11690 17 674 9315 130 47861 31 28 
1103 208 23 9 1892 4098 45 179 26 18 77 23 9 959 13526 2228 12 
47843 2 125 2596 45 68 1946 18 107 548 12 72 28 9315 
164 21 77 3579 4692 45 111 26 18 47888 12 161 
164 591 1438 21 3047 9 6138 21 4268 9 432 31 2707 45 
17 4606 11969 45 28 9315 49 2259 1924 
18 77 47 1376 21 8827 120 12 
125 132 2596 45 17 34 4 47889 215 28 13609 47890 
1603 6138 219 45 508 1924 2176 28 310 456 384 45 
72 3579 42918 45 251 2172 4 28 47891 31 28 384 12 
508 1924 8 9449 31 1823 45 3296 215 2567 397 3317 219 45 
18582 215 260 397 270 219 45 2696 45 627 45 409 12 313 26 
229 3211 37 9649 12 7 817 34 49 
7365 45 47 2351 538 199 539 45 8802 21 7207 
28 3269 31 1467 45 2671 31 2744 73 4 91 753 45 
3605 4 47892 19382 409 12 
28 1119 3605 2585 28 1924 18 77 45 130 38 
256 45 4 28 3605 4 43005 576 2585 1924 12 
68 124 70 421 414 28 6138 45 540 124 445 8085 
67 28 2899 31 2259 47864 12 
161 124 21 91 2613 9 87 21 2904 47893 
4 28 6138 31 28 1924 12 91 3510 31 28 
549 47832 17 47894 481 4635 67 10437 
3257 12 49 1485 45 20 13154 34 195 1924 
3318 41265 47895 222 130 231 68 47896 45 540 124 869 31 
358 45 112 869 4 47897 231 12 72 208 9563 21 2671 28 2587 
31 9056 9903 67 45 419 18 111 3042 21 450 
1440 11545 4 28 1285 12 419 84 9081 28 3269 
21 540 222 538 164 539 12 
653 653 653 653 653 653 653 653 653 653 653 653 653 653 653 653 653 653 653 653 653 653 653 653 8792 2 12 12 12 72 28 1103 6138 124 65 985 21 6380 1616 282 143 47623 
215 540 1465 261 21 14 219 12 72 28 674 17 11690 9315 164 47861 31 28 
1103 208 45 13671 28 1103 6138 538 419 150 587 8 21 481 
474 
34 28 674 397 11690 47861 215 34 199 1003 21 548 306 9 
272 
30 31 28 1103 30 219 1449 2706 28 1457 9605 12 
47843 2 7 4758 12 28 456 605 31 47674 112 21 8 9 47 4572 
6138 45 3358 445 259 591 37684 12 72 28 6816 
6138 124 21 77 3044 45 419 87 21 481 474 34 28 9593 
9315 85 443 538 921 61 12 7 7949 545 
2892 48 548 109 28 6138 124 539 143 143 28 959 
2100 28 6138 45 28 959 1376 28 1159 1382 
49 4342 7917 45 540 419 87 21 3522 12 
653 653 653 653 653 653 653 653 653 653 653 653 653 653 653 653 653 653 653 653 653 653 653 8792 2 7 2937 
20 150 204 10 21 3832 28 9315 3272 49 9 1427 45 17 3088 
36513 28 11690 17 674 9315 130 47861 31 28 1103 208 
23 9 
1892 4098 45 179 26 18 77 23 9 959 13526 2228 12 
47843 2 7 207 314 36513 28 11690 6138 215 17 9 7365 208 
125 836 548 219 130 47861 109 28 1103 6138 12 68 124 
47898 12 
653 653 653 653 653 653 653 653 653 653 653 653 653 653 653 653 653 653 653 653 653 653 653 8792 2 212 1846 776 124 2428 347 107 419 482 21 572 2194 
13533 49 28 7915 5199 1495 1924 12 49 3521 45 
220 419 482 21 2701 34 161 124 9 4321 143 13113 231 861 143 12700 231 
540 28 754 11561 3211 130 231 861 231 45 231 47899 231 17 231 47900 231 
215 7 12 240 12 28 1103 7915 187 4619 231 861 143 12700 231 21 231 861 231 45 28 11690 
187 4619 231 861 143 12700 231 21 231 47899 231 45 409 12 219 68 187 3318 434 21 
1546 45 49 3521 45 34 21 4634 9 8438 3256 419 572 28 
231 861 143 12700 231 45 308 119 67 28 2933 486 31 28 12700 4 
28 754 1924 12 419 12669 306 68 1946 49 9 1427 306 
1103 17 674 45 251 20 7835 8295 121 9 1427 45 86 215 130 
38 3196 1916 219 4778 1495 1924 220 107 9206 1318 215 9 
674 2744 229 9206 70 1103 208 4 208 279 45 251 107 
4 212 219 12 17 4 508 753 45 12772 11947 164 47 
218 
215 120 45 23 1557 49 674 17 11690 219 12 1423 45 419 87 218 
231 2 9525 231 3796 49 1320 2234 215 130 131 74 47843 1905 219 
3545 45 
17 3312 4321 143 13113 13533 49 7915 5199 1931 150 440 8163 
48 
2954 12 
47843 2 7 2852 11690 17 1103 1906 77 959 999 
1032 674 17 1103 12 7 207 47901 31 674 45 118 12 
12862 45 817 34 28 6261 31 28 7915 124 107 
4342 143 1402 45 251 49 28 60 143 8876 3897 222 130 
231 28 231 45 231 9 231 45 231 107 231 45 231 121 231 45 409 12 177 443 12599 4702 
1495 1924 45 20 124 2340 21 10442 28 310 
11410 143 12927 143 619 45 259 34 4270 222 130 28 16952 47832 
35 1987 306 1510 2210 540 164 7781 
1495 1924 35 77 38697 306 308 2234 143 1402 
7696 12 
28 1946 7 8 5038 49 11690 17 7365 
124 21 2 
9 219 85 28 1103 7915 45 17 2671 28 2240 6386 
17 6386 143 7570 1503 21 28 411 2234 12 
167 219 2698 91 11404 45 17 177 28 549 124 47902 45 
1553 2 
7 219 2671 28 10054 881 21 212 2744 45 
49 1485 45 72 231 47903 231 926 107 7850 4634 
28 2193 31 231 20 124 275 4 12 12 12 231 45 111 1022 28 12700 
540 926 3577 921 28 11410 3816 49 861 143 12700 12 
817 34 49 9490 5820 4342 143 1402 11410 3816 45 
4 597 445 208 12772 18 572 34 2744 12 419 
4 597 18 107 8 1440 177 231 9 674 2744 229 9206 
70 1103 208 4 208 279 45 251 107 4 212 231 12 
179 28 2744 124 576 4 1315 47904 45 111 419 
35 572 9 140 31 11410 13492 45 222 130 861 143 12700 143 648 45 
861 143 12700 143 144 45 540 18 77 8078 74 28 310 2240 
4 1103 45 251 1392 7569 4 91 1924 12 
415 219 177 28 6627 43005 45 489 1032 28 6545 347 
2744 143 1458 45 124 6459 45 2349 9 47883 21 
1211 2234 143 1402 9525 12 23 1557 49 11690 45 
443 753 164 4 28 47905 259 2342 12 
7 2852 7 207 41610 67 4321 143 2234 35271 45 
17 28 959 419 2176 4427 45 28 959 68 124 261 12 
534 45 130 122 130 3039 2275 164 1810 45 20 124 9583 
261 49 70 374 674 6138 397 7915 21 77 576 45 17 18576 
4 13671 674 143 1603 124 1403 12 132 2852 3320 124 34 68 
18 10055 21 959 548 4 28 122 1853 12 
653 653 653 653 653 653 653 653 653 653 653 653 653 653 653 653 653 653 653 653 653 8792 2 194 45 9 1371 4342 1325 124 6184 515 419 87 12 
47843 2 502 12 
653 653 653 653 653 653 653 653 653 653 653 653 653 653 653 653 653 653 653 653 653 653 653 653 653 41 215 47879 11614 143 7267 
41 2 8876 7267 
41 2 12733 7267 
41 2 105 231 4118 1968 231 
41 2 7267 143 92 231 4118 797 231 
41 2 7267 143 1334 231 4118 9830 231 
41 219 
8792 2 68 217 10 1032 3312 1103 4 28 47906 12 20 926 481 
47879 6215 982 11408 45 251 9635 68 1359 18 77 
1994 74 28 1159 1366 12 
47843 2 7 4758 12 
653 653 653 653 653 653 653 653 653 653 653 653 653 653 653 653 653 653 653 653 653 653 653 653 653 141 
41 2513 4321 143 47882 3605 4 43005 
41 470 12 12 12 472 
41 215 47883 115 143 1110 
41 2 2234 11690 
41 2 23700 648 8222 
41 2 23700 144 5118 
41 2 9525 215 2 12700 861 143 12700 
41 2 42462 143 41265 440 
41 2 3296 2567 
41 2 23700 144 143 36271 4 143 36271 219 
41 219 
41 82 14 83 72 38 2937 68 12942 124 9713 8035 12 
8792 2 419 150 587 4618 28 6215 38 7546 45 17 82 38 83 12 
47843 2 47907 45 68 2696 39773 150 440 205 35062 779 12 534 45 
2858 8847 4 28 2234 143 1402 47904 109 8147 
31 28 1103 2267 18 8 28 310 6832 23 1125 12 
959 109 15 47674 1440 4 9 3272 273 12 
47843 