Subject: 1425 6290 19581 308 11944 57225 
54063 31 21125 138 138 138 
28 508 6238 17 13720 185 21 
933 17 767 848 143 639 1010 53987 
193 
7207 11039 10461 
74 
172 3471 12 12 12 
7207 
37793 53988 7814 
74 
1250 3471 12 12 12 
7 
57226 15 19692 20616 
74 
4300 3471 12 12 12 
1427 12 12 12 23 28 310 92 12 12 12 
9423 6290 19581 
74 1250 3471 17 53750 
74 
390 3471 138 
6526 182 28 18573 17 6526 964 28 11039 369 193 195 143 559 9826 215 57227 219 
2529 28 508 53989 1615 20258 13511 1357 21 95 38 2181 195 31 68 12 12 
20258 58 205 3376 21 13640 28 235 4 35775 31 35223 3361 2 
1775 6164 37793 7895 
1775 1425 6290 19581 17 9180 53253 19692 308 11944 193 
1775 5247 53750 17 53990 
1775 53992 20461 4097 17 13538 
1775 6203 20513 17829 17 6054 53991 1896 
1775 6054 18509 45 5566 17 4215 
1775 9633 28 37458 408 
1775 6526 182 15 6290 150 204 16572 92 18573 848 143 639 1010 4 448 524 31 8009 193 193 193 
54020 31 20258 1838 4 236 7210 164 4784 52861 21 77 1838 130 
9 18418 45 373 225 9 517 12 28 7558 187 77 564 2585 144 17 644 7210 2606 
517 12 20258 648 58 765 2405 22106 2606 54030 17 112 7548 21 54031 28 6290 150 204 
2233 54032 31 20258 12 195 143 559 9826 124 28 37020 54028 31 11292 
54029 20258 1357 109 28 3264 328 12 
515 124 13538 54033 215 20258 219 138 
13538 54033 215 20258 219 124 9 34198 42504 48057 4 28 1353 6290 540 
124 54034 74 28 54035 45 28 8875 54036 31 28 6290 45 200 4 28 
54037 408 12 20258 124 9 54038 4359 48057 34 124 54039 
999 21 53243 45 540 124 54034 4 1893 54040 1616 28 429 2351 
954 31 18509 17 121 11944 12 20258 124 208 31 28 508 51619 54041 
54034 45 54042 13538 31 37037 45 54043 45 19693 17 54044 11004 
28 6290 12 4099 31 20258 49747 23 33668 12 
5820 754 1010 10669 556 3471 31 28 37037 4 28 1353 6290 164 12693 869 12 
28 6290 124 8826 31 959 1032 1876 54045 37037 34 164 37669 54046 17 
54047 12 28 12798 17 28 49523 408 6348 769 546 
37037 158 534 45 4 28 12798 294 39956 164 37669 528 2094 21 
13039 17691 31 5820 294 2596 12 877 1611 17 28 3564 
21 2188 17 54048 195 11928 109 9695 13538 54033 12 
13538 54033 50971 54049 124 369 1357 21 11414 962 143 1846 34948 45 
1141 54050 31 28 40280 45 6222 6290 19581 45 54051 19692 36656 45 6222 
53991 45 54051 53024 17 11039 45 54051 12156 4278 17 6108 31 54052 12 
179 13538 54033 15266 1905 671 10461 45 54053 2529 28 
195 143 2233 2483 49 990 2489 12 13538 54033 124 70 14343 48057 
540 124 9971 17 6238 306 359 1992 6219 9605 45 72 1838 4 28 
6382 54030 13869 12 
20258 124 208 31 591 54037 54041 45 222 130 54054 45 54055 45 53456 45 
54056 17 54057 45 34 195 20326 4 4099 130 419 962 12 54041 164 45569 4353 
54058 37669 54034 4 28 54059 4 73 21 36081 28 3544 31 
28 9972 54044 12 28 2744 231 54033 231 124 9593 125 9 674 2744 12147 21 9992 12 
591 31 443 54041 35 77 42039 21 54060 91 31 28 9605 31 41499 158 534 45 
20258 8053 2342 6189 28 1435 31 443 411 54041 12 107 445 926 20 33634 16572 
41499 45 251 20 13029 21 9733 11414 9 1478 6224 31 4557 17 34948 2621 306 41499 45 
1141 1476 28 40280 959 54061 17 7221 53750 21 12887 12 20258 65 2971 
53992 20461 4097 17 20461 6108 12 
90 68 77 
28 54063 31 21125 138 
670 9510 34198 2706 20258 4 38581 179 419 164 10660 45 17 542 4099 
36306 54064 765 92 12 28 441 31 20258 121 28 962 31 608 15266 67 135 3471 2606 1336 45 
259 34 542 4099 124 79 4 1894 74 962 394 12 1427 20258 124 107 294 45 542 6466 130 9 
4063 58 205 864 12 12155 47619 17 37947 8 205 568 20258 49 765 
454 1010 109 35775 31 35514 306 7572 1508 12 3835 45 137 21 28 772 875 
2594 2621 306 20258 45 445 28 3999 13631 17 28 54065 8 205 54066 21 
542 10898 12 212 1021 58 205 34 28 762 20258 10047 45 8826 31 39126 46545 46579 
215 4359 219 45 777 205 445 6238 54029 1461 54020 12 534 45 9 294 341 
2030 74 4514 143 41499 11044 12 45 369 1375 20258 70 6238 45 53146 17 494 71 12 
20258 4099 15266 74 4711 3471 125 962 608 21 7107 
13538 54033 54067 306 962 4 5820 33388 20688 34 58 205 7811 21 632 12 28 
441 31 20326 4 9976 15266 10669 135 3471 2606 1336 12 68 1508 4 28 13538 
54033 4099 677 528 79 4 1894 74 28 962 31 394 12 9976 2706 109 9 14023 
6280 2862 54068 2606 1209 23 962 639 45 438 54068 23 962 638 17 646 54068 23 4711 
1010 31 962 12 2585 28 9038 31 1250 17 4711 45 9490 8139 124 12522 4 13538 54033 
540 1508 4 45749 45 347 54069 54070 54071 12 443 34948 164 386 31 28 
34950 52 41499 540 28 3999 1132 58 2581 124 107 9 671 8104 12 
54072 3564 17 11039 10461 15425 45 130 926 9502 16839 12 1510 213 482 21 
10442 769 54073 54074 17 53024 84 1833 70 6238 13538 54033 54049 
130 386 31 769 9826 54075 12 
124 20258 9971 138 
20258 58 205 1338 576 4 28 3999 1132 
49 765 36577 1010 17 58 205 4327 49 765 394 1010 12 
54086 10319 45 282 12 151 12 17 1193 12 23064 37310 1272 12 151 12 45 7811 765 
6255 6205 17 7824 4 769 4284 244 34 
20258 777 7972 10898 17 
359 6219 9605 193 193 
28 235 112 2581 121 448 347 959 524 31 20258 54049 
17 1315 35223 3361 2 
1775 4514 143 41499 
1775 6222 37793 3845 17 7895 
1775 6222 54080 
1775 2914 11944 7895 17 11270 
1775 6222 19692 36656 308 11944 
1775 5030 31 53990 17 19581 
1775 54083 5030 17 37054 
1775 2914 4215 
1775 54047 31 28 12798 45 18512 45 54076 45 57228 45 54078 45 54079 317 411 54044 
1775 11285 37458 408 
1775 1030 12537 17 34773 54072 
1775 294 20461 13538 17 4097 54081 
1775 54082 5566 
1775 6222 53024 17 54074 
1775 5030 4 772 20513 17829 
1775 4568 4 18509 
1775 15425 4 24333 215 984 219 53991 
1775 7207 4 54084 215 502 219 53991 
1775 54085 31 54043 
38 150 1 985 21 128 195 559 9826 13511 49 1389 392 766 12 1529 12 12 12 
107 837 392 390 12 1529 12 12 12 38 164 985 21 128 28 3509 
2261 143 253 195 143 559 9826 8366 49 445 392 952 12 1512 12 
68 124 107 9 54087 12 
251 38 777 10 12447 3260 86 47948 164 864 12 
419 164 259 9675 4 670 8366 34 231 195 559 9826 231 58 9 
208 76 1446 
5495 5697 
1476 15 15198 4998 298 193 
670 5697 124 34 72 38 164 107 7813 39315 45 
274 611 28 17230 143 576 35910 1370 454 2660 17 
419 18 1844 38 9 1446 5495 31 28 15198 80 12 
824 824 824 670 671 80 49 28 195 143 559 9826 8366 124 392 952 12 1512 7804 12 
49 9 864 92 445 45 38 35 15198 9 827 76 2349 49 445 
392 638 12 1512 
193 
34 124 9 48672 31 
392 2992 12 4114 
2354 670 3536 80 12 
419 18 65 7227 21 3359 38 28 195 143 559 9826 8366 23 68 2620 80 130 122 
130 38 15198 125 434 4 28 460 12 21 85 13350 31 68 48672 38 1906 73 
1370 28 997 848 2660 12 
73 328 2 215 4322 45 5634 45 347 483 73 
219 
13 445 392 144 
644 12 1512 215 1320 19799 124 9 208 76 2349 12 219 
81 1907 392 336 12 1529 49 2977 3526 28 434 
347 
827 76 2349 49 445 
392 644 
0 
12 1512 
193 
81 1907 392 336 12 1529 49 2977 3526 28 434 
2977 124 413 49 195 434 4157 193 193 
21 198 15 73 45 2858 3990 17 6392 499 28 235 486 17 51 
4322 17 486 21 648 143 57229 143 5474 143 57230 347 648 143 21736 143 57231 143 57232 
12 
215 4157 9774 1370 952 954 31 15198 581 45 259 12447 369 193 219 
81 3318 248 21 848 2660 49 2531 12 
653 653 653 653 653 653 653 653 653 653 653 653 653 653 653 653 653 653 653 653 653 653 653 653 653 653 653 653 653 653 653 653 653 653 653 653 653 653 653 653 653 653 653 653 653 653 653 653 653 653 653 653 653 653 653 653 653 653 653 653 653 653 653 653 653 81 12532 208 
81 13 14 9 208 76 2349 49 392 144 
644 12 
1512 
81 1907 392 336 12 1529 49 2977 3526 28 434 
347 
81 13 14 9 754 76 2349 49 445 
392 638 12 1512 
81 1907 392 336 12 1529 49 2977 3526 28 434 
68 124 9 48672 31 
392 2992 12 4114 
2354 670 3536 80 12 
141 141 141 141 141 141 141 141 141 141 141 141 141 141 141 141 141 141 141 141 141 141 141 141 141 141 141 141 141 141 141 141 141 141 141 141 141 141 141 141 
63 74 4322 215 81 3990 1412 21 3522 523 4 15 73 219 
481 4322 34918 21 
2 
231 57233 440 12 231 
105 2 
16 2 
5913 397 2228 397 1284 2 
240 143 628 16 2 
40141 997 1357 4322 487 2 
72 38 220 107 128 15 73 1370 336 2660 45 81 13 434 9 51 4624 434 83 28 15198 632 17 419 18 111 66 38 67 15 73 12 
81 2949 434 15 139 140 2 
81 2949 434 15 51 140 2 
46 38 49 15 1166 45 
81 51 21 648 143 57229 143 5474 143 57230 347 648 143 21736 143 57231 143 57232 12 
1074 45 
670 5697 124 34 72 38 164 107 7813 39315 45 
274 611 28 17230 143 576 35910 1370 454 2660 17 
419 18 1844 38 9 1446 5495 31 28 15198 80 12 
440 747 7 204 626 7 204 2094 9 1241 151 102 322 1200 440 74 2 
5149 12 12 440 12 
440 12 322 12 77 440 12 9 12 741 12 240 12 1241 12 2354 322 12 1200 12 241 12 133 110 321 12 1193 12 240 12 9 12 12 204 12 240 12 273 1200 12 204 12 23 
57234 302 56131 12 3519 
5705 215 1219 219 7284 
195 13124 5836 