Subject: 1 2 9 2707 143 81 2666 6579 1397 28 46342 328 
42 98 45 1571 17 11421 45 
7 150 282 4 8371 28 16536 2261 9 143 2707 45 
1616 34 7 777 9 933 23 28 5109 17 319 
2707 17 7 150 282 477 46343 34 38 1404 
572 28 5600 143 64 1325 12 
215 130 2342 130 7 150 938 4021 20 45 34 3530 
38 8 21 2482 9 580 49 5820 2359 
38 482 21 1445 12 219 
7 439 150 440 83 45 2473 591 1260 9 644 2707 38 9774 45 
251 4 279 38 106 107 45 81 3318 14 28 
235 6542 2 
28 9706 31 1008 2244 108 21 14 130 38 8 9774 
2901 64 141 2359 45 7 12 240 12 28 1373 64 143 4222 45 
3915 31 28 1403 15711 64 143 4222 45 7 12 240 12 
445 17324 141 215 46344 17324 2359 219 921 1008 
2244 17 7289 921 28 2359 1008 3882 12 
49 46345 7 572 28 5676 1325 130 419 9 
195 106 259 4 28 1365 35752 17 30600 1260 143 46346 12 
72 38 220 259 130 505 45 28 294 
6567 31 1008 2244 84 77 
46347 2244 653 46348 2244 397 7636 824 1876 
17 9670 3882 653 46348 2244 397 7636 824 4711 
68 31 203 2258 28 310 13962 45 
251 124 3077 21 28 185 28 3221 1432 
7829 31 443 3033 130 2342 130 7 150 282 
3524 31 137 21 28 373 1260 143 1959 7 150 282 
3524 31 12 
1034 45 
22157 