Subject: 1 2 1642 150 1082 2898 
653 3815 653 5599 653 1269 648 653 240 1257 653 240 729 653 151 0 653 240 648 653 4524 653 240 1257 653 666 653 5599 653 1269 648 653 240 648 45 
653 151 248 653 151 648 653 5597 653 3992 653 1219 1257 653 1219 648 653 151 0 653 5597 653 4437 653 4437 653 1219 648 12 
653 151 827 653 240 648 653 1269 144 653 5554 653 1269 827 653 1269 644 653 240 729 653 240 1257 653 4524 653 240 648 653 1269 644 653 666 51 45 653 1269 0 653 240 648 653 1269 648 653 240 648 653 5596 653 240 648 653 4524 653 5598 653 240 729 653 1269 0 653 240 1257 653 240 144 653 240 729 653 240 144 653 240 648 653 240 1257 653 5598 653 1269 827 653 1269 644 653 240 729 653 1269 644 653 240 248 653 5048 653 4524 653 1095 653 1269 617 653 240 248 653 1269 644 653 666 653 1269 729 12 
653 151 248 653 240 648 653 240 1257 653 1269 648 653 240 729 653 1269 644 653 240 1257 653 1269 827 653 1773 653 666 653 5599 653 1269 144 
653 3992 653 4523 653 5596 653 666 653 1269 144 653 151 248 653 240 648 653 1269 644 653 240 448 653 240 248 653 240 648 653 1269 648 653 240 827 653 1269 729 653 1269 648 653 4523 653 666 653 1269 729 
653 151 729 653 1219 827 12 653 151 644 653 4523 653 240 827 653 4523 653 5048 653 240 729 653 1269 644 653 240 648 653 240 1257 653 1773 653 240 729 653 1269 644 653 240 248 653 5048 653 1219 729 653 1219 729 653 151 644 653 3992 138 
143 143 143 143 143 546 626 143 143 143 143 143 653 639 
125 2 98 99 653 639 
21 2 6639 302 628 12 631 12 350 653 639 
102 2 653 151 0 653 5554 653 1773 653 1269 0 653 1269 644 653 240 248 45 264 653 1219 648 653 1269 0 653 1269 648 653 240 1257 653 4524 653 4523 653 666 653 1269 729 7284 827 2 1795 653 1773 653 1773 
627 2 1642 150 1082 2898 
653 3815 653 5599 653 1269 648 653 240 1257 653 240 729 653 151 248 653 240 648 653 1269 644 653 240 448 653 240 248 653 240 648 653 1269 648 653 240 827 653 1269 729 653 1269 648 653 4523 653 666 653 1269 729 653 240 827 653 240 729 653 240 1257 653 240 648 653 1269 827 653 240 648 653 1269 144 653 5596 653 240 648 653 240 1257 653 1269 248 653 1269 648 653 5600 653 5048 653 240 1257 653 240 648 653 1269 0 653 666 653 4524 653 4524 653 1774 45 
653 151 827 653 240 648 653 1269 144 653 1269 827 653 1269 644 653 5554 653 4524 653 5048 653 1269 1257 653 1269 827 653 240 729 6394 653 1269 644 653 666 7363 2898 653 1269 827 653 240 648 653 1269 144 12 
653 3815 653 666 653 240 1257 653 1269 644 653 1774 653 2536 653 1269 644 653 240 729 653 1269 644 653 666 653 1269 827 653 240 648 653 1269 144 653 1269 0 653 240 648 653 1269 648 653 240 648 653 5596 653 240 648 653 4524 653 5598 653 5596 653 240 648 653 240 1257 653 1269 0 653 5554 653 1269 827 653 1269 644 653 240 729 653 1773 653 666 653 1269 729 653 240 648 653 5048 653 240 729 653 4523 653 5048 653 240 648 653 240 1257 653 5597 653 3815 12 
653 151 827 653 240 648 653 1269 144 653 1269 827 653 1269 644 653 5554 653 4524 653 5048 653 1269 1257 653 240 729 653 1269 0 653 4523 653 1269 827 653 240 248 653 1269 144 653 1269 644 653 666 5705 486 12 
653 151 729 653 1269 0 653 666 653 240 827 653 1269 648 653 1774 653 1269 617 653 1269 644 653 240 729 653 1269 644 653 666 653 1269 827 653 240 648 653 1269 144 653 1269 0 653 240 648 653 1269 648 653 240 648 653 5596 653 240 648 653 4524 653 5598 653 5596 653 240 648 653 240 1257 653 1269 827 653 1269 644 653 240 729 653 4523 653 4524 653 1269 644 653 240 729 653 1269 644 653 666 653 1773 653 666 653 1269 729 653 1773 653 240 729 51 653 1269 827 653 1269 644 653 666 338 143 1242 
653 151 644 653 240 648 653 1269 827 653 1269 644 653 666 653 240 1257 653 1269 248 653 240 729 653 4523 653 240 648 653 1269 0 653 666 653 1269 729 653 240 617 653 240 648 653 1269 248 653 1269 648 653 240 729 653 240 1257 653 240 648 653 1269 827 653 1269 644 653 240 729 653 4523 653 1269 644 653 240 729 653 240 729 653 4523 653 5048 653 240 648 653 240 1257 2 
361 2 1329 3 17 561 
6212 2 913 12 99 45 1221 12 1220 17 1219 12 151 12 1222 
653 1219 729 653 1269 729 653 1269 248 653 240 648 653 1269 648 653 240 1257 653 1269 827 653 1269 644 653 5598 45 
653 1219 827 653 240 1257 653 5598 653 1269 648 653 240 827 653 666 653 1269 144 653 151 0 653 240 648 653 4524 653 240 1257 653 666 653 5599 653 1269 648 653 240 648 653 1269 144 