Subject: 1 2 19522 2141 
41 143 143 143 143 143 546 626 143 143 143 143 143 
41 125 2 98 99 470 2723 2 613 302 1243 12 320 12 350 472 
41 315 11750 21264 101 2 
41 41 
41 41 41 669 315 12 21264 45 
41 41 6921 46388 6766 46389 11364 6932 12 12 12 12 
41 41 
41 41 41 
41 41 41 315 11750 21264 101 2 
41 41 41 41 
41 41 41 41 7438 46349 45 
41 41 41 41 
41 41 41 41 7185 3185 3183 46350 4312 3186 19522 3173 11358 33774 6895 
41 41 41 41 10560 4318 46351 4312 6792 14669 12 15915 3173 4312 15327 15450 6789 6790 
41 41 41 41 3182 46352 6786 6921 6789 46353 215 46354 6859 4318 11777 219 3182 6749 
41 41 41 41 46355 3186 849 31 372 12 6751 15571 46356 
41 41 41 41 7646 46357 215 6934 15632 219 6919 46358 6749 12 
41 41 41 41 
41 41 41 6760 46390 3182 3186 11737 7159 10560 4318 46351 45 6931 3173 
41 6760 46271 
41 41 41 215 6927 4318 6964 456 1086 219 45 6971 11366 6786 3186 4372 2298 
41 6760 6777 
41 41 41 4317 46391 6960 11191 41817 4318 41950 3185 2298 143 371 
41 41 41 561 45 6988 
41 41 41 4312 46392 46393 46394 12 46395 45 6751 15571 3173 3181 3182 
41 41 41 4311 7588 33805 6788 8822 4318 46396 46397 6865 8685 45 
41 15355 6789 
41 41 41 7078 6760 4318 41816 12 
41 41 
41 41 6789 15880 6953 6780 3182 6781 12 15571 3182 11324 10618 46417 
41 46418 3186 10569 
41 41 3173 10618 15120 6760 4312 6887 15924 7078 158 6907 4318 7013 6777 4317 15155 
41 6899 6790 3182 
41 41 15307 158 6921 15571 3182 11324 46398 10627 158 4312 7028 12 
41 41 
41 7521 6854 4317 6749 46419 6774 273 12 3185 6953 41817 4318 46420 45 10618 
41 15120 
41 3173 11729 6760 3186 7186 6758 11832 45 7317 6789 46421 3182 3186 8178 3182 
41 46422 3173 46423 3185 11729 3183 46424 6758 12 6761 
41 10627 12 
673 12 6789 10639 6777 3173 6789 6774 7155 500 12 
41 41 41 
41 41 41 41 46359 3185 6887 46360 4318 46361 3186 46362 3173 46363 46364 3183 6967 6758 12 
41 41 41 41 6906 46365 6768 4315 17633 11312 11327 46366 6751 8682 6917 12 
41 41 41 6755 46399 6774 46366 7060 44911 46400 12 
41 41 41 4311 7043 4318 7174 11829 6786 6789 46401 4312 3182 46402 3173 6934 42201 
41 41 41 15806 7048 45 6971 6921 3186 6937 12 
41 41 41 
41 41 41 41 6953 15524 158 46367 6776 7008 46368 4318 6871 158 11346 15652 3173 
41 41 41 41 6921 46369 6934 6792 10572 12 
41 41 41 41 
41 41 41 7648 10616 46403 4318 6871 6977 6789 46404 12 4312 3182 15880 6953 7078 
41 18264 
41 41 41 3186 18263 12 5170 46405 3182 46406 11395 6760 3182 46407 4309 
41 46408 4311 
41 41 41 6776 3186 46409 7118 6934 6943 46410 45 6751 3183 46411 3185 6766 46412 4311 12 
41 41 41 7169 6906 46413 7582 46414 158 
41 41 7028 4311 11766 7067 6789 46415 3173 6871 33874 4311 12 6751 
41 6921 46416 
41 41 4315 11726 12 
41 41 
41 7085 4311 46425 46426 12 6921 6760 11822 37691 3186 46427 
41 33343 12 6754 6865 
41 15639 34028 6912 618 46428 45 6971 6921 6760 46429 12 6921 7157 7650 
41 6899 6906 46430 12 
41 7091 46431 6921 7325 6751 6789 3183 46411 3182 46406 12 215 6985 150 6854 6887 46432 
41 3177 6921 6789 7528 
41 3182 3186 46433 46434 7468 46435 3173 6887 6904 12 219 
7505 12 42355 3182 46436 7428 17636 12 11395 3185 3186 6917 42349 4309 7115 3173 6789 
3186 46437 6774 33986 12 
41 41 6917 41824 12 
41 41 
41 41 3189 12 
14653 6906 15948 12 12 12 12 12 
3189 12 