Subject: 241 2 241 2 1642 32 
192 9 356 49 28 3260 149 45 98 12 
96 1204 45 
6152 
41 143 143 143 143 143 7448 7449 143 143 143 143 143 
41 7450 2 98 99 470 2723 2 613 302 1243 12 320 12 350 472 
41 7451 2 7692 952 7693 2414 848 12 454 
41 9 2 6153 6154 
41 635 2 14 
41 7454 2 1 2 241 2 1642 32 
41 
41 
41 669 6152 45 
41 
41 7 8 107 102 28 422 779 45 137 21 132 6222 7694 45 
41 251 38 164 4 132 110 12 259 45 38 18 77 357 9 39 12 
41 
41 96 1204 45 
41 
41 98 
41 
41 6153 6154 101 2 
41 41 
41 41 42 98 45 
41 41 
41 41 192 49 28 3206 7689 1059 17 45 837 72 20 124 47 554 45 
41 41 1011 294 1209 12 
41 41 
41 41 7 207 985 21 7690 215 6230 219 91 1322 31 28 1642 150 1082 32 12 
41 41 4 73 21 7691 28 140 31 1322 21 7690 45 7 187 435 21 83 
41 41 2428 
41 41 208 39 58 205 102 21 14 12 
41 41 
41 41 192 4 269 45 
41 41 6152 
41 41 41 
41 41 41 3312 56 34 45 419 8 205 78 9 532 140 31 433 45 
41 41 41 298 31 299 45 
41 41 41 540 419 5631 21 2979 21 28 412 12 23 1557 208 365 31 
41 41 41 1320 2898 18 128 9 39 31 28 3326 12 
41 
41 