Subject: 1 2 9 260 109 15 9792 171 358 
98 45 
12874 2 28 144 380 358 124 1357 4 1056 23 
47560 
824 824 824 
419 545 576 28 310 1172 3561 49 1404 451 12 7 2892 28 
12888 1465 218 86 
648 219 4 28 648 3083 358 419 1544 7298 9585 23 648 12 4 28 431 
358 419 1339 7298 23 0 12 
144 219 28 2107 31 231 47561 231 4 28 429 358 112 4 7751 215 70 
231 2354 143 74 143 648 1409 219 
20 970 231 28 47561 124 28 140 31 28 3816 109 28 110 222 34 
161 124 9 390 143 390 5491 28 1170 18 367 34 3816 12 49 443 
1168 45 419 576 9 47561 31 729 3897 12 231 
20 84 256 231 28 47561 31 70 3816 124 28 140 31 28 14476 
3897 109 28 110 222 34 161 124 9 390 143 390 5491 28 1170 18 367 
34 3816 12 49 443 1168 45 419 576 9 47561 31 729 3897 12 231 
347 45 39183 
20 90 8 56 231 28 47561 124 28 140 31 28 4118 31 70 3816 109 
28 110 215 1544 21 971 23 0 219 222 34 161 124 9 390 143 390 5491 28 1170 
18 367 34 3816 12 49 443 1168 45 419 576 9 47561 31 729 
3897 12 231 
347 45 39183 
20 84 256 231 28 47561 124 28 140 31 28 3816 109 28 110 
215 1544 21 971 23 648 219 222 34 161 124 9 390 143 390 5491 28 1170 18 
367 34 3816 12 49 443 1168 45 419 576 9 47561 31 448 3897 12 231 
824 824 824 
28 19415 124 34 70 3816 23 28 47 8147 31 28 372 110 124 
107 37071 23 195 12 
824 824 824 
28 411 311 28 13134 2172 2585 28 373 451 4 28 373 2194 
9327 215 47562 397 53 12 1217 17 47563 219 124 86 419 576 959 865 17 5615 
573 4 28 144 380 358 12 
143 39386 
143 143 143 143 143 546 626 143 143 143 143 143 
125 2 98 99 470 2723 2 613 302 1243 12 320 12 350 472 
102 2 2059 45 3595 847 45 7284 827 2 2995 207 
21 2 39386 39387 
635 2 14 
627 2 1 2 9 260 109 15 9792 171 358 
192 49 28 149 193 
28 294 358 124 93 959 1832 12 
72 1929 20 3811 45 132 4143 7829 199 3812 45 251 161 
124 9 532 2671 4 28 294 13511 215 9705 848 219 12 28 47564 4 28 
47565 31 321 215 741 219 124 369 2858 150 21330 150 3915 31 150 21330 143 648 150 45 540 444 
28 3045 218 1508 34 164 2712 4 28 358 12 
7 187 77 5693 72 38 90 1075 132 10526 31 28 13511 12 
96 97 45 
98 
39386 39387 101 2 
41 
41 315 12 99 45 
41 
41 46 38 49 15 817 12 
41 
41 81 45 85 9 933 23 976 644 12 144 31 
41 
41 12 6394 
41 
41 20 124 9 40142 358 306 9 10 1334 31 215 999 219 1168 17 
41 769 3964 12 215 28 2080 124 
41 
41 1193 219 
41 
41 117 45 
41 39386 39387 
41 
41 143 143 143 143 143 546 626 143 143 143 143 143 
41 125 2 98 99 470 2723 2 613 302 1243 12 320 12 350 472 
41 102 2 3797 45 3595 1973 45 7284 1257 2 843 207 
41 21 2 577 10141 
41 635 2 28865 9746 158 39386 39387 158 14 
41 627 2 9 260 109 15 9792 171 358 
41 
41 42 315 12 10141 45 
41 
41 7 207 1413 21 572 28 12909 12888 9707 34 38 2339 
41 4 15 9792 171 358 231 8944 3261 31 47557 1708 49 
41 8998 8800 231 21 7894 9 8998 8800 1381 109 
41 28 53 2298 573 12 7 207 9 657 13317 34 7 207 568 20 3811 17 7 
41 187 874 94 15 95 12 
41 
41 124 20 6548 45 34 49 28 47558 648 279 28 9707 49 28 53 2298 573 
124 2 
41 241 653 1876 824 215 13174 1775 9 215 648 397 144 8077 215 215 2461 143 648 219 397 644 219 397 47559 219 45 177 47559 28 140 31 5615 753 138 
41 
41 515 7 482 21 4322 93 124 34 28 1172 124 371 109 28 208 
41 231 1994 231 937 31 28 1170 17 34 195 28 12318 2433 164 6617 
41 125 28 12909 110 12 7 8 65 432 151 653 0 17 21330 653 729 45 540 7 2937 124 
41 515 38 576 4 28 358 12 
41 
41 7 1929 34 20 58 205 91 92 226 38 101 28 358 45 251 
15 
41 95 187 77 47 48 12063 12 
41 
41 96 97 45 
41 
41 98 99 