Subject: 20754 317 8054 1971 430 248 
68 124 107 9 8797 193 15 164 357 68 273 1553 86 45 38 8 102 14 17 273 4 28 1335 45 347 38 164 109 9 110 31 
36031 34917 430 12 72 68 124 107 28 279 45 81 3357 132 57515 1321 17 149 306 231 5247 231 4 28 
627 2018 12 7 18 5247 15 105 3923 193 
36 765 454 45 1857 1537 17 18572 49 392 646 12 1529 193 
765 6240 57516 17 438 45 1857 449 873 195 28 430 15 107 9659 21 8 193 
419 8 6221 17 21153 35775 31 1971 1537 21 1121 21 38 445 28 2267 9713 15 584 46285 483 193 
487 124 9 47 532 4218 31 515 38 18 128 12 
2354 56715 2385 57517 
359 358 40135 45 3831 4578 12143 12869 31 1058 
1109 55844 9722 8673 
236 1166 42901 215 57518 150 204 219 
8054 55844 628 33704 
55844 139 5826 1184 
55844 9118 143 57519 49470 
55844 772 9598 5810 143 298 36177 
55844 5810 57520 143 359 208 4663 
298 55844 14030 
2188 67 9 2974 6224 31 55844 6128 7805 2 
359 619 397 359 6311 3991 6285 8673 45 
9480 6259 8673 45 
5810 143 298 4173 45 
56801 17 1058 12143 12 
71 619 12143 45 
431 8062 2950 17 4581 45 
57521 57522 45 
25 9825 45 
236 42851 39854 45 
176 12747 45 
7465 820 45 
144 380 8062 2950 317 4581 
5991 4581 
57521 57522 
964 21 1876 3471 17877 109 35531 317 399 9686 
580 52824 359 1384 515 15 1058 124 435 
1000 31 1058 964 21 392 1535 45 1857 12869 31 15 1058 
8054 483 12 12 12 231 57523 231 124 9 13405 1347 
20754 1971 8025 34 3318 38 21 6456 184 1237 361 109 28 3264 
2188 28 298 8025 21 6456 195 31 28 4365 294 5113 1357 328 193 
164 1156 19547 15 3203 138 38 35 861 17 6456 37 49 298 193 
618 1058 1059 52975 15 400 1931 150 440 482 38 21 83 193 
1404 4578 17 4632 12869 31 1335 1058 5610 45 306 359 10820 868 347 1058 4190 12 
419 5697 34 38 18 77 4156 49 1404 4578 17 4632 12 38 35 128 1404 1058 12143 1370 848 1166 2660 45 407 4634 2382 17 1059 421 12 
833 12 12 12 13388 392 848 45 1857 5991 1405 143 4156 1058 306 359 1058 4322 45 359 10820 823 45 17 359 208 7809 193 
419 5054 5697 38 150 587 128 827 21 729 294 1058 12143 306 1058 1000 57524 392 848 45 1857 193 38 150 587 128 670 9135 110 31 729 231 8054 231 4373 34 38 35 3305 5991 1058 125 12 306 670 839 38 18 128 9 1405 143 4156 392 11924 1058 1059 1036 12 161 124 5054 359 1058 4322 17 359 10820 823 12 359 208 18 77 4224 3192 12 
51310 195 15 984 1058 193 
7691 9 143 648 1058 4 982 1032 448 524 193 
1876 3471 14217 45 17 1876 3471 44127 14210 7913 53808 45 
55126 45 13723 45 17 55113 12 
236 1058 12143 1876 3471 473 13388 193 
670 236 400 2529 4578 3826 215 241 219 45 4578 34209 215 241 219 45 17 4632 215 241 219 1058 12143 12 
6822 400 8673 308 6128 2076 347 12677 31 57525 12 
5991 61 4 848 33456 49 13002 572 12 
2188 2473 21 36 1322 31 15 2 
827 1058 1537 
53575 5831 1197 486 
133 110 21112 849 
10888 918 5831 
1801 10820 5831 
3999 5831 
10252 5831 
12322 5831 
1876 294 1166 2568 49 28 1209 2405 
360 1438 21 77 15 2745 54136 
827 45 1877 6625 21 44126 6230 298 
28 57526 1058 6605 2422 
3040 143 74 143 3040 1460 21 34204 13286 1058 1059 13723 
765 878 483 52975 
2113 21 8025 4641 306 54425 45 57527 45 2160 409 12 34 28 10656 1931 150 440 482 38 21 450 12 
28 729 9819 9480 6128 839 
28 57528 20390 
298 57522 
2473 21 13208 15 36233 4 1894 
55844 4561 52975 7536 12 648 17 144 
28 52975 31 6230 17 1158 3199 
28 1342 4755 21 1349 1158 8443 
1250 483 1476 1537 
390 33404 143 822 1438 21 481 483 109 28 3519 
19800 28 1424 11011 20451 
2473 21 18585 41254 10671 
240 143 9856 14204 38458 
5695 392 639 45 1857 347 959 4 952 954 
28 9650 1460 21 298 1966 1237 
1808 455 1460 21 9623 15 2745 36243 48043 1166 
2188 2473 21 572 28 1058 55083 21 36 9 9926 294 143 9175 1058 2939 12 
2188 28 4778 34 18 7954 6185 12123 7986 193 
2188 15 14209 13124 17 14209 1058 10655 12123 
1929 2473 1058 430 124 10440 109 15 2385 12 12 12 17 2473 13232 4347 2219 12 
1394 430 34 38 12099 150 440 411 19730 861 35 77 275 72 38 83 177 21 933 12 68 650 31 430 33465 17 4199 195 3581 31 1527 12 3212 125 1095 143 49189 9895 6612 45 10662 45 54410 45 317 36376 36581 45 21 8379 12747 17 9623 294 43262 35 77 275 12 2188 2473 21 6825 2641 12143 45 1801 10820 12143 45 7550 57504 45 53422 150 13175 17 959 12 28 18444 124 31 203 5528 28 430 12 419 35 2482 38 28 8025 34 18 1844 38 195 68 430 17 48 48 959 12 
419 65 8 430 34 479 125 28 9135 423 31 57529 12 220 38 2937 38 8 515 20 12860 138 72 38 1355 50087 515 28 6627 57530 83 45 68 124 28 575 49 38 12 187 38 435 21 450 2473 1342 57530 36 921 3039 2950 138 505 419 35 2482 38 177 21 36 1139 17 1237 21 6604 38 109 15 185 12 1237 49 57529 45 57531 347 40453 10049 18 77 117 12 130 505 130 4441 74 28 96 109 2473 21 572 37 12 85 28 57532 20 150 204 181 107 130 584 130 38 2937 193 
1449 1891 138 502 193 111 1324 28 41409 298 140 1905 21 128 959 430 17 13376 4441 12 3212 124 432 143 964 130 70 5991 6456 12 259 1319 38 63 38 128 15 430 3573 12 
35073 143 30259 143 57533 