Subject: 1 2 470 1654 472 32 1083 2 1329 3 17 542 561 215 1226 7537 219 
7642 4318 7643 3187 4312 6792 7644 3173 3186 6917 7102 12 6751 6771 4318 6993 
3173 4312 7078 6981 6919 7645 7646 7647 6789 6906 7648 7649 
7650 7103 
143 143 143 143 143 546 626 143 143 143 143 143 
125 2 231 98 99 231 
635 2 
102 2 2366 45 249 343 45 7284 448 2 646 640 
627 2 470 1654 472 32 1083 2 1329 3 17 542 561 
215 1226 7537 219 
41 1321 49 1123 1322 12 12 12 
41 
41 419 187 435 21 1983 38 31 28 6466 31 28 6199 3326 7537 2 
41 231 1329 3 17 542 561 231 12 28 605 49 68 32 112 
7651 
41 1616 28 243 203 4 1610 1611 215 1642 150 1082 219 45 540 
41 112 180 74 9 762 140 31 1086 2492 45 2490 17 
41 775 125 559 28 423 12 277 67 1642 150 1082 35 77 275 23 2 
41 1050 2 397 397 1051 12 1243 12 320 12 350 397 2478 397 1654 397 1642 1082 397 
41 28 32 124 7652 371 109 1979 34 112 2712 4 1642 150 1082 45 
251 
41 20 7653 6189 34 74 233 1315 2439 451 109 3558 1086 
41 1148 31 1329 3 12 1364 28 412 31 28 32 164 508 31 28 
41 1835 4 1642 150 1082 2 
41 3406 2510 45 2959 2552 1095 2507 45 2251 1095 2252 45 
41 2958 2550 45 3790 2516 45 2656 204 12 2333 45 
41 4071 2528 45 6277 6278 45 1604 1600 1605 
41 17 411 1329 3 775 12 
41 
41 38 35 861 959 430 67 28 3326 4 28 235 2588 2 
41 1050 2 397 397 3979 12 553 12 1095 397 3979 397 504 397 155 397 7654 397 7655 397 440 7537 12 5051 
41 1050 2 397 397 3979 12 553 143 3170 12 1217 397 3979 397 504 397 155 397 7654 397 7655 397 440 7537 12 5051 
41 72 38 215 347 15 7656 219 8 9 4221 21 6199 38 35 861 28 
41 6191 31 28 32 23 28 414 2588 12 
41 
41 96 97 45 
41 
41 98 99 
41 
1775 1775 
41 68 626 112 2475 74 28 231 1654 231 110 12 
41 21 13 9 626 21 28 110 389 45 273 1654 302 1243 12 320 12 350 12 
41 445 110 389 35 13 461 21 411 389 1461 28 110 12 
41 49 7657 347 1440 45 273 5338 143 1654 302 1243 12 320 12 350 
41 