Subject: 4561 430 38 870 12 12 
38 199 2110 13384 21 14 130 4091 213 112 
1027 49 9 2671 45 9 4561 35229 45 259 7 150 587 
36 1457 21 28 776 12 
7 207 28 208 34 35 95 38 481 392 9830 45 1857 833 68 
1209 125 3314 306 15 1225 17 139 12 
68 124 107 23352 17 20 124 47 1342 12 
164 38 5648 67 1476 392 2405 833 2606 1867 
1544 1457 497 306 9 4572 408 
177 4158 164 197 38 17 
38 220 5054 12086 18432 138 
35 38 6482 4572 3040 143 74 143 3040 4441 17 1022 
1053 28 2954 21 481 68 9 4169 49 1897 1544 
328 138 72 15 270 124 194 45 111 419 87 21 1522 12 
7 8 2351 9585 1357 109 132 3390 17 542 4 132 96 
1543 21 7730 38 49 2487 12 4 2177 45 7 150 282 259 474 34 
7 35 220 259 45 7 150 282 8161 21 1022 132 483 177 132 18171 124 193 
6125 2334 38 130 9 1825 109 132 3390 45 7 18 1211 
38 306 2974 8198 865 17 3836 
5926 21 1022 38 3923 109 28 2642 21 2487 12 
359 2596 829 12 12 12 12 534 38 1906 8 
373 37807 2 21136 255 12157 17 9 5648 9987 
49 9 2901 17 4561 2671 12 
85 9 3315 21 85 28 997 3040 74 2916 14 23 132 
3314 157 17 7 18 36 38 28 277 12 
648 143 6255 143 9840 143 56687 17067 56688 
952 52953 397 248 2660 
20814 97 193 
3901 
231 52963 164 10 1032 56689 12 56689 481 38 9 8012 158 
52963 481 38 9 52745 231 
143 35497 56690 
21 77 6617 13 273 21 56691 302 7618 12 1217 