Subject: 33929 33924 33947 33921 33924 33940 33952 6956 16549 46580 
33927 138 46580 56100 7296 138 43221 4318 44500 11178 52879 193 193 193 
33940 54488 33929 52878 16549 33945 
16549 33945 
4718 2642 31 56388 150 14144 56388 150 10129 
14096 16549 33958 46580 6956 33920 11178 53666 33924 16549 33945 16549 33939 6776 33948 11180 6899 16549 33945 56388 150 14144 219 46580 6956 53666 46580 16549 33945 215 6776 33948 11180 6899 16549 33945 56388 150 10129 219 46580 6956 33929 53666 33921 6795 46580 6956 
6956 36209 52873 33927 16549 33945 14096 46580 6956 33942 6770 33943 33916 46580 6956 33936 33946 33954 33933 53666 7301 11180 33916 33942 6770 33943 33916 
33941 33952 53666 18094 33918 43221 33952 6927 33920 33948 52882 56241 33931 53414 33950 33918 18094 33924 6776 33942 33951 14393 33941 53666 7301 11180 33916 4318 33924 33933 33953 15157 7303 16549 44500 54261 7301 33929 6795 33952 6927 53414 52873 33921 138 33924 33916 33929 33942 33929 6956 33933 33953 16549 44500 33936 33931 13384 74 
215 273 
33920 33941 4318 55848 11204 46580 16549 
33945 33942 52882 10274 16549 44500 4318 16549 33954 56389 33927 33920 33941 6956 7091 16549 46580 16549 46580 16549 46580 
53414 33950 46580 55621 33929 11180 56390 12 56391 33941 52874 33942 639 33942 6776 33936 6795 16549 46580 
11491 33947 11491 33939 11180 6899 33952 33943 16549 33945 
33947 33917 11180 56392 2 397 397 56393 12 23 12 14096 12 1217 
33937 42392 33924 33954 33918 18094 11180 10274 4318 43221 33927 33920 52874 138 4318 11491 33921 138 33924 56394 
4318 16549 16549 33945 33954 56389 33927 33920 33941 6956 7091 16549 46580 16549 46580 16549 46580 46580 46580 
11180 33948 46580 54534 33917 33921 33954 4318 44500 11178 52879 16549 46580 
56395 763 763 763 763 763 763 
53666 11178 33933 33927 46580 33937 46580 33937 56396 52878 33947 16549 46580 
4318 33937 6795 138 4318 33937 55877 46580 33938 15157 33917 33921 33954 46580 33921 16549 56078 7303 53666 11178 33927 138 33918 18094 33942 6776 33942 56259 33953 15157 33917 53410 46580 16549 
55486 53666 33943 11180 6899 33927 7303 16549 46580 
56396 
10274 33953 46580 6956 52878 11178 4318 6776 33947 138 33929 52878 
33947 33917 11180 56392 2 397 397 56393 12 23 12 14096 12 1217 45 52874 7296 138 43221 52878 11178 4318 6776 33947 138 33929 52878 55575 33921 56397 33920 33941 4318 55848 11204 52873 33954 14393 33941 16549 46580 
33933 14669 46580 56105 11312 33929 54851 33917 
33954 33945 54488 33945 6770 33929 33924 54261 6958 11491 6956 16549 44500 56398 33953 4318 56123 33942 4318 55848 11204 46580 16549 
56399 653 56400 
12893 
56401 
4318 43221 33927 33920 2 1050 2 397 397 56402 12 55865 12 3519 