Subject: 1742 11451 
42 195 45 
81 21339 68 628 21 28 758 34 164 453 306 28 
1742 11451 4 1320 245 12 
4 28 267 150 1841 419 3798 21 2223 91 1148 3932 28 
1487 17 28 10260 31 28 1742 11451 386 31 282 143 47623 
1616 1886 12 28 1119 1148 34 419 187 435 21 5695 164 2 
648 12 2473 231 11611 231 18 2686 28 11451 386 31 282 143 47623 138 
144 12 2473 164 419 985 21 1987 306 13609 549 2886 138 
827 12 164 419 985 21 572 9 2194 10884 574 12140 49 47764 
17 1851 49 7210 1326 138 
644 12 926 47754 1383 1947 47765 138 
729 12 419 87 21 7812 34 419 18 8 1446 53 143 6113 142 1947 1616 28 
1136 2204 49 47754 17 1742 1366 12 
161 164 65 91 411 3385 45 259 7 18 8721 672 8415 17 3430 21 
4018 28 6353 758 12 
96 97 45 
16107 
1232 4089 
16107 8558 1232 4089 
176 31 267 1232 1775 1775 4089 
1617 31 316 1232 
342 31 1826 17 10884 574 1232 
