Subject: 4153 
4425 195 45 
7 274 4428 1844 38 91 430 109 28 282 143 47623 4153 2 
670 9758 13792 58 314 7548 493 31 20 45 540 38 18 
450 47 1028 12 20 6458 499 3320 45 34 72 419 164 21 572 9 549 31 28 
2861 34 20 112 201 1464 45 419 18 8 9 609 455 4153 45 540 
124 531 48 17 185 531 5488 12 28 605 124 21 77 159 21 8 9 
644 455 4153 45 306 28 429 455 130 9 216 17 208 455 49 1320 
2234 12 874 45 419 87 21 8 9 549 5030 21 23 1557 1894 
542 1125 2861 12 
419 2892 45 34 1160 124 9 536 13350 4 68 2259 
4153 45 226 28 3509 2141 124 371 109 34 2343 45 259 20 124 
9713 28 2896 21 3577 195 28 1924 4 208 4153 12 20 65 959 
3549 49 2397 45 226 419 164 107 3559 3524 31 28 
48030 2234 31 670 3268 45 1012 4 236 
1111 45 177 45 130 20 112 1076 4 8839 45 28 4153 18 77 
576 12 
20 124 181 9 502 605 21 48031 91 47 1333 277 45 17 8163 
91 1462 45 1427 23 28 310 92 45 6825 9 4153 34 35 77 2666 74 9 
6188 6826 130 505 12 
212 9496 34 38 84 3832 4 188 45 124 92 2 20 187 77 
990 21 36 28 11404 1028 45 86 44412 125 28 156 
1617 18 77 13338 125 28 1535 902 31 511 395 28 5824 
31 997 1209 45 17 10695 45 28 9758 13792 34 124 2513 28 
4153 45 125 28 648 3083 21 28 248 902 31 3391 158 109 8147 31 34 45 419 84 1907 
28 92 539 49 2871 20 12 
47752 
143 143 143 143 143 143 143 143 143 143 143 143 143 143 143 143 143 143 143 143 143 143 143 143 143 143 143 143 143 143 143 143 
47976 47962 
47977 143 47978 
2140 31 28 402 423 
45675 2249 
47979 45 267 
143 143 143 143 143 143 143 143 143 143 143 143 143 143 143 143 143 143 143 143 143 143 143 143 143 143 143 143 143 143 143 143 