Subject: 241 2 1642 150 1082 2898 
42 98 45 
2473 164 38 138 925 3212 124 673 12 
38 84 8 314 293 28 51 3932 28 5705 486 12 
96 97 45 
6152 
321 12 204 12 2 7 187 435 21 83 2473 15 548 124 985 109 12 220 38 8 184 2739 21 
933 49 20 138 192 4 269 12 
143 143 143 143 143 7448 7449 143 143 143 143 143 
7450 2 98 99 470 2723 2 613 302 1243 12 320 12 350 472 
7451 2 7452 343 7453 7284 618 12 1799 
9 2 6154 302 2062 12 3429 12 20 
635 2 14 
7454 2 1642 150 1082 2898 
42 6152 45 
81 861 2915 9 6394 2939 306 15 2898 4 28 553 1519 12 
81 45 8 9 933 1461 20 45 21 450 72 3212 124 673 12 
7 207 65 2888 28 5705 486 12 90 38 81 5912 20 17 
13 20 21 14 74 51 215 141 454 143 648 143 1242 219 138 
28 277 31 28 32 215 539 49 28 486 219 164 2 
361 2 1329 3 17 561 
6212 2 913 12 99 45 1221 12 1220 17 1219 12 151 12 1222 
96 97 45 
98 