Subject: 2948 17 2856 
41 
41 419 8 754 2403 49 2948 49 28 2141 45 49 540 591 
41 192 21 3723 47699 12 38 35 450 443 23 
41 
41 
41 81 8 9 933 23 37 12 481 2600 21 28 110 45 347 21 3723 347 
41 21 14 45 130 38 450 3577 12 82 14 83 72 38 8 184 1440 
41 6455 28 455 12 
2403 49 2190 347 13589 21 28 754 2948 3376 109 28 
455 164 39477 17 1530 12 2868 35 2671 130 505 12 
41 65 1357 125 34 455 124 9 46801 964 31 9 36189 2583 
41 9 7267 49 282 143 47623 3864 12 2600 45 9578 45 409 12 14580 12 
41 
41 34 2743 3894 28 1828 34 419 572 6394 130 9 1519 49 
41 2141 3864 12 82 14 83 72 34 124 7877 21 77 9625 12 
41 72 2622 124 7877 21 482 21 572 2744 45 3198 26 3196 13114 
41 21 2706 9 8084 49 670 930 7267 45 1319 419 8 3386 
41 1467 12 
7 4758 306 28 572 31 12 6394 
22267 45 20 1465 34 38 8 314 7908 28 2846 38 5633 158 219 
3723 
1775 1775 1775 1775 1775 1775 1775 1775 1775 1775 1775 1775 1775 1775 1775 1775 1775 1775 1775 1775 1775 1775 1775 1775 1775 1775 1775 1775 1775 1775 1775 1775 1775 
3723 47699 
2032 45 10890 4169 1617 
2140 31 28 402 423 
2249 45675 3083 12 
267 45676 45 268 
1068 12 141 454 648 47700 
51 141 454 648 47701 
1050 2 397 397 1051 12 47694 12 350 397 