Subject: 1 2 498 13594 31 2431 125 8839 45 623 45 952 397 848 397 1529 
42 22267 45 42 195 
3932 28 4153 49 28 282 143 47623 2141 45 419 8 2170 28 
5688 49 28 47694 21 2897 21 542 4099 12 
545 28 47694 8 359 15711 2871 13977 45 251 419 90 12296 
28 1453 31 28 4153 74 670 13100 45 130 1028 130 419 36 28 11404 12 
4 68 279 419 90 65 3990 28 4153 4 208 374 425 4 
268 12 28 3830 3312 9 2415 49 68 548 18 8 4 68 279 21 
216 485 28 64 31 28 2871 21 28 1180 425 12 545 9 
429 35573 371 109 670 2596 124 34 28 64 31 2871 4 
268 18 77 559 648 12 2862 143 144 12 1857 3900 45 4150 34198 109 28 140 
31 449 45 28 819 31 358 17 28 140 31 1322 12 
4 279 34 195 28 8448 4758 4 68 1048 45 419 187 87 130 1028 
130 261 28 11404 21 77 576 4 195 827 1924 12 670 13792 282 12 
44412 47959 215 44412 302 47694 12 350 219 18 12296 28 548 31 28 
1453 31 28 4153 12 
419 187 65 8 21 9493 540 3830 18 216 28 64 31 2871 4 
73 21 7691 28 3984 306 28 2871 425 12 
7 18 107 77 4 28 157 226 1037 3928 997 1037 45 251 4 279 
34 195 28 8448 4758 44412 187 77 1011 21 128 28 11404 347 
23 1557 70 4143 30 12 
130 1028 130 7 611 7 18 65 2223 28 5688 31 9129 9 
42610 379 371 109 9 2168 776 379 1866 74 28 
8448 12 
96 
98 47745 
3553 31 1085 1959 
2140 31 28 402 423 
273 47693 302 47694 12 350 
1068 141 2625 1795 333 47746 
51 141 2625 1795 333 11939 
4656 1068 141 47747 47748 
143 143 143 143 143 546 626 143 143 143 143 143 
125 2 5338 143 47681 302 316 12 5048 12 853 12 590 
470 2723 2 5338 143 47681 302 316 12 5048 12 853 12 590 472 109 1842 31 4071 47690 
102 2 2059 45 249 246 45 2405 827 2 848 640 
21 2 47681 302 316 12 5048 12 853 12 590 
627 2 498 13594 31 2431 125 8839 45 623 45 952 397 848 397 1529 
4425 195 45 
7 47960 9 498 31 28 13594 31 2431 12 7 150 938 2915 1915 21 9 
9 140 31 3897 540 419 4602 150 440 420 259 1318 1616 28 
1841 12 81 367 17 82 14 17 28 110 83 31 184 
2600 45 6578 45 409 12 
68 13594 124 65 1357 23 
17 4 
38 150 587 861 3949 21 2580 78 74 8448 12 68 
6185 31 2580 124 17384 12 7 87 1322 31 
2580 125 8236 45 11693 45 16107 17 100 12 
192 120 21 11693 17 3430 49 2390 28 1841 215 17 49 
195 28 47961 219 12 
1034 45 
143 143 22267 
282 143 47623 1841 45 8839 623 45 952 249 2405 
1125 2 
47752 47962 
8792 8793 
47857 47963 
3217 47783 
11693 107 
47843 322 150 47964 
3430 47691 
3430 47781 
8236 47778 
22267 47690 
13828 47965 
16107 8558 
98 47668 
100 47759 
42739 8942 215 16623 445 219 
2431 17 2563 31 548 282 848 143 282 1254 215 7 12 240 12 648 397 336 397 1529 143 337 397 248 397 338 219 
1893 6196 215 21 282 336 45 653 75 618 397 1529 219 
282 1257 
74 337 397 848 397 1529 3345 64 1198 659 45 17 659 31 3506 
2671 49 319 215 42711 219 
47694 17 8832 143 8831 21 8435 411 2483 389 31 28 
10384 12 215 5597 12 28 5859 2915 21 1430 4191 74 14727 45 17 
115 1360 31 11690 17 674 4191 219 12 215 47694 45 8831 219 
151 144 12 648 47966 2076 21 77 2205 12 215 240 12 913 12 231 4946 47967 231 219 215 42711 219 
22072 729 42711 21 1211 549 49 2141 47968 17 131 3123 
31 9 42370 215 347 3198 47969 219 379 12 47673 21 
8435 5688 31 312 10439 49 2141 47968 17 31 
34844 28 3806 379 12 195 8448 21 367 28 
5688 31 4 143 930 4099 31 47969 397 42370 
379 12 
22072 144 42711 21 2349 451 4 2375 306 12073 2398 
49 11451 2886 12 
42711 21 1075 2257 23 8876 936 12 
282 848 
338 397 336 397 1529 674 4427 17 1285 47970 306 12897 30 215 8831 219 12 
1259 397 336 397 1529 16952 47832 2174 4 5161 30 215 42711 219 12 
47673 215 21689 219 21 1211 215 21 8831 45 42711 17 14606 219 91 
37063 67 28 115 4342 12 
1535 397 336 397 1529 997 47971 7925 45 1141 9 4572 549 47832 45 70 16952 
47832 45 17 91 1947 1366 45 240 12 913 12 215 12897 9139 219 215 42711 219 12 
2600 109 151 827 12 648 21 319 215 195 219 
42711 21 2385 21 14606 17 8831 109 877 8169 31 
3996 31 47754 1141 12927 1326 158 14606 17 
8831 21 3042 368 31 11547 7877 5036 
5384 31 12927 1326 1946 
548 4 22072 144 21 7227 998 1125 1000 215 42711 45 14606 45 
8831 219 12 
1828 125 42711 397 8832 143 8831 49 9139 31181 49 47826 12 
282 336 
1535 397 618 397 1529 4143 3996 31 34332 47832 23 8831 158 2563 49 
1145 31 47826 306 68 47832 215 8831 45 42711 45 
319 219 12 
74 337 397 618 397 1529 45 47968 21 77 2475 21 755 1829 215 42711 219 12 
282 618 
28 282 618 35475 12984 18 77 371 109 28 12897 30 12 28 
5161 40841 18 65 77 1357 49 9590 45 17 
18 6539 28 2141 38183 49 1170 1923 12 
1535 397 338 397 338 195 2179 215 7 12 240 12 12897 30 45 47971 45 17 1846 
4427 45 11451 49 1099 45 20 45 23609 219 21 77 47972 17 
34532 49 7 219 572 4 28 367 17 415 219 1892 6311 
17 1172 215 195 219 28 7541 49 28 11451 
2179 124 959 7877 21 77 4 28 486 31 47973 
13119 45 489 1032 9 1446 1285 7541 12 
4 4442 49 28 367 45 9 6613 12335 31 9 
1531 18 77 869 12 2403 49 367 649 21 77 
2626 21 8448 215 42711 219 12 68 18 9683 70 
15711 367 31 28 429 336 524 31 28 2141 12 
379 2974 17 1357 49 572 4 3588 
306 28 10384 12 215 195 219 
367 215 1303 347 1551 45 7 12 240 12 419 12813 1551 219 
143 143 143 143 143 143 
28 1174 18 1853 11416 12 8832 143 8831 21 1211 9 1329 306 
12897 30 432 143 964 4 279 31 1440 306 3519 
7220 12 215 8831 219 9 6613 12335 18 77 1357 130 
182 964 12 215 42711 397 8831 219 28 42370 397 47969 379 18 65 
77 1357 12 
282 1254 12984 
143 143 143 143 143 143 143 143 143 143 143 143 143 
18 77 9 429 13208 23 
143 11559 1742 215 7 12 240 12 1103 306 12927 1326 219 215 42711 219 
143 13679 2179 921 28 1487 125 47634 215 42711 45 319 45 
8831 45 47634 219 12 
3123 548 2563 49 282 618 143 282 1254 
143 143 143 143 143 143 143 143 143 143 143 143 143 143 143 143 143 143 143 143 143 143 143 143 143 143 143 143 143 
22072 648 42711 21 7227 548 397 11024 109 5161 40841 45 21 
14205 34332 47832 158 8832 143 8831 21 7227 548 109 47833 
1145 158 195 21 7227 597 5036 1136 12 
22072 144 42711 21 6539 47749 31 12927 1326 158 11108 74 14606 
17 8832 143 8831 31 5036 13006 31 12927 143 1326 12 
22072 827 319 21 10878 3996 31 1159 1366 45 
2175 306 47634 45 47694 45 10810 31 1408 6843 12 
22072 644 42711 45 8832 143 8831 45 319 45 47634 21 9975 109 877 1988 17 
3996 49 282 1254 12984 158 9 13101 30 21 77 1901 
49 282 343 12 
22072 729 47634 45 47694 45 8832 143 8831 45 42711 21 9975 306 755 1829 
215 379 17 35475 219 12 
632 31 997 1841 
143 143 143 143 143 143 143 143 143 143 143 143 143 143 143 143 143 143 143 143 
28 997 1841 124 1880 49 606 892 45 622 454 1551 4 2014 347 
267 215 627 21 107 47974 306 28 367 45 17 1471 21 77 
9821 21 9 42700 1841 306 8448 125 319 17 42711 219 12 
3590 2 11108 31 367 2385 158 2576 49 282 1254 12984 158 3593 
49 15552 45 17864 12 28 1260 363 45 334 150 338 158 548 2563 49 524 618 143 608 12 