Subject: 1 2 5294 2 8130 49 1537 17 42950 
22267 47690 101 2 
41 262 101 2 
41 41 419 2339 28 235 7267 215 3521 49 28 176 31 267 219 
41 41 883 17 10682 176 31 267 215 14606 219 45 268 
41 41 66 2 43 262 47723 
41 41 176 31 267 45 1617 31 316 
41 41 47724 45 47725 45 350 143 47726 45 267 45 268 
41 41 1068 12 2 141 454 648 47727 45 51 2 141 454 648 47732 45 240 143 628 2 
41 41 47730 302 2062 12 14606 12 350 
41 
41 7 150 282 107 259 474 67 68 12 419 150 1 7877 21 8 538 31 2404 
41 3575 17 215 959 19856 219 31 273 17 9502 2588 
41 17 3852 2589 12 259 45 161 150 204 70 421 67 412 31 
41 42950 215 17 28 2141 3553 219 3312 21 3345 28 
41 12740 4329 31 66 430 12 34 56 45 68 124 941 
41 21 220 4 1900 12 515 220 411 8448 2937 138 
419 164 1011 306 184 1441 109 68 12 
8792 