Subject: 9493 15 984 1058 306 9 294 1058 2939 328 193 
81 1981 1050 2 397 397 1051 12 54360 12 2426 397 58181 397 11012 12 1056 138 3199 1775 619 653 21658 5661 49 1446 277 12 
487 150 204 2473 38 35 8 9 19788 294 1058 1896 4 952 954 193 
28 96 386 124 12 12 12 20 150 204 1876 3471 14217 45 1876 3471 10654 45 17 1442 13388 193 
143 143 143 143 143 143 143 143 143 143 143 143 143 143 
42 18794 45 
220 38 8 984 1058 45 13723 45 53493 347 
184 411 1058 1440 138 926 20 1029 435 15 984 
1058 124 16544 38 182 125 48881 49 9 3986 
1058 1059 45 11602 3921 45 347 837 9 1617 13039 1059 138 
164 38 40266 31 28 53703 31 528 527 23 
15 1928 21 36 184 1058 23 195 138 72 259 12 12 12 7 150 938 221 
91 13825 502 514 49 38 12 
143 143 143 143 143 143 143 143 143 143 143 143 143 143 
7 18 2482 38 1951 2473 21 36 9 294 45 3272 45 9175 
1058 2939 12 12 12 17 20 18 77 2603 31 184 1335 1058 5610 193 
17 20 150 204 1876 3471 14217 193 
20 1931 150 440 1384 45 72 38 8 13723 193 
20 1931 150 440 1384 45 72 38 150 938 1199 49 4960 193 
20 1931 150 440 1384 45 72 38 150 938 205 58182 193 
20 1931 150 440 1384 45 72 38 8 9 5810 58183 193 
20 1931 150 440 1384 45 72 8 205 9 3792 58184 4 28 1335 193 
20 1931 150 440 1384 45 86 15 1058 2939 18 77 7813 
294 17 7813 374 31 184 4349 1335 2939 193 
306 132 5684 12 12 12 1370 28 997 394 2660 45 38 18 3573 17 2164 
36 195 3986 1058 12143 
2188 456 17 243 1058 52807 1337 
36 400 49470 3260 17 4572 
36 52826 369 
8 4104 1058 109 231 15 19788 294 2939 231 4 454 143 394 2660 
36 5991 1058 125 1342 1617 9899 
11602 49470 3260 17 4572 
17 48 45 48 959 193 
1319 120 45 81 1981 1050 2 397 397 1051 12 54360 12 2426 397 58181 397 11012 12 1056 138 3199 1775 619 653 21658 5661 21 
3620 68 990 3359 12 
21 77 6617 125 670 133 110 45 81 1981 
19688 