Subject: 1224 174 4 1225 340 7536 12 7537 
42 6212 45 
1226 7537 124 369 1357 6230 12 38 35 861 20 23 28 2739 
347 
419 187 94 20 72 38 90 6825 9 3979 21 1226 7537 109 15 
215 382 219 2298 2404 12 
130 6212 31 1226 7537 419 187 435 21 3359 38 298 1379 21 28 1226 
6230 125 247 7284 395 28 75 31 249 7284 12 81 817 34 
28 572 31 28 3979 430 504 124 445 49 15 2745 2870 12 
1170 143 619 2 1226 1775 5048 1257 
7627 2 7628 7629 214 
306 331 97 397 24 7630 7631 
7632 7633 
553 143 1179 
4099 144 
422 397 2118 397 294 7634 
6232 343 
151 143 6233 3699 
1068 12 141 2449 3700 6234 7635 
51 141 2449 3700 6234 7636 