Subject: 1 2 1742 11451 
16107 8558 101 2 
41 42 195 45 
41 
41 81 21339 68 628 21 28 758 34 164 453 306 28 
41 1742 11451 4 1320 245 12 
41 
41 4 28 267 150 1841 419 3798 21 2223 91 1148 3932 28 
41 1487 17 28 10260 31 28 1742 11451 386 31 282 143 47623 
41 1616 1886 12 28 1119 1148 34 419 187 435 21 5695 164 2 
41 648 12 2473 231 11611 231 18 2686 28 11451 386 31 282 143 47623 138 
41 144 12 2473 164 419 985 21 1987 306 13609 549 2886 138 
41 827 12 164 419 985 21 572 9 2194 10884 574 12140 49 47764 
41 17 1851 49 7210 1326 138 
41 644 12 926 47754 1383 1947 47765 138 
41 729 12 419 87 21 7812 34 419 18 8 1446 53 143 6113 142 1947 1616 28 
41 1136 2204 49 47754 17 1742 1366 12 
41 
41 161 164 65 91 411 3385 45 259 7 18 8721 672 8415 17 3430 21 
41 4018 28 6353 758 12 
41 
41 96 97 45 
41 16107 
41 1775 1775 1775 1775 1775 1775 1775 1775 1775 1775 1775 1775 1775 1775 1775 1775 1775 1775 1775 1775 1775 1775 1775 1775 1775 1775 1775 1775 1775 1775 1775 1775 1775 1775 1775 1775 1775 1775 1775 1775 1775 1775 1775 1775 1775 1775 1775 1775 1775 1775 1775 1775 1775 1775 
41 1232 4089 
41 16107 8558 1232 4089 
41 176 31 267 1232 1775 1775 4089 
41 1617 31 316 1232 
41 342 31 1826 17 10884 574 1232 
41 1775 1775 1775 1775 1775 1775 1775 1775 1775 1775 1775 1775 1775 1775 1775 1775 1775 1775 1775 1775 1775 1775 1775 1775 1775 1775 1775 1775 1775 1775 1775 1775 1775 1775 1775 1775 1775 1775 1775 1775 1775 1775 1775 1775 1775 1775 1775 1775 1775 1775 1775 1775 1775 1775 1775 1775 1775 1232 
42 16107 45 
49 11451 9210 45 81 13 15 461 21 28 235 255 
531 45 213 164 1960 23 28 11690 47777 2 
8236 47778 2 47778 302 47779 12 21646 12 11691 12 20 
3430 47780 2 47781 302 7556 12 3422 12 47782 12 20 
22267 45 90 38 1907 1510 373 2588 21 28 282 143 47623 133 110 138 
192 
96 
3430 