Subject: 122 9261 23 392 0 12 1529 2606 5889 193 
1530 
21 28 460 31 318 
1522 195 
38 482 12 
359 2606 5889 10945 12 
359 14216 12 
359 44195 36380 12 
6359 
1127 
369 2529 
48719 122 9261 2916 
1544 23 392 2449 12 1512 2606 76 
12086 4170 2606 5889 2916 12 
359 1994 388 143 359 14216 
4 143 2228 17 499 31 2228 122 9261 164 2891 
2622 35 2489 12 52741 45 2492 45 17 1166 255 12 
63 74 28 76 
359 92 8134 
572 125 184 139 
14728 819 504 
128 
959 430 67 68 2563 487 193 824 
143 
28 460 124 369 143 
824 74 6635 109 184 31 28 414 
2113 45 38 4758 21 17 164 34917 21 128 959 430 
125 670 425 173 670 3867 17 1184 12 
419 164 70 1971 1555 
425 34 10446 57726 38 4 269 31 294 1127 1357 
21 28 6826 12 38 150 938 12591 49 670 1555 504 1461 208 31 
28 235 2 2298 2404 387 45 1424 11011 387 45 347 208 31 
1315 44129 4 273 9701 12 21 77 6617 125 195 460 8364 125 
670 425 45 2858 6460 487 17 8066 
28 273 16 38 187 435 21 8 6617 12 
419 3037 54300 28 572 31 8797 273 17 220 107 482 2622 213 926 107 467 21 128 670 8364 21 128 37 12 130 9 966 45 419 8 49323 28 1184 31 70 374 827 2287 20977 21 54301 670 110 1153 17 5247 110 12 
68 124 107 8797 12 72 38 220 107 467 21 128 840 8364 45 81 6460 1905 17 8066 15 273 23 28 4242 31 28 455 12 38 229 111 6134 143 50078 34 38 18 4430 128 212 273 125 434 120 12 1050 2 397 397 1051 12 54302 12 1217 
28 608 3083 8861 1422 12 1203 7 12 151 12 140 54303 