Subject: 55896 33918 33917 33953 36209 52874 33953 33941 33952 15157 33917 11491 52878 33929 33942 16549 44500 33941 36209 138 6927 11491 52878 33929 33942 16549 46580 16549 46580 
52882 33954 33947 33929 16549 33945 1050 2 397 397 1051 12 57487 12 1217 397 138 282 653 57488 
33954 56389 33927 33945 33942 193 33918 56242 33954 56389 33927 33927 138 33918 18094 4318 44500 11178 56102 33953 33945 33942 11491 33947 11491 33939 33933 33937 53666 6795 33942 33954 33918 43221 33918 18094 15157 33917 53410 53414 57489 33953 6770 33933 33937 33953 7296 4318 44500 52874 33947 33945 6770 53414 6795 11178 52879 33953 138 16549 14393 
54851 52882 44500 53414 52882 33927 138 11491 7303 240 143 628 52874 7296 52873 33918 138 138 6956 7296 33918 57490 33918 53414 52873 33953 11725 54489 52874 33947 11178 52879 138 33953 52878 33927 33936 4318 33942 33924 33940 16549 44500 53720 33952 33943 33953 33953 33929 33924 33942 7303 11491 52878 52874 33953 33933 57491 16549 14393 
52874 11180 52882 10274 33927 138 33918 18094 33936 33943 16549 44500 52882 33947 33918 18094 33936 33943 46580 33932 46580 33932 53666 6795 33942 33954 138 7296 56770 33922 16549 14393 52882 44500 33918 18094 33929 33938 4318 33929 53414 52873 33942 138 33929 33924 16549 46580 
6795 138 6956 33948 33927 138 33952 33916 16549 44500 33933 56243 33949 33933 33947 52882 10274 46580 33932 46580 33932 11491 33954 6776 33948 33927 6795 33942 138 33920 33936 14393 43221 46580 33932 8077 8077 57492 33921 53666 11178 57493 33942 33936 33924 33953 11178 33952 33927 138 138 138 33938 33941 193 
14393 33941 33927 138 4318 33921 52874 33947 52882 10274 827 33918 18094 33936 33943 46580 33932 46580 33932 15157 138 11180 138 46580 33932 46580 33932 138 7296 56770 33922 52874 33947 52882 10274 16549 14393 16549 46580 6795 138 14393 33954 6795 138 4318 33937 55877 16549 44500 33927 138 14393 33954 33952 33940 33927 138 14674 33917 16549 46580 
1257 33938 33946 53414 6795 33942 6776 33947 33934 16549 56078 33944 33945 33952 11180 10274 33942 138 33921 33927 6795 138 54851 53666 11178 248 11178 52873 53414 6795 52882 10274 33943 33934 16549 14393 
33938 33916 33924 33940 33938 33916 33927 33941 16549 44500 52874 33947 52882 10274 33927 33917 33924 33924 16549 44500 33947 138 52882 54535 33918 53666 52879 33936 33937 52874 33953 53666 4318 33924 33917 11491 52878 16549 44500 138 138 138 138 52882 10274 248 11178 52873 53414 6795 46580 33932 46580 33932 55923 33952 138 4318 18094 33942 33933 33927 138 52878 33949 46580 33932 46580 33932 33943 52881 52882 10274 33927 138 33924 33958 33927 138 4318 33921 33952 33916 33943 56107 33953 53414 11312 53414 11312 46580 33932 46580 33932 33924 10274 11491 6770 4318 52879 33929 6795 16549 44500 33929 4318 14393 33937 53666 52873 52882 10274 33933 33927 52874 33953 33924 33951 33954 11312 16549 46580 33924 33951 33954 11312 33936 33947 53414 6795 16549 44500 6776 54489 52874 33953 33936 33947 53414 6795 33943 33934 8077 322 8077 6956 33951 11180 138 16549 44500 6795 138 52874 33947 33927 138 33918 18094 33936 33943 16549 44500 33929 4318 11491 33941 6776 33954 52882 10274 33927 138 6776 33940 52874 33922 4318 33929 16549 46580 648 11178 52873 827 33938 33946 53414 6795 33942 6776 33947 33934 46580 33932 46580 33932 55923 53666 11178 33953 52878 33927 33936 4318 33942 33924 33940 16549 46580 33929 4318 6956 33948 52882 10274 33927 138 33918 18094 33936 33943 33941 33952 6776 11178 52874 33947 52882 10274 144 11178 52873 644 33938 33946 53414 6795 33942 6776 33947 33934 46580 33932 46580 33932 11180 6899 33947 138 16549 44500 6795 138 33929 33942 33941 33952 33938 6795 33927 6795 33929 33924 11178 52879 138 33939 52882 10274 16549 44500 55923 53666 11178 6776 4318 33936 53725 4318 33936 6776 16549 46580 33953 7296 6795 138 33924 33940 16549 14393 33953 11178 33942 138 33938 3177 11491 33939 16549 46580 4318 138 14393 33941 33952 55609 7303 33938 4318 138 33939 138 33939 52874 33953 33927 33917 4318 33929 6795 53414 46580 33932 46580 33932 6795 138 6956 33948 16549 44500 6956 33940 11180 10274 33936 54261 16549 33945 46580 33938 33953 33950 14393 33941 33924 33940 54261 7301 33929 33924 16549 44500 6795 138 14393 33941 33924 33940 54261 7301 33933 6776 46580 33921 33938 46580 46580 33932 46580 33932 11491 33954 6776 33948 33927 54483 138 33920 33936 14393 43221 16549 44500 57492 33921 11491 15158 33927 138 138 138 53666 33936 53666 33936 14393 33954 33943 11177 46580 33932 46580 33932 33952 6795 33924 33940 33933 33927 16549 44500 33942 138 33954 56829 33953 16549 46580 
824 824 824 824 52873 33929 11180 33916 11491 33947 11491 33939 824 824 824 33945 57494 33922 52874 33953 33940 53414 824 824 824 824 824 824 824 
33954 56109 33937 15157 33917 33927 33920 16549 44500 52874 7296 138 43221 33929 33927 33941 33952 11491 33947 6460 487 138 6927 53414 57495 33921 7650 16549 44500 138 56107 7296 138 43221 6776 53414 33941 11312 298 5912 143 964 455 4318 4318 52878 33949 33927 55869 33941 16549 46580 
11180 138 33945 54488 16549 44500 33918 36209 4318 33940 14674 11204 53666 52879 16549 44500 33927 138 6795 33947 33927 138 6795 33947 53666 7301 11180 33916 33924 33940 33952 57496 52882 10274 46580 16549 
33952 33943 33942 5757 53666 11178 33933 33927 33933 33937 52882 10274 11491 33947 33921 7296 33954 56389 33927 52874 33953 52873 33929 11180 33916 33952 7650 33952 33918 56241 33942 43221 52882 54535 33929 11180 57497 33948 33920 14674 4318 33924 52874 33953 33952 33918 33947 33931 143 
429 105 824 2 33942 33951 4318 4318 16549 33939 6776 33948 16549 33945 57498 54261 33954 33927 6958 16549 33958 
977 105 824 2 33924 33936 16549 33939 6776 33948 16549 33945 8712 54261 33954 33927 6958 16549 33958 
425 105 2 14393 33941 6795 138 42392 
2464 16 824 2 52873 33927 15157 33922 4318 46580 4318 11491 16549 33945 16549 33939 33927 138 53414 33939 33927 33937 33952 7650 33952 33918 42392 33924 33954 16549 44500 6795 138 11180 138 53666 54262 138 52874 33947 138 7296 56770 33922 6795 53414 16549 46580 16549 33958 
6776 33948 16549 33945 11178 56225 33945 53666 33924 824 824 52874 138 11491 33947 143 5913 824 2 33920 11178 53666 33924 33942 33951 215 6776 33948 16549 33945 57499 33929 6956 33933 33953 42392 33924 33954 219 
2228 824 2 14393 33941 6795 138 42392 143 1284 824 2 33929 53666 33921 6795 16549 33939 42392 1857 143 1857 16549 33958 
2476 824 2 6956 36209 52873 33927 16549 33939 52878 46580 14096 16549 33958 
139 824 2 55538 138 33938 33945 33940 33943 33916 16549 33939 6956 36209 52873 33927 33954 36209 33943 33916 6241 141 11180 33922 57500 11178 33917 33933 138 33945 33940 11178 33938 0 52874 33953 55538 138 33938 33945 33940 33943 33916 16549 33958 6776 33948 16549 33945 57501 143 57502 824 824 824 46580 36209 6241 143 29334 143 57502 824 824 824 16549 33958 
51 2 14393 33941 6795 138 42392 143 240 143 628 824 2 55538 4318 33929 33924 33940 33952 7301 16549 33939 10274 33949 33929 33924 52874 33953 33947 138 52882 43221 53414 56285 33939 6956 33948 33924 33940 33952 7301 33954 11312 55490 16549 44500 10274 33949 33927 33936 33933 138 33921 138 42392 33924 33954 6776 33948 11180 11491 16549 33958 
1075 240 143 628 824 2 33936 33946 33954 33933 53666 7301 11180 33916 33924 33940 33952 7301 52874 138 4318 11491 824 824 824 824 824 
1209 31 7550 824 2 33920 18094 33941 36209 33953 56275 33948 16549 33945 7551 46580 6956 2011 
35146 824 2 33924 33936 33921 33934 6829 16549 33939 33953 33924 16549 33958 45 57503 16549 33939 33940 52879 16549 33958 
7627 824 2 33942 6770 33943 33916 16549 33939 448 33933 138 33927 33936 33941 33952 16549 33958 824 824 824 824 824 824 
1075 7627 2 11180 11491 11180 33952 33942 6770 33943 33916 16549 33939 33921 138 33924 33916 33929 33916 33941 33952 33952 47448 44500 16549 33958 824 824 824 824 824 824 
2473 220 38 482 21 128 4186 34 38 19653 138 33927 33936 53666 6795 33942 33954 33924 33933 53666 33947 33947 33929 53666 53725 138 54261 11491 16549 14393 824 52813 57504 215 1874 392 392 219 33947 33921 54261 11491 824 5634 33952 4318 33947 33934 11180 6899 33927 33937 33947 33921 54261 11491 33953 6770 53666 54816 33947 10274 11312 33921 53414 52873 33944 33918 138 52874 33953 53414 11312 33933 43221 16549 44500 52874 11312 53414 52873 53666 11178 33927 138 33924 33958 33929 6956 33933 33953 33938 53411 33953 53666 57505 46580 6956 33954 33940 33954 33917 46580 55875 7303 33940 14674 52874 11180 53414 33936 33929 33931 4318 33924 6956 36209 11180 54493 33954 56241 16549 44500 138 6956 53666 11178 52878 46580 33936 138 33952 4318 33947 33934 33921 11180 33947 33952 33945 33952 10274 7296 33924 33958 16549 44500 11178 33916 52878 46580 33936 138 5634 
220 38 482 21 77 2601 179 15 57235 17274 964 138 52873 33929 11180 33916 138 11204 33936 33921 33920 33941 6956 7091 53666 33921 15157 33939 4318 33937 33953 7296 33943 33934 16549 14393 52878 46580 194 
57487 12 1217 11178 33916 52878 46580 33936 138 4318 33936 52873 33945 52874 33953 33938 52879 33945 33942 138 52881 33924 10274 11180 54536 16549 33939 4318 6927 53414 55869 33941 52878 46580 848 4318 4318 16549 33958 
1549 52874 7296 138 43221 55511 54261 52882 33953 138 33941 33952 54851 138 11204 33920 18094 33952 4318 46 38 52874 33953 4318 4318 52878 33949 15157 44500 53666 33921 33953 7296 52874 33953 619 16549 33939 33929 33942 138 52873 33942 33951 53666 33948 4318 4318 16549 33958 33945 15157 33942 6770 33943 33916 33927 6795 138 11204 33920 18094 33952 4318 33936 33931 54261 52882 33953 138 33941 33952 52873 11178 4318 46580 55511 16549 44500 52873 33929 11180 57506 33921 33952 16549 44500 33927 138 11178 33924 673 52882 10274 16549 46580 55621 33952 6795 11491 55848 54261 8077 322 8077 11180 138 33945 54488 16549 44500 729 11491 4318 4318 33929 4318 52879 33953 33931 33953 7296 138 11204 53666 54816 33947 33927 138 11491 7303 138 53414 33929 33932 33924 33940 16549 46580 12 
824 824 824 824 824 33924 33951 33954 11312 11491 33947 11491 33939 824 824 824 824 824 
33952 11180 33947 15155 33941 6770 33918 33917 33953 7296 52874 33953 11178 4318 33940 54488 33945 33942 33929 52878 33942 11178 8077 8077 824 
6795 138 6956 33948 16549 44500 33927 138 53414 33939 33927 33937 52873 11178 4318 46580 33938 52878 57488 33918 33953 33933 33937 33953 7296 52874 33953 619 33940 53414 6795 138 11180 138 16549 44500 33953 7296 53666 11178 33936 33931 33933 33937 33933 33927 33924 33951 33954 11312 52882 10274 16549 46580 53414 33917 6795 138 53666 11178 33953 7296 8077 322 8077 33945 33942 52882 10274 16549 44500 33953 11178 54851 4318 16549 33953 7296 53414 6795 53414 6795 11491 55848 54261 52882 10274 46580 33932 46580 33932 6795 138 16549 44500 33929 7091 33918 33942 53666 11178 4318 16549 33933 33927 33942 11178 33927 138 54261 33934 11491 6956 33954 56835 54261 16549 46580 6776 7303 6795 33940 53414 33936 33938 46580 16549 46580 8077 8077 824 
9 448 9 248 302 802 12 57507 33940 53666 11178 33933 33927 33929 33942 52874 33953 33929 53666 33952 7301 16549 46580 6776 33954 33924 33940 33921 138 33918 33954 16549 46580 
55927 74 55928 1050 2 397 397 55928 12 40342 12 3519 