Subject: 52751 45 9041 36581 36 28 52752 139 34837 135 12 1512 12 12 12 12 12 
369 38 35 
7380 15 
4494 109 184 
139 45 
52753 45 347 373 185 19652 49 445 392 135 12 1512 193 193 193 193 193 
833 38 52754 
298 52755 52756 
193 
193 193 193 
298 2977 193 193 193 
1930 109 184 9041 139 45 52753 45 347 373 185 19652 193 7380 15 1087 347 35422 36376 45 9761 45 347 52757 139 10884 130 505 130 15 52753 347 373 185 19652 10884 49 10 4494 4 762 
42856 45 52758 45 52759 45 17 591 411 6625 177 28 10884 229 36 2217 7221 1480 45 2619 3625 45 6831 3625 45 409 12 
68 52760 15711 45570 34837 1930 109 184 10173 45 9794 45 52761 45 52762 45 52763 45 52764 45 52765 45 52766 45 52767 45 52768 45 347 184 411 19788 1087 52769 52770 347 9761 10812 139 215 130 2606 28 42891 31 52771 45570 34837 219 12 81 817 34 20 18 107 1211 10884 177 161 124 410 12 20 35 445 2482 4568 177 161 124 314 52772 10884 12 
109 52773 45 20 4334 2585 28 6290 31 28 9041 139 17 28 9041 139 34810 12 109 52751 17 144 185 19652 150 204 45 2858 12884 20 109 9 9037 52774 28 6290 31 28 8366 12 20 124 47 941 21 40076 193 40080 4441 164 413 306 15198 12 
6466 2 4784 20555 28 997 1166 517 12 
15711 45570 52775 2 7380 15 1087 347 35422 36376 45 9761 45 347 52757 139 10884 130 505 130 15 52753 347 144 185 19652 10884 49 10 4494 4 3999 42856 45 52758 45 52759 45 17 591 411 6625 177 28 10884 229 36 2217 12 109 52773 45 20 4334 2585 6290 31 28 9041 139 17 28 34810 
7690 117 369 193 
9253 430 
68 273 112 102 21 28 5338 31 28 235 61 397 16115 2 
52776 
21 9253 125 460 8364 31 68 650 45 1981 
68 455 
52777 
52778 
648 143 6255 143 52779 143 52780 
28 429 52781 273 16168 33387 74 282 302 52782 302 52783 12 12365 21 52784 6125 28 52785 31 52778 347 12365 21 43998 28 2233 203 31 1166 31 
52778 1369 18 77 627 21 6107 34202 17 397 347 34979 51086 215 1141 251 107 864 21 12365 21 18105 45 43905 31 504 44023 17 397 347 8146 28 1110 31 1203 8025 219 12 195 1202 107 52786 5247 3592 18 77 20323 
215 1324 648 143 6255 143 52779 143 52780 10528 347 49 5926 306 28 52778 9752 219 12 
5705 653 52787 1257 1108 143 7284 52777 52778 12 52788 5836 12 
14217 1467 1232 
9657 3617 12 