Subject: 1 2 1642 150 1082 2898 
41 9 47 4518 260 2 124 161 184 2259 311 49 6386 
41 150 1600 150 306 9 532 347 9 7462 849 4 15 105 138 7 8 5046 
41 20 21 9 532 849 45 235 411 999 2587 215 240 12 913 12 1600 
41 1605 219 17 7 112 3209 2428 7 7463 150 440 220 34 12 
132 1824 105 124 306 9 7462 1221 45 259 1600 7456 2 219 
4 28 351 45 20 124 2194 21 572 9 532 1221 12 
7 150 938 205 6336 34 9 532 1221 3530 34 208 7464 21 28 7465 45 17 
7 150 282 107 158 219 
41 7 8 293 20 12 192 193 
41 173 28 1 143 418 31 28 358 45 7 2937 34 2251 58 314 5856 
41 21 28 57 67 34 17 26 56 20 124 673 12 130 6212 45 419 220 107 8 
41 9 1021 306 20 12 
7 150 282 148 19 21 28 418 31 28 32 193 
97 45 
6521 