Subject: 430 8800 
653 1219 648 653 240 827 653 240 648 653 1269 0 653 240 248 653 1269 644 653 666 653 4523 653 151 827 653 1269 729 653 5048 653 240 729 653 1269 648 653 240 827 653 1774 653 1269 644 653 240 729 653 1269 144 45 
653 1219 729 653 240 827 653 5596 653 240 648 653 240 1257 653 5048 653 240 1257 653 1774 653 240 448 653 666 653 5048 653 1269 644 653 240 648 653 1269 144 653 1269 644 653 240 248 653 1269 827 653 1269 729 653 5048 653 240 729 653 1269 648 653 240 827 653 240 648 653 1269 827 653 4523 653 240 648 653 1773 653 240 648 653 1269 144 653 1269 827 653 1269 644 653 666 653 1269 0 653 1269 648 653 5600 653 240 827 653 1269 648 653 240 648 653 1773 653 1773 653 240 648 231 653 635 653 1219 1257 653 151 644 653 5597 653 151 827 231 653 1773 653 5554 653 1269 827 653 1269 1257 240 143 628 653 5596 653 240 648 653 240 1257 653 1269 1257 653 1269 144 
653 1269 827 653 1269 729 653 5048 653 5554 653 1269 644 653 240 648 653 240 1257 653 1269 648 653 666 653 240 1257 653 1269 827 653 1269 644 653 666 653 151 0 653 1219 729 12 248 231 653 151 448 653 240 1257 653 4524 653 1269 644 653 1269 648 653 1774 653 1269 648 653 240 1257 653 1269 827 653 1773 653 240 648 653 151 0 653 4524 653 240 248 653 1269 648 653 666 653 1269 448 653 666 653 1269 648 653 4523 653 240 648 653 1269 144 231 45 653 240 617 653 240 648 653 1269 827 653 240 648 653 1269 144 653 1269 0 653 240 648 653 1269 648 653 240 648 653 5596 653 240 648 653 4524 653 666 653 5599 653 1269 827 653 240 648 653 5048 653 240 648 653 1773 653 666 653 1269 729 
653 1269 827 653 1269 644 653 240 729 653 4523 653 4524 653 240 729 653 1269 644 653 240 729 653 666 653 1269 644 653 240 1257 653 240 644 653 1095 653 1269 0 653 666 653 1269 644 653 240 729 653 5048 653 240 729 653 5600 653 1269 644 653 240 729 653 1269 648 653 240 729 653 1269 144 653 1269 0 653 4524 653 240 248 653 1269 648 653 666 653 1269 448 653 666 653 1269 648 653 4523 653 240 729 653 1269 144 653 5554 653 1269 248 653 240 729 653 1269 644 653 240 729 653 1269 0 653 1774 653 5048 653 1269 1257 653 1269 827 653 240 729 653 1269 644 653 240 729 653 1269 248 653 5048 653 666 653 4524 653 666 653 240 827 653 4523 653 240 729 653 1269 144 
430 8800 215 653 5596 653 1269 729 653 1269 648 653 4523 653 1269 1257 653 1269 144 653 1269 0 653 1269 648 653 666 653 5601 653 5600 653 5048 653 1269 644 653 240 648 653 1269 827 653 1269 644 653 240 248 653 5048 653 240 729 653 4524 653 4524 653 240 248 653 5048 653 240 1257 653 5596 653 1095 653 5596 653 240 648 653 240 1257 653 240 644 653 240 1257 653 240 729 653 240 617 653 5048 653 1095 653 240 648 653 240 827 653 666 653 1269 648 653 1774 219 12 
653 1219 729 653 1269 0 653 4523 653 1269 827 653 240 248 653 1269 144 45 653 666 653 1269 644 653 240 1257 653 240 644 653 1095 653 1269 0 653 666 653 1269 644 653 240 729 653 1269 0 653 240 648 653 1269 648 653 240 648 653 1269 644 653 240 248 653 1269 648 653 1095 653 1269 827 653 240 729 653 240 1257 653 1269 144 653 5554 653 1269 248 653 240 729 653 1269 644 653 240 729 653 5048 653 240 648 653 5596 653 1774 653 5048 653 240 729 653 1269 644 653 240 729 653 1269 827 653 1269 644 653 240 1257 653 1269 144 653 1269 827 653 240 729 653 4524 653 4523 653 240 644 653 240 729 653 1269 144 7783 143 788 653 1269 644 653 240 248 653 1269 144 
653 1269 0 653 1269 648 653 5600 653 1269 644 653 240 648 653 1269 827 653 240 248 653 1269 144 653 1269 0 653 666 653 1269 729 653 240 648 653 1269 448 653 666 653 1269 648 653 666 653 5599 653 5048 653 1269 644 653 666 653 1269 827 653 1269 729 653 240 827 653 5596 653 240 729 653 5596 653 1269 648 653 240 1257 653 1773 653 5554 653 5048 653 666 653 1269 0 653 240 648 653 5596 653 5554 653 1269 644 653 666 45 653 240 729 653 4523 653 5048 653 240 648 653 240 1257 653 240 729 653 1269 729 653 1269 0 653 1269 648 653 5600 653 1269 827 653 240 644 653 240 729 653 5596 653 1269 644 653 240 729 653 1269 144 12 
653 1219 827 653 240 1257 653 240 648 653 5048 653 240 648 653 1773 653 1269 0 653 666 653 1269 648 653 5554 653 1269 827 653 1269 1257 653 5048 653 240 648 653 5596 653 1774 653 5048 653 1269 1257 653 1773 653 240 1257 653 240 648 653 1269 827 653 5599 653 5048 653 240 617 653 240 729 653 1269 827 653 240 248 653 5600 653 4524 653 1269 1257 653 5048 653 240 648 653 1269 729 653 1269 644 653 5598 653 5048 653 5596 653 240 648 653 240 1257 653 240 729 653 1269 0 653 666 653 1773 653 5554 653 5048 653 1269 1257 653 1269 144 653 1773 653 240 1257 653 240 648 653 240 729 653 240 1257 653 1269 827 653 1095 653 240 827 653 240 248 653 1269 827 653 240 248 
653 1269 827 653 1269 644 653 240 248 653 5048 653 240 729 653 1269 0 653 5600 653 1773 653 240 729 653 5048 653 240 248 653 1269 827 653 1269 729 653 5048 653 1774 653 5048 653 1269 644 653 240 248 653 1269 827 653 1095 653 1773 653 240 648 653 1269 144 45 653 240 617 653 240 648 653 1269 0 653 240 648 653 1269 648 653 240 648 653 5596 653 240 648 653 4524 653 666 653 5599 653 1269 827 653 240 648 653 240 1257 653 240 644 653 240 1257 653 240 648 653 4523 653 1269 644 653 240 729 653 1269 648 653 240 648 653 5048 653 240 648 653 5554 653 1269 248 653 1269 1257 653 240 648 653 1269 729 653 1269 644 653 5600 653 1269 644 653 666 653 1269 729 653 4524 653 240 1257 653 5596 653 5600 
653 1269 644 653 666 653 240 648 653 1269 648 653 240 827 653 5600 653 1269 644 653 240 729 653 1269 648 653 666 653 1773 653 5554 653 1269 248 653 1269 648 653 240 1257 653 1269 644 653 240 248 653 5048 653 151 644 653 240 729 653 1269 644 653 1774 653 1269 648 653 1269 644 653 240 248 135 397 644 397 1082 12 
653 1219 729 653 1269 729 653 1269 248 653 240 648 653 1269 648 653 240 1257 653 1269 827 653 1269 644 653 5598 653 240 729 653 5596 653 1269 644 653 1269 1257 653 5048 653 1269 0 653 1269 648 653 666 653 1269 644 653 5554 653 1269 648 653 1269 1257 653 5048 653 5596 653 240 648 653 240 1257 653 3815 653 240 648 653 4524 653 5600 653 151 0 653 1774 653 1269 827 653 1269 248 653 240 648 193 
653 639 
653 151 827 653 240 648 653 1269 144 653 1269 248 653 240 648 653 240 1257 653 1269 648 653 240 729 653 1269 644 653 5598 45 
315 12 10836 46734 
4729 317 1225 11894 
1454 1762 31 241 317 22178 1959 
1162 5876 215 2740 1524 219 
16 2 1241 12 240 12 322 12 46763 143 15534 1808 
350 143 46764 45 2538 
268 
1068 12 2 141 454 12 7107 12 46765 
51 2 141 454 12 7107 12 46766 
240 143 628 2 46733 302 1162 12 350 