Subject: 313 1929 46 12 4142 7 20436 397 239 20437 
2591 15 16618 154 345 7 767 1037 38 16626 219 
151 313 3274 14 3603 16700 56 16626 60 239 239 239 
1595 28 17 1685 16703 16704 19 16626 554 18339 71 17 767 96 19 
477 630 71 17 552 96 20 2395 96 19 1283 4897 71 15 18340 14 
654 16715 7 7 173 221 458 16723 1175 40 435 4142 24 
5 413 1277 35 18341 219 219 219 
71 3605 14 9238 5298 28 2743 14 16949 19 
16626 415 416 11315 40 3096 15 194 46 
1192 7021 290 16623 833 853 10042 15865 908 15287 219 
1192 6045 4432 1502 56 6227 833 11172 60 
1192 4458 16624 20 16627 
1192 8693 16628 4234 20 1725 16629 4614 
1192 1725 5930 19 1003 20 606 
1192 16630 16631 3784 20 3603 
1192 5619 15 8700 29 
1192 104 5453 20 16632 246 
1192 3311 149 17 290 2 96 8058 333 12449 345 7 767 1037 71 892 1909 14 3924 219 219 219 
1573 2353 175 38 22 552 2549 3650 149 4954 219 
390 4954 17 180 17886 
230 630 1468 203 87 40 2353 17 1177 19 
259 467 15 351 490 46 
295 46 187 187 267 24 20438 24 53 
683 127 904 16626 2235 413 217 2591 15 16618 154 217 
230 313 20 17 3943 5205 219 
87 46 
383 928 1225 344 7 380 7 12014 7 20439 9316 46 14714 
56 75 22 6 31 1279 2411 60 
87 46 
280 928 17 370 19 2482 573 20 286 86 20 390 34 1221 
313 84 460 84 397 24 
280 1919 10099 7 17248 7 20440 56 961 60 
56 5758 3790 187 21 16401 60 
211 211 211 211 211 211 211 211 211 211 211 211 211 211 211 211 211 211 211 211 211 211 211 211 211 211 211 211 211 211 211 211 211 211 211 211 211 211 211 211 211 211 211 211 211 211 211 211 211 211 211 211 211 211 211 211 211 211 211 211 211 211 211 211 211 211 211 211 15626 3413 46 231 38 4 71 15 54 1146 87 
7704 350 55 5 351 24 262 46 3484 275 51 18971 24 53 239 54 211 4 