Subject: 618 1299 230 1176 612 239 
313 464 131 5705 40 682 84 1176 553 130 1546 
230 22 4626 18163 568 139 2 1278 234 1243 40 15 431 24 
1779 14 1299 230 1176 612 20 209 
13406 500 141 1303 313 2 37 3604 239 
139 244 15 869 91 413 260 313 1286 1920 18822 19 2742 273 5 1193 45 
85 38 17 269 20 2482 24 184 3664 7 7 20 390 2 37 21 
16401 219 5 918 12 2493 71 15 2135 59 134 14 
16351 5180 19 20 15 3497 59 1238 14 20289 20 
16842 24 
406 313 6129 215 40 1286 1920 59 7 1920 9739 108 2991 4735 
1243 5435 38 22 1633 29 240 2485 80 
11232 313 20 313 312 3829 184 3779 239 
413 313 2454 1633 4729 7 28 7 4729 3413 20 168 1031 15 
3802 40 1286 5 22 1058 4735 323 239 31 17 588 12 1529 19 
112 390 433 40 315 24 
139 151 6407 3523 123 55 226 394 20 25 2 96 40 226 942 40 
4305 313 230 3400 24 71 1839 19 139 2 1338 568 1240 91 139 413 312 568 19 139 2 1338 
4037 40 168 226 3650 240 226 2622 12 219 309 
5477 313 84 22 3403 55 226 394 19 139 34 530 313 38 
180 3600 5277 84 590 84 10848 20290 1675 
40 168 313 3989 55 15 8933 40 3400 24 
129 12 184 2152 1271 24 24 24 24 503 313 1515 151 550 
5909 46 20291 1050 1201 20 22 1500 5967 230 22 4803 
20 4626 2370 24 1505 22 5291 40 1505 15 2126 4729 28 
1525 928 354 56 380 60 20292 7 20293 2687 20294 24 2308 5662 187 491 1702 
31 313 80 17130 19 91 2 96 1901 19 220 1 2 3 1715 91 1495 313 45 
209 221 15 203 313 433 24 
877 15 11459 20 383 1277 
1610 313 
56 380 60 20292 7 20293 2687 20294 
40 17 3400 219 
20295 