Subject: 1 2 3 10900 936 219 
3367 219 
3624 219 19748 249 219 3624 219 19748 249 219 
31 313 80 1291 275 1037 14 4142 19 87 21 1189 71 20655 
12486 2240 24 24 24 259 1501 17 13047 4 1330 1277 
20 259 3672 15 20656 24 40 4458 17 370 45 522 
884 885 19 146 928 286 38 4458 71 15 54 878 24 313 
433 21 644 432 879 219 
123 1277 230 249 1920 336 24 2425 219 2126 345 1702 249 219 
1049 6721 16490 219 
35 129 219 125 25 1277 55 4985 219 19529 24 24 24 220 425 219 
313 1950 2 3 140 17 5262 219 219 219 494 84 2201 55 15 20657 20658 1639 497 
217 15 1049 2 96 2449 20424 20659 217 
125 10968 20660 20661 84 3108 8674 15 1049 20424 20659 6721 
71 5 11623 4985 20662 91 20663 557 2308 8138 
20664 38 8764 6227 20665 71 4432 20666 20 7826 
16490 38 557 219 1 2 3 3145 19 313 1950 2 3 151 40 4808 593 2308 2411 
40 3301 25 221 24 390 2 254 4623 249 15 1443 4075 20 300 
5666 1084 230 313 24 24 24 221 71 20667 13703 3784 38 3838 14 
4804 1506 7 13741 219 5 4985 12 3061 40 20407 17 20668 
1794 20 75 313 20669 219 313 2 254 1267 2201 1614 215 25 219 
20660 2346 55 6407 6227 354 22 333 219 2470 346 219 2353 323 219 
249 1920 336 24 2425 173 1920 352 2369 20 2396 494 2398 1920 447 24 2425 497 24 
217 20424 20659 5546 217 
15 6721 20670 219 219 219 18406 20671 1656 24 20672 219 
125 9425 20 20673 20671 1656 24 20672 20674 20660 2 96 
20424 20659 6721 28 3515 55 9173 6227 71 869 2308 8138 16490 109 219 
313 1950 2 3 140 17 5262 354 221 15 5666 20675 1352 91 313 34 
125 84 15 157 1049 6721 12 4079 347 17 5262 84 
20671 2346 55 6407 6227 354 22 333 230 4432 20666 20 
7826 16490 219 17 316 34 3848 905 17 4520 40 125 5 4985 219 
313 2 1278 35 15 1443 4871 4416 71 9390 219 15 1352 12 6630 20676 
20 313 34 125 15 404 14 25 71 13703 3158 7 215 3784 219 2353 323 
20 125 20671 3848 15 6721 219 2470 346 24 249 1920 336 24 2425 173 
1920 352 2369 20 2396 494 2398 1920 447 24 2425 497 24 
100 123 24 24 24 
15 20677 15582 7891 24 24 24 
20678 12305 8258 833 20679 8258 
16490 4985 5971 219 
2836 12 2938 133 5 4075 4985 219 125 16361 20 
20679 20665 71 4432 20666 20 7826 16490 71 15 4544 19 
55 15 20680 20 571 19 571 630 219 22 23 6724 4985 219 552 346 24 
249 1920 336 24 2425 173 1920 352 2369 20 2396 494 2398 1920 447 24 2425 497 
217 20681 20682 20683 304 16490 4985 217 
1277 125 15 9425 5173 20684 11067 14 15 20281 
20681 20682 20665 71 4432 20666 20 7826 
16490 55 557 20683 304 38 17755 10155 20685 219 
5 217 3089 10954 217 12 5666 219 1 2 3 10900 5 4985 219 552 346 24 
249 1920 336 24 2425 173 1920 352 2369 20 2396 494 2398 1920 447 24 2425 497 
217 20686 24 24 24 139 2427 313 217 18406 20686 4413 
1277 125 15 1443 9425 20 4871 4353 4411 71 557 303 
16931 4985 347 3108 1501 15 3524 333 219 25 2 96 15 16522 14 
15 1193 24 24 24 20687 24 24 24 20688 20 20689 219 20686 4413 71 557 1443 
17391 20 20690 7734 4284 219 1 2 3 10900 25 219 2470 346 24 
249 1920 336 24 2425 173 1920 352 2369 20 2396 494 2398 1920 447 24 2425 497 
286 2443 219 
2353 432 6639 6038 20 234 15 7459 869 1468 219 219 219 
17 2353 34 35 2452 605 208 670 18 24 221 2456 71 4391 20691 3791 24 
230 4392 18 7 1402 1920 63 
230 16591 7416 7 1402 1920 337 
313 413 2353 28 2482 19 280 19 18 87 286 24 
390 3698 221 654 4924 3319 20 12340 28 2482 87 280 24 
2955 7 10395 7 3273 7416 7 6041 
345 2549 3650 149 4954 219 390 625 91 313 34 35 4478 38 936 6038 219 
40 286 17 2353 7 312 21 1501 231 55 17 13047 
146 286 40 522 2443 286 86 490 46 
20692 2287 51 16598 24 53 
494 934 46 31 313 2353 28 286 20 312 21 1615 585 286 20693 547 2308 2411 19 259 2482 522 5412 354 
16593 7 16594 7 16595 497 
2482 522 5412 336 244 40 345 340 494 3714 333 497 
494 16593 497 16594 7 16595 40 2353 28 2482 230 11655 250 219 
390 413 3698 17 4924 10394 87 414 28 2482 
280 17 2353 2308 2411 108 2549 40 494 16593 497 16596 7 16597 
313 413 280 17 4924 10394 203 87 17 414 
2353 28 18 28 200 1920 447 24 2425 108 4985 19 12894 19 414 19 3650 2353 87 654 4924 10394 494 2955 19 10395 19 3273 7416 87 6041 497 40 
16599 19 483 24 
16600 3290 403 956 24 957 16601 
16602 19 14429 16603 
1286 12340 833 3650 2365 8029 40 16599 19 483 24 
157 4389 170 16604 259 1402 5642 12769 230 1311 3825 108 4985 219 
313 1515 35 422 275 1037 14 4142 40 2353 20 1863 928 17 61 14 6716 38 17 2353 219 
15 194 2353 1621 12 230 17 9803 219 
259 2402 682 15 194 4985 5971 494 96 497 219 
2463 479 479 479 479 479 479 479 479 479 479 479 20660 20661 217 1049 2 96 2449 20424 20659 217 
2463 479 479 479 479 479 479 479 479 479 479 217 20424 20659 5546 217 20671 1656 24 20672 
2463 479 479 479 479 479 479 479 479 479 479 479 217 20678 833 20679 8258 16490 4985 5971 217 
2463 479 479 479 479 479 479 479 479 479 217 20681 20682 20683 304 16490 4985 5971 217 
2463 479 479 479 479 479 479 479 479 479 479 217 20686 139 2427 313 217 20686 4413 
354 1920 336 24 2425 1573 173 1920 352 24 335 230 2369 20 2396 108 5971 
494 1920 447 24 2425 108 4985 87 217 2443 1920 5594 24 2397 230 221 6407 217 219 
4924 10394 1919 479 479 479 479 479 479 479 479 479 479 479 479 479 479 479 479 479 479 479 479 479 479 479 479 479 479 479 479 479 479 16605 61 479 479 479 
139 4006 5835 91 139 244 422 275 1037 14 4142 24 
226 61 14 6716 12 479 479 479 479 479 479 479 479 479 479 479 479 479 479 479 479 479 479 479 479 479 479 479 479 479 479 479 479 479 479 479 479 479 
2402 40 46 370 479 479 479 479 479 479 479 479 479 479 479 479 479 479 479 479 479 479 479 479 479 479 479 479 479 479 479 479 479 479 479 479 479 479 479 479 479 479 479 
1041 412 20 85 2482 494 497 479 479 479 479 479 479 479 479 479 479 479 479 479 479 479 479 479 479 479 479 479 479 479 479 479 479 479 
280 1919 494 497 479 479 479 479 479 479 479 479 479 479 479 479 479 479 479 479 479 479 479 479 479 479 479 479 479 479 479 479 479 479 479 479 479 479 479 479 479 479 479 479 479 479 479 479 479 479 
286 86 479 479 479 479 479 479 479 479 479 479 479 479 479 479 479 479 479 479 479 479 479 479 479 479 479 479 479 479 479 479 479 479 479 479 479 479 479 479 479 479 479 479 479 
40 4458 17 370 45 522 884 885 19 146 928 585 286 38 
4458 71 15 54 878 24 5 12 22 869 333 1317 20 313 328 21 2199 45 928 558 219 
3268 2365 7 1402 1920 337 928 31 313 5967 4507 20694 132 2462 24 390 2402 221 422 15 1049 24 
28 4380 17 5146 102 7 18 313 11881 869 16443 19 595 
28 15779 5435 1122 18 313 11881 522 16442 219 1384 15 
122 20 379 1276 102 7 18 3229 14 1122 18 219 
494 768 497 4008 16599 1135 