Subject: 413 1920 345 4545 313 1920 3503 71 3576 239 
662 19 139 34 234 40 15 431 24 
344 24 312 313 4545 16835 567 3175 239 
349 24 312 313 4545 3576 230 17 4544 567 3175 239 
352 24 406 313 215 40 2473 1794 17 17920 
519 4087 239 31 313 312 21 1685 22 85 1277 19 
217 406 215 40 1685 17 1685 85 239 217 
364 24 406 313 215 3650 40 260 313 234 22 157 4544 
567 1193 239 
63 24 2649 19 406 313 215 40 1771 904 40 3311 
1920 345 108 3175 608 1920 364 19 2742 108 3175 88 239 217 
892 24 80 313 1779 14 15 20441 91 313 2 37 1738 71 239 
491 24 80 313 1779 14 432 14 15 194 239 
3267 
18524 
13568 
20442 
5718 40 18 
4048 19339 
377 11387 
31 313 3359 217 1529 217 40 432 14 936 375 350 15 194 351 230 630 880 1277 219 
488 230 17 333 20 1529 151 22 2329 2549 219 
3956 
220 31 313 2 37 3602 7 2118 20 1871 354 500 313 312 259 350 15 
194 351 40 35 7604 45 522 860 46 262 46 20443 51 11983 24 53 24 4929 239 54 211 4458 20444 