Subject: 6041 3424 3612 5464 7 5465 46 4083 110 219 219 219 219 
193 19 
1192 1192 1192 1192 1192 1192 1192 1192 1192 1192 1192 1192 1192 1192 1192 1192 1192 1192 1192 1192 1192 1192 1192 1192 1192 1192 1192 1192 1192 1192 1192 1192 1192 1192 1192 1192 
6041 3424 3612 5464 7 5465 24 
4083 110 219 219 
3061 895 41 3649 24 
1192 1192 1192 1192 1192 1192 1192 1192 1192 1192 1192 1192 1192 1192 1192 1192 1192 1192 1192 1192 1192 1192 1192 1192 1192 1192 1192 1192 1192 1192 1192 1192 1192 1192 1192 1192 
1072 3014 2362 219 219 219 219 219 219 219 219 219 219 219 
295 46 187 187 1728 24 13443 24 354 187 268 20787 187 
945 19 
12804 20788 