Subject: 1378 51 20946 24 689 12 4686 40 927 20947 51 5085 24 53 
662 1378 51 20946 24 689 19 
5 12 15 5085 24 53 250 24 
15 8433 14 15 20947 51 5085 24 53 690 406 215 40 
5121 313 40 927 15 690 24 40 927 19 313 1515 231 40 5 
6 24 
31 313 927 19 313 413 644 690 164 71 17 102 7 18 71 7 1146 87 55 
15 43 24 
902 12 22 1455 1566 584 28 15 690 8433 46 
7 7 7 7 7 7 7 7 7 7 7 7 7 7 7 7 7 7 7 7 7 
20947 20948 
7 7 7 7 7 7 7 7 7 7 7 7 7 7 7 7 7 7 7 7 7 7 7 7 7 7 7 7 7 7 7 7 7 
390 151 3190 593 5 157 884 885 4022 28 5085 24 258 20 500 80 15 1691 19 313 221 625 19 87 20949 24 24 
230 1642 19 141 80 2080 904 390 151 1120 102 7 18 86 19 5 12 20950 46 
313 151 6423 522 7648 2546 71 15 1908 24 24 24 
20951 19 20952 15 3231 
7 7 7 7 7 7 7 7 7 7 7 7 7 7 7 7 7 7 7 7 7 7 7 7 7 7 7 7 7 7 7 7 7 
5 1455 6 12 71 17 3685 24 31 313 413 2 3 644 25 259 665 3623 56 3699 211 352 20953 7 10879 60 
7 7 7 7 7 7 7 7 7 7 7 7 7 7 7 7 7 7 7 7 7 7 7 7 7 7 7 7 7 7 7 7 7 
720 20947 20948 211 766 352 211 102 344 211 766 349 211 766 0 211 766 344 211 770 211 766 352 211 3321 211 102 344 211 3331 211 102 63 211 771 211 769 211 102 344 211 102 352 211 771 211 769 211 102 63 211 766 364 211 102 63 211 102 63 211 766 0 211 771 211 766 364 211 102 336 211 765 211 770 211 765 211 764 211 3331 211 770 211 766 349 211 766 364 211 102 491 211 766 349 24 24 
211 647 211 102 491 211 766 491 211 3332 211 766 352 211 102 63 211 766 364 211 102 63 211 766 364 211 102 491 211 769 211 765 211 770 211 769 211 102 344 211 102 364 211 102 336 211 3321 211 2166 211 102 344 211 766 63 211 766 364 211 2166 211 102 63 211 766 63 211 3321 211 102 344 211 102 336 211 766 344 211 771 211 102 344 211 102 336 211 102 364 211 102 336 211 102 344 211 771 211 766 364 211 102 63 211 766 344 211 102 344 211 765 211 102 63 211 766 344 211 102 336 211 3321 211 770 211 3329 211 766 349 211 765 211 2166 211 769 211 102 63 211 766 349 211 766 0 211 766 344 211 102 336 211 769 211 766 364 211 770 59 24 24 
211 768 352 211 768 336 211 768 344 211 763 0 211 768 63 211 763 344 211 768 336 211 763 352 211 763 352 211 3334 211 763 364 211 768 63 211 763 344 211 768 63 211 763 352 211 763 0 211 7474 211 768 491 211 763 344 211 3334 211 763 892 211 3334 211 763 344 211 768 336 211 768 63 211 763 352 19 720 717 211 768 352 211 768 336 211 768 344 211 5464 211 768 344 211 763 0 211 763 344 211 3334 211 763 352 211 768 334 211 768 63 211 763 352 211 768 63 211 763 364 211 768 63 
211 763 364 968 211 768 364 211 768 336 211 20954 211 763 352 211 768 344 211 763 352 20955 46 20947 7 3409 51 5085 24 53 
211 768 63 211 766 63 211 766 491 211 102 344 211 766 344 211 102 336 211 766 352 211 766 364 211 770 211 3329 211 765 211 102 63 211 102 352 211 102 336 211 102 344 211 766 364 211 770 211 769 211 766 491 211 766 344 211 3330 211 769 211 770 211 766 352 211 102 344 211 766 349 24 
20947 20948 
102 7 18 46 20956 51 19040 24 53 
7 7 7 7 7 7 7 7 7 7 7 7 7 7 7 7 7 7 7 7 7 
40 3698 5 4998 19 259 400 15 217 231 217 2814 14 17 
102 7 18 930 20 146 149 22 3410 6 24 
87 313 413 3698 28 1488 40 5 43 2040 46 
31 313 312 21 1870 40 927 19 259 1499 14537 5 4998 24 
31 313 151 375 19 259 1303 1468 40 1221 15 8433 14 
5 690 354 20956 51 19040 24 53 87 2362 
295 46 187 187 267 24 5085 24 53 187 880 187 260 24 298 
488 219 
15 5085 24 53 394 
7 7 7 
1468 43 7 1387 102 7 18 2519 219 
295 46 187 187 267 24 5085 24 53 