Subject: 1139 59 187 9046 59 56 1122 5128 60 
9047 19 3401 447 
925 4116 24 762 46 
55 889 14 15 5357 2155 20 15 930 2155 56 1139 59 187 9046 59 60 19 139 244 200 313 15 194 1122 56 96 60 46 
1122 573 9048 46 217 1337 8664 7609 230 9049 9050 523 217 
20 22 3980 3201 1621 24 
390 406 938 17 379 928 2156 5 187 936 1122 56 96 60 20 200 928 17 582 133 25 187 206 84 460 84 25 12 7060 40 313 24 
31 397 19 259 146 17 582 605 102 7 18 40 7380 24 9051 51 9052 24 1583 24 259 312 21 146 25 40 522 940 102 7 18 3405 24 2335 19 146 15 1621 4370 28 7416 18 84 460 84 397 24 
390 519 938 17 4126 20 17 379 71 15 2156 154 24 
404 684 19 
4116 24 7918 7914 
2208 9053 278 19 
9054 24 9055 6984 8753 19 22 24 475 24 9056 
9047 19 9057 
1149 187 280 56 5412 60 46 273 649 7 349 7 9058 187 9059 211 767 
1149 187 280 56 85 60 46 273 649 7 349 7 9060 
102 7 18 46 7380 24 9051 51 9052 24 1583 
1049 7723 55 
7920 19 7 7043 20 832 
1139 2 59 187 9046 2 59 
7921 19 7922 
9061 1049 
3491 2072 7 1172 19 59 
3980 3201 
344 24 8707 46 
8707 370 46 3545 46 
2143 46 211 767 
86 46 
2482 46 280 46 102 7 18 46 
349 24 1122 46 
1122 573 46 
1122 3385 46 
352 24 5128 46 259 396 15 3225 2374 46 
22 24 1122 5820 46 589 33 56 60 19 6263 56 60 19 3955 56 60 19 6096 56 60 19 
3198 56 60 
560 24 1122 5793 46 4074 56 60 19 1210 56 60 19 9062 56 60 19 2782 56 60 19 4429 56 60 211 767 
364 24 6122 46 259 414 46 
56 60 3698 1122 38 184 2147 
56 60 3698 1122 1279 6096 7779 24 37 7 2186 12 21 1274 
56 60 3698 1122 1279 7779 3738 40 8707 2 96 489 24 37 7 2186 12 21 211 767 
1274 
56 60 1122 1515 35 9063 3738 40 2186 2 96 489 20 9064 24 37 7 
2186 14 15 9064 1122 12 21 1274 
56 60 9065 1122 233 14 15 3066 3906 71 4441 63 490 24 
63 24 489 56 259 400 9066 31 1271 60 