Subject: 1102 15209 239 494 96 63 20957 497 
1102 15209 239 390 413 260 136 15209 10567 219 
31 313 16288 1920 364 19 2742 928 87 630 19 18818 17 15209 
608 1499 344 2371 20 1715 928 1083 15 1775 219 
640 2 3 25 35 2329 40 151 40 3145 133 1499 344 
4048 2495 3229 14 4538 22 18588 239 390 402 568 551 24 
7 184 4924 12340 1274 
7 313 312 21 151 40 1685 22 85 
7 313 312 21 433 641 14881 
7 3383 547 345 2030 1702 
7 123 40 221 928 16604 
230 22 1468 19 184 14067 19 4474 19 259 6877 
127 15 1621 490 20 427 25 40 928 24 15754 15755 
328 21 35 22 20958 19 20 17 3158 328 35 84 1797 
20 1633 84 397 24 568 1505 3516 14 5 
498 1317 219 
7 211 7 211 7 211 7 211 7 211 7 211 7 211 7 211 7 211 7 211 7 
56 221 4689 80 1274 60 
1284 370 46 
86 46 
5190 46 
170 46 
1964 412 46 
85 2482 46 
505 2482 46 
404 333 40 383 46 
102 7 18 86 46 
2127 15209 1968 46 
7 211 7 211 7 211 7 211 7 211 7 211 7 211 7 211 7 211 7 211 7 
31 313 80 587 5199 5131 127 15 1621 
259 312 15 194 46 10504 25 56 4157 11459 1330 
20 2642 60 19 2192 16000 273 768 660 537 8971 19 1501 15 
231 1330 71 17 102 7 18 930 19 350 421 11403 
15 290 187 6 1146 19 20 2192 16000 273 674 24 313 34 112 35 
450 40 6877 127 15 1621 24 
1610 313 
7 7 7 7 7 7 7 7 7 7 
40 1615 184 879 2444 45 522 1827 4992 
5 3765 87 432 458 3765 19 259 231 40 5 
102 7 18 38 15 4251 2 4458 2 71 15 54 878 24 
768 2286 20959 