Subject: 19049 833 4866 1276 203 491 
5 12 21 22 4367 219 17 80 1749 5 286 449 233 19 313 151 445 682 20 286 71 15 1908 19 87 313 80 55 22 885 14 
20704 4898 203 24 31 5 12 21 15 542 19 259 3698 226 13393 1774 20 231 38 217 4458 217 71 15 
54 2196 24 139 34 4458 17 370 3989 219 
234 422 552 19 2742 3200 20 297 230 1920 1171 24 335 219 
422 3541 13316 20 7483 19 2742 1328 2233 221 15 203 17 21 3663 40 151 219 
390 151 10965 20 6862 3605 14 1276 3200 40 2763 40 313 249 15 5205 3604 17 2957 16827 3650 219 
902 12 22 589 1503 3789 14 500 313 34 1615 24 
1794 19421 3201 19422 
184 1122 18372 19 377 2955 3319 2046 14 4924 
8306 18122 2791 5632 
2487 2030 14542 56 20705 2 96 60 
4866 18122 18 19424 
18122 2482 3820 2070 
18122 3602 7 19425 18477 
18122 575 17854 3825 7 1468 7094 
18122 3825 19426 7 184 869 1545 
1468 18122 15586 
1771 133 22 180 1060 14 18122 7611 7672 46 
184 657 187 184 1840 7465 5712 5632 19 
5960 14583 5632 19 
3825 7 1468 4591 19 
18806 20 4924 3319 24 
2488 657 3319 19 
1624 19443 1298 20 19444 19 
19445 19446 19 
2192 2219 19 
2487 2613 19447 19 
278 9039 19 
19448 3591 19 
349 2541 19443 1298 833 19444 
3424 19444 
19445 19446 
593 40 578 1413 18486 55 9171 833 5197 2554 
10494 10567 184 3765 500 17 4924 12 215 
3025 14 4924 593 40 1920 337 19 2742 2046 14 17 4924 
4866 3650 24 24 24 217 19428 217 12 22 19429 1056 
19049 1276 2246 91 1623 313 40 2629 432 30 3385 55 15 1310 
1771 15 1468 2246 40 2629 221 14 15 5666 157 11162 123 323 219 
80 4985 4797 17 642 239 313 413 683 20 2629 206 230 1468 219 
447 4924 10394 8404 17 4596 247 2 3 643 313 40 625 219 
1935 2955 20 10395 2046 14 1908 4924 1368 19 38 184 855 20706 87 4924 12340 24 
390 4954 91 313 34 35 2523 230 1935 2955 20 10395 24 313 413 1615 1935 4924 3319 547 345 2030 1702 19 605 7416 3383 20 10394 134 24 
173 24 24 24 3061 1920 345 19 2742 3424 4812 7 2523 4924 38 184 4924 414 19 184 855 13408 19 20 184 869 10877 219 
390 3829 4954 313 2 1278 1615 352 40 63 157 4924 3319 38 4924 3025 19432 1920 345 19 2742 219 313 2 1278 1615 522 12893 885 14 63 217 4866 217 3728 91 313 413 8652 3424 4924 45 24 38 522 930 313 34 1615 22 4812 7 2523 1920 9753 4924 10394 523 24 129 12 3829 184 4924 414 20 184 855 13408 24 184 869 34 35 10880 905 24 
18952 221 17 3089 4924 219 
4088 22 7 344 4924 71 2907 631 892 1909 219 
578 1413 4009 19 20 578 1413 19433 4980 5365 17875 19 
19155 19 17794 19 20 16564 24 
2487 4924 3319 578 1413 7361 3061 219 
522 2487 4596 2444 2955 12297 56 3876 60 19 2955 6717 56 3876 60 19 20 10395 56 3876 60 4924 3319 24 
2037 4596 5632 908 7611 1604 87 15607 14 19434 24 
3424 1946 71 345 562 230 10617 400 24 
1771 904 40 234 4959 14 17 46 
352 4924 3200 
14365 5799 12261 1621 
884 885 15626 3176 
8172 10203 5799 
5227 855 5799 
7966 5799 
4298 5799 
6460 5799 
578 157 2030 472 230 15 1193 59 
20707 2667 40 35 17 1685 3366 
352 19 9173 5664 40 11394 317 1468 
15 20708 4924 848 1733 
4729 7 28 7 4729 4850 40 6280 11386 4924 10394 17794 
422 19688 3650 8404 
2088 40 2246 5814 38 20709 19 20710 19 20711 99 24 91 15 4782 247 2 3 643 313 40 125 24 
15 63 4411 5960 7611 930 
15 19679 20712 
1468 19446 
904 40 3170 17 17920 71 4538 
18122 4626 8404 2436 24 344 20 349 
15 8404 14 317 20 1261 3484 
15 23 3952 40 6302 1261 8350 
7844 3650 1943 3200 
1982 20713 7 620 2667 40 1286 3650 55 15 1442 
3617 15 1423 1424 15918 
904 40 12788 11570 19128 
102 7 2954 18960 4805 
4631 1920 767 19 2742 87 630 71 2308 2411 
15 2428 4850 40 1468 3539 30 
2290 106 4850 40 1514 17 1685 3180 6048 2030 
1771 904 40 400 15 4924 17884 40 234 22 12821 157 7 3667 4924 1183 24 
1771 15 307 91 34 1495 3370 13887 5981 219 
1771 17 5055 6261 20 5055 4924 5029 13887 
1247 904 4924 203 12 3113 55 17 3201 24 24 24 20 904 4459 3173 11161 24 
1947 203 91 313 640 2 3 458 6433 683 413 35 1052 31 313 625 240 40 391 24 5 369 14 203 3393 20 1252 221 5245 14 2160 24 1481 45 2166 7 20714 9929 2380 19 11356 19 20715 19 833 9254 10631 19 40 13415 9039 20 1514 157 5043 413 35 1052 24 1771 904 40 611 11011 3319 19 5227 855 3319 19 6716 12269 19 2557 2 12279 20 630 24 15 3814 12 14 581 2492 15 203 24 390 413 1639 313 15 2246 91 34 1863 313 221 5 203 20 571 571 630 24 
390 100 151 203 91 175 45 15 12893 1049 14 20716 24 312 313 402 313 151 500 25 2346 239 31 313 4284 3342 500 15 3755 12062 625 19 5 12 15 2341 230 313 24 406 313 215 40 125 904 23 12062 234 608 548 1298 239 590 390 413 1639 313 240 40 234 2151 20 30 40 3507 313 55 17 405 24 30 230 20716 19 20717 87 10550 10797 34 35 1934 24 84 590 84 3413 28 15 404 55 904 40 400 206 24 1505 15 20718 25 2 96 639 21 84 2957 84 313 402 219 
618 1189 239 1210 219 112 383 15 14097 1468 573 490 40 1615 630 203 20 2358 3413 24 1481 12 545 7 593 84 585 3424 2629 24 568 421 313 2473 313 1615 17 203 4087 24 
8655 7 19419 7 19420 