Subject: 37 46 2019 1188 40 288 169 239 
193 19 
15 194 2088 569 431 313 71 15 1243 1257 24 24 24 24 
295 46 187 187 267 24 2089 7 2090 24 53 187 1188 187 1952 349 24 298 
295 46 187 187 267 24 2021 24 53 
488 833 684 19 
2091 2092 19 
203 648 19 
2093 2094 2095 117 2096 935 24 19 
1149 46 1855 7 2097 7 2098 
217 31 354 208 15 1354 12 21 2099 19 
112 129 12 184 440 230 25 24 217 
7 2100 2101 
7 7 7 7 7 443 6 7 7 7 7 7 
45 46 2025 2026 494 262 46 2025 24 2026 51 2102 24 53 497 
445 46 2103 19 1280 2104 19 59 491 46 983 244 
40 46 197 7 292 51 288 24 264 24 53 
54 46 2019 1188 40 288 169 239 
193 221 46 
139 433 40 2019 1188 2022 273 2029 19 237 12 1233 40 522 2030 40 
288 858 24 112 390 154 15 288 858 20 312 2030 1723 20 
112 558 288 858 40 1188 2031 24 413 470 165 682 904 40 1463 239 139 
644 1188 19 139 1241 15 1188 2032 2029 2033 2034 220 12 129 432 
2035 87 2036 405 40 312 5 24 
432 472 20 723 2088 20 412 1381 80 2105 474 24 
488 221 
2025 
40 285 19 146 286 40 287 51 288 24 264 24 53 20 289 71 15 290 
14 15 6 217 291 197 7 292 217 24 
293 46 295 46 187 187 293 24 288 24 264 24 53 187 293 187 197 7 292 24 298 
294 46 295 46 187 187 288 24 264 24 53 187 320 187 197 187 321 7 294 24 298 
287 260 46 295 46 187 187 267 24 296 24 53 187 297 187 166 187 166 24 298 
40 285 19 146 286 40 287 51 288 24 264 24 53 20 289 71 15 290 
14 15 6 217 291 197 7 292 217 24 
293 46 295 46 187 187 293 24 288 24 264 24 53 187 293 187 197 7 292 24 298 
294 46 295 46 187 187 288 24 264 24 53 187 320 187 197 187 321 7 294 24 298 
287 260 46 295 46 187 187 267 24 296 24 53 187 297 187 166 187 166 24 298 