Subject: 494 8208 51 829 24 8209 7 5091 24 53 46 2144 55 507 8210 497 
7 7 7 7 7 7 7 156 14 3805 6 7 7 7 7 7 7 7 
937 7 61 46 1760 19 491 6908 3377 3290 46 66 46 658 273 3293 56 5602 60 
1121 7 61 46 1760 19 491 6908 3377 3290 46 66 46 658 273 3293 56 5602 60 
2143 46 
61 46 1760 19 491 6908 3377 2282 46 1855 46 2270 7 67 56 8052 60 
45 46 981 8211 8212 
40 46 8213 51 8214 24 8215 
54 46 2144 55 507 8210 
208 183 20 383 230 1242 
344 1656 8216 
208 2487 2144 55 507 8217 2419 
8218 8219 5437 8220 19 8221 19 4038 19 2999 275 7 2072 59 
1192 1192 1192 6668 203 46 295 46 187 187 267 24 8222 24 8223 24 25 187 8216 1192 1192 1192 
1192 1192 1192 102 7 18 46 8216 51 8222 24 8223 24 25 1192 1192 1192 
2144 5158 
15 1976 1329 14 15 2144 12 40 8224 15 170 14 15 6079 14 15 
3674 20 15 1054 14 507 8217 2419 20 1175 
113 24 3608 45 221 15 829 3550 1299 71 15 
2196 80 1455 71 2353 40 3730 15 1626 113 20 40 
1914 15 2892 829 4233 24 2443 3367 12 100 7767 40 
8224 15 1054 14 507 8217 2419 20 15 4633 
1310 5048 24 15 2144 930 34 289 1935 8117 
8225 462 28 4686 4687 20 1242 7352 230 7826 
2904 24 15 1242 34 35 2778 71 15 2144 6362 19 20 
7575 2124 14 4623 1242 34 35 543 230 3601 71 
22 2443 134 14 15 7243 5833 20 1054 2206 55 
8217 6879 
2144 3123 
1242 6027 443 505 71 15 194 20 1175 829 
3123 80 1455 46 
6941 5875 14 507 8217 2419 
1480 230 8217 616 
1480 230 8217 2450 
7569 1747 8226 
4900 7569 7563 
8227 1047 
507 2518 2419 
7566 2419 
2918 71 507 8217 2419 
1865 14 507 8217 2419 
507 1047 71 10 44 
1175 113 56 3251 4128 19 841 7 6039 121 1943 19 99 24 60 
1054 56 8228 19 2022 5833 19 10 44 19 1847 7609 19 99 24 60 
2144 951 
8229 7304 56 1009 24 14 7305 19 1131 6273 60 
8230 8231 56 1009 24 14 8221 19 4038 60 
4686 4687 
8232 103 24 7793 56 7710 170 278 19 961 60 
890 475 24 4229 24 8233 56 8234 1009 24 14 378 24 19 15 7974 60 
8235 1415 24 768 24 8236 56 1138 24 269 270 19 1009 24 14 8237 19 2116 60 
8238 1565 24 8239 56 8240 19 170 1009 24 14 157 4389 19 8241 19 961 60 
8242 6984 24 8243 56 8244 19 8245 1009 24 19 8246 19 5234 60 
930 5258 
8247 8248 56 1009 24 14 8249 19 4038 60 
6351 2155 
1415 24 22 24 8250 56 8251 60 
720 24 8252 56 8253 60 
922 24 475 24 8254 56 4038 60 
3 24 103 24 7793 56 961 60 
3876 24 475 24 4229 24 8233 56 15 7974 60 
1415 24 8255 56 961 60 
96 24 8256 56 4038 60 
763 24 8257 56 961 60 
763 24 96 24 8258 56 961 60 
22 24 761 24 2440 56 961 60 
3 24 761 24 8212 56 961 60 
763 24 8259 56 2116 60 
768 24 8260 56 4038 60 
3876 24 8261 56 961 60 
22 24 1415 24 768 24 8236 56 2116 60 
96 24 1565 24 8239 56 961 60 
768 24 6984 24 8243 56 5234 60 
763 24 8262 56 961 60 
1994 2155 
103 24 8263 56 1009 24 14 8221 19 4038 60 
103 24 8264 56 1009 24 14 8221 19 4038 60 
103 24 8265 56 1009 24 14 8221 19 4038 60 
1122 4490 
2191 2957 4959 14 15 1284 1242 328 35 8266 40 46 
344 1656 8216 
4116 24 8230 8231 
4332 20 1261 2069 1138 24 7 278 14 8221 
8267 763 2 8268 
8269 8221 4038 
71 1694 19 4999 328 2529 585 1261 1462 14 15 
4243 56 6771 87 2111 16 60 40 8216 51 8222 24 8223 24 25 
15 1242 328 21 2457 337 22 364 1328 56 447 5708 19 7704 7 8016 60 24 22 1452 
4615 38 15 6496 401 20 7831 12 100 1899 19 38 15 
180 86 14 15 1696 2050 19 20 585 1025 56 7483 307 60 24 
15 1242 34 35 7655 28 550 2379 6177 14 15 6351 
2155 24 
33 5557 
1280 344 19 59 46 1122 4490 
3769 337 19 59 46 2894 14 7361 
3401 552 19 59 46 7353 7 1546 1648 
569 59 46 2059 2494 
2144 2178 
15 2144 34 35 3474 354 15 12 8270 8271 3476 19 8218 8219 5437 
8220 19 8221 19 4038 24 1555 203 3028 15 2144 2178 
413 35 1052 354 295 46 187 187 267 24 8272 24 25 
2144 6362 
15 1242 34 35 2778 71 15 2144 6362 19 20 7575 
2124 14 4623 1242 34 35 543 230 3601 71 22 2443 
134 14 15 7243 5833 20 1054 2206 55 8217 6879 
7 7 7 7 7 7 7 7 7 7 7 7 7 7 7 7 7 7 7 7 7 7 7 7 7 7 7 7 7 7 7 7 7 7 7 7 7 7 7 7 7 7 7 7 7 7 7 7 7 7 7 7 7 7 7 7 7 7 7 7 7 7 7 7 7 7 7 7 7 7 7 7 7 7 7 7 7 7 7 
7 7 7 7 7 7 7 2249 14 3805 6 7 7 7 7 7 7 7 