Subject: 3876 46 6453 560 364 7 560 892 22 
6074 7 2999 339 19 3377 7 4441 560 364 1173 139 2 254 36 409 6503 24 24 24 139 130 21 1299 55 768 334 20 139 2 1278 35 127 178 387 4573 24 
139 602 91 313 1905 17 157 489 71 15 2945 11 14 768 334 20 146 25 40 682 24 5 4573 139 413 312 409 505 55 25 20 1715 313 151 226 489 6140 24 
1210 505 219 
5946 
7 7 7 7 7 4748 4749 7 7 7 7 7 211 767 
4750 46 761 24 674 24 762 211 767 
22 46 5595 24 5483 51 6504 24 5596 24 184 211 767 
647 46 5885 51 5437 24 5886 24 5708 213 5946 24 6064 51 6059 24 25 211 767 
10 6498 46 6505 491 4753 59 332 24 345 
4755 46 6453 560 364 7 560 892 22 
925 316 19 
683 4323 2923 560 364 7 560 892 71 298 16 
56 5820 187 6506 187 6203 60 24 84 313 34 125 25 12 1448 15 
6507 20 21 15 4132 87 15 2345 14 505 91 415 
5899 24 139 6168 15 303 1462 14 5158 56 560 352 60 91 415 416 
6508 28 5595 20 139 34 2543 25 1891 15 3025 14 5946 2 96 
489 56 166 6488 19 99 24 60 211 767 
15 1094 37 7 6507 12 3050 40 1639 91 390 80 329 6493 
20 124 230 1645 4282 1840 2419 19 390 1505 230 6509 
91 936 34 151 22 43 1967 431 20 390 3948 853 22 3406 230 
5470 40 2553 522 1629 24 
5595 19 413 313 1286 1240 91 5 6510 55 15 512 106 
6016 14 15 5980 56 87 146 206 1891 40 682 60 239 
25 679 390 80 55 22 1210 2367 24 503 19 139 402 91 15 2945 
1462 415 6511 590 71 374 1336 56 364 187 364 60 20 6512 590 71 
3030 20 117 56 364 187 364 60 24 518 390 312 1292 40 6513 593 15 
6514 2189 14 15 1258 239 139 1247 6059 130 917 608 
768 334 239 585 1555 586 40 6082 71 15 157 1462 406 35 91 15 
3259 12 437 541 6515 38 467 5753 20 5 3406 
91 390 34 853 38 157 1216 34 6516 409 14 15 
6517 19 1639 15 405 40 15 3655 20 530 22 157 6514 1089 
56 3411 1387 88 60 230 4282 1668 24 139 1772 71 15 
6518 91 390 328 6082 91 5 1258 34 21 2249 593 38 63 
3462 71 269 6361 19 220 34 75 1292 4235 24 3580 
6519 5 24 
31 5946 12 2169 19 413 139 151 22 1463 38 768 334 239 239 239 56 31 568 19 139 433 22 3985 60 
488 19 
827 
5480 5483 191 46 
192 211 767 
192 413 313 146 15 456 1462 14 560 352 7 892 40 5881 239 
192 211 767 
192 684 19 
192 211 767 
192 211 763 334 5480 
192 211 767 
192 7 7 7 7 7 3805 6 45 5881 5882 5883 7 7 7 7 7 
192 211 767 
192 100 19 139 406 215 40 644 15 2754 1374 5 2991 7 2249 19 568 31 
192 397 19 
192 413 313 146 682 22 3985 14 15 560 20 768 2923 239 
192 211 767 
192 404 684 19 
192 211 767 
192 5881 
192 211 767 
192 7 7 7 7 7 2249 3805 6 7 7 7 7 7 
560 364 24 5820 40 3027 187 1062 1352 5158 
22 1645 4282 1840 29 34 588 15 433 230 6006 19 5793 7 6520 19 6134 467 40 1645 294 6521 40 22 4282 5783 24 5 5560 590 547 15 3023 3027 5158 19 2975 1642 14 1352 878 3017 24 15 1629 14 15 1258 80 1969 40 6522 4280 1175 40 4282 4283 19 28 4802 2764 1336 5223 187 4408 38 374 2516 24 15 5942 2592 34 4512 1336 1511 84 25 34 530 5040 40 611 377 107 56 618 166 7 4919 60 14 500 2240 437 196 71 22 548 4282 2196 24 5 405 19 1336 5223 19 28 2001 14 15 3853 124 40 35 1682 19 34 151 15 943 40 6022 1120 5820 354 15 2322 2237 14 6523 24 390 566 5 1692 40 6524 4282 2722 91 2804 19 28 20 2651 19 3809 45 15 400 14 6525 648 230 1120 829 24 28 5145 6526 467 40 4028 294 19 390 440 40 4631 5061 55 15 2179 6161 14 4282 6527 19 6528 194 15 1295 14 4549 71 6529 1133 6530 24 421 15 3778 2592 12 6531 19 390 5631 22 2972 5789 14 1645 294 91 2022 6532 14 2179 4549 40 35 4857 71 1849 4282 1840 2419 19 875 230 879 6533 5298 20 1958 7 320 24 211 767 
15 5942 1258 415 22 2197 604 3259 14 6534 71 1352 878 3017 344 24 364 467 40 1645 3143 14 4282 20 6351 1336 19 28 2979 22 2592 20 465 124 40 1823 2419 237 34 1725 467 28 6535 20 3613 6536 40 15 2179 4549 116 2901 24 6537 19 2189 14 15 1258 19 2975 1642 91 5248 38 15 1511 14 5702 6538 107 14 4028 5660 294 19 5563 547 15 5158 14 1352 878 3017 344 24 349 6539 1336 24 7 7 7 7 7 7 7 7 7 7 7 7 7 7 7 7 7 7 7 7 7 7 7 7 7 7 7 7 7 7 7 7 7 7 7 7 7 7 7 7 7 7 7 7 7 7 7 7 7 7 7 7 7 7 7 7 7 7 7 7 7 7 7 7 7 7 7 7 7 7 7 7 7 7 7 7 7 7 
560 63 24 6506 
15 6540 2913 14 5 1374 2628 127 14 22 433 91 1322 1050 3633 46 40 35 450 40 467 203 2732 40 1120 505 87 292 19 6541 14 537 443 16 87 2040 19 20 151 25 4612 71 22 405 91 3243 1915 40 206 20 6542 1120 456 2912 24 2637 5 415 595 40 35 1263 19 15 1354 436 12 21 157 24 15 267 12 3983 230 22 6543 104 71 203 3392 19 503 25 130 460 1263 91 5 6544 14 203 241 21 591 4480 116 24 15 152 7 6545 1329 14 6546 203 12 6547 15 3275 14 1935 15 829 2525 20 5197 4624 24 71 5 5811 19 15 5942 1258 6548 40 530 22 6199 2592 20 124 40 6549 467 40 203 237 12 1935 2732 20 1199 24 15 1976 5466 2189 14 5 1374 80 46 211 767 
25 6550 15 203 3255 20 1089 7 1387 113 71 585 6551 1466 187 6135 466 24 2804 19 129 80 550 113 1707 28 4282 1840 2419 660 1466 230 203 46 15 6552 7 1387 20 15 5721 7 1387 56 237 413 35 499 14 84 22 1633 1089 60 24 15 6552 7 1387 175 45 15 1049 14 6553 20 12 1339 1797 40 400 24 15 6554 503 80 91 25 12 21 1199 56 22 6552 3382 241 21 591 1744 22 4109 3382 60 19 20 91 129 80 21 1322 599 313 413 312 38 15 1629 458 631 5220 206 24 1935 6554 516 45 15 1801 14 22 6555 5479 19 237 406 1089 15 203 20 530 4109 20 6556 4131 24 15 1089 7 1387 1692 6557 45 1850 20 6558 15 2143 14 10 1291 22 1266 1089 24 15 6185 14 22 5242 1089 12 6559 230 209 1199 1629 20 230 1514 2174 107 28 4759 203 24 503 19 6135 15 1089 2410 4956 91 15 166 6560 25 19 20 5 518 35 6561 71 15 542 14 2722 5749 22 1095 1041 24 71 1694 19 22 6562 1089 241 21 2185 590 38 43 10 91 80 4129 7 5943 71 1071 24 71 5 1258 390 34 6563 40 2368 15 1691 14 1935 113 19 20 1823 22 3077 29 1387 55 6552 1423 91 6564 6565 22 1089 230 6566 15 1629 24 4739 5702 5807 34 35 5226 20 34 2757 84 22 5829 907 55 1824 14 15 862 1089 19 6567 4736 40 15 6556 203 584 28 15 1089 24 6552 1466 34 1914 500 203 12 14 292 24 15 2904 14 5 203 19 503 19 34 35 5943 3738 40 15 166 5167 91 34 35 6568 40 15 1089 24 5167 20 6569 34 6570 22 180 3077 40 15 29 19 15 6571 166 503 34 249 151 40 6572 6569 24 211 767 
6493 20 124 230 3194 593 1645 1840 2419 19 6158 1382 22 4282 4768 24 869 14 15 1976 6573 14 3286 71 15 203 4142 12 537 4503 6574 71 1336 24 40 3128 6575 1336 19 25 1515 35 6576 71 2667 91 1505 3516 14 456 5966 4809 20 6577 24 1236 505 71 3286 415 4976 15 504 14 6578 6579 6580 14 5660 2240 24 6581 415 416 6582 1935 354 15 16 20 15 4131 2237 38 5161 3400 24 2637 5942 482 80 28 184 2001 3026 19 15 456 1802 14 15 2196 1637 928 40 1931 55 40 15 1511 14 22 2651 20 4028 2576 7 5993 19 5798 6493 230 648 2450 19 6583 20 523 24 390 140 91 15 1885 14 22 6584 2903 1645 1840 29 19 91 6585 648 230 5750 203 593 7 40 7 61 20 230 3446 574 71 1120 2912 19 406 847 15 405 230 1322 458 1700 6548 24 40 1961 15 5478 14 522 1629 19 390 4319 40 1823 22 6586 3406 19 6158 1382 22 4282 5783 19 84 22 545 14 1065 20 6360 124 19 1878 631 84 585 221 7 71 7 869 29 24 124 34 289 3251 6360 43 4128 230 6587 20 2491 157 2732 1336 3738 40 166 7 5851 2902 19 22 466 230 4129 7 3853 5803 14 6588 5162 203 608 15 29 19 20 3712 91 34 3719 5660 1847 10 71 22 6589 6590 40 15 1994 10 1089 24 869 1329 14 15 1258 12 40 2805 30 845 91 34 4512 15 1885 14 3655 1645 4282 1840 2419 19 4854 71 15 1621 14 6591 4727 19 22 1885 237 34 6592 22 6593 14 429 7 6567 2070 24 211 767 
1065 2904 14 203 19 20 4895 230 6594 10 117 24 22 4282 1840 29 399 6595 436 40 1861 409 1094 1604 84 22 128 40 22 166 3077 24 25 1515 35 1292 630 631 6596 1423 1444 19 230 22 1633 1872 46 15 203 25 6066 38 12 2903 20 1266 19 20 241 21 1452 83 22 517 1041 84 4393 1423 1444 24 1673 19 25 328 530 1555 2442 91 6597 230 5 4471 3114 19 28 6598 15 589 1839 91 390 151 409 116 55 15 4736 14 15 10 19 84 590 84 55 15 4614 14 4633 574 24 5 1555 6599 413 35 6600 28 15 1566 91 22 4282 1840 29 1515 35 180 19 6601 20 6602 24 6603 415 40 312 38 15 1839 91 19 1594 15 203 3114 12 2903 19 166 6604 230 6605 4881 80 1969 40 35 630 6606 24 5 6607 15 433 40 379 21 249 10 6608 71 1994 6580 19 220 100 1847 10 91 80 5660 71 16 19 467 1480 19 20 2034 24 91 433 3680 15 6185 14 22 466 91 6609 6610 19 6611 19 6612 19 6613 19 6614 20 6615 6585 157 203 19 20 161 438 203 24 83 22 466 6616 6617 45 170 7 14 7 15 7 6079 43 4315 71 91 46 211 767 
22 24 24 25 2024 22 545 14 6618 3620 1573 333 28 15 6619 230 1092 2732 203 19 211 767 
560 24 24 25 6620 3712 230 1943 1847 10 6621 3138 20 230 6622 4131 19 20 211 767 
768 24 24 15 203 1515 35 6623 3738 40 537 4736 20 5793 24 211 767 
6624 415 40 312 38 4759 15 203 71 22 405 91 6510 15 456 166 2912 24 83 22 4041 1345 585 862 10 1089 6555 15 5660 203 19 20 585 5466 466 2946 14 5798 1337 107 422 43 10 24 2672 19 15 29 413 35 6602 28 6625 15 166 6626 230 2327 25 19 20 465 2442 237 12 519 3790 24 390 4319 40 1580 124 230 6627 1514 4803 1245 55 4301 2240 19 84 590 84 4803 2088 627 4301 2240 19 4042 40 1057 6628 14 15 203 6629 24 5 406 1623 15 1511 14 22 6630 6631 1832 19 237 22 166 34 35 450 40 597 38 940 71 22 690 24 211 767 
560 892 24 1258 6203 
22 60 3656 
324 22 1645 1840 29 1382 22 4282 5783 1955 22 573 14 374 1035 46 211 767 
22 24 24 22 1065 2982 203 1089 12 3790 568 91 6588 6632 203 34 21 516 40 3675 6633 14 15 1089 24 40 6634 83 22 1089 869 415 40 1505 608 1946 15 6635 14 2240 2776 249 40 1336 4408 20 5223 24 211 767 
560 24 24 3251 124 230 6587 157 1847 294 20 5750 3905 1847 294 593 7 40 7 61 80 3790 24 936 124 328 400 2905 230 2491 15 1244 20 5793 14 203 20 2657 585 5157 6619 230 6636 87 5477 15 5803 14 157 10 24 211 767 
768 24 24 1885 14 5702 5807 91 34 6637 55 33 3628 1382 15 2982 5783 24 5 34 2533 15 1511 14 585 1555 5829 907 1805 15 10 1089 19 20 34 1623 15 574 40 3077 15 29 71 585 6551 405 24 211 767 
763 24 24 6594 107 34 1286 25 397 40 6638 15 2904 14 203 3738 40 166 1438 24 574 34 35 450 40 1914 1120 1685 2088 627 203 84 590 84 40 611 1245 24 2252 14 107 627 166 2519 34 379 1426 505 20 2535 14 203 24 211 767 
15 5942 1258 415 6639 6640 6641 6350 936 504 46 211 767 
22 24 24 4069 5833 20 6642 29 1865 56 6024 344 19 352 60 211 767 
560 24 24 1336 3370 56 6024 349 60 211 767 
768 24 24 1840 2235 14 29 20 124 56 6024 364 19 63 60 211 767 
763 24 24 5128 20 5812 56 6024 892 60 211 767 
139 24 4069 5833 20 29 1865 
15 5542 34 6643 505 38 22 6644 7 1794 3012 4802 2764 1336 5223 38 648 3645 568 84 40 4954 550 3115 1238 4992 4282 1668 46 211 767 
22 24 24 648 482 40 35 5226 34 592 84 198 40 23 504 211 767 
560 24 24 6604 14 15 1050 45 15 5722 34 35 15 6645 230 1046 20 4890 3654 24 211 767 
40 2692 91 15 5542 34 4848 15 1668 1238 71 15 6646 1915 20 34 530 6647 482 390 2170 40 1621 585 5259 1530 6648 28 4623 1189 2540 19 1448 1289 71 1645 1668 3275 3028 22 1090 14 4282 5815 646 3286 24 1120 1830 34 35 40 1286 1240 91 15 374 3030 34 35 5157 14 221 6649 71 1668 2768 71 400 40 7 2549 19 84 590 84 3655 4809 19 568 91 15 1216 5226 34 5467 40 585 847 20 1596 6650 29 2887 24 28 6651 40 1621 585 5259 1530 45 15 4316 14 15 1258 19 390 1870 40 1286 1240 91 184 6652 2771 34 35 2235 1266 20 1706 6653 15 6654 14 15 1629 24 5155 19 390 402 5 34 2105 4512 15 505 14 15 4044 5287 3983 230 15 5812 14 15 1629 84 141 34 35 462 15 943 40 6655 2059 55 1120 901 38 1189 2540 6656 547 15 5259 1530 24 503 19 40 2338 1984 936 5812 4496 20 15 505 14 15 2732 5287 19 15 5542 34 1286 1240 91 1728 14 15 5259 1530 34 249 151 467 40 575 2237 6016 20 34 21 35 450 40 6657 374 3654 354 15 6658 2237 24 211 767 
22 6263 614 71 6659 4282 4283 12 91 14 3557 6660 6261 56 6469 60 24 5 614 253 630 6661 71 6453 19 84 22 564 14 2240 40 35 2461 253 55 15 1049 517 43 24 15 43 1955 22 573 14 6662 6663 504 3028 4008 55 123 2032 56 230 1523 458 631 6664 102 24 103 24 1465 19 6665 71 4739 6666 19 99 24 60 19 15 5478 14 2022 1604 150 936 2032 151 416 6667 87 6668 19 20 568 55 24 15 33 4008 614 230 1645 4282 6669 2419 12 21 568 571 55 15 1886 14 15 3755 4768 541 1895 19 84 390 1484 91 4739 1840 2419 34 35 6670 28 5541 91 151 83 6261 24 5 12 6671 15 542 38 1958 7 203 6672 6673 19 76 5639 55 20 133 15 1795 354 2983 91 92 35 2778 55 1122 20 187 87 5923 24 15 950 7 5985 14 15 5542 6674 15 3137 40 6675 22 94 55 83 1238 20 2578 22 3201 6676 456 6677 20 6678 1279 6679 38 2732 5804 6680 24 40 91 2249 19 15 5542 415 6681 15 5820 14 22 4042 5804 71 15 2196 14 6359 20 1492 24 15 3201 34 633 38 22 545 14 6053 230 15 1511 20 3386 14 4028 1645 4282 1840 2419 20 6682 14 5071 6683 24 211 767 
223 15 208 5159 19 438 294 19 6158 1382 15 4282 5783 91 34 35 532 84 22 1840 2576 7 5993 230 15 29 19 34 35 3905 20 1895 38 15 3137 14 15 950 7 5985 24 5 2059 2524 34 1076 1448 55 1994 294 20 452 4000 1381 14 1847 294 568 91 15 374 3030 34 35 462 15 943 40 1865 15 29 38 23 2240 71 653 24 421 15 4069 5833 415 3905 15 1585 4241 1274 28 4133 574 20 15 405 15 374 3030 413 1355 936 4241 40 1216 19 15 29 1865 413 156 153 71 2007 38 15 1336 3370 24 211 767 
71 15 29 1865 4414 19 5833 20 6684 34 35 532 6685 40 2763 4069 6686 24 5 1692 1629 71 6032 14 22 573 14 30 2070 230 6687 3984 24 71 5 1915 19 6684 12 1260 1935 84 22 4069 2 1067 2035 20 84 585 897 1865 2035 24 15 6684 2524 1116 55 6684 6688 4069 24 503 19 6684 84 22 3091 4237 3157 15 6687 1865 5159 40 260 38 2235 1238 83 84 2224 14 166 897 1865 20 1502 24 25 2 96 397 40 1703 354 559 2191 1626 90 14 6689 46 211 767 
22 24 24 29 2442 211 767 
560 24 24 5742 40 1626 2923 20 15 166 211 767 
768 24 24 1502 211 767 
15 1094 6690 230 522 1865 19 1935 354 15 29 20 354 15 124 2237 34 35 15 400 14 15 6555 6200 3685 56 4033 60 494 4033 479 1158 497 24 4033 415 416 6691 233 25 12 22 2036 6200 3685 6692 4074 1609 71 841 7 394 1198 19 477 150 1626 5874 80 532 19 1594 4033 12 22 6200 3685 19 21 585 2235 2592 24 5634 19 4033 415 1322 6693 5194 20 15 575 7 2237 6197 413 35 532 21 249 627 374 3030 19 220 1443 6694 19 627 374 3030 20 857 2516 19 21 591 6695 71 269 5874 24 5 405 166 4069 34 35 6696 3688 1225 71 374 3777 24 354 22 1635 2524 19 400 542 6200 20 670 6200 34 260 1247 15 614 71 630 2238 24 169 3353 6200 34 35 532 40 6697 585 1726 14 397 523 6698 24 20 170 6200 34 35 2975 2174 230 4858 2030 1674 38 650 1337 6699 5286 38 1626 6700 14 2030 617 24 221 936 57 34 35 6701 71 585 6702 154 14 1865 20 5128 14 6689 178 4069 80 6703 24 211 767 
5546 24 1336 3370 
1847 1336 3370 34 6704 1891 38 15 29 1865 20 34 159 230 3290 1909 24 830 6256 34 1440 2322 1649 56 1645 6705 19 2546 19 1783 19 489 19 6038 20 4888 6706 99 24 60 20 950 7 1910 38 15 950 7 5985 71 5290 25 24 5 34 516 71 22 6707 1261 5721 14 294 19 237 34 6615 35 532 84 15 6708 14 15 29 230 325 20 5128 24 211 767 
2804 15 950 7 5985 415 6709 22 1645 5640 14 768 24 2027 24 2742 5799 19 6590 40 22 1994 1462 14 6710 24 5 5640 415 40 35 6711 71 1849 2667 40 1634 15 33 1645 848 14 203 5 1258 1345 84 25 1955 22 573 14 504 6712 40 83 6713 46 211 767 
22 24 24 15 5640 12 2187 2248 1122 7 1387 2032 24 25 172 589 1856 203 133 43 7 1387 2032 24 211 767 
560 24 24 15 5640 12 2187 2248 1869 2032 24 129 12 22 433 40 6714 15 573 14 5799 6027 2032 1175 40 1849 6532 14 203 6521 40 15 4282 5783 71 1528 20 556 1886 19 102 24 103 24 6038 19 305 6706 19 4446 2435 19 99 24 211 767 
768 24 24 1322 33 3591 80 6715 19 572 3462 45 4991 361 15 6716 2977 14 15 135 24 28 1092 2240 45 6639 458 4991 19 76 15 4991 240 15 135 71 1528 415 5629 4538 556 6405 3158 19 5 195 34 35 6164 24 211 767 
763 24 24 2804 19 15 249 405 40 683 294 19 3284 45 6717 2769 6307 55 2050 19 3385 19 99 24 19 12 28 6569 71 15 135 2 96 1669 3685 24 38 15 6665 14 6638 7 939 841 7 6718 5807 19 354 559 230 15 2179 1781 1289 71 15 1258 20 465 15 2592 40 6714 15 29 38 630 71 15 3655 19 15 574 34 151 571 1301 467 40 15 294 24 211 767 
1668 34 35 1387 55 5290 14 15 6719 2032 24 184 630 631 6720 6569 34 35 3159 40 1573 6721 24 5 2237 14 5290 12 6722 40 15 217 1049 4268 5640 217 494 6723 4168 497 24 522 1089 14 585 2487 1747 14 6724 12 100 1387 55 15 29 5226 28 15 1049 4268 5640 24 15 950 7 5985 14 5 1258 12 437 71 1221 38 1062 5659 14 15 4268 5640 24 15 2237 14 6603 34 35 627 208 20 1624 2237 19 1387 55 494 6725 4168 497 19 2585 6726 24 211 767 
15 6488 14 2240 40 35 1895 71 15 5640 289 46 211 767 
22 24 24 6727 56 76 6728 6729 20 6730 60 211 767 
560 24 24 1783 71 6731 211 767 
768 24 24 6732 71 2546 211 767 
763 24 24 1783 71 6733 211 767 
102 24 24 1783 71 6734 211 767 
766 24 24 1298 14 5801 5377 211 767 
103 24 24 4888 7 4242 2032 211 767 
2443 5363 34 35 462 40 3429 15 2435 369 14 1573 2770 20 1642 294 91 80 3719 1935 71 1645 20 6735 6736 56 102 24 103 24 6733 38 1783 20 1120 6737 187 6420 1462 60 34 35 6738 24 211 767 
409 6488 14 2032 34 21 35 2461 71 15 5640 233 14 1120 1071 24 936 6488 289 46 211 767 
22 24 24 3546 211 767 
560 24 24 6739 211 767 
768 24 24 6037 211 767 
763 24 24 6740 211 767 
102 24 24 1648 211 767 
766 24 24 512 5540 45 4803 6741 211 767 
477 138 83 2032 413 21 35 168 71 22 5640 19 141 1947 1863 33 203 40 15 574 24 1673 19 83 2032 34 35 2461 71 2379 1850 56 102 24 103 24 22 3867 14 5468 5540 19 22 860 14 6543 5377 60 19 38 4248 2088 40 20 45 15 5640 24 22 1210 365 14 15 1850 4106 71 1645 16 910 1236 505 14 15 950 7 5985 24 141 34 35 4264 20 6528 6742 71 22 1094 1423 1080 6134 40 15 166 24 211 767 
15 505 14 6587 20 6651 2032 230 6665 71 15 5640 20 71 15 458 1850 34 35 6670 28 22 3012 627 15 6743 349 7 63 20 15 5944 24 22 4319 230 15 505 34 35 3048 20 22 545 14 1094 6493 34 35 545 593 24 1266 2147 71 1573 14 15 4991 34 35 3048 19 568 91 15 4319 12 6744 40 1505 1994 6649 608 6118 24 211 767 
3017 24 1840 2235 14 29 20 124 
587 22 520 3697 14 15 6745 14 438 294 20 4000 1381 14 1847 294 19 374 3030 413 1931 55 40 15 1865 14 585 847 10 1089 91 34 1623 6134 467 40 3719 20 3655 294 19 35 141 1994 87 1847 24 390 3283 91 15 4739 1645 852 34 35 1445 38 22 6719 43 723 56 814 60 354 537 3259 20 22 1065 466 14 203 6746 2248 6201 2770 2246 56 6747 60 24 15 814 34 6005 71 2597 22 4282 1668 3406 24 15 6201 2770 2246 413 35 449 1266 1850 56 102 24 103 24 1261 2769 5799 19 1230 1850 19 99 24 1994 87 1847 60 87 43 2246 1720 6632 19 2523 20 6748 294 24 374 2750 6749 550 2667 14 2210 83 22 5809 46 211 767 
10 6042 422 15 43 
71 5 1692 19 25 12 15 3137 14 15 814 40 3005 2732 2240 45 15 43 20 1279 3383 14 5793 40 6750 15 2240 514 24 550 504 6751 46 211 767 
22 24 24 15 2543 614 56 904 1947 328 15 814 6643 22 3370 109 19 20 45 240 239 15 43 12 6752 19 568 2780 7 5623 5304 12 6753 24 100 5478 12 22 1528 46 413 1292 618 35 6754 421 15 443 12 6667 239 60 211 767 
560 24 24 4008 6755 46 587 1292 55 15 43 230 6664 12 1626 45 587 25 847 40 6756 24 211 767 
6707 1057 860 422 15 43 
71 5 1692 19 15 814 6757 84 585 2 3251 2 6134 5787 40 2732 203 24 1592 1573 6747 415 15 6758 40 6759 2240 71 432 16 141 1870 56 432 458 3676 12 6760 60 500 12 112 5942 12 15 6189 14 22 6315 907 354 15 814 91 34 6761 1573 3077 20 383 2322 3712 40 1221 567 6747 24 1573 3791 12 543 40 35 450 40 3131 38 22 1266 6747 19 1978 15 1274 203 20 407 25 149 40 15 6315 230 1904 24 15 194 504 6751 46 211 767 
22 24 24 3712 145 40 35 1479 19 568 141 413 35 6762 20 1843 249 38 116 14 15 438 2240 19 354 22 462 217 6763 6764 217 14 15 29 211 767 
560 24 24 3712 903 6765 6099 19 1602 141 80 4129 7 3853 19 87 15 1847 1336 4408 4812 7 3639 55 585 203 1360 16 56 5852 60 24 1947 19 5 12 21 22 5564 655 24 211 767 
522 1258 34 4848 5531 1935 936 1047 24 323 19 15 1624 1089 1761 215 15 1443 4318 230 22 4282 1840 29 19 572 233 14 4008 2624 24 40 3758 15 1479 1071 20 4069 14 1272 1201 230 3712 20 6766 626 116 6767 19 390 34 2995 15 194 829 6768 6769 522 1629 71 2322 124 46 211 767 
1885 14 43 7 1387 4128 19 139 24 102 24 6326 1298 38 1266 5975 56 102 24 103 24 203 6770 4123 45 6771 2352 60 1299 71 6772 84 3791 2923 24 660 129 80 1322 5838 14 4128 19 6773 22 30 4123 12 585 6326 30 6774 91 413 899 38 537 1832 19 139 24 102 24 141 80 6326 20 413 2584 38 458 6775 19 76 5792 19 1741 19 20 458 30 4128 71 1849 1051 20 2806 24 869 1095 1323 14 4128 91 34 4512 522 4951 80 1642 3109 230 203 5356 20 5816 24 1423 4128 4960 857 116 133 1849 203 3728 24 5 116 2695 15 90 14 203 123 354 1573 848 19 904 40 467 91 203 20 458 2744 2174 116 83 84 15 6776 20 4955 14 15 203 848 24 1423 4128 400 5 116 40 3096 1266 1423 2912 24 1322 2912 80 6117 55 15 5969 2894 14 2361 71 1626 10 3728 24 4128 80 2174 230 5816 4028 10 3728 230 1266 10 24 541 30 6777 19 141 151 15 1906 1271 40 6040 4913 10 3728 230 2361 24 660 6778 230 6779 101 19 15 456 170 14 4123 648 12 91 46 22 24 24 25 12 618 585 4248 829 1041 24 211 767 
560 24 24 5253 6780 320 80 1038 24 211 767 
768 24 24 15 1284 545 14 1216 80 21 123 24 211 767 
763 24 24 15 1216 80 21 1597 38 869 641 24 211 767 
84 22 516 19 390 2170 40 3554 6781 20 6782 568 84 40 2805 22 545 14 37 7 4890 43 7 1387 30 4128 91 34 35 532 230 6587 19 5796 20 5816 43 294 24 211 767 
1885 14 22 6315 38 5040 40 6783 6747 230 203 449 2593 56 2780 7 4248 1071 14 4128 60 87 6784 56 3077 6785 19 3791 6189 20 6786 60 24 15 10 117 6629 12 6787 38 22 6788 14 1626 2419 19 1443 14 237 1 2 3 315 40 1573 458 24 4128 413 35 532 84 6789 627 936 1849 10 3728 19 465 15 5040 237 1623 206 40 6790 24 15 6791 1258 354 6792 19 40 1505 869 1295 494 6793 6794 497 19 5226 585 203 6315 91 525 467 40 5660 10 20 116 5724 24 5 6315 413 35 532 40 611 22 1747 14 203 5356 4128 19 1573 14 237 415 467 40 869 87 630 203 3728 24 936 4128 400 22 6279 2237 3685 19 22 3451 1894 19 20 857 7 1266 6795 230 6027 15 10 2318 71 1120 203 3728 24 5 1637 1573 4123 40 3131 38 15 940 354 22 6279 4109 2237 24 211 767 
1885 14 217 1337 3712 217 139 24 102 24 3712 91 34 35 1445 55 7 15 7 1522 45 6796 2137 2923 19 1943 15 2592 3655 7 620 24 2784 57 45 203 1251 19 6797 5040 56 4128 60 34 3131 149 1120 404 5976 14 15 5245 14 1649 91 151 416 6632 24 421 5 12 1359 19 15 6315 34 2499 3712 45 1503 19 1633 19 5788 6190 19 1573 14 237 413 3837 203 45 22 1266 16 24 936 3712 34 35 532 40 1978 2732 1958 7 10 45 15 1847 2040 24 22 4812 7 5851 545 14 1958 7 10 6590 40 15 3109 1089 19 34 35 4292 1698 20 4259 230 203 21 2538 34 35 4857 24 211 767 
1885 14 585 847 3130 40 6798 1245 55 438 2240 24 25 12 589 33 40 530 15 574 38 1191 40 234 1203 1289 38 15 116 2901 19 630 568 40 6799 20 3429 15 3159 7 429 14 1120 4803 107 20 116 24 40 6800 71 5 19 390 34 6798 22 466 230 6801 1245 55 438 2240 449 84 1402 7 55 1468 11 56 102 24 103 24 489 60 87 84 1958 7 2088 627 1626 438 2032 20 187 87 166 7 6802 2032 24 936 1245 34 35 14 1626 5194 38 3278 40 1120 4636 46 211 767 
344 24 24 2037 7 2237 19 5854 249 28 15 4834 19 3446 556 187 557 6538 2333 211 767 
349 24 24 690 7 2237 19 3446 15 1354 14 1508 5805 211 767 
352 24 24 1389 7 2237 19 847 40 221 574 14 15 29 20 5872 28 15 3077 466 24 211 767 
1885 14 22 166 6200 466 40 2692 6538 107 14 15 29 24 166 6200 5748 40 1286 203 2419 519 166 7 6803 19 28 6804 15 1343 14 15 29 40 15 1438 14 15 3504 24 38 15 6805 3603 14 1276 20 15 6806 14 203 2778 55 25 19 15 433 230 30 6807 91 518 260 1050 1763 203 14 292 415 1634 6606 24 166 5661 648 415 416 1088 532 28 6263 829 3275 71 15 6346 14 203 4904 24 1737 2918 1480 151 416 5830 40 166 6200 504 19 6106 230 6808 1047 14 3504 574 6809 38 585 203 29 24 71 83 3709 19 15 400 14 15 29 28 585 3504 12 6810 20 15 1698 10 80 532 40 2499 15 1089 14 15 166 19 139 24 102 24 19 556 187 557 3504 4069 24 83 57 80 532 28 1426 4765 20 6122 2419 215 6811 494 6812 6813 497 19 6814 494 6815 4168 497 20 6816 494 6817 6813 497 24 15 1976 1329 14 936 2419 12 40 1771 20 6818 166 5856 84 590 84 40 5910 237 203 87 43 7 2246 55 22 462 1795 406 35 650 40 22 166 24 5634 19 1737 2918 57 151 416 532 71 1322 4123 7 1387 494 1338 1127 497 20 6819 203 4904 2419 24 6820 494 6821 6813 497 585 4123 237 6749 373 467 40 1266 1328 14 22 43 723 91 569 35 14 1095 292 40 15 166 24 6822 494 6812 2425 497 12 585 4123 91 6823 6307 15 1049 517 43 230 650 43 1328 24 6822 6585 2189 45 15 2196 14 203 3255 71 2353 40 1089 2032 20 166 5167 24 6824 494 1338 4168 497 19 12 22 841 7 4123 166 6200 20 203 4904 29 24 6824 12 1843 28 1514 585 217 6825 217 14 550 5245 14 6077 4128 46 15 203 4765 4128 237 80 3983 230 15 6826 20 3386 14 15 166 5856 20 15 203 4904 4128 237 4913 20 5817 40 15 1849 203 3728 24 211 767 
71 6453 390 80 2640 38 22 6279 2237 14 6827 14 15 574 2 1202 46 15 6189 14 166 3550 139 24 102 24 15 1315 14 15 574 14 15 5942 29 608 2519 14 2892 1202 24 129 80 550 1976 113 230 6828 3550 24 71 15 208 869 19 438 166 1047 80 532 40 1872 133 15 1202 14 22 157 166 494 6829 6813 497 24 15 1624 1692 230 6828 166 3550 12 40 1510 409 1323 14 118 19 136 6830 87 6831 2918 1480 494 475 4168 497 19 494 475 1125 497 19 494 5604 1125 497 24 223 5 1258 390 34 400 15 1624 1692 56 118 60 40 1621 166 3550 449 136 6832 87 28 6833 4912 56 102 24 103 24 14 43 1590 40 2367 6834 60 24 15 4897 3550 2756 40 46 211 767 
344 24 24 6835 157 574 27 3738 40 1120 1202 19 20 211 767 
349 24 24 1286 15 2770 3255 6836 40 1573 2525 6599 19 139 24 102 24 40 15 574 2 1202 24 211 767 
166 3550 34 35 2984 84 6837 14 15 4131 513 71 15 814 24 390 34 5979 550 113 230 6808 166 1202 56 1047 60 46 211 767 
344 24 24 15 166 34 2616 15 3123 91 80 14 292 45 22 6838 14 15 4131 1952 24 211 767 
349 24 24 15 166 34 1863 6569 20 15 29 34 6575 5702 5807 20 458 6839 294 40 6840 237 14 15 814 4131 292 15 166 24 211 767 
15 814 34 602 15 123 294 237 511 40 15 3550 24 5634 19 31 5665 203 12 1274 19 15 203 4904 4128 34 3837 15 1696 6841 1387 55 3550 4895 24 211 767 
40 5619 15 6538 586 14 1466 20 6325 15 123 294 390 34 1865 20 1580 5702 5807 1387 55 15 5290 6842 14 522 2576 7 5993 24 15 5702 5807 19 6843 38 22 5702 43 7 1387 897 34 1623 574 40 5870 1221 5753 20 1615 198 6844 206 40 2032 71 1120 3685 14 1933 24 223 15 1258 654 2179 1781 34 35 2538 19 2637 15 4897 2592 34 1286 25 1797 40 6714 6845 432 333 71 15 3655 24 211 767 
5634 19 390 34 3722 1047 14 2586 203 6846 24 230 1295 19 5753 91 399 35 6847 55 7 15 7 3288 34 35 6848 230 43 7 6797 354 22 1635 333 24 15 166 34 35 5157 14 15 1629 19 102 24 103 24 28 102 7 18 20 15 116 2901 34 35 5903 24 5 12 22 4354 6849 14 15 872 29 19 15 1839 91 15 116 19 237 15 29 34 6850 4461 19 34 35 6851 55 22 6852 4257 28 537 3924 24 15 630 1050 34 400 15 29 19 15 5149 15 29 34 1634 24 574 34 35 6853 1289 71 550 2667 46 869 12 15 1694 14 1245 3263 45 2037 40 1389 19 15 458 12 5820 14 3755 294 24 40 4512 574 40 2944 19 15 1089 34 3698 3656 14 1847 294 71 22 6854 405 24 449 5659 19 2722 19 87 1189 2540 34 431 40 6588 6802 1847 294 56 217 183 217 60 28 5131 127 1266 43 7 1387 4987 19 87 15 43 7 4128 6855 15 1276 34 2763 83 294 40 15 3367 14 15 6856 56 217 4904 217 60 24 40 3758 15 614 14 5793 19 390 5910 22 217 6857 217 5809 19 6858 294 3159 3694 28 1847 2722 605 43 4987 87 6850 28 3712 6859 84 2780 7 4248 30 4128 34 35 6399 71 22 2443 167 24 936 294 34 35 6860 28 574 38 2322 6861 19 178 141 80 2041 19 6862 20 3747 6863 84 1750 116 7 2901 6775 24 211 767 
15 6665 14 22 157 6747 71 15 814 34 21 1200 55 15 2034 87 10 5847 532 19 220 249 55 15 429 14 15 3619 24 6864 184 2034 87 16 2624 19 1345 15 1865 20 1885 14 467 5040 40 936 5660 294 24 15 5040 34 1452 15 467 40 590 5943 20 1895 10 19 40 2907 5943 20 2907 1895 19 20 2672 40 3688 3740 10 19 215 1633 11 87 298 1328 24 211 767 
230 5943 10 19 390 34 530 467 40 10 56 20 4131 60 910 15 400 14 22 5871 4062 24 1982 1162 494 6865 1125 497 24 5 1162 34 3110 3738 40 409 5851 4614 494 6866 6794 497 56 230 1295 19 6867 7 344 31 1175 40 5640 10 19 6866 31 1175 40 1645 1677 19 5920 31 1175 40 4282 4283 203 60 87 3738 40 157 5856 40 35 5851 547 15 1258 87 354 22 1635 2524 84 4280 71 15 1668 14 5722 34 35 5531 6810 28 15 5542 24 3786 15 2804 123 5856 19 249 1213 3182 1052 223 1258 6119 518 1929 15 5989 14 22 157 4614 24 230 2907 5943 10 19 6868 6869 2032 19 3738 40 409 396 7 593 3685 494 6870 4168 22 497 56 449 1387 55 15 5837 2036 56 87 1188 60 87 55 1174 2036 396 7 593 60 19 15 467 5040 34 35 1387 55 15 6189 14 6871 5369 532 6872 20 6873 14 3777 24 230 3740 10 19 40 6045 15 6874 14 467 19 409 6871 5369 2032 20 3777 6873 34 35 1333 354 1465 333 19 220 100 409 3352 4131 203 1515 35 6875 55 15 814 24 936 4131 34 35 1918 45 15 10 19 20 34 35 1732 55 15 1162 24 15 6067 627 15 4131 20 15 10 34 35 6875 19 20 607 10 12 6876 15 4131 34 35 5654 84 127 14 61 24 15 3812 3802 40 6877 15 1274 4131 12 4301 28 15 6035 466 40 35 5226 19 237 34 5148 438 5040 5226 28 1050 1289 71 5 1258 24 40 15 166 19 15 6635 14 10 2034 20 2800 2010 15 294 19 34 35 3688 6878 24 15 897 584 40 15 166 34 5870 467 15 4028 10 646 1739 6747 19 136 15 2322 466 19 20 3754 22 6199 6879 14 15 1629 24 211 767 
5853 24 5128 20 5812 
15 124 20 1216 5226 593 40 5 431 34 35 1597 71 22 6124 29 19 237 34 35 2683 354 15 950 7 5985 2 96 43 723 24 1573 374 5287 34 3512 2322 124 5226 1291 556 3265 1891 38 1120 1668 24 2637 15 124 34 35 5226 71 22 4900 635 20 34 35 1596 6591 19 15 374 3030 34 221 2184 15 950 7 5985 71 6880 936 20 3194 593 22 3406 84 22 5378 7 2249 40 15 1645 4282 1840 29 24 6033 14 15 29 28 6881 25 38 15 2537 3200 14 6024 344 20 6024 352 34 35 4125 127 28 15 4044 5287 19 568 84 40 4512 15 5812 4496 24 5128 14 15 29 34 35 6882 354 15 3137 14 15 950 7 5985 38 15 6883 14 221 830 6256 91 34 151 2378 1336 24 1594 22 6124 29 34 35 71 400 19 1847 6884 28 4623 2519 71 23 2147 34 35 6885 20 1120 1629 34 35 1895 24 15 5128 34 1736 2036 574 14 15 2240 646 3286 553 34 35 6886 910 15 6743 24 5155 19 1728 14 15 5259 1530 34 151 15 943 40 2553 15 29 20 869 14 206 34 6887 15 3137 40 2184 15 4044 5287 71 245 7 593 585 5128 3201 24 15 6884 34 530 879 6101 14 1629 19 6567 40 15 3462 20 2231 71 2732 3398 20 3267 91 34 1505 1709 3157 15 1258 549 24 5634 19 1783 34 35 2778 71 269 270 20 852 3462 19 20 2231 34 35 939 223 3398 20 1299 690 3267 24 15 523 34 35 532 230 6888 71 1189 1677 20 223 6889 19 3398 20 458 617 19 76 869 7 2549 5061 2139 71 15 4991 14 1585 4999 24 6101 3275 34 6890 71 22 2443 847 2144 55 4282 4739 203 117 40 35 4612 28 15 950 7 5985 71 1909 274 7 3327 14 15 1258 24 6024 892 2695 100 585 5128 14 15 2030 1191 230 15 5197 5812 14 15 1629 6891 24 6094 91 34 35 916 352 1909 347 15 1969 2249 14 15 1258 34 6892 14 550 5164 5298 19 3028 6893 585 6894 14 46 211 767 
22 24 24 6453 4633 1310 20 1175 2030 1191 211 767 
560 24 24 294 1271 40 3798 15 1629 20 1286 6453 6895 5564 211 767 
2485 14 15 5226 1177 34 35 606 5541 14 1849 4893 19 84 590 84 4624 553 1823 1668 1054 24 2191 90 14 1275 80 6896 46 211 767 
22 24 24 1089 20 2592 211 767 
560 24 24 250 56 3755 4739 3406 38 2088 60 211 767 
768 24 24 29 20 124 84 320 56 2754 523 19 1674 14 858 19 99 60 211 767 
15 3030 3639 309 15 3116 14 2252 15 3197 14 1258 1629 71 2068 40 15 5820 584 24 309 182 14 15 1258 19 15 3030 34 35 1468 40 400 1258 1629 230 9 400 24 1266 6897 3948 35 5153 28 15 3030 71 2068 40 15 320 2 3484 6039 24 71 5 3278 19 15 1555 505 1271 40 1310 15 320 34 35 6898 24 211 767 
1604 
494 6899 4168 497 6900 1811 2422 2423 43 7 1387 1885 14 1091 24 3451 14 15 3373 19 5917 7 334 19 6901 1135 24 211 767 
494 6902 6813 497 6903 6904 3119 6905 24 3791 5740 6906 7 5943 1276 3728 24 6907 6721 19 1172 7 364 19 6908 1115 24 211 767 
494 720 4168 497 6909 6910 24 203 1904 24 6911 3251 6912 7 6913 1135 24 211 767 
494 22 1125 497 6914 6915 24 55 107 20 1188 24 3373 6907 7 5150 3377 24 211 767 
494 6916 6813 497 674 24 6917 674 24 6918 4229 24 6919 3876 24 6920 24 55 15 267 24 6911 3251 6359 1115 24 211 767 
494 6921 4168 497 763 24 6922 22 24 6923 22 24 6924 24 860 57 6925 267 46 22 94 24 6907 6721 274 7 352 6926 4168 24 211 767 
494 6927 6813 497 96 24 6928 96 24 6929 3876 24 6930 24 6931 2034 71 6932 10 24 6907 6721 1172 7 364 6908 6813 24 211 767 
494 6933 6813 497 1415 24 6934 2422 2423 24 6935 46 22 860 117 29 6936 10 24 6907 6721 1172 7 352 6926 6813 24 211 767 
494 6937 4168 497 1415 24 768 24 6938 102 1415 24 1415 24 6939 102 475 24 3876 24 6337 19 6940 2887 14 2032 19 6941 269 270 46 1034 19 6942 19 1069 20 4797 19 6943 19 6944 19 2999 19 1135 19 6945 6946 7 6947 24 211 767 
494 6948 4168 497 1415 24 103 24 5883 19 1338 24 3876 24 6337 19 1415 24 768 24 6938 19 1415 24 1415 24 6939 19 1415 24 922 24 6949 102 475 24 3876 24 6337 19 6804 953 6028 230 15 43 46 184 2361 3790 219 19 924 20 15 43 19 6950 7 5234 19 331 19 1135 211 767 
494 6870 4168 22 497 1415 24 768 24 6938 102 475 24 3876 24 6337 19 2755 5850 46 6951 10 1336 19 5837 4168 7 3286 19 6952 7 6953 19 569 19 1135 211 767 
494 6954 4168 497 1415 24 768 24 6938 102 22 24 3876 24 6955 102 475 24 3876 24 6337 19 6956 5837 1266 6957 46 45 5850 40 6343 6344 19 4124 1216 4168 19 3509 7 961 19 4775 19 1135 211 767 
494 6793 6794 497 6958 6959 19 3119 22 24 6905 20 6960 7 6961 6962 19 3077 224 71 15 6791 203 6315 19 71 6963 6964 769 24 19 3483 5279 648 19 6965 2192 19 6966 1141 19 484 19 2762 211 767 
494 6967 6813 497 6914 6929 24 6135 4129 7 5943 10 24 2659 24 14 1411 24 3314 24 55 860 3674 56 6968 60 19 3566 19 838 19 1115 211 767 
494 6969 6813 497 4883 6970 24 6932 10 24 5150 19 6971 6972 19 1115 211 767 
494 6973 6813 497 96 24 6929 2422 2423 24 15 6974 3077 3685 230 6932 10 24 2487 2206 55 1645 1677 19 344 56 344 60 19 3401 1115 24 211 767 
494 6927 4168 497 96 24 6928 19 96 24 6929 19 3876 24 6930 24 6622 5852 45 6932 10 24 3373 6907 3314 24 55 117 14 10 19 6975 3206 19 1135 211 767 
494 6976 6813 497 6977 19 103 24 6978 19 475 24 6979 24 6932 20 5943 10 71 15 43 46 1488 149 20 1031 24 6907 6980 24 19 6908 1115 24 494 6981 2425 497 763 24 6982 19 22 24 6983 19 6984 24 6985 19 1415 24 6986 19 1415 24 6987 24 6135 6932 5660 203 24 2487 3314 24 55 6988 20 169 7 3117 1850 19 3250 211 767 
494 6989 6813 497 5011 6990 24 2412 4109 6581 71 1850 46 22 6941 4261 24 5150 19 6971 6972 19 1115 211 767 
494 6991 6794 497 22 24 6923 24 6992 180 198 45 6993 1850 24 6994 2762 211 767 
494 6995 4168 497 768 24 6905 2422 2423 24 6200 43 3728 230 203 1904 24 2659 24 2282 403 6996 2 922 3314 24 6997 1799 19 1135 24 211 767 
494 6998 6813 497 720 24 6999 7 7000 19 6984 24 7001 19 763 24 6982 19 22 24 6983 19 6984 24 6985 19 1415 24 6986 19 1415 24 6987 24 15 7002 1258 46 1904 14 5660 203 3728 24 3769 1115 24 211 767 
494 7003 3439 497 103 24 7004 24 6789 71 15 3130 14 3655 203 2419 24 269 19 2436 24 1171 184 24 352 19 3769 5618 211 767 
494 6723 4168 497 15 1049 4268 5640 55 5464 7 5465 46 7005 7 3250 19 7006 278 2192 19 1135 211 767 
494 6812 6813 497 7007 19 1338 24 20 7008 19 6984 24 1336 7 1387 19 1426 6122 24 3451 14 15 3373 364 1565 24 352 5643 7 5389 19 1115 211 767 
494 6815 4168 497 7009 766 24 19 7010 763 24 19 7011 103 24 19 7012 1565 24 19 7013 96 24 6567 1737 2918 20 116 7014 57 40 22 1645 852 250 24 1411 24 2206 55 1645 1677 349 352 7 658 19 1135 211 767 
494 6817 6813 497 7015 1338 24 20 7016 763 24 2918 20 7017 166 5856 46 15 6032 14 650 43 2246 24 1737 2918 274 46 7018 7 7019 19 1115 211 767 
494 1338 1127 497 7020 19 475 24 4128 91 7021 505 20 203 7022 24 3451 14 15 3373 2290 1565 24 491 1429 7 2395 19 1107 211 767 
494 6821 6813 497 7023 19 3 24 19 7024 19 763 24 20 7025 19 3 24 19 6820 46 22 5035 4850 230 15 1049 517 43 19 6362 14 15 2487 5288 343 71 6997 1799 19 1115 211 767 
494 6812 2425 497 7007 1338 24 20 7008 6984 24 19 2 2918 203 3255 4128 46 5289 38 1249 43 6325 24 2 19 211 767 
6362 14 6965 3239 7026 55 203 5356 45 5660 19 4028 294 19 4127 19 484 3250 211 767 
494 6829 6813 497 7027 19 475 24 20 7028 19 720 24 3876 24 46 7029 2419 24 3451 14 15 3373 364 1565 24 352 3963 7 649 19 1115 211 767 
494 1338 4168 497 7030 22 24 19 7020 475 24 19 217 7031 46 585 6158 6819 203 4765 20 4904 29 230 15 267 217 19 4686 1122 230 15 208 134 14 15 2206 14 6326 4128 20 841 7 4123 2419 19 1135 24 211 767 
494 475 4168 497 103 24 760 19 768 24 5951 19 674 24 5308 19 768 24 763 24 5614 19 20 674 24 7032 24 46 2918 166 3550 230 6458 15 211 767 
2070 14 203 4408 24 2659 24 349 2541 2179 343 55 829 20 3483 648 230 1645 1677 19 967 4206 71 269 270 56 7033 60 7034 19 5604 24 7035 7 7036 19 7037 19 2135 1135 494 475 1125 497 760 103 24 19 5308 674 24 19 5951 768 24 20 5614 768 24 46 6598 2918 57 230 15 6826 14 166 211 767 
7038 20 3550 24 2659 24 5735 1125 3463 2487 343 55 166 6200 19 7037 7039 19 2999 3377 211 767 
494 5604 1125 497 103 24 760 19 768 24 5951 19 674 24 5308 19 768 24 763 24 5614 19 20 475 24 7040 24 46 45 43 3924 7041 40 43 3924 211 767 
5833 24 2659 24 7042 1125 6911 2419 3807 20 7043 343 19 4325 3377 211 767 
494 6725 4168 497 217 7044 7 3273 5290 2902 217 19 349 2541 769 19 1135 19 3273 852 115 211 767 
494 6865 1125 497 3386 7045 20 2494 5804 230 7046 187 7047 2036 5871 4062 24 1982 20 1159 7048 19 15 852 14 2969 19 123 71 2 295 46 187 187 7049 24 6865 24 7050 187 5871 7051 187 2 24 211 767 
494 6866 6794 497 5871 4062 24 1982 4614 230 467 40 1645 3143 19 5482 7052 19 15 852 14 2969 19 123 71 2 295 46 187 187 7049 24 6865 24 7050 187 5871 7051 187 7045 187 5856 187 3143 24 298 2 211 767 
494 4033 479 1158 497 295 46 187 187 267 24 6195 24 1583 56 469 84 14 2999 337 19 3377 60 211 767 
211 767 