Subject: 6965 59 2144 
192 7 7 7 7 7 7 7 7 7 7 7 7 7 7 7 7 7 7 7 7 7 7 7 7 7 7 7 7 7 
192 
192 61 46 1866 344 187 332 187 335 336 46 5671 244 
192 45 46 8781 8782 494 8782 51 829 24 8783 24 8784 24 53 497 
192 54 46 7553 46 2180 230 43 1423 2144 354 6965 59 
192 
192 383 230 1242 187 393 
192 6965 7 59 2144 55 6997 1799 230 43 1423 
192 295 46 187 187 2680 24 1583 187 8785 187 6965 59 24 298 
192 3491 552 19 59 19 6963 19 8786 
192 
192 1122 4490 4637 46 345 3769 59 
192 
192 15 1049 517 43 2444 585 8787 6635 14 116 213 503 19 
192 15 43 2 96 1968 19 8343 3603 19 575 6635 19 20 8788 2143 
192 1947 1286 25 1371 40 683 203 24 2180 57 413 35 532 
192 230 5357 19 1466 19 20 8789 203 55 15 43 24 22 
192 2891 1060 14 2180 57 80 2732 76 1737 2918 19 
192 6326 4128 19 2518 2419 19 116 7751 19 10 
192 44 19 20 5739 3685 224 24 
192 
192 3123 46 
192 
192 43 6552 1423 
192 7 7656 118 20 5839 14 1423 1629 
192 7 2918 40 602 6569 
192 7 8790 14 1629 
192 
192 6458 1423 20 6325 28 2918 45 574 
192 7 136 467 203 56 102 24 103 24 1426 4765 60 
192 7 6594 1423 20 6325 
192 
192 1726 43 2034 20 2143 
192 7 351 5833 
192 7 43 723 187 106 118 
192 7 7633 1069 1238 
192 7 413 5832 6325 35 8065 239 
192 
192 43 106 4895 
192 7 3082 1251 20 116 7751 230 1423 
192 7 400 14 43 106 4131 
192 
192 8403 46 
192 
192 15 2144 34 35 14 292 40 5710 19 4035 2746 19 20 
192 1056 5659 187 4307 71 15 2160 2528 1805 24 
192 
192 16 46 
192 
192 129 34 35 4686 4687 19 20 2782 3305 1122 
192 2231 19 20 1805 221 19 2054 2916 20 3629 
192 2010 4999 24 2054 3629 91 390 4319 34 1212 
192 15 1243 1323 14 4446 8084 223 15 2144 24 
192 
192 7573 45 221 1040 1175 40 136 2180 40 683 
192 203 55 15 43 80 1455 24 4687 34 35 8791 
192 7102 19 20 2231 34 35 8280 28 22 8157 886 
192 55 1573 1795 24 71 22 3026 8117 109 19 6768 230 5288 
192 132 7 2144 3275 34 35 3048 24 585 943 40 1863 
192 5371 14 829 6689 20 57 569 35 584 24 
192 
192 40 1212 3629 19 7352 3608 20 886 3123 
192 34 35 2778 55 15 43 354 295 46 187 187 2680 24 1583 187 8785 187 6965 59 24 298 
192 347 15 2144 24 84 22 8792 19 15 4071 14 221 
192 4999 34 35 2776 8793 19 568 91 2231 20 
192 3629 413 1076 55 15 374 375 24 4999 34 35 
192 4456 40 2150 375 230 4687 24 
192 
192 7573 46 
192 
192 7573 328 35 627 869 20 4830 1328 20 35 8794 136 
192 15 2036 6965 6493 24 7573 14 1096 19 6006 1242 
192 5144 6010 472 80 1204 4456 24 1242 328 35 
192 3305 7465 71 6771 87 2111 16 56 8795 84 22 
192 2272 2146 40 585 3657 1452 3176 60 605 102 7 18 40 
192 6965 59 51 2680 24 1583 24 
192 
192 5557 46 
192 
192 345 3769 59 46 7573 4548 40 6965 59 51 2680 24 1583 24 
192 2308 3769 59 46 2894 102 7 1814 445 24 
192 1172 3401 59 46 7353 1546 1242 4548 24 
192 552 3491 59 46 2144 2346 1709 24 
192 
192 7598 46 
192 
192 8785 8796 19 1276 2680 56 8785 51 2680 24 1583 60 
192 8797 22 8798 19 8799 8800 829 4299 56 8801 51 18 24 8802 24 8799 24 7050 60 
192 8258 8803 19 8784 829 831 56 8803 51 829 24 8783 24 8784 24 53 60 
192 8804 8805 19 8806 278 56 8805 51 263 24 8806 24 4178 60 
192 8781 8782 19 8784 829 831 56 8782 51 829 24 8783 24 8784 24 53 60 
192 
192 1555 203 46 
192 
192 125 295 46 187 187 2680 24 1583 187 8785 187 6965 59 24 298 230 1555 2224 24 100 
192 125 15 6965 59 8807 46 
192 
192 295 46 187 187 267 24 6965 24 1583 187 3398 187 1133 187 59 187 6965 7 8808 59 24 298 
192 
192 7 7 
192 8781 8782 7 295 46 187 187 267 24 8809 24 8784 24 53 187 268 8782 187 
192 295 46 187 187 8810 24 53 187 7 3534 19 2742 273 269 270 1242 
192 
192 7 7 7 7 7 7 7 7 7 7 7 7 7 7 7 7 7 7 7 7 7 7 7 7 7 7 7 7 7 
192 