Subject: 494 2715 46 383 7 230 7 1242 8273 59 497 
7 7 7 7 7 7 7 7 443 6 7 7 7 7 7 7 7 7 
54 46 383 7 230 7 1242 8273 59 
61 46 4110 19 345 58 59 2348 46 65 46 2027 273 2350 56 2194 60 
45 46 8274 8275 
40 46 8276 51 8277 24 8278 24 703 
383 230 1242 
2487 2144 55 269 4029 230 1737 1724 
8273 59 
2135 2282 7 332 19 59 19 8279 19 4038 
8273 59 12 15 7459 71 22 2417 14 2139 6670 38 8273 2 3438 
71 6952 19 20 8280 28 8273 2 7840 71 157 8281 19 8273 2 2425 71 8282 20 
8273 2 6813 71 3470 24 
15 8273 2139 5835 22 5791 14 15 589 6302 6911 
8283 56 269 4029 230 7243 5833 20 1737 
1799 60 
2139 3474 223 15 8284 2 96 20 8285 2 96 24 
15 624 14 936 3267 12 40 2763 2764 5659 553 4321 
40 1725 15 1502 14 1737 1724 2419 910 22 
616 14 2137 4787 20 30 24 
3123 289 220 80 21 935 40 46 
4029 230 1230 1726 19 305 7244 19 458 8286 
6360 20 8287 7 1387 1724 3130 
2007 4029 20 1034 230 1737 1724 
8288 20 8289 545 3130 3891 
2859 7871 20 7753 6879 
7780 1444 20 1737 1799 4029 
8290 7 1387 2419 20 116 7 1387 1741 
8291 1502 5128 
4028 224 230 1724 2419 
1276 2188 
2007 4985 1590 
1781 19 30 1051 20 1272 124 
7569 1747 20 7749 4275 1054 71 1724 
343 5258 
8274 8275 
8292 5437 8293 102 5763 19 8294 2 5437 8279 19 
8279 19 4038 
286 46 8275 51 8295 24 8296 24 25 
930 5258 
8297 8298 
8294 2 5437 8299 
8292 5437 5763 102 8300 
8299 19 4038 
286 46 8298 51 8301 24 8302 24 25 
4490 14 1242 
1261 4490 12 4456 71 6771 87 2111 24 
144 19 6639 4959 14 585 7575 1025 
413 35 3305 605 2782 18 40 15 930 5258 24 
1555 203 34 35 123 460 24 
33 5557 46 
6476 1121 46 1280 983 19 59 
2894 14 7361 46 3769 1429 19 59 
1648 4548 46 3401 552 19 59 
2144 2178 
8279 12 22 8303 8304 5190 19 85 40 
869 14 15 8305 20 1443 8306 8307 71 3286 24 
8308 12 249 337 8309 5435 19 20 12 1596 8136 28 8146 87 4305 24 