Subject: 37 46 2129 59 
150 313 1564 217 2130 217 313 1501 2131 676 24 1277 2003 91 226 2132 1209 1898 
682 22 1892 2133 2114 91 2134 627 15 337 403 20 15 767 403 14 2135 
139 2 1278 35 22 2136 558 24 24 24 
1901 19 1715 2 96 505 219 
139 125 17 1374 230 22 2137 535 55 1645 2138 589 
650 24 2139 80 2140 19 1594 141 80 2141 84 
1572 617 19 38 537 1685 2142 20 2143 24 390 379 432 
2144 902 19 220 15 1354 12 91 141 328 151 409 1323 14 2145 
56 230 1295 19 22 1258 19 22 1299 690 19 99 24 60 24 568 19 31 313 151 1292 
215 5 19 1901 19 1715 2 96 1463 55 24 139 244 200 313 71 2146 15 2147 
230 91 24 
220 390 151 458 2148 19 83 84 2149 24 24 24 230 91 19 313 2 1278 433 40 683 22 
690 14 352 40 63 1189 1050 19 20 2150 15 109 56 237 413 35 22 
654 109 71 15 343 19 87 22 2007 869 24 24 24 60 24 
20 313 151 100 22 536 230 2151 24 24 24 38 17 2152 71 1230 
224 20 568 55 19 313 1515 151 409 472 19 184 239 
684 19 
2153 
1907 46 390 151 437 2154 15 930 2155 230 15 2156 19 220 139 2 1278 
856 313 71 15 885 71 542 390 1615 585 33 2157 2158 14 2159 71 
17 2160 24 
7 7 7 7 7 443 6 7 7 7 7 7 
45 46 761 24 674 24 762 
40 46 2161 2162 2163 
445 46 2164 7 2165 19 364 2166 2167 2166 59 64 46 2072 
54 46 2129 59 
192 925 2161 19 
192 
192 390 151 21 2168 230 409 333 1277 24 139 1484 551 571 505 415 1732 928 
192 2169 24 139 2170 40 2171 15 2172 885 1253 460 19 38 409 157 
192 2173 19 76 15 2128 14 409 1645 852 412 139 151 
192 416 2013 91 458 1050 92 683 2174 24 
192 
192 71 15 2175 19 139 1562 17 2176 71 2129 59 24 38 15 1503 
192 2152 45 15 2177 2178 20 303 1193 2 96 2143 14 15 
192 2179 2180 1185 2181 45 226 456 2182 139 2003 313 34 35 
192 153 215 2130 219 
192 
192 35 2183 91 139 406 35 1871 40 2184 71 432 635 313 125 2185 24 230 
192 1295 19 139 518 2186 409 1242 31 433 35 56 2187 55 2188 2189 
192 14 1645 1677 60 19 87 383 593 55 409 926 230 22 2144 
192 2143 24 71 5 2190 542 19 139 130 2080 31 313 406 683 
192 650 22 2144 55 1645 2022 293 24 139 151 416 1299 
192 38 83 230 15 1908 2191 1037 1277 56 45 1648 40 2192 2193 60 
192 20 151 2194 22 564 14 1050 71 2195 20 1056 91 402 5 
192 2196 328 35 22 2197 604 1250 7 13 14 15 1645 1677 
192 1049 24 1715 682 625 31 313 402 83 22 2198 12 650 24 
192 
192 440 40 2199 45 313 460 19 
192 
192 827 
192 
192 7 7 7 7 7 7 7 7 7 7 7 7 7 7 7 7 7 7 7 7 7 7 7 7 7 7 7 7 7 7 7 7 7 7 7 7 7 7 7 7 7 7 7 7 7 7 7 7 7 7 7 7 7 7 7 7 7 7 7 7 7 7 7 7 7 7 7 7 7 7 7 
192 828 762 19 
192 829 830 19 
192 831 14 832 833 834 
192 835 836 
192 837 19 838 
192 839 51 840 24 836 24 689 
192 
192 