Subject: 2715 46 4574 46 1261 523 230 5129 63 2516 
192 937 7 61 46 4110 19 364 6913 3377 332 46 3290 46 274 273 2065 
192 2143 46 2982 7369 19 
192 1134 14 829 833 648 1140 56 1031 60 19 
192 7370 1145 19 475 24 968 1146 7371 19 689 7 7372 7373 19 1104 19 
1140 19 
192 7374 46 1149 46 273 552 56 1150 60 7375 19 280 46 273 552 56 1150 60 7376 19 
192 29 379 46 1149 46 273 552 56 1150 60 7377 
192 45 46 217 7378 7379 217 
192 40 46 217 211 352 763 239 1159 7 1160 7 491 239 560 239 6984 273 7380 491 7381 4111 7382 491 187 7383 352 7384 187 1415 344 7385 211 352 763 239 211 352 763 217 
19 
192 217 211 352 763 239 1159 7 1160 7 491 239 560 239 344 187 720 7386 7387 892 7388 273 3535 352 7389 239 211 352 763 217 
19 
192 217 211 352 763 239 1159 7 1160 7 491 239 560 239 0 763 187 2212 273 7390 352 7391 239 211 352 763 217 19 
192 217 211 352 763 239 1159 7 1160 7 491 239 560 239 7392 336 7393 352 273 7394 364 7395 352 103 211 352 763 211 352 763 239 211 352 763 217 19 
192 217 211 352 763 239 1159 7 1160 7 491 239 560 239 6984 273 7380 491 7396 2308 7397 892 7398 334 7399 0 7400 0 96 364 211 352 763 239 211 352 763 217 
19 
192 217 211 352 763 239 1159 7 1160 7 491 239 560 239 7401 63 7402 187 3059 491 273 7403 892 7398 334 7404 211 352 763 239 211 352 763 217 
19 
192 217 211 352 763 239 1159 7 1160 7 491 239 560 239 7405 352 273 201 0 7406 364 7407 892 7408 352 7389 239 211 352 763 217 19 
192 217 211 352 763 239 1159 7 1160 7 491 239 560 239 7405 352 273 352 7409 364 102 352 720 892 7410 63 4229 211 352 763 211 352 763 239 211 352 763 217 19 
192 217 211 352 763 239 1159 7 1160 7 491 239 560 239 4229 273 2687 649 7411 364 7412 491 187 7413 352 7414 239 211 352 763 217 
192 54 46 4574 46 1261 523 230 5129 63 2516 
192 61 46 4110 19 364 6913 3377 332 46 3290 46 274 273 2065 
192 2687 7 5547 46 3539 7415 7416 364 24 5389 24 7417 24 344 
192 
192 
192 7 7 7 7 7 443 6 7 7 7 7 7 
192 45 46 7418 5412 
192 40 46 3987 51 7406 24 7419 24 689 213 221 7 7420 51 7421 24 7420 24 7419 24 689 
192 213 221 7 4116 51 7421 24 7420 24 7419 24 689 
192 213 221 7 7422 51 7422 24 7420 24 7419 24 689 
192 213 221 7 7423 51 5227 24 7420 24 7419 24 689 
192 213 7424 51 4178 24 7419 24 689 213 
192 3232 51 7425 24 7426 24 7419 24 689 213 
192 221 7 574 51 6248 24 7419 24 689 213 7427 51 7428 24 7419 24 689 
192 213 3531 51 7429 24 7430 24 1031 24 689 
192 213 1854 51 7431 24 2701 24 7432 24 689 
192 213 7433 51 7434 24 689 213 
192 7435 51 7434 24 689 213 7436 51 7437 24 647 24 7438 24 689 
192 213 7439 51 263 24 7432 24 689 213 
192 7440 7 1338 51 7441 24 689 213 7442 51 7443 24 7432 24 689 
192 213 7444 51 4178 24 7438 24 689 213 
192 7445 51 7446 24 263 24 7432 24 689 213 7447 51 7430 24 1031 24 689 
192 213 7378 51 7448 24 2701 24 1031 24 689 
192 213 221 7 574 7 7449 51 7450 24 7438 24 689 
192 213 221 7 574 51 2426 24 7438 24 689 
192 213 221 7 574 51 4178 24 2426 24 7438 24 689 
192 213 221 7 574 51 5714 24 7438 24 689 
192 213 221 7 574 51 4178 24 5714 24 7438 24 689 
192 213 221 7 574 51 7451 24 7452 24 7419 24 689 
192 213 7453 479 574 51 7451 24 7419 24 689 
192 213 221 7 574 51 1826 24 7438 24 689 
192 213 221 7 574 51 7454 24 7419 24 689 213 
192 7455 51 2701 24 7438 24 689 213 2836 51 7456 24 7419 24 689 
192 
192 647 46 7418 51 1826 24 7438 24 689 
192 61 46 211 768 364 211 102 63 211 766 63 211 766 364 211 764 211 766 344 211 102 344 19 364 211 770 211 3321 211 766 364 211 766 336 211 102 349 211 766 344 211 771 211 770 211 766 63 3377 447 46 4062 211 765 211 765 
192 54 46 1261 523 230 5129 63 2516 
192 
192 
192 192 
192 192 1261 523 230 5129 63 2516 2 7457 1277 397 
192 192 
192 192 136 3021 
192 192 
192 192 71 2781 303 1193 19 15 2179 4024 2778 22 383 230 
192 192 1054 45 5659 553 643 40 35 2461 55 537 885 14 
192 192 2 321 2516 2 24 15 401 2461 55 5 
192 192 885 80 540 309 40 5979 829 2159 3305 194 
192 192 1921 230 2159 40 15 1266 7458 14 15 7459 7460 
192 192 3027 56 7461 184 768 7462 22 14 2282 24 447 24 1135 19 475 24 336 60 24 22 1624 383 130 2778 
192 192 71 569 230 2516 40 4913 15 7459 850 3027 20 537 
192 192 1266 7458 19 71 5816 7463 4125 127 1573 
192 192 1193 56 7461 184 768 7464 22 14 344 24 63 24 3377 19 475 24 352 60 24 
192 192 
192 192 470 1189 71 3224 230 22 1709 55 936 1227 569 1277 2529 
192 192 1120 523 40 15 4024 7465 605 3021 354 15 
192 192 194 86 46 
192 192 
192 192 295 46 187 187 7466 24 3021 24 5122 187 1599 
192 192 
192 192 879 203 133 936 1921 230 2516 12 123 45 15 
192 192 3021 3029 250 19 7467 7468 20 7469 24 
192 192 
192 192 2022 1840 46 7461 184 768 7470 22 14 552 24 336 24 3377 19 475 24 892 24 
192 192 
192 192 
192 192 
192 192 
192 192 
192 192 
192 192 
192 192 
192 211 767 