Subject: 7553 46 8161 59 
1210 1817 56 87 8162 87 304 60 24 
139 2 1338 200 313 5 6 233 1176 354 409 431 499 313 
464 650 71 1737 2918 19 20 568 569 35 1189 71 2126 
1193 2 96 2487 343 24 31 21 19 259 1715 682 625 
56 2704 51 8163 24 8164 24 53 60 20 139 2 1278 4458 313 45 15 373 
18 885 24 313 569 618 125 4961 71 884 1227 87 3715 313 
3409 551 19 138 24 100 19 1774 31 313 125 1739 4959 14 5 
7553 24 390 80 565 40 1496 84 2891 585 4516 84 397 24 1871 
1237 24 
7 7 8165 2704 
2704 51 8163 24 8164 24 53 
383 230 1242 
15 8166 2487 343 55 1737 2918 
2999 3327 7 3491 349 19 59 
4127 278 
15 8166 2487 343 55 1737 2918 56 8161 7 59 60 
34 35 3474 354 4127 278 45 2999 3327 40 3491 349 19 59 19 71 15 
8167 14 1218 1219 24 15 343 34 2763 2764 5659 
40 2535 472 20 3201 1036 147 71 15 7633 3722 
14 2918 24 
3123 230 4490 
8161 7 59 8168 7573 55 221 6532 14 1737 2918 19 220 
572 8169 1242 55 614 2160 19 829 3123 19 2918 
6339 19 20 113 40 5128 91 151 416 8170 354 1036 
3398 19 76 46 
7 15 1830 14 2918 71 5739 3685 19 1003 20 5045 19 5279 
20 2897 19 1865 20 7627 19 1307 20 8171 7748 19 
8172 1612 19 20 630 6773 55 2918 230 1502 2912 
4125 127 28 3251 4128 213 
7 15 4904 14 6351 2430 20 8173 19 15 6189 14 
8174 20 6556 1047 19 20 2918 354 507 5194 
14 8175 20 8171 6785 213 
7 15 2597 14 15 3645 2 6652 133 614 8176 19 
7751 19 10 5793 19 20 8177 2814 55 15 2918 
154 213 
7 7633 1047 14 3812 2918 19 1054 40 23 7 1049 
504 19 8178 829 91 4836 6010 2918 2912 19 
505 91 8179 4246 1480 40 6172 157 2442 19 
20 4123 4029 71 237 2918 5802 22 2982 1830 213 
7 7770 5298 91 2368 5739 10 56 40 1639 1244 60 38 
7249 10 56 40 1247 2147 55 6699 60 19 1891 38 6121 
4973 91 1286 1221 38 7770 1629 19 572 240 15 
2756 12 40 452 3728 14 4910 19 1878 631 40 1639 869 251 12 
7968 40 940 24 
3076 19 390 100 1455 7573 55 1039 3123 19 3263 
45 7106 422 6830 10 40 2918 45 5473 2847 19 220 
390 440 15 343 34 100 6524 3608 55 15 1238 1805 24 
2186 154 
15 8161 7 59 2186 154 34 35 5943 40 1212 3462 
2233 22 2891 1060 14 829 20 40 3083 8180 393 
71 15 343 24 40 5 2249 19 390 151 8181 46 
7 1041 951 553 34 35 3983 230 7745 1242 71 1120 1041 
14 5000 20 8182 15 2186 154 230 1642 7573 213 
7 5626 7361 14 1242 91 80 21 8183 71 1120 41 
1621 19 220 91 413 35 5186 1066 230 6665 71 333 40 248 71 
15 6362 213 20 
7 22 2186 1621 91 1345 8184 40 3694 885 432 504 
38 22 1122 19 500 25 406 1505 40 8185 206 19 20 19 31 141 5672 
8186 19 258 25 399 35 142 71 333 230 6665 24 
15 7066 1329 12 40 1286 15 2186 154 630 215 91 71 6361 19 
38 333 230 15 6496 40 6022 526 45 6177 24 1573 
3305 1122 34 35 3806 28 550 1728 14 15 930 2155 19 
38 15 121 133 537 7361 8187 28 15 3983 1041 
5258 20 15 930 5258 24 
1122 4490 
6496 328 2529 1242 136 419 16 20 1394 84 15 3026 
6362 1462 24 15 1287 3413 230 6496 354 
289 1454 40 7356 230 7357 20 4251 2032 24 936 3761 
550 7 7574 2812 19 2962 2765 8188 38 345 431 369 19 6018 8189 
14 2282 6495 19 7066 11 8190 14 892 24 2296 8191 19 1394 14 336 24 0 8191 19 
0 24 1171 8191 627 15 550 2618 19 1824 8192 14 344 24 0 8193 19 20 4157 
8192 14 0 24 2296 8193 24 56 15 1243 20 4818 7100 34 1200 55 455 
869 1523 928 3176 87 22 364 1122 24 60 1242 1515 21 2457 6720 56 334 60 1328 
76 5815 20 1604 24 390 34 427 40 15 6496 432 
1242 91 312 21 8194 936 4069 24 
15 4637 230 7573 40 8161 7 59 12 387 19 331 2308 19 59 24 
4490 34 35 6043 1261 28 8195 1242 40 15 
8161 7 59 7358 723 19 84 3004 71 15 1287 3413 230 
6496 24 6496 1515 2529 1242 71 6771 16 40 2692 
522 2366 40 3380 206 127 230 2186 24 
1573 4490 1515 35 8118 28 15 1122 2 96 3385 19 15 6496 2 
401 20 1048 3405 19 22 3534 7 4251 1025 19 15 1221 2050 2 96 
286 86 20 2482 573 19 20 15 2050 553 406 3719 15 
315 354 15 343 24 6496 1515 666 5 203 608 15 
4490 1621 354 15 343 43 723 28 388 19 331 275 24 
8161 7 59 1637 8196 4490 40 458 3398 19 584 
5 1839 12 2197 3982 55 15 4490 1621 24 7352 1242 
34 248 71 15 343 6362 249 31 141 80 8197 
45 458 3398 24 8196 7573 91 80 21 2197 
3620 84 83 34 35 5281 24 
458 343 203 
15 8166 2487 343 55 1737 2918 34 35 
8198 38 15 8199 3464 343 55 7633 
2918 3674 56 8200 7 59 60 20 15 8201 343 55 8202 
71 6997 1799 56 8203 7 59 60 24 8204 40 432 14 936 
3267 34 35 450 40 342 15 374 461 14 15 940 
354 184 1555 3649 24 
8161 7 59 34 100 35 8205 28 2151 55 1849 6532 14 
1737 2918 24 230 1555 203 19 125 15 43 723 230 
15 343 354 
295 46 187 187 267 7 8206 24 4127 24 4178 187 8161 349 761 187 
237 34 530 1555 2224 84 141 1634 123 24 31 
313 151 375 133 8161 7 59 19 259 146 1261 18 40 
8161 349 761 51 8206 24 4127 24 4178 24 
15 343 415 1121 379 45 8164 829 20 
648 19 4127 2 96 4299 230 15 3722 14 3685 20 203 
56 8206 60 19 20 15 831 230 15 3722 14 2918 20 5000 56 8207 60 24 