Subject: 8310 3029 184 24 5917 7 383 230 3608 
1010 8311 682 4588 8312 983 8313 6228 8314 2929 8315 
8316 779 8317 8318 975 8310 3029 19 184 5917 19 713 5490 8319 6492 
56 2443 4768 60 46 
217 43 1216 217 
720 8320 8321 740 8322 8323 8324 8325 703 8326 56 682 102 7 18 703 
11 16 60 19 
995 717 8324 8327 8328 19 8329 8330 1018 8331 334 8332 
56 263 51 1157 24 1031 24 689 60 8333 1565 8334 19 336 8335 59 24 
6327 8336 8324 8337 19 
5493 8338 
383 230 3608 40 8310 3029 184 24 5917 
15 3720 14 5097 5917 80 46 
479 479 479 479 479 479 479 479 479 479 479 479 479 479 479 479 479 479 
1192 5288 8310 4482 
479 479 479 479 479 479 479 479 479 479 479 479 479 479 479 479 479 479 
1192 2443 4768 46 217 43 1216 217 19 950 7 8339 28 8340 8341 19 8342 24 
129 151 416 6263 2361 939 71 15 3130 14 15 43 
422 15 303 1193 38 15 8343 8344 14 1188 19 1266 1188 5850 20 8345 24 
390 406 215 40 665 20 3082 5 6849 14 43 4730 71 15 134 24 
71 1694 15 8346 14 298 38 6837 7862 354 4309 8347 20 
5610 80 2197 1488 40 8348 15 8349 20 6094 71 5 1041 
406 100 35 14 654 292 24 14 581 390 34 613 40 35 
1189 71 298 7 1387 482 2975 1642 38 1202 71 
3286 56 102 7 8350 19 855 19 4945 99 60 24 
1192 829 20 1885 
1192 648 1990 
1192 617 
1192 71 1096 
317 2124 14 8351 1238 14 8310 3029 80 123 354 
6493 230 8310 3029 1783 
2812 46 8310 3029 12 644 28 22 2651 1090 14 1050 24 5750 5 71 
653 15 2203 328 35 8352 908 551 571 374 2238 24 
1394 46 665 40 856 15 2203 561 19 139 24 102 24 133 8353 7 380 307 24 
16 46 184 6044 328 35 532 84 5 34 35 225 354 22 2190 
2524 24 259 2529 15 2203 71 3657 11 28 286 24 
2034 14 15 2203 46 665 40 2034 15 2203 84 2024 46 
1192 585 3656 2694 56 1443 33 60 46 
500 15 1258 187 1177 12 
553 12 1289 
240 25 2346 1709 
258 15 829 12 541 225 
150 25 130 916 187 1106 
1192 2224 6027 46 
15 2756 14 15 1258 
15 57 8354 
15 8355 14 15 1258 
1192 22 8356 46 
3655 6094 
458 4728 1289 71 5 1258 
950 7 538 38 458 8310 1728 71 5 2196 
1192 22 1158 240 630 203 55 15 1795 12 123 
1192 22 1221 86 38 46 
7 1284 370 14 15 2050 
7 2482 573 
7 102 7 18 86 
5 1805 2034 328 2215 84 22 4850 20 25 12 21 1271 40 
2454 25 1984 24 503 19 15 3656 12 589 33 20 328 
35 22 561 1025 14 15 2203 436 24 15 1872 230 5 12 91 25 
34 35 2244 71 8357 568 91 3627 249 433 40 644 15 208 349 87 352 
3025 347 2598 455 87 21 17 2203 12 14 292 40 206 24 
1555 2374 46 15 194 328 8358 15 11 46 
1192 585 8359 46 22 8360 19 8361 19 8359 19 99 24 1078 518 230 
1295 35 14 15 1177 56 102 24 103 24 8362 5220 19 8361 19 1737 19 24 24 24 60 19 15 
1050 1299 55 15 1258 19 87 1614 650 24 221 14 15 1805 
1515 35 8118 28 22 8363 24 8328 71 8364 31 397 24 
133 8310 3029 46 
8310 3029 12 2778 71 2244 1621 20 7465 55 15 43 24 15 
2244 1262 415 22 8365 14 484 24 8366 4959 19 4028 71 422 
7844 4991 24 3738 40 22 1036 94 19 133 337 1413 14 15 6496 1209 
2174 7117 4548 40 585 2203 71 8310 3029 24 