Subject: 2714 46 2755 1612 239 8873 19 7280 4740 983 403 3401 
2755 1612 87 910 15 917 8874 239 8875 20 8876 71 15 
1261 4142 
388 983 3401 59 
15 7280 4740 5379 8877 
4612 28 46 5722 6359 8878 19 278 14 7280 
295 46 187 187 267 24 2714 24 8879 24 265 24 2116 187 2755 187 
467 19 4549 19 924 19 1677 19 1276 19 5346 19 8880 19 
1612 19 5384 8876 
2234 
7 7 7 7 7 7 7 7 
390 80 6040 541 1898 91 15 157 1216 19 20 2975 
15 1276 34 2763 8881 1691 40 5013 28 7057 
467 40 221 635 14 294 19 6047 19 4282 19 20 
8882 24 595 354 15 419 333 390 644 14 1276 8883 2939 
133 15 3392 14 4481 19 8884 2240 19 20 203 
8885 5238 24 904 413 390 8886 5 8579 239 12 15 1276 2 2755 
1612 2 19 87 80 390 2 910 15 917 8874 2 608 22 8887 14 
8888 20 157 8889 24 
545 71 15 8304 5379 8877 14 15 7280 4740 19 4993 
4687 34 3719 1120 107 20 3850 15 3655 8824 14 522 
4549 2 96 6629 24 15 16 14 2755 1612 34 35 22 8227 14 
2231 19 847 886 19 20 8890 24 390 34 2756 40 6522 
886 627 15 4687 20 1212 15 4516 40 5616 
3128 24 
15 885 14 4686 4687 12 5235 221 15 333 19 20 354 15 
5291 390 80 4478 40 1936 15 194 24 
1817 109 46 2327 4282 7563 
4687 34 1192 289 1192 46 
1192 4116 5177 8891 19 3528 3522 19 8892 4282 294 
467 1747 7 2 1441 15 4283 46 
15 1276 20 7105 467 40 4282 294 2 
1192 1110 8893 8894 19 5538 14 3143 117 19 270 953 7 
2 924 46 241 15 1057 942 15 3755 239 2 
1192 2500 8895 19 3528 1747 6288 19 852 20 203 4024 7 
3385 40 35 931 
8162 109 46 8880 15 1276 56 950 7 4612 38 8896 833 8897 2116 60 
585 71 7 3845 3850 55 4782 8684 55 8880 15 
1276 7 904 1836 80 936 239 413 141 505 239 904 571 14 22 8898 312 
141 8899 40 5384 8876 239 15 3850 34 35 5114 28 550 4687 230 19 
20 550 4687 5365 22 7183 4857 40 15 8900 19 8280 28 847 
886 20 22 8901 24 15 4686 7857 80 46 
1192 4116 8902 8903 19 157 4389 1492 2181 19 833 952 14 15 3273 
5384 8876 4740 
1192 2766 8904 8905 19 480 14 7181 7 6261 833 7181 8876 56 2116 60 
7 7 7 7 7 2055 7 7 7 7 7 
1192 2766 2225 8906 19 480 1094 14 15 1133 8907 1799 
250 
1192 2766 946 8908 19 4598 19 1276 3301 1134 
553 328 592 40 2 2755 1612 2 239 
7 7 7 7 7 7 7 7 7 7 7 7 7 7 7 7 7 7 7 7 7 7 7 7 7 7 7 7 7 7 7 7 7 7 7 7 
470 1189 71 15 4633 1691 20 504 15 1276 
8909 230 7057 467 40 294 19 35 141 4282 19 87 8910 24 
15 8873 34 35 14 292 40 46 
1192 924 1192 1677 1192 5710 1192 8911 1192 2746 1192 25 20 
203 4994 1192 15 1094 1389 1192 5384 6758 2516 1192 
8912 1192 1276 4408 1192 20 568 55 24 24 24 
2178 46 15 5379 8877 14 15 7280 4740 
15 7280 4740 12 15 1049 2 96 1443 3702 5379 5013 24 4079 
71 8913 20 3303 71 8914 8915 8916 71 15 8167 14 7280 
278 19 25 5748 40 4480 3850 20 886 21 1499 71 7280 
278 19 220 646 15 8917 56 230 630 203 125 
295 46 187 187 267 24 7280 7 4740 24 1583 187 60 24 
4071 
7 7 7 7 7 7 7 7 7 7 
230 15 303 6407 1037 15 5722 6359 8878 415 4612 22 
2417 14 6302 617 237 151 3048 15 1709 14 648 
71 15 8918 14 2750 19 2918 19 20 522 4282 294 24 71 
3377 390 8919 2764 22 573 14 8920 4687 71 15 7280 
4740 40 391 2 2755 6079 2 237 3048 904 648 8921 436 
55 15 471 5621 56 4623 1242 413 35 1052 
354 46 295 46 187 187 880 24 8879 24 265 24 2116 187 8922 187 2755 187 60 24 
630 203 133 15 5722 6359 8878 12 123 45 
295 46 187 187 267 24 2714 24 8879 24 265 24 2116 
2465 
7 7 7 7 7 
6142 108 1709 80 84 2024 46 
2395 24 335 7 6047 
578 24 335 7 5197 
63 24 335 7 3935 187 8923 
259 934 91 5037 12 21 2461 71 15 2465 24 259 1451 2059 84 
7720 80 935 24 8924 230 1722 8925 14 6407 87 630 56 138 
21 354 15 3935 5225 60 80 123 213 259 1221 15 8746 
490 230 630 2224 24 22 1503 573 14 8078 2465 5664 34 35 
123 230 1728 14 15 7280 4740 20 7280 278 24 8926 
328 35 939 8029 40 2 7280 278 6359 2070 2 20 445 
40 15 8746 490 24 
40 3429 230 5 535 259 180 15 8927 7 1794 8928 490 20 
427 25 28 2027 403 3401 59 40 46 
8929 8930 
5722 6359 8878 
8931 19 332 8932 8933 
7280 8879 349 892 510 24 
1149 24 273 2077 56 0 60 8934 8935 
280 24 273 2077 56 0 60 8934 8936 
286 46 8929 24 8930 51 8931 24 8879 24 265 24 2116 
139 406 215 40 1215 230 22 1709 55 15 5722 6359 8878 2 96 
2 2755 1612 2 869 7 2549 8873 55 3401 983 403 59 
3385 46 
208 370 46 
8937 46 
3545 46 
271 46 
5009 46 
86 46 
8938 46 
2977 46 
2390 46 
280 46 
102 7 18 46 
139 8939 22 8028 230 2395 24 335 56 8940 8941 60 494 6047 5225 497 187 578 24 335 
494 5197 5225 497 187 63 24 335 494 3935 187 8923 5225 497 939 8029 40 2 7280 
278 6359 2070 2 24 
6423 46 
61 46 