Subject: 1 2 2743 10106 49 282 143 47623 
4425 45 
419 47711 5633 21 676 53 143 2744 6215 49 28 1960 3864 12 
7 4758 306 3430 21 8 9 2194 773 49 2939 533 12 
96 97 45 
262 
22267 47690 101 2 
41 143 143 143 143 143 143 143 143 143 143 143 143 143 143 47712 1219 648 1219 729 47713 47714 151 
41 649 143 650 2 549 397 651 158 652 653 434 143 654 
41 649 143 655 143 656 2 248 657 
41 
41 42 195 45 
41 
41 41 4425 45 
41 41 
41 41 11693 101 2 
41 41 
41 41 41 130 49 282 143 47623 2743 2856 12 419 3196 8 91 1440 21 
41 41 41 2706 502 143 148 6394 6215 21 77 2626 1370 28 
41 41 41 1118 12 1383 419 220 107 8 12971 49 7436 17 419 572 
41 41 41 9 298 1237 916 1389 7214 215 3054 144 6394 219 12 3835 45 34 
41 41 41 1237 13182 2932 46653 1519 13734 215 91 
41 41 41 47709 7824 984 148 4167 347 9465 6215 31 762 
41 41 41 4245 219 12 
41 41 
41 41 28 431 1021 124 2591 74 132 1828 21 572 225 130 28 
41 41 773 6298 12 68 3530 34 28 2900 6215 439 150 440 8 21 
41 41 2586 28 830 6298 1334 12 
41 
41 194 45 251 515 67 818 184 411 6298 38 3196 87 49 91 
41 818 2918 45 240 12 913 12 45 37708 138 
41 
41 41 
41 41 
41 41 7 150 151 47715 9 2852 34 28 429 1021 124 2705 4096 74 
41 41 19478 143 35035 2950 49 28 8849 31 4167 489 1032 74 9727 
41 41 347 3054 144 6394 12 
41 41 
41 41 41 534 45 1397 12563 109 28 1519 31 838 3864 45 6463 419 
41 41 41 84 2223 28 1519 31 4 143 2406 3864 45 1012 179 
41 41 41 218 8448 164 1403 21 1541 9975 21 548 109 28 
41 41 41 310 11404 2 7 6061 435 568 6496 45 251 7 861 34 47710 
41 41 41 6212 215 435 2744 219 481 2600 397 7133 74 218 412 
41 41 41 13144 21 77 988 23 1319 215 49 3521 45 4 2744 28 12942 31 
41 41 41 7199 124 477 1368 219 12 
41 41 
41 41 7 2937 419 35 77 9583 12210 109 68 208 12 72 184 373 8448 
41 41 4141 109 91 2743 45 26 35 4758 13250 7997 515 
41 41 2744 574 575 21 572 12 28 2435 9990 8926 124 
41 41 34 1537 17 42950 7722 21 1773 2097 12 13122 45 26 
41 41 84 65 933 411 282 143 47623 1537 12 
41 
41 7 150 151 5633 34 419 4758 109 91 2194 773 49 47716 6215 12 
41 6548 45 68 35 77 47717 21 255 213 13339 21 3047 1122 9 
41 2385 45 251 68 18 508 31 28 92 3190 591 8025 17 11966 
41 1320 31 37 12 259 20 1465 45558 34 419 195 7722 21 28 310 773 12 
41 7 6061 2339 2744 45 17 8083 49 2939 676 12 
41 
41 96 
41 
41 3430 
41 
41 143 143 143 143 143 143 143 143 143 143 143 143 143 143 47712 1219 648 1219 729 47713 47714 151 
41 649 143 650 2 549 397 641 143 47718 158 652 653 434 143 654 158 
41 105 653 231 47691 12 32030 231 
41 649 143 655 143 656 2 248 657 
41 649 143 1334 2 1059 49 47691 3430 
41 649 143 3243 2 2859 158 
41 37284 653 231 47691 12 32030 231 
41 
41 1014 2 47718 
41 1241 2 47691 158 3430 
41 641 143 661 143 1056 2 19337 
41 2426 2 47719 143 2114 17 1826 1127 158 8832 143 8831 
41 30 2 144 12 648 
41 273 158 1971 2 47691 302 8832 12 8831 
41 361 2 15225 143 2032 
41 47720 158 1812 143 1813 2 158 158 653 0 151 653 0 47721 158 8839 158 158 8838 158 284 
41 641 143 661 143 39085 2 158 143 47722 
41 22032 2 3430 47691 
41 75 2 47718 
41 
41 143 143 143 143 143 143 143 143 143 143 143 143 143 143 47712 1219 648 1219 729 47713 47714 151 143 143 
143 143 
315 12 262 47723 
176 31 267 
1617 31 316 
342 31 1826 17 10884 574 
47724 45 47725 
350 143 47726 267 45 268 
1068 12 2 141 454 648 47727 
51 2 141 454 648 47728 347 141 454 648 47729 
273 2 47730 302 2062 12 14606 12 350 
