Subject: 11966 52732 
7689 2 
68 1129 124 57948 109 28 1971 193 193 193 193 
9 39523 3199 1129 306 9 4781 
1114 5697 193 193 193 
28 8343 38 5912 964 130 9 298 417 4130 1825 45 28 
4240 15 2439 193 2622 213 4557 964 121 38 18 77 
15 3192 1479 193 5912 143 964 369 17 38 837 36 9 5491 21 
6113 9 392 1876 12 1529 11068 57949 23 57950 9827 193 
482 9 298 2416 4 28 4162 3314 
11068 9827 138 
15 298 2416 124 1027 17 5830 12 
3210 28 21036 2165 3192 1479 9827 109 28 3519 193 193 193 193 
3210 28 298 9827 2964 417 4130 839 193 
369 45 3210 8767 306 411 11475 17 545 
52895 15 8379 2168 74 3309 9 
57950 9827 1825 45 298 193 
130 9 9827 1825 38 18 65 128 9 2439 4 
670 1484 306 670 298 3192 1479 2692 839 143 
417 4130 12 68 2439 18 11001 38 21 450 429 
2894 2473 670 1484 3199 2696 31 28 9827 
1930 45 308 50099 45 64 347 4998 12 
130 9 417 4130 452 215 46154 219 45 38 35 1014 21 
450 9 1484 2165 16165 38 130 9 966 31 28 
9177 31 15 964 1479 25605 389 12 306 28 9827 150 204 
9667 3390 2692 1381 143 28 6615 1145 
2563 45 38 150 587 450 274 208 31 28 591 3550 68 
1129 124 259 218 12 
38 18 65 77 159 21 3620 15 2439 17 1479 
31 3861 121 38 8 2020 130 9 298 
1825 12 12 12 12 12 12 12 12 359 50099 193 193 
21 36 15 298 2416 45 650 15 429 17 977 105 4 28 
626 6290 12 2723 2 57951 144 302 6372 12 1217 138 627 653 57952 
11055 28 11056 31 2487 193 193 193 193 193 193 193 
419 6060 72 68 626 58 3386 38 4 1409 12 
72 38 187 435 21 77 6617 125 460 8364 45 
628 21 2 57953 302 14096 12 1217 138 627 653 5247 