Subject: 747 47058 
4395 3282 14996 21653 47059 35162 40713 40714 46986 45 
47060 2294 3148 20302 6446 746 1312 45 47061 746 47062 18625 2861 707 
684 7478 2760 13452 5135 734 694 47063 12 21 7876 1661 45800 732 
3283 3150 2 
916 49 5246 2861 2 3920 
834 4215 2 47064 
35417 2 648 13381 215 204 219 
143 143 125 47065 21 47066 
1874 2 617 13381 215 204 219 
143 143 125 47067 21 47068 
122 2 617 13381 215 204 219 
143 143 125 47069 21 47070 
34908 2 644 13381 215 204 219 
143 143 125 47071 21 47072 
8476 45 21 47073 1661 35417 5246 898 1182 700 47074 6110 
746 2783 799 6110 1696 47075 12 5279 605 707 21 5159 47076 158 
10709 