Subject: 2689 1597 
91 430 67 670 425 2 
2689 1597 445 40064 14217 1058 2662 430 17 
4561 1166 2950 21 35775 31 6205 195 765 28 1620 
6538 12 4 312 259 45 419 8 2030 9 548 143 23 143 3314 839 49 
6205 1891 4 28 1129 31 53431 70 416 392 2862 12 1529 21 
392 648 45 2862 12 1529 2606 1867 1960 485 125 28 56776 31 769 2745 3314 45 
5731 347 21171 12 670 548 143 23 143 3314 839 124 70 13267 1129 49 38 
21 19653 9 5648 416 18489 308 3312 21 20396 9 356 31 15 
298 92 12 195 31 28 548 34 38 18 77 312 124 47 4572 17 35 77 
506 125 15 297 347 1457 23 15 52959 5681 12 130 9 3314 56777 45 38 
35 548 1446 347 386 92 13671 38 8 28 298 92 45 56778 45 
20750 347 55436 12 4 2001 45 161 124 5054 359 2596 
829 49 38 21 436 4 670 839 12 670 548 143 23 143 3314 839 124 
7990 49 6205 1891 4 53431 9 5648 416 18489 21 95 
63 2354 31 769 52801 193 34 150 204 1457 193 72 38 8 11602 4188 45 49911 45 
36233 4188 45 1058 1059 52801 45 3921 4188 45 409 12 12 12 68 124 70 
3076 1129 49 38 21 4063 15 2003 18489 17 3042 
3373 91 416 483 4 15 12132 193 72 38 164 1891 45 28 
235 430 18 95 21 840 6384 28 47 35056 
548 143 23 143 3314 839 34 419 8 21 3359 38 12 
839 1334 2 
670 839 2858 3513 28 36670 17 574 31 56779 12 38 
18 128 9 1446 392 648 12 1529 49 1320 17 5820 56780 34 38 368 193 515 
220 419 2173 74 368 138 20 150 204 4572 12 12 12 
429 2 38 18 12163 7873 28 1866 34919 1371 143 4154 215 617 648 397 144 74 
336 6294 219 56779 921 56781 470 28 56780 34 38 18 77 574 
18 77 1866 21 38 17 18 77 2669 109 3536 639 21974 12 215 617 143 648 397 144 74 336 219 
6294 358 12 
431 2 38 18 12163 5682 28 56782 56779 921 28 1405 143 2591 45 
190 484 55141 470 443 55141 18 77 102 485 21 15 3314 45 
5731 347 21171 306 4158 150 2587 17 2588 314 2669 109 28 
55141 998 306 190 314 56783 21 28 55141 472 12 
1084 2 56784 17 56785 443 55141 17 111 13 37 499 45 485 21 28 
4158 12 
20 150 204 34 4572 193 38 220 107 8 21 63 184 190 875 21 13 499 443 
56779 12 28 1405 143 2591 45 190 484 55141 18 77 102 485 
21 15 3314 45 5731 347 21171 12 38 2858 7873 28 56779 45 5682 37 
4 28 55141 17 13 37 1457 499 193 1074 45 195 31 28 574 
548 35 2164 77 506 23 15 297 347 1457 23 15 52959 5681 193 
2340 2 419 220 1211 38 306 28 6627 56780 34 38 18 77 
574 540 124 9 6165 56780 49 670 1058 2662 3586 12 670 
1058 2662 3586 124 9 96 143 18432 4561 8366 34 591 255 
164 13376 17 568 21 34204 2603 964 769 4349 1058 12 17 226 
28 6047 49 670 1058 2662 3586 124 259 12592 45 38 18 8 
28 1129 21 368 130 591 56779 130 15 420 35 3904 193 
38 35 368 1876 12 12 12 2862 12 12 12 648 45 1857 347 837 648 45 2862 56779 2606 1867 45 1867 
121 1867 45 76 121 76 45 1209 121 1209 12 12 12 49 130 122 130 38 467 
21 436 193 
2473 48 483 35 38 19653 138 
38 18 128 9 1446 392 648 12 1529 49 1320 17 5820 56780 34 38 368 193 
72 38 368 2862 56779 38 18 128 9 1446 392 2862 12 1529 12 12 72 38 368 
648 45 1857 56779 38 18 128 9 1446 392 648 45 1857 12 1529 12 12 12 72 38 368 648 45 2862 
56779 38 18 128 9 1446 392 648 45 2862 12 1529 12 12 12 409 193 515 150 204 837 10 67 
670 839 124 34 38 4430 8 21 6402 67 28 49196 31 670 1058 
2662 3586 4 73 21 128 15 392 648 12 1529 2606 56780 12 670 839 926 
107 548 109 1114 193 38 18 128 9 1446 392 648 12 1529 49 1320 17 5820 
56780 34 38 368 12869 72 184 6165 164 869 193 837 72 38 
368 648 45 2862 56779 17 359 6165 164 869 45 38 18 1449 19653 9 1446 
392 648 45 2862 12 1529 193 20 150 204 4572 45 368 648 45 2862 56779 45 17 128 9 1446 
392 648 45 2862 12 1529 49 15 92 17 2954 193 574 4188 17 4148 
574 2458 18 7227 21 947 23 15 3314 45 5731 347 21171 
49 130 122 130 38 467 21 7227 3607 4 28 839 193 34 150 204 
1457 45 38 35 3559 8 483 963 4 1867 121 1867 86 
574 4188 17 4148 574 2458 18 7227 21 
947 23 15 3314 45 5731 347 21171 49 130 122 130 38 467 21 
436 193 12378 45 161 124 359 56786 12 670 839 58 205 559 
49 1315 1010 17 124 47 1349 193 
2177 2 837 1960 7999 45 38 90 1449 19653 9 48 10 3382 18489 
1032 508 3536 1257 2 1529 207 21 729 2 1529 640 5373 193 
161 124 359 2596 1403 21 436 4 670 839 2 
2622 45 10660 347 972 45 6829 347 20428 45 19798 4 28 1620 6538 35 
2164 19653 990 483 3607 4 670 56780 574 839 193 
28 311 953 670 839 926 107 1207 184 2596 124 4572 12 12 12 20 
926 107 85 184 272 2596 21 7873 9 56780 45 5682 20 921 70 
20618 45 17 56785 70 20618 12 833 45 670 839 124 1012 8883 
49 255 213 87 21 19653 9 5648 416 18489 251 3196 107 8 28 
43107 92 49 9 431 3372 12 130 9694 45 274 9 2351 954 2606 517 90 
2196 19653 38 505 765 392 2862 12 1529 2606 1867 12 12 12 359 18591 193 274 3084 2473 
465 20 187 77 72 38 90 19653 70 416 392 2862 12 1529 21 392 648 45 2862 12 1529 2606 1867 
1960 125 15 3314 12 12 12 359 959 34930 54136 12 12 12 359 959 7201 20776 4087 
54135 12 12 12 359 959 56787 1257 21 729 3372 12 12 12 17 359 959 51793 193 2177 2 
6606 5820 650 31 160 35 2489 35903 125 670 56780 
574 839 12 2340 2 28 430 13226 4 670 1058 
2662 3586 124 1876 3471 14217 17 13271 193 4 2177 45 161 164 12440 31 
56788 17 54480 195 765 28 2476 568 68 4223 430 
17 37900 255 536 483 21 5247 4349 17 7751 3897 125 
769 1058 6215 193 534 45 670 1058 2662 3586 7872 2473 255 
35 220 28 47 310 3203 34 443 1377 54480 164 312 6133 670 
1058 2662 3586 11066 255 2473 21 2662 769 1058 3260 45 941 17 
49 298 308 3312 21 16318 70 54474 193 369 124 28 92 45 161 164 
36904 143 31 143 36377 31 54175 306 984 1058 34 187 181 6582 21 
128 670 1058 2662 3586 193 874 45 72 38 164 5648 67 
56789 9 2351 954 2606 1867 2098 28 1129 31 53431 70 13267 
416 18489 45 670 392 648 12 1529 56780 574 839 124 7990 49 38 193 
72 38 187 435 21 436 2 
419 18 13 38 9 48803 150 204 5684 233 28 4441 829 49 
38 21 1014 3607 3923 4 670 56780 574 839 193 
833 45 15 13087 5684 65 3894 15 47 2745 39 31 1058 2662 
3586 193 34 150 204 1457 38 35 572 670 96 143 18432 3586 21 34204 2603 964 
17 2662 184 4349 1058 34 38 229 8 193 68 3586 124 413 
49 3309 9 1825 31 670 56780 574 839 193 874 45 21 36 
1339 3923 45 195 34 670 425 1432 124 9 208 143 92 52677 
73 143 574 578 31 445 392 1064 12 81 1929 45 419 62 41760 21 
13 499 9 575 31 4223 2458 21 8139 1891 4 670 
839 12 17 65 3832 4 188 34 1319 38 368 1876 56779 38 18 
8 314 46285 15 392 1064 182 17 164 2893 306 70 416 392 1764 4149 193 193 193 
419 1906 299 9 532 574 578 21 7812 34 445 5648 
6205 5631 21 436 4 670 839 12 3832 4 188 45 38 4430 
8 21 63 434 184 411 388 17 38 35 436 49 130 122 130 38 
467 193 68 578 2858 54327 670 425 34 38 164 6182 5648 67 
670 839 17 28 1129 21 481 502 483 1960 125 15 3314 12 
118 45 419 35 107 368 15 73 486 308 28 208 143 92 574 
578 226 161 164 2342 531 591 5648 6205 8161 21 63 68 
532 208 143 92 578 4 73 21 436 4 670 772 4149 548 143 23 143 3314 
839 12 874 45 195 38 8 21 220 124 274 2974 45 3990 45 5912 45 17 
13 4 28 73 486 215 486 58252 143 58253 2 264 12 204 219 12 81 45 77 474 21 2974 28 
73 486 4 1446 45 8088 45 306 15 3812 2977 16 4 73 21 
33634 184 574 6396 4 28 50780 31 15 575 12 34 150 204 1457 45 
72 38 164 93 148 49 9 1876 3471 14217 17 13271 3314 371 18489 
1129 419 35 12378 256 34 38 8 2209 275 28 1457 
425 306 70 13267 17 13720 483 1476 839 193 
321 12 204 12 83 9 18794 213 3196 77 1891 138 
3990 9 39 49 195 15 17894 17 599 12 
817 2 195 4157 125 17894 17 599 
1906 77 2440 306 28 574 578 12 
49 1320 18794 347 599 73 45 58254 392 848 125 
15 73 130 9 12831 12 3990 45 2974 17 628 
4 28 73 125 1905 193 
81 628 4 28 73 486 445 12 3990 1905 68 1479 445 193 
143 574 1617 143 
2689 58255 
58256 58257 45 37119 4118 24398 
3611 9281 45 3815 58258 
143 56795 73 486 143 
824 486 58252 143 58253 2 264 12 9 215 572 2405 143 7284 219 824 
470 1211 434 306 28 3812 133 16 21 7789 15 48803 150 204 5684 45 17 
81 3990 1412 472 
517 139 2 215 1775 1775 1775 1775 219 1775 1775 1775 1775 1775 1775 1775 143 1775 1775 1775 1775 1775 1775 1775 6005 139 4118 2 215 1775 1775 1775 1775 219 1775 1775 1775 1775 1775 1775 143 1775 1775 1775 1775 1775 1775 1775 
56146 2 1775 1775 397 1775 1775 397 1775 1775 273 16 1775 1775 1775 1775 1775 1775 1775 1775 1775 1775 1775 1775 1775 1775 1775 1775 1775 1775 1775 1775 1775 1775 1775 1775 1775 1775 1775 
7482 1775 1775 1775 1775 1775 1775 1775 1775 1775 1775 1775 1775 1775 1775 1775 1775 1775 1775 1775 1775 1775 1775 1775 1775 1775 1775 1775 1775 1775 1775 1775 1775 1775 328 150 204 632 1775 1775 1775 397 1775 1775 1775 397 1775 1775 1775 
194 45 7 187 435 28 1129 21 19653 416 483 1960 1457 125 28 
12227 31 132 3314 347 21171 3607 4 28 56780 574 
839 12 7 1929 34 132 48803 150 204 5684 18 2586 28 4441 
829 21 36 14 1339 3923 130 9 1825 31 28 56780 
574 839 193 7 65 1929 34 132 48803 150 204 5684 18 2586 132 
47 2745 39 31 28 1058 2662 3586 193 7 1929 34 7 35 572 28 
1058 2662 3586 21 34204 2603 964 17 2662 184 4349 1058 34 
7 3196 8 193 7 1929 34 68 1979 124 1866 21 14 49 3309 
9 1825 31 28 56780 574 839 193 7 65 1929 34 7 18 
77 298 21 432 132 2745 954 17 436 4 28 839 1553 386 143 92 
347 1446 143 92 12 7 220 1929 34 9 532 52677 578 31 392 1064 124 9 
208 143 92 578 445 193 7 18 107 8 21 63 2689 58255 184 411 
388 45 1355 193 2340 2 226 419 220 107 482 21 6825 184 6119 
8362 2585 670 2003 389 419 220 6354 28 1457 21 7954 
2334 294 389 72 670 16570 124 1810 12 874 45 72 38 164 5648 
67 68 18489 1129 419 220 152 34 38 13 4 38 370 
486 3923 34 18 5697 28 2531 31 15 48803 150 204 5684 193 
8449 3382 18489 1876 1877 2862 5924 6255 16876 3920 16864 4081 16874 16859 4171 
215 12532 208 219 
2340 2 392 390 12 1529 862 470 392 1064 141 392 729 190 17 2513 472 
483 4157 17 4190 1906 77 34918 21 2 
2689 58255 
2340 2 81 3318 144 143 644 1910 574 92 49 4157 10440 306 
4190 12 4157 10440 74 483 73 347 5634 3318 848 1166 2660 2531 
92 12 
177 106 38 450 670 425 4777 138 
68 124 9 208 92 133 12 21 77 6617 125 670 10099 45 149 306 231 5247 231 4 28 627 1479 12 
21 7812 34 28 231 9253 368 231 58 205 370 1338 81 3318 144 1910 12 419 220 6060 49 184 
48392 2661 34 164 293 1427 419 164 10445 670 5831 12 