Subject: 28 430 38 870 
231 1397 53017 1221 20 112 435 11078 559 4 9 57128 17 18511 7 150 282 9586 28 36561 31 9 14257 231 
143 11213 31 20609 45 57129 
824 824 824 824 824 824 824 824 824 824 
87 21 54721 964 15 8360 2261 17 7380 964 15 8360 3845 138 
220 38 482 21 8382 10 17 3806 4 1870 138 
369 38 35 306 28 195 2233 45 9971 17 6238 71 21 53016 193 193 
824 824 824 824 824 824 824 824 824 824 
53017 1221 193 193 
824 824 824 824 824 824 824 824 824 824 
3357 359 13156 143 53017 1221 499 4222 411 4213 6829 53988 3867 74 2342 193 193 
53017 1221 1930 3260 17 124 2164 1838 45 2858 85 144 941 21 44170 54982 648 4087 1397 8360 17 77 1901 21 8 28 2612 4496 31 15 2261 193 
824 824 824 824 824 824 824 824 824 824 
515 124 53017 1221 138 
53017 1221 124 9 8204 53017 36587 34 112 1208 2030 49 6363 213 5633 70 195 143 2233 1946 21 7380 37793 7895 12 68 14343 13511 429 2031 550 306 52717 53498 17 28 54065 8405 12 26 199 41190 769 8360 37305 122 1397 20 112 13383 21 28 597 6826 12 
2473 926 53017 1221 548 138 
28 53017 1221 13511 3894 9 1390 36587 31 35623 4214 2778 37793 57130 125 559 28 423 45 1141 2 57131 57132 45 56961 56962 45 56964 9123 17 56966 12 68 50723 1372 2971 7207 11519 20513 13855 45 57133 13859 53456 17 57134 1388 2365 21026 306 446 38588 12 
515 35 53017 1221 220 49 14 138 
53017 1221 1128 53231 1947 49 6829 37793 7895 17 2365 4 9 9971 17 2233 11010 12 2858 1022 53017 1221 35 481 15 8360 2261 990 12 
220 7 87 9 57135 138 
53017 1221 124 107 9 10046 12 12 12 20 124 9 3532 57136 1372 31 195 2233 6829 7895 34823 54919 45 259 38 439 150 440 87 9 53217 21 7690 20 12 
124 53017 1221 9971 138 
20 124 70 52760 53017 37653 4063 34 1128 53231 1947 49 6829 37793 7895 17 2365 12 208 31 28 508 57137 9903 31 53017 1221 124 38 4430 8 21 6402 67 8985 12 
164 161 6219 9605 138 
53217 57138 8 205 3376 21 5895 57139 17 57140 12 4148 6219 9605 1833 6107 51793 45 231 4249 5566 231 215 4094 5566 306 9 33399 4249 57141 765 3212 219 45 17 4 91 753 2974 57142 12 53017 1221 124 107 9 10046 12 20 124 195 2233 17 58 359 6219 9605 12 
824 824 824 824 824 824 824 824 824 824 
953 124 53017 1221 528 52 28 508 550 17 2494 53744 4 5610 138 
41491 15 8360 3845 193 
7952 9 611 21 1446 37793 13813 193 
39192 53025 193 
55005 2365 193 
1930 3260 193 
359 53217 57143 193 
57144 43300 57145 193 
7952 959 1367 17 12117 17582 53023 193 
14343 2744 31 18171 57146 109 53017 1221 58 205 12405 435 51329 193 
314 765 144 45 1857 45 1857 6363 8 57147 53017 1221 193 
57148 
56964 45 2664 56965 45 56961 56962 45 56966 45 57149 45 57150 45 57151 57152 45 57131 57132 12 57131 57153 124 12188 21 11285 53456 10461 74 1356 57154 54033 215 16003 219 10461 12 56966 540 124 9 57155 21 53456 57156 12096 53456 17 1375 20 4004 2567 120 3573 12 68 3530 9 39168 11401 4 9987 12 56961 56962 57144 28 57157 2365 11036 21 446 12816 12 68 9733 55005 2365 12 
824 824 824 824 824 824 824 824 824 824 
4998 298 1874 15 483 182 5697 
53017 1221 229 107 548 49 8139 12 72 53017 1221 926 107 1844 28 8449 1508 130 9694 414 45 2858 611 28 44574 35910 49 9 1874 143 15 483 182 5495 12 359 463 114 193 193 
53017 1221 306 542 1874 15 483 182 57158 124 1357 445 1461 68 57159 3359 193 193 53017 1221 6006 4 651 55795 49 15 9657 12 
824 824 824 824 824 824 824 824 824 824 
2977 317 2513 124 298 306 68 818 3982 3359 193 193 
1320 19799 31 53017 1221 3894 454 54982 12 
1775 1775 1775 1775 1775 1775 648 19799 31 53017 1221 
445 392 892 
1775 1775 1775 1775 1775 1775 144 50477 31 53017 1221 
445 392 891 
1775 1775 1775 1775 1775 1775 827 50477 31 53017 1221 
445 392 784 
81 481 15 4322 347 483 73 34918 21 150 57160 1524 150 
3852 215 10405 219 1775 1775 1775 1775 1775 1775 1775 1775 1775 1775 1775 1775 1775 1775 1775 1775 1775 1775 1775 1775 1775 1775 1775 1775 1775 1775 1775 1775 1775 1775 1775 1775 1775 1775 1775 
240 143 628 215 10405 219 1775 1775 1775 1775 1775 1775 1775 1775 1775 1775 1775 1775 1775 1775 1775 1775 1775 1775 1775 1775 1775 1775 1775 1775 1775 1775 1775 1775 1775 1775 1775 1775 1775 1775 1775 1775 1775 1775 
628 21 2 57160 9099 57161 323 1514 143 57162 57163 57164 45 11263 57165 143 57162 
824 824 824 824 824 824 824 824 824 824 
68 124 9 208 92 133 2 21112 124 5788 17 359 840 66 124 829 12 81 817 2 53017 1221 124 107 1471 21 57166 45 9494 45 20685 347 33634 184 34950 12 130 6205 2172 45 259 18 1508 12 53017 1221 2971 1211 53017 17 53231 1947 49 6829 37793 7895 12 28 32131 58 107 6391 443 10497 12 49 277 67 670 1874 15 483 182 5697 45 81 3047 21 28 414 16 45 442 14209 17105 1617 12 81 3252 9 9118 2591 41536 20618 12 