Subject: 14343 8054 1237 143 57212 15 6230 35967 193 193 215 57213 57214 219 
164 38 1476 483 125 15 6230 1166 138 138 
220 38 83 515 28 140 648 34877 
34 18 4192 2428 15 6230 
1166 124 9 2487 347 10060 138 138 138 138 12 12 12 12 12 
9 151 1221 240 241 440 7 204 7 1241 913 12 12 12 12 12 12 12 251 107 
274 184 972 3836 12 12 12 12 
12 12 12 11519 3836 193 193 193 
161 164 827 456 1438 21 1448 15 
9465 4158 2 
143 11519 6261 273 
143 8147 639 1424 11011 38758 17 
143 3979 38758 12 12 12 12 
72 38 150 1 107 312 195 827 38 150 1 18571 483 193 193 
487 150 204 28 9650 8054 53179 49 
15 6230 1166 2487 12 12 12 12 12 12 
38 6184 87 68 193 193 
8811 28 57215 5686 3992 12 12 12 
57215 5686 124 9 359 143 33676 143 57216 
8366 7548 74 2490 45 49 2490 158 
57215 5686 2258 15 1166 9 
19627 5491 21 18093 74 4569 
827 2974 19975 49 648 52760 2620 80 12 
824 11519 273 3199 
824 1424 11011 519 17289 
824 11519 3519 3836 
568 57215 5686 18 1844 38 70 
57217 31 6222 1166 12 
1446 277 17 13376 23 670 2298 2404 2 
6460 487 
81 49778 434 49 54129 765 2473 502 68 124 45 17 
49 28 122 1832 1334 31 515 38 36 45 251 
179 38 12895 1318 515 38 36 49 28 12634 
2620 80 45 419 164 474 38 18 4758 34 12 12 12 12 
231 68 124 70 3359 38 35 150 440 20405 231 
12 12 12 12 12 12 487 150 204 515 38 36 12 12 12 
824 824 824 
321 9 1219 741 9 913 240 4118 648 
143 9465 57215 2 
1535 9881 2588 193 
2241 11519 1316 
1395 17 21153 
3552 765 392 144 45 2862 298 1237 193 
1448 765 1535 9881 54361 193 11519 1316 
125 2248 9300 45 623 8067 17 783 1402 6345 12 
2588 21153 45 5130 74 4342 45 17 1395 
7913 70 1254 141 9881 5247 110 12 333 1446 143 30 
1237 2950 12 419 150 938 1022 1122 9 575 34 
18 2482 38 2473 21 572 273 3199 17 1211 38 
306 28 1366 21 220 20 193 
321 9 1219 741 9 913 240 4118 144 
143 44129 143 4 57215 2 
827 12 729 9881 2588 193 
1876 12366 44129 143 4 193 
4229 45 1857 13823 2661 
3552 392 5924 298 1237 193 
72 38 8 205 7136 49 9 9971 45 8797 298 185 
21 273 3264 15 1166 45 933 359 840 193 1448 
765 644 9881 44129 143 4 5131 193 195 273 2588 
164 44129 143 4 45 12147 34 28 255 7997 8 
406 769 273 16 21 77 10440 109 28 1316 12 
321 9 1219 741 9 913 240 4118 827 
143 38758 57215 2 
1424 11011 519 
1932 2607 397 1156 
4348 8875 
9465 7634 18471 
2188 2473 21 12520 17 308 7223 198 184 
650 31 2298 2404 4 28 8147 639 31 28 3986 1424 
11009 193 608 1932 2607 397 1156 9606 12 1549 
15 2404 21 16872 1424 11009 45 438 45 1857 18579 45 
17 246 45 6250 53479 449 12 1446 277 49 248 45 1857 2340 
7634 4191 193 2974 2228 143 74 143 2228 986 
3836 1484 193 
49 195 28 277 31 195 57218 827 57215 
19975 81 521 21 670 2298 2404 177 38 229 65 
198 15 73 2 
6460 487 
161 124 5054 7289 19798 
109 28 19537 34 35 7843 21 
57215 5686 3992 143 8032 12 12 12 12 12 
72 38 2173 1166 45 111 12 12 
68 124 9939 12 12 12 
231 70 3359 38 35 150 440 20405 231 
765 392 644 45 1857 9713 31 52760 
35623 4214 6567 49 12 12 12 
107 670 671 80 31 392 41161 12 12 12 
12 12 107 818 80 31 392 20706 
12 12 12 12 12 12 167 1200 440 322 1241 1193 2502 392 27322 193 193 
763 763 763 763 763 763 763 763 763 763 763 763 763 763 763 763 763 763 763 763 763 763 763 763 763 763 763 763 763 763 763 763 763 763 
49 9 864 92 17 34 3552 12 12 12 
298 2531 13353 12 12 17 12 12 12 
48719 1269 241 240 240 13742 12 12 12 12 
4553 73 369 1397 20 7653 2 
15198 1370 28 997 729 2660 317 128 68 1250 3471 
4162 2354 670 671 2620 80 12 12 12 193 
274 392 27322 193 20724 49196 80 8368 1028 193 
6460 487 
653 653 653 653 653 653 653 653 653 653 653 653 653 653 653 653 653 653 653 653 653 653 653 653 653 653 653 653 653 653 653 653 653 653 653 653 653 653 653 653 653 653 653 653 653 653 653 419 65 3357 4322 74 51 4188 49 391 
4158 12 12 12 7235 109 391 1025 445 12 12 12 12 347 
72 38 5633 21 51 1058 1059 277 
215 13353 4158 219 2 
21 20776 73 57215 5686 3992 
2858 73 6230 23 2 
6460 487 
322 241 
6392 499 28 73 486 1905 17 51 20 21 670 952 4087 
73 1479 51 15 73 17 9 39 31 15 3507 
4322 34918 21 231 204 12 204 12 317 1184 231 23 2 
952 397 248 51 73 1479 2 
648 215 21736 219 40647 143 45601 215 391 219 
4190 34918 21 2 231 204 12 204 12 317 1184 231 
73 486 
81 13 21 2 
105 2 1775 1775 1775 1775 1775 1775 1775 1775 1775 1775 1775 1775 1775 1775 1775 1775 1775 1775 1775 1775 1775 1775 1775 1775 1775 1775 1775 1775 1775 1775 1775 1775 
16 2 1775 1775 1775 1775 1775 1775 1775 1775 1775 1775 1775 1775 1775 1775 1775 1775 1775 1775 1775 1775 1775 1775 1775 1775 1775 1775 1775 1775 1775 1775 
2476 2 1775 1775 1775 1775 1775 1775 1775 1775 1775 1775 1775 1775 1775 1775 1775 1775 1775 1775 1775 1775 1775 1775 1775 1775 1775 1775 1775 1775 1775 1775 1775 1775 1775 1775 1775 1775 1775 1775 1775 
273 2 1775 1775 1775 1775 1775 1775 1775 1775 1775 1775 1775 1775 1775 1775 1775 1775 1775 1775 1775 1775 1775 1775 1775 1775 1775 1775 1775 1775 1775 1775 1775 1775 
215 3990 6579 143 1403 4 279 419 8 9 260 
17 21 13 38 9 4759 34 15 73 58 205 
52922 219 
139 2 1775 1775 1775 1775 1775 1775 1775 1775 1775 1775 1775 1775 1775 1775 1775 1775 1775 1775 1775 1775 1775 1775 1775 1775 1775 1775 1775 1775 1775 1775 1775 1775 
215 1403 49 2977 317 8817 445 143 359 411 3625 219 
680 74 2 4322 1775 1775 1775 1775 4632 1775 1775 1775 1775 1775 4578 1775 1775 1775 1775 53474 1775 1775 1775 1775 
215 81 12532 516 208 219 
105 109 1059 1775 1775 1775 1775 1775 1775 1775 1775 1775 1775 1775 1775 1775 1775 1775 1775 1775 1775 1775 1775 1775 1775 1775 1775 1775 1775 1775 1775 1775 1775 1775 1775 1775 1775 1775 1775 1775 1775 1775 1775 1775 1775 1775 
1059 140 1775 1775 1775 1775 1775 1775 1775 1775 1775 1775 1775 1775 1775 1775 1775 1775 1775 1775 1775 1775 1775 1775 1775 1775 1775 1775 1775 
39049 632 2 1775 1775 1775 1775 1775 1775 1775 1775 1775 1775 1775 1775 1775 1775 1775 1775 1775 1775 1775 1775 1775 1775 1775 1775 1775 1775 1775 1775 1775 
441 2 1775 1775 1775 1775 1775 1775 1775 1775 1775 1775 1775 1775 1775 1775 1775 1775 1775 1775 1775 1775 1775 1775 1775 1775 1775 1775 1775 1775 1775 1775 1775 
41 824 81 4322 208 31 28 235 680 1414 2 
41 470 472 7 207 34766 9 4322 215 220 107 13 546 45 419 18 
481 9 498 125 28 3890 4322 143 481 474 28 
4322 124 3507 74 38 12 219 763 763 763 763 763 763 763 763 763 763 763 763 
763 763 763 763 763 763 763 763 763 763 763 763 763 763 763 763 763 763 763 763 763 763 
41 470 472 7 207 34766 132 1058 1059 140 12 215 817 15 
1059 18 77 453 49 872 392 27322 72 11601 
57215 5686 445 158 872 392 48826 72 11601 28 
2200 57215 5686 833 57215 1237 
575 12 
41 470 472 7 467 21 15198 57215 5686 445 49 
872 392 27322 12 
41 470 472 7 467 21 15198 57215 1237 445 49 
872 392 39741 12 
41 470 472 7 467 21 15198 28 2200 57215 
5686 833 57215 1237 575 49 872 392 48826 12 
7482 2 1775 1775 1775 1775 1775 1775 1775 1775 1775 1775 1775 1775 1775 1775 1775 1775 1775 1775 1775 1775 1775 1775 1775 1775 1775 1775 1775 1775 1775 1775 
7 1929 34 7 207 11601 28 57215 3992 143 8032 
8366 215 204 219 57219 414 12 
298 12831 1237 2950 3804 414 164 413 45 
251 62 77 2170 386 31 28 4561 
825 12 
7 1929 34 20 124 132 2745 10108 21 28787 
306 184 14459 9431 21 132 1430 2088 12 
130 306 195 1237 45 161 164 359 54377 45 534 45 72 
3992 124 28859 20 18 77 42039 23 359 299 12 
419 62 6392 38 73 308 7482 193 193 
3403 41 4157 102 3923 6125 581 31 5422 
4747 12 
1903 4322 1905 2 
824 824 824 952 4087 51 1184 824 824 824 
81 37563 15 
3507 4322 487 17 51 20 21 434 23 2 
952 397 248 51 73 1479 2 
648 215 21736 219 40647 143 45601 215 391 219 
4190 34918 21 2 231 204 12 204 12 317 1184 231 
21 77 6617 125 840 133 125 434 81 
8066 15 273 16 23 28 5247 3979 23 2 
6460 487 
619 2 215 219 
1285 2 57220 
824 824 824 824 824 824 824 824 824 824 