Subject: 1 2 1260 1828 
46269 10367 45 42 46270 143 4620 45 
7 8 259 2342 293 2886 125 98 45 251 107 125 38 12 
220 38 8 541 1901 138 
1034 45 
11421 
98 99 101 2 
41 42 11421 45 
41 
41 2473 164 38 312 138 124 161 184 2406 4 28 4442 31 28 
41 8996 3 2141 138 7 925 38 8 293 28 1979 7 
41 102 38 9 2351 2660 2663 12 112 20 502 583 138 
41 419 164 1383 148 23 1846 548 45 540 3196 77 2597 
41 4 1476 9 959 530 17 3585 1828 12 
41 
41 96 1204 45 
41 
41 98 
41 
41 11421 8939 101 2 
41 41 
41 41 42 262 45 10367 45 46270 143 4620 45 
41 41 
41 41 7 207 2576 997 3052 49 670 1260 46271 143 322 215 7 12 240 12 456 1086 219 
41 41 1828 109 
41 41 8996 3 49 28 4372 2298 
41 41 
41 41 7 150 151 435 21 3571 125 1320 452 373 449 67 515 215 204 219 214 
41 41 187 435 21 220 4 
41 41 28 1828 17 67 515 104 397 2051 5566 124 49 28 8996 3 
41 41 1382 17 953 20 
41 41 124 9 47 2340 5384 49 28 4372 2298 12 
41 41 
41 41 81 1833 4 212 373 449 9 1334 31 15 245 306 
41 41 1388 196 
41 41 215 28 771 7203 3045 6841 21 3577 28 1828 306 67 848 1388 
41 41 156 219 12 
41 41 
41 41 81 1211 430 4 2744 12 
41 41 
41 41 7 150 151 111 548 21 9724 68 921 373 3864 12 
41 41 28 167 976 31 28 1828 67 28 649 12 67 729 449 12 
41 41 28 1219 976 31 28 1828 67 7198 17 196 12 6463 848 
41 41 449 12 
41 41 
41 41 1550 124 137 5824 31 249 12 251 7 482 21 8 20 1027 
41 41 1397 34 632 
41 41 215 7 150 587 77 1861 17 109 7798 49 508 31 247 219 12 
41 41 
41 41 46271 143 322 124 9 373 4098 368 12 68 3530 45 179 419 164 1349 45 419 35 
41 41 
41 41 1549 9 1446 1828 4 1551 2414 12 28 2141 18 107 3042 1397 
41 41 7885 2414 
41 41 215 70 40449 122 92 45 7 83 219 12 
41 41 
41 41 90 38 4239 15 644 449 395 229 135 138 
41 41 
41 41 1034 45 
41 41 
41 41 11421 
41 41 
41 41 321 12 204 12 17 143 31 203 143 419 87 9 361 193 193 
41 41 
41 41 321 12 321 12 204 12 4 279 38 220 107 8 9 2901 1334 1357 45 487 
41 41 1528 
41 41 9 4218 31 2854 12 
41 41 
41 41 321 644 245 8941 45 176 31 1564 215 8941 219 
41 41 28 245 8941 45 176 31 1564 58 43343 2596 648 4 
41 41 28 1503 31 1162 852 143 46272 45 
41 41 2231 430 1145 45 2298 143 371 15346 1144 45 
41 41 1162 1238 
41 41 17 1162 1706 12 
41 41 28 46273 17 46274 1959 215 1113 74 28 2444 10690 31 
41 41 1086 17 39001 143 23807 219 
41 41 1211 243 430 1379 21 430 4373 23 28 2298 12 
41 41 8969 164 576 21 
41 41 3565 4372 1379 21 46275 430 17 298 11404 12 130 
41 41 386 31 443 1959 46276 143 46277 
41 41 3358 10951 3530 49 8996 1238 17 3 125 
41 41 2233 2234 164 
41 41 2030 12 
41 41 28 245 124 3869 4 591 1347 143 176 46278 45 1404 
41 41 109 9 1085 17 9 883 
41 41 1313 45 1141 9 140 31 2231 2298 384 279 3361 12 
41 41 1383 45 28 245 8941 124 
41 41 3607 4 28 8706 456 1086 2141 46279 17 28 1260 2141 
41 41 109 143 21 143 1162 12 28 
41 41 245 8941 124 17859 4 28 46280 2141 144 215 386 31 28 
41 41 13294 38860 6626 219 45 
41 41 177 28 2195 124 21 7691 70 1164 4564 109 28 1051 347 
41 41 1051 143 435 1504 12 
41 41 43 12 315 12 10556 10557 124 28 2032 31 28 1162 1153 1086 
41 41 1524 45 17 2008 9 
41 41 38861 4 1225 340 23 28 176 31 10304 4 46281 12 4 
41 41 6316 214 112 16541 9 6055 7303 204 
41 41 3269 4 560 17 1225 340 215 315 12 46282 12 12987 12 219 23 28 
41 41 176 31 10304 17 39258 
41 41 214 2008 2051 46283 4 1225 340 12 125 1038 39258 21 
41 41 249 16528 214 112 2141 
41 41 13970 17 4013 23 3696 1331 45 245 31 1162 371 384 12 
41 41 226 2955 16528 
41 41 214 58 205 9 1446 2084 4 7296 2033 1225 340 7301 45 176 
41 41 31 1564 12 226 2037 45 214 
41 41 58 205 28 2145 31 28 818 1543 1524 7296 1162 
41 41 1153 7301 31 28 34415 2878 
41 41 3399 215 1726 219 4 1331 12 2051 115 1086 1957 1833 
41 41 1162 1153 45 1162 
41 41 1238 45 2231 2298 13895 45 17 1162 1706 12 
41 41 315 12 11421 8939 124 1454 2084 49 2033 1225 340 23 
41 41 1564 176 12 214 
41 41 4327 1225 23 40580 176 45 1331 12 4 2037 17 2149 214 
41 41 112 9 46284 20325 23 
41 41 28 176 31 12029 45 14587 45 8011 45 177 214 46285 9 
41 41 282 12 204 12 240 12 4 1225 17 46286 143 8900 
41 41 340 12 214 293 9 8175 125 28 2444 883 340 
41 41 2140 49 3343 9 
41 41 8119 839 4 2114 340 215 3348 3948 219 34 
41 41 10453 964 21 2051 2012 4 1225 
41 41 340 125 5778 176 45 1331 45 4 136 12 11421 8939 124 
41 41 2141 4013 4 28 22212 143 852 
41 41 10656 143 1113 46274 2141 109 8996 143 371 430 
41 41 7970 12 214 58 1847 
41 41 1315 236 1511 109 8969 17 8996 143 371 
41 41 561 12 214 58 27 4 
41 41 28 1503 31 430 7970 45 1162 1163 17 
41 41 2101 45 1162 1153 45 
41 41 1162 1706 45 17 2231 384 49 28 2298 12 
41 41 
41 41 1410 9083 
41 41 470 648 472 204 12 8938 45 2461 12 46287 45 321 12 39041 45 204 12 8939 45 241 12 10557 45 17 913 12 
41 41 46288 12 70 430 5114 2208 
41 41 49 243 561 109 28 1051 12 4 401 31 28 8000 
41 41 1085 382 109 
41 41 1086 17 243 341 49 1087 1088 45 2405 12 
41 41 470 144 472 282 12 38663 45 282 12 11422 45 204 12 8939 45 17 204 12 8938 12 70 35045 
41 41 1946 49 3028 109 143 46289 
41 41 4 4046 215 204 219 12 4 401 31 28 1081 7303 2405 936 109 28 4372 2298 45 
41 41 9266 45 
41 41 6041 45 2405 12 
41 41 470 827 472 9 12 11422 17 204 12 8939 12 14219 2714 8447 125 549 12 
41 41 4 781 12 20784 45 258 45 6127 143 46290 
41 41 31 28 135 902 1085 382 109 1610 1611 215 2132 2405 219 45 
41 41 1606 45 2405 12 
41 41 2976 25 12 21 108 12 
41 41 470 644 472 204 12 8939 45 2461 12 46291 45 204 12 8938 45 282 12 38663 45 9 12 10502 45 9 12 11422 45 
41 41 747 12 143 321 12 46292 45 241 12 10557 45 
41 41 17 2502 12 474 12 4372 1132 2298 9143 12 1225 1504 45 229 
41 41 2405 12 818 421 2 
41 41 401 31 28 1257 902 236 423 759 2298 382 215 1051 1257 219 12 
41 41 470 729 472 204 12 8939 45 2461 12 46291 45 204 12 8938 45 282 12 38663 45 9 12 10502 45 9 12 11422 45 241 12 
41 41 10557 45 17 2502 12 474 12 1662 49 
41 41 28 2298 43221 8996 143 371 1132 2298 9143 12 4 1517 2405 397 39608 2405 143 
41 41 401 31 28 
41 41 343 902 883 382 109 1610 1611 17 618 902 9667 
41 41 561 31 1610 
41 41 1611 382 45 12139 397 15349 45 391 45 1038 454 143 1839 827 45 2405 45 3846 
41 41 3847 397 3815 45 2046 397 3969 45 
41 41 1517 25 397 24 25 45 2405 12 
41 41 470 448 472 204 12 8939 45 1219 12 46293 45 9 12 151 44500 46294 44500 30426 45 9 12 46295 45 282 12 46296 45 204 12 
41 41 46297 45 913 12 4666 45 167 12 46298 45 2461 12 46299 143 46300 45 
41 41 747 12 143 321 12 46292 45 241 12 10557 45 747 12 46301 45 17 167 12 46302 12 46274 
41 41 43221 7136 28 2298 11550 143 4718 
41 41 2444 11404 12 4 401 31 28 827 2287 936 109 1953 
41 41 430 2232 45 1226 45 
41 41 3498 45 335 12 553 12 
41 41 470 248 472 204 12 8939 17 9 12 11422 12 8996 1238 6189 28 3028 31 
41 41 1920 17 8447 12 
41 41 4 401 31 28 2132 7303 2405 936 109 1036 31 8969 
41 41 17 1021 143 8436 
41 41 1362 45 2405 12 
41 41 470 617 472 204 12 8939 17 747 12 143 321 12 46292 12 2095 1382 1947 1461 46303 
41 41 1379 21 3995 4215 12 
41 41 1181 31 1162 143 371 384 45 247 2405 12 
41 41 470 1257 472 913 12 10500 45 241 12 10557 45 17 2502 12 474 12 2098 70 73 143 2013 
41 41 2140 49 9004 17 
41 41 13266 8969 12 4 401 31 2405 45 46304 45 
41 41 1331 45 2405 12 