Subject: 3836 47681 
42 195 45 
68 124 274 9 4553 6141 49 28 11404 45 3932 28 282 143 47623 
47968 12 
7 767 20 187 77 9 502 605 21 1878 28 829 1979 1028 45 
226 20 229 85 9 1427 49 37 21 77 1351 17 3990 12 
1034 45 
47752 
143 143 143 143 143 143 143 143 143 143 143 143 143 143 143 143 143 143 143 143 143 143 143 143 143 143 143 143 143 143 143 143 
47976 47962 
47977 143 47978 
2140 31 28 402 423 
45675 2249 
47979 45 267 
143 143 143 143 143 143 143 143 143 143 143 143 143 143 143 143 143 143 143 143 143 143 143 143 143 143 143 143 143 143 143 143 