Subject: 1 2 46711 2 46800 
653 1219 144 653 240 648 653 240 827 653 240 827 653 5554 653 4524 653 240 248 45 
653 151 827 653 1269 729 653 1773 653 1269 448 653 1269 1257 653 5048 653 5598 653 1773 653 240 729 653 1269 644 653 240 1257 653 1269 144 653 1269 0 653 240 729 653 1269 648 653 240 1257 653 1269 827 653 1269 827 653 5600 653 1269 644 653 240 729 653 1269 648 653 240 729 653 1269 144 653 1269 0 653 240 648 653 1269 648 653 240 648 653 1269 644 653 240 248 653 1269 648 653 1095 653 1269 827 653 240 729 653 240 1257 653 1269 144 653 1269 827 653 666 653 1269 729 12 653 151 644 653 666 653 5048 653 5600 653 240 248 653 1773 653 240 648 653 1269 644 653 666 653 1269 729 46800 653 240 729 653 4523 653 5048 653 240 648 653 240 1257 
653 240 648 653 5596 653 1269 648 653 240 1257 653 240 144 653 5598 653 1269 144 653 5048 653 240 648 653 4524 653 1774 653 240 144 653 666 653 1269 729 653 1773 653 240 729 653 1269 644 653 5554 653 1269 644 653 666 653 240 1257 653 240 729 653 1269 144 653 1269 0 653 240 648 653 1269 648 653 240 648 653 1269 644 653 240 248 653 1269 648 653 1095 653 1269 827 653 240 729 653 240 1257 653 1269 144 653 240 827 653 240 1257 653 240 648 653 5048 653 240 648 653 1773 653 1269 0 653 666 653 1269 648 653 5554 653 1269 827 653 666 653 1269 729 653 1773 653 240 729 653 5048 653 240 648 653 5596 653 240 648 653 1269 644 653 240 648 653 4524 653 1095 653 2536 653 666 653 1269 729 653 1773 653 240 729 
653 1269 827 653 1269 644 653 666 653 1269 644 653 240 729 653 4524 653 240 1257 653 5596 653 5600 653 1269 827 653 5599 653 1269 827 653 1269 644 653 240 248 653 1773 653 240 648 12 653 1219 729 653 4524 653 1269 0 653 4523 653 240 448 653 1269 1257 653 5048 653 240 648 653 240 648 653 5596 653 666 653 4524 653 666 653 1269 729 653 240 617 653 1095 653 1269 827 653 666 653 1269 729 653 5048 653 1269 0 653 240 648 653 1269 648 653 5600 653 1773 653 666 653 240 1257 653 240 729 653 1269 144 653 5596 653 240 648 653 240 1257 653 240 648 653 1269 0 653 5600 653 1269 644 653 666 653 1269 729 653 1269 144 
653 1774 653 4524 653 4524 653 666 653 1269 729 653 1269 144 653 240 729 653 1269 644 653 240 648 653 4523 653 1269 648 653 666 653 1269 729 653 1269 144 12 653 635 653 240 729 653 1269 648 653 240 1257 653 5596 653 1774 653 1269 827 653 1269 729 653 240 827 653 5596 653 240 729 653 5596 653 1269 648 653 240 1257 653 1773 653 5554 653 5048 653 240 648 653 1269 827 653 1269 248 653 5600 653 4524 653 240 1257 653 240 648 2 
1230 1220 101 2 
41 648 12 653 635 653 240 729 653 5554 653 5596 653 1269 0 653 4524 653 240 248 653 2536 653 240 248 653 240 644 653 240 1257 653 240 648 653 1269 0 653 240 1257 653 1269 827 653 1269 644 653 5598 653 1269 827 653 240 648 653 1773 653 240 729 653 5600 653 1269 644 653 240 1257 653 240 644 653 240 729 653 5048 653 1269 729 653 1269 0 653 1774 653 1269 648 653 1269 248 653 240 729 653 240 1257 653 240 729 653 1269 0 653 240 1257 653 4524 653 666 653 240 827 653 1095 653 240 827 653 240 1257 653 240 648 653 1219 729 653 3323 653 1219 648 653 1219 827 653 151 1257 653 1219 827 653 1219 248 
41 653 151 0 653 4437 653 1219 248 653 151 648 653 5597 653 151 448 653 5597 653 151 648 653 1219 1257 653 1219 648 653 151 827 12 653 1219 729 653 1269 0 653 4523 653 1269 827 653 240 248 653 1269 144 653 240 644 653 240 729 653 5048 653 1269 729 653 1269 0 653 1774 653 1269 648 653 1269 248 653 240 729 653 240 1257 653 5596 653 1774 653 1269 644 653 240 1257 653 1269 827 653 1269 248 653 240 729 653 1269 644 653 240 1257 653 5596 653 1774 653 1773 653 240 729 653 635 653 5597 653 3992 653 151 644 653 1219 729 653 4437 653 5597 653 151 0 653 5597 653 1219 1257 653 1219 248 653 151 827 653 1219 248 
41 653 151 248 653 151 648 653 1219 248 653 151 827 653 151 644 653 151 1257 653 3992 12 653 3815 653 240 648 653 240 1257 653 240 827 653 240 1257 653 240 648 653 1269 644 653 240 648 653 240 644 653 5599 653 666 653 240 729 653 4523 653 1269 248 653 240 648 653 1773 653 240 729 653 240 729 653 5596 653 1269 448 653 1269 648 653 1774 653 1269 827 653 240 729 653 240 1257 653 1269 827 653 1269 729 653 240 827 653 5596 653 240 729 653 5596 653 1269 648 653 240 1257 653 1773 653 5554 653 5048 653 240 729 653 1269 144 653 240 648 653 1269 0 653 240 648 653 240 1257 653 1269 644 653 1095 653 1269 827 653 240 729 653 240 1257 653 1269 144 
41 653 666 653 240 1257 653 666 653 1269 0 653 666 653 4523 653 240 729 653 1269 144 653 1269 0 653 240 729 653 1269 648 653 240 1257 653 4524 653 240 648 653 1773 653 240 144 653 1774 653 5048 653 666 653 5048 653 1269 644 653 240 648 653 240 1257 653 5596 653 240 648 653 240 1257 653 1269 827 653 1269 644 653 240 248 653 5048 653 1269 644 653 240 729 653 4524 653 240 729 653 1269 729 653 1269 644 653 240 648 653 4523 653 240 648 653 5554 653 5596 653 240 644 653 666 653 1269 827 653 240 248 653 1269 644 653 240 248 653 1269 144 
41 653 240 648 653 1269 648 653 1269 248 653 240 1257 653 1269 644 653 240 729 653 5596 653 1269 644 653 666 653 5048 653 240 1257 653 5596 653 1095 653 1269 144 12 
653 1219 644 653 240 729 653 5048 653 1269 0 653 240 729 653 1269 648 653 240 1257 653 4524 653 240 648 653 1773 653 240 144 653 1774 653 5048 653 666 653 5048 653 1269 644 653 240 648 653 240 1257 653 240 644 653 240 1257 653 5600 653 1269 644 653 240 1257 653 240 644 653 240 729 653 5048 653 1269 729 653 1269 0 653 1095 653 1269 648 653 1269 248 653 240 729 653 240 648 653 5048 653 1269 644 653 4523 653 1269 827 653 1269 644 653 666 653 240 1257 653 1269 248 653 240 248 653 1269 0 653 240 729 653 1269 648 653 240 1257 653 240 827 653 1269 648 653 240 648 653 1269 448 653 1095 653 1773 653 240 729 653 666 653 240 617 653 5600 653 5048 653 240 729 653 1269 144 653 1269 827 653 1269 644 653 240 1257 653 5048 
653 1269 644 653 240 729 653 4524 653 240 729 653 1269 729 653 1269 644 653 240 648 653 4523 653 240 648 653 5554 653 5596 653 240 644 653 666 653 1269 827 653 240 248 653 1269 644 653 240 248 653 1269 144 653 240 648 653 1269 648 653 1269 248 653 240 1257 653 1269 644 653 240 729 653 5596 653 1269 644 653 666 653 5048 653 240 1257 653 5596 653 1095 653 1269 144 12 653 1219 617 653 240 648 653 1269 644 653 666 653 5596 653 666 653 240 1257 653 1269 644 653 1774 653 2536 653 666 653 1269 729 653 1773 653 240 729 12 
41 653 1219 729 653 1269 0 653 4523 653 1269 827 653 240 248 653 1269 144 653 240 644 653 240 729 653 5048 653 1269 448 653 240 648 653 4523 653 5048 653 240 729 653 1269 644 653 240 648 653 240 1257 653 1269 0 653 666 653 1269 729 653 240 617 653 240 729 653 5048 653 1774 653 240 248 653 240 644 653 1269 729 653 5048 653 240 648 653 1269 644 653 5600 653 1269 644 653 240 248 653 1269 644 653 240 648 653 1269 0 653 1269 648 653 5600 653 1269 827 653 240 144 653 240 648 653 1269 827 653 240 248 653 1269 144 653 1269 644 653 666 653 1269 729 653 1269 248 653 1269 648 653 1095 653 1269 827 653 1269 644 653 240 248 
41 653 1269 827 653 1269 644 653 240 1257 653 1269 144 653 1269 729 653 1269 0 653 1774 653 1269 648 653 1269 248 653 666 653 1269 729 653 1269 827 653 240 729 653 1269 144 653 1219 144 653 1219 644 653 1269 644 653 240 248 653 1269 144 653 3815 653 240 648 653 1269 0 653 240 648 143 653 151 644 653 1219 729 653 4437 215 653 1773 653 240 729 653 1269 644 653 666 653 1269 248 653 5554 653 1269 144 45 653 240 1257 653 1269 827 653 666 653 4524 653 666 653 240 827 653 240 1257 653 1269 827 653 1773 653 666 653 4523 219 12 653 1219 648 653 1269 729 653 1269 644 653 5600 653 240 617 653 240 648 653 240 729 653 4523 653 5048 653 240 648 653 240 1257 653 1269 644 653 1773 653 1095 653 1773 653 240 648 653 1269 644 653 666 653 1269 729 653 635 653 1219 1257 653 151 644 653 5597 653 151 827 158 653 1219 644 653 240 729 653 5048 653 5596 653 240 648 653 4524 653 5599 653 1269 0 653 1269 644 653 240 729 653 1269 644 653 240 648 653 240 1257 653 240 648 653 1269 0 653 666 653 1269 644 653 666 653 3815 653 240 648 653 1269 0 653 240 648 143 653 151 644 653 1219 729 653 4437 158 653 1219 648 653 5048 
653 240 729 653 4523 653 5048 653 240 648 653 240 1257 653 5048 653 240 648 653 1269 0 653 240 729 653 1269 648 653 240 1257 653 4524 653 240 248 653 1269 448 653 240 617 653 240 729 653 4523 653 1269 248 653 1269 648 653 240 729 653 240 1257 653 240 648 653 240 448 653 5600 653 1773 653 240 648 653 1269 827 653 1269 644 653 240 729 653 1269 827 653 1269 729 653 240 827 653 5596 653 240 729 653 5596 653 1269 648 653 240 1257 653 1773 653 5554 653 5048 653 240 729 653 1269 144 653 240 648 653 1269 0 653 240 648 653 240 1257 653 1269 644 653 1095 653 1269 827 653 240 729 653 240 1257 653 1269 144 653 5596 653 240 648 653 240 1257 653 1269 0 653 1269 648 653 5600 653 1269 644 653 240 648 653 1269 827 653 240 248 
653 240 827 653 240 1257 653 240 648 653 1269 644 653 240 248 653 240 644 653 240 1257 653 240 729 653 1269 0 653 240 648 653 1269 448 653 1095 12 
41 144 12 653 3992 653 666 653 1773 653 4523 653 240 448 653 666 653 1269 729 653 1773 653 240 729 653 5600 653 1269 644 653 240 1257 653 666 653 240 1257 653 5600 653 1269 648 653 666 653 240 1257 231 653 1219 648 653 5048 653 240 648 653 240 448 653 1095 653 1269 644 653 240 248 653 1269 827 653 240 248 231 45 231 653 1219 729 653 2536 653 240 648 653 240 827 653 1269 1257 653 240 827 653 1095 231 45 231 653 1219 729 653 2536 653 5600 653 1269 648 653 1269 729 653 2536 653 240 248 231 
41 653 240 827 653 240 1257 653 240 648 653 1269 0 653 1269 648 653 5600 653 1269 827 653 240 144 653 240 648 653 1269 827 653 240 248 653 1269 827 653 1269 644 653 240 1257 653 1269 144 653 1269 729 653 1269 0 653 240 248 653 1269 648 653 240 729 653 1269 827 653 4523 653 240 729 653 1269 144 653 1269 644 653 666 653 1269 729 653 635 653 1219 1257 653 151 644 653 5597 653 151 827 653 1773 653 1774 653 4524 653 4524 653 666 653 5048 653 1773 653 1269 0 653 240 729 653 1269 648 653 240 644 653 240 729 653 5599 653 666 653 1269 729 653 5048 
41 653 1269 644 653 666 653 1269 248 653 1269 648 653 1095 653 1269 827 653 1269 644 653 240 248 12 653 635 653 240 1257 653 240 648 653 240 644 653 240 1257 653 240 648 653 1269 448 653 666 653 1269 648 653 240 729 653 1269 644 653 240 1257 653 5596 653 1095 653 1269 0 653 1269 648 653 666 653 1269 827 653 5554 653 240 827 653 240 827 653 240 1257 653 1269 827 653 240 248 653 240 617 653 240 648 653 1095 653 1269 644 653 240 648 653 5048 653 5048 653 240 648 653 240 729 653 1269 0 653 240 1257 653 4524 653 5554 653 240 827 653 240 729 653 240 1257 
41 653 666 653 1269 248 653 1269 648 653 1095 653 1269 827 653 1269 644 653 240 248 653 1269 144 653 1269 644 653 5599 653 1269 0 653 666 653 1269 0 653 1269 648 653 5600 653 1269 827 653 240 144 653 240 648 653 1269 827 653 240 248 653 1269 144 653 240 648 653 5048 653 1774 653 4524 653 666 653 240 827 653 240 648 653 1773 653 240 729 653 1269 644 653 240 248 653 240 144 653 1774 653 1269 827 653 240 248 653 1269 0 653 666 653 1269 729 653 1269 644 653 666 653 5048 
41 653 240 729 653 5048 653 240 644 653 240 1257 653 240 648 653 1269 448 653 5554 653 1269 648 653 240 729 653 240 1257 2 
41 143 653 1219 729 653 1219 1257 653 1219 644 653 1219 248 653 151 827 653 1219 729 653 1219 1257 653 151 827 215 653 240 729 653 1269 0 653 240 1257 653 4524 653 5554 653 240 827 653 666 653 5048 653 1269 644 653 240 648 653 1269 144 653 240 648 653 1269 729 653 1269 644 653 5600 45 653 666 653 1269 248 653 1269 648 653 1095 653 1269 827 653 1269 644 653 240 248 653 1269 144 653 5554 653 1269 248 653 240 729 653 240 1257 653 1269 0 653 1269 648 653 5600 653 1269 827 653 240 144 653 240 648 653 1269 827 653 240 248 
41 653 1269 827 653 1269 644 653 240 1257 653 1269 144 653 1269 729 653 1269 0 653 240 248 653 1269 648 653 240 729 653 1269 827 653 4523 653 240 729 653 1269 144 653 240 648 653 5048 653 1774 653 5596 653 1269 644 653 240 248 653 1269 827 653 240 248 653 1269 144 653 5596 653 240 648 653 240 1257 653 1269 448 653 240 1257 653 4524 653 1269 644 653 1269 648 653 240 648 653 1269 648 653 4523 653 1269 827 653 1773 653 240 648 653 1269 644 653 666 653 1269 144 653 1269 0 653 4524 653 240 248 653 1269 648 653 666 653 1269 448 653 666 653 1269 648 653 4523 653 240 648 653 1269 144 45 
41 653 240 648 653 1269 0 653 5600 653 1269 644 653 240 1257 653 1269 144 653 240 144 653 1774 653 1269 827 653 240 729 653 240 1257 653 1269 144 653 240 729 653 240 1257 653 240 644 653 1095 653 1269 827 653 240 729 653 1269 1257 653 5048 45 653 1773 653 240 729 653 1269 644 653 666 653 5048 653 1269 644 653 1269 648 653 5600 653 1269 0 653 666 653 1269 0 653 666 653 1269 729 653 1269 448 653 240 648 653 4523 653 5048 653 240 729 653 1269 644 653 240 648 653 240 1257 653 1269 827 653 1269 644 653 666 46801 964 219 
41 143 653 1219 827 653 1219 729 653 1219 827 653 5597 653 3992 653 5597 653 151 644 653 1219 648 215 653 240 729 653 1269 0 653 240 1257 653 4524 653 5554 653 240 827 653 666 653 5048 653 1269 644 653 240 648 653 1269 144 653 240 648 653 1269 729 653 1269 644 653 5600 45 653 666 653 1269 248 653 1269 648 653 1095 653 1269 827 653 1269 644 653 240 248 653 1269 144 653 5554 653 1269 248 653 240 729 653 240 1257 653 1269 0 653 1269 648 653 5600 653 1269 827 653 240 144 653 240 648 653 1269 827 653 240 248 
41 653 1269 827 653 1269 644 653 240 1257 653 1269 144 653 1219 144 653 1219 644 653 1269 0 653 666 653 1269 729 653 5554 653 1269 248 653 666 653 1269 729 653 5048 653 240 644 653 240 248 653 1773 653 240 1257 653 666 653 1269 729 653 1269 648 653 240 827 653 240 248 653 240 617 653 240 729 653 4523 653 240 648 653 1269 0 653 5600 653 1269 644 653 666 653 1269 827 653 5599 653 1269 827 653 1269 644 653 240 248 653 1773 653 240 648 653 240 729 653 2536 653 240 648 653 240 827 653 1269 1257 653 240 827 653 1095 653 1269 144 653 1269 0 653 4524 653 240 248 653 1269 648 653 666 653 1269 448 653 666 653 1269 648 653 4523 653 240 648 653 1269 144 12 
41 653 1219 827 653 240 1257 653 240 648 653 1269 0 653 240 648 653 1269 648 653 1774 653 240 644 653 240 729 653 240 1257 653 240 827 653 1773 653 240 648 45 653 666 653 1269 248 653 1269 648 653 1095 653 1269 827 653 1269 644 653 240 248 653 1269 144 653 240 144 653 4524 653 5554 653 1269 0 653 240 729 653 240 1257 653 1269 644 653 666 653 1269 729 653 1269 144 653 1269 644 653 5599 653 1269 0 653 666 653 1269 729 653 1269 144 653 240 827 653 240 729 653 240 827 653 666 653 5048 653 5600 653 1269 644 653 1269 1257 653 5048 2 
41 824 653 1219 729 653 2536 653 240 648 653 240 827 653 666 653 1269 648 653 5554 653 1269 144 653 240 729 653 1269 0 653 240 1257 653 1269 248 653 240 729 653 240 1257 653 1269 648 653 1095 653 1269 827 653 240 729 653 1269 1257 653 5048 
41 824 653 151 827 653 1269 729 653 240 827 653 1269 248 653 1269 1257 653 5048 653 240 729 653 5599 653 1269 827 653 240 729 653 240 1257 653 1269 144 653 240 729 653 1269 0 653 240 1257 653 1269 248 653 240 729 653 240 1257 653 1269 648 653 1095 653 1269 827 653 240 729 653 1269 1257 653 5048 
41 824 653 635 653 240 729 653 1269 644 653 240 648 653 240 144 653 240 1257 653 240 144 653 1774 653 1269 827 653 240 729 653 240 1257 653 1269 144 653 151 248 653 240 648 653 1269 648 653 1269 644 653 666 653 1269 448 653 1269 729 653 4524 653 240 648 653 5596 653 4523 653 1269 1257 653 5048 
41 824 653 151 0 653 1269 1257 653 4524 653 1095 653 1269 827 653 240 729 653 240 1257 653 1269 144 
41 824 653 3815 653 5554 653 1269 648 653 240 644 653 240 248 
41 653 5596 653 240 648 653 240 1257 653 240 729 653 1269 0 653 240 1257 653 4524 653 5554 653 240 827 653 240 729 653 240 1257 653 240 648 653 1269 729 653 1269 644 653 5600 653 5048 653 1269 0 653 666 653 1269 729 653 1269 644 653 666 653 5048 653 240 729 653 5048 653 240 644 653 240 1257 653 240 648 653 1269 448 653 5554 653 1269 648 653 240 729 653 240 1257 12 653 1219 648 653 5048 653 1774 653 4524 653 666 653 240 827 653 240 648 653 1773 653 240 729 653 1269 644 653 240 248 653 5048 653 240 729 653 1269 0 653 240 1257 653 4524 653 666 653 240 827 653 1095 653 1269 644 653 666 653 1269 729 45 
41 653 240 729 653 1773 653 1269 448 653 240 648 653 5048 653 4523 653 240 448 653 666 653 5048 653 1269 644 653 240 648 653 240 1257 653 1269 644 653 240 648 653 240 648 653 5048 653 1269 644 653 4523 653 1269 827 653 1269 644 653 666 653 240 1257 653 1269 248 653 240 648 653 1269 0 653 240 729 653 240 644 653 4523 653 240 648 215 653 1269 0 12 653 1269 248 12 653 240 827 653 240 1257 653 240 648 653 1269 644 653 240 248 653 5048 653 240 729 653 2536 653 240 648 653 240 827 653 666 653 1269 648 653 1774 2 653 240 729 653 1269 644 653 240 648 653 240 1257 653 1269 648 653 240 729 653 4523 653 240 648 
41 653 1269 0 653 666 653 1269 729 653 240 729 653 2536 653 240 648 653 240 827 653 666 653 1269 648 653 1774 653 240 448 653 240 729 653 240 1257 45 653 240 729 653 1269 644 653 240 648 653 240 1257 653 1269 648 653 240 729 653 4523 653 240 648 653 1269 0 653 666 653 1269 729 653 240 729 653 2536 653 240 648 653 240 827 653 666 653 1269 648 653 1774 653 240 448 653 240 729 653 1269 644 653 240 648 653 240 1257 45 653 5596 653 240 729 653 1269 448 653 1774 653 4524 653 240 648 653 240 1257 653 666 653 240 729 653 2536 653 240 648 653 240 827 653 666 653 1269 648 653 1774 653 1269 144 45 
41 653 240 248 653 1773 653 240 729 653 1269 648 653 666 653 1773 653 240 248 653 5048 653 4523 653 240 648 45 12 12 12 219 45 653 5596 653 240 648 653 240 1257 653 666 653 1269 248 653 1269 648 653 1095 653 1269 827 653 1269 644 653 240 248 653 1269 144 653 1773 653 1269 0 653 666 653 1269 648 653 240 729 653 4523 653 5048 653 240 648 653 666 653 1269 648 653 4523 653 1269 827 653 240 729 653 240 1257 653 1269 827 653 1269 729 653 240 827 653 5596 653 240 729 653 5596 653 1269 648 653 240 1257 653 1773 653 5554 653 5048 653 240 729 653 1269 144 653 1269 644 653 240 1257 653 1773 653 5554 653 1269 144 
41 653 240 827 653 240 1257 653 240 648 653 5596 653 1774 653 1269 0 653 666 653 240 1257 653 240 648 653 1269 0 653 240 729 653 240 644 653 4523 653 240 648 45 653 5600 653 1269 0 653 1269 1257 653 1269 144 653 240 617 653 240 648 653 5554 653 5596 653 240 648 653 5048 653 240 729 653 5596 653 240 648 653 240 1257 653 1773 653 240 729 653 666 653 1269 0 653 666 653 240 1257 653 240 648 653 240 644 653 1095 653 1269 0 653 666 653 1269 644 653 240 729 653 1219 144 653 1219 644 12 
41 653 151 644 653 666 653 240 648 653 1269 0 653 666 653 1269 644 653 5554 653 4524 653 240 729 653 1269 827 653 1773 653 240 648 653 240 617 653 240 648 653 240 729 653 4523 653 5048 653 240 648 653 240 1257 653 666 653 240 1257 653 1269 827 653 1269 248 653 240 729 653 1269 644 653 240 1257 653 5596 653 5554 653 1269 144 653 240 729 653 240 827 653 240 827 653 1269 648 653 240 648 653 1269 448 653 5554 653 1269 144 45 653 5600 653 1269 0 653 666 653 1269 729 653 5600 653 1773 653 1269 1257 653 1269 144 41 653 1269 0 653 1269 648 653 5554 653 1269 0 653 240 729 653 240 1257 653 5048 653 240 648 653 240 729 653 1773 653 1269 448 653 240 648 653 5048 653 4523 653 240 448 653 240 729 653 1269 644 653 240 648 653 240 1257 215 653 5600 653 1269 0 653 1269 1257 653 1269 144 653 5596 653 240 648 653 240 1257 653 1269 827 653 1269 644 653 240 248 653 5048 653 1219 648 653 3992 653 1219 648 653 1219 448 653 1219 248 653 151 644 653 1219 248 653 151 827 653 1219 248 219 45 653 666 653 1269 644 653 4523 653 1269 644 653 4524 653 666 653 1269 144 
41 653 1269 644 653 240 248 653 1269 144 653 240 729 653 4523 653 240 644 653 240 248 653 1269 827 653 240 248 653 1269 144 653 5554 653 1269 644 653 1269 827 653 240 1257 653 5598 653 1269 827 653 1269 644 653 240 729 653 666 653 1269 248 653 1269 648 653 1095 653 1269 827 653 1269 644 653 240 248 653 1269 144 653 5048 653 240 648 653 1773 653 1269 0 653 666 653 1269 648 653 240 729 653 4523 653 5048 653 240 648 653 240 144 653 4524 653 5554 653 1269 0 653 240 729 653 240 1257 653 5596 653 240 648 653 240 1257 653 1269 644 653 666 
41 653 1269 827 653 1269 248 653 240 729 653 1269 644 653 240 1257 653 5596 653 5600 653 5596 653 240 729 653 4523 653 1773 653 240 729 653 5048 653 666 12 
41 41 143 653 635 653 1219 729 653 151 644 653 5597 653 151 248 653 1219 729 653 151 827 45 653 1219 1257 653 151 827 653 5597 653 4437 653 5597 653 1219 827 653 1219 1257 653 151 827 653 635 653 5597 653 1219 1257 45 12 12 12 215 653 240 729 653 1269 0 653 240 1257 653 4524 653 5554 653 240 827 653 666 653 5048 653 1269 644 653 240 648 653 1269 144 653 240 648 653 1269 729 653 1269 644 653 5600 45 653 666 653 1269 248 653 1269 648 653 1095 653 1269 827 653 1269 644 653 240 248 653 1269 144 
41 653 5554 653 1269 248 653 240 729 653 240 1257 653 1269 0 653 1269 648 653 5600 653 1269 827 653 240 144 653 240 648 653 1269 827 653 240 248 653 1269 827 653 1269 644 653 240 1257 653 1269 144 653 1219 144 653 1219 644 653 1269 644 653 240 248 653 1269 144 653 3815 653 240 648 653 1269 0 653 240 648 143 653 151 644 653 1219 729 653 4437 653 240 827 653 240 1257 653 240 648 653 1773 653 240 729 653 1269 644 653 666 653 1269 248 653 5554 653 1269 144 45 
41 653 240 1257 653 1269 827 653 666 653 4524 653 666 653 240 827 653 240 1257 653 1269 827 653 1773 653 666 653 5599 653 1269 144 45 653 5596 12 653 1774 12 45 653 1269 729 653 1269 0 653 240 248 653 1269 648 653 240 729 653 1269 827 653 4523 653 240 648 653 1269 0 653 666 653 1269 729 653 1095 653 240 644 653 240 248 
41 653 1269 0 653 240 648 653 1269 648 653 5554 653 1269 248 653 240 729 653 240 1257 653 240 248 653 3815 653 240 648 653 1269 0 653 240 648 143 653 151 644 653 1219 729 653 4437 653 1269 827 653 1269 644 653 666 653 1269 729 653 1269 144 653 1269 0 653 240 729 653 4524 653 1774 653 1269 644 653 240 729 653 1269 144 653 1269 644 653 240 248 653 1269 144 219 12 
41 41 143 653 151 827 653 151 729 653 635 653 151 0 653 1219 729 653 151 648 653 1219 648 653 151 827 653 635 653 1219 648 653 151 644 653 1219 648 215 653 240 729 653 1269 0 653 240 1257 653 4524 653 5554 653 240 827 653 666 653 5048 653 1269 644 653 240 648 653 1269 144 653 240 648 653 1269 729 653 1269 644 653 5600 45 653 666 653 1269 248 653 1269 648 653 1095 653 1269 827 653 1269 644 653 240 248 653 1269 144 
41 653 5554 653 1269 248 653 240 729 653 240 1257 653 1269 0 653 1269 648 653 5600 653 1269 827 653 240 144 653 240 648 653 1269 827 653 240 248 653 1269 827 653 1269 644 653 240 648 653 1269 827 653 1269 729 653 1773 653 1269 0 653 240 729 653 1269 648 653 1774 653 1269 827 653 1773 653 240 648 653 1269 644 653 240 648 653 1269 0 653 666 653 1269 729 653 5554 653 1269 248 653 666 653 1269 729 653 5048 653 240 729 653 2536 653 666 653 1269 648 653 1269 729 653 1269 248 653 240 617 653 240 729 653 4523 653 240 648 653 1269 0 653 5600 653 1269 644 653 240 1257 653 1269 144 
41 653 1219 144 653 1219 644 653 5596 653 240 648 653 240 1257 397 653 1095 653 1269 644 653 240 1257 653 1269 144 653 1219 144 653 1774 653 1269 827 653 240 729 653 240 1257 653 1269 144 653 240 827 653 240 729 653 240 827 653 666 653 5048 653 5600 653 1269 644 653 1269 1257 653 5048 12 653 151 644 653 666 653 1269 0 653 5598 653 1269 144 653 240 617 653 240 648 653 240 827 653 4523 653 5048 653 240 729 653 1269 644 653 240 648 653 240 1257 653 240 248 653 1269 0 653 1269 648 653 5600 653 1269 827 653 240 144 653 240 648 653 1269 827 653 240 248 
41 653 1269 827 653 1269 644 653 240 648 653 1269 827 653 1269 729 653 1773 653 1269 0 653 240 729 653 1269 648 653 1774 653 1269 827 653 1773 653 240 648 653 1269 644 653 240 648 653 240 648 653 1269 729 653 1269 644 653 1774 653 240 729 653 4523 653 5048 653 240 648 653 240 1257 653 240 648 653 5596 653 5600 653 1773 653 240 648 653 240 648 653 5048 653 666 653 240 1257 653 1269 248 653 1269 644 653 5600 12 
653 151 0 653 240 1257 653 1269 827 653 1269 644 653 240 729 653 5599 653 1269 1257 653 1269 0 653 1269 1257 653 1269 144 653 240 648 653 1269 729 653 1269 644 653 1095 653 240 248 653 1269 0 653 1269 648 653 666 653 1269 827 653 5554 653 240 827 653 240 827 653 240 1257 653 1269 827 653 240 248 653 240 617 653 240 648 653 240 729 653 4523 653 5048 653 240 648 653 240 1257 653 5596 653 240 648 653 4524 653 5599 653 1269 644 653 240 729 653 1269 648 653 240 248 653 240 827 653 240 1257 653 240 648 653 1269 644 653 666 653 5048 653 1269 644 653 240 729 653 4524 653 240 1257 653 5596 653 5600 653 1269 248 653 1269 648 653 1095 653 1269 827 653 1269 644 653 240 248 12 653 635 653 1269 0 653 666 653 1269 648 653 666 653 5599 653 1773 653 240 729 653 5048 653 240 648 653 1269 0 653 1269 648 653 666 653 1269 827 653 240 648 653 1269 648 653 1773 653 5600 653 1269 827 653 666 653 1269 729 653 1773 653 240 729 653 240 648 653 5048 653 1269 644 653 4523 653 1269 827 653 1269 644 653 666 653 240 1257 653 1269 248 653 240 648 653 1269 644 653 666 46800 12 653 3815 653 1269 648 653 4523 653 1773 653 240 648 653 1269 0 653 666 653 1269 729 653 240 644 653 240 729 653 5048 653 240 729 653 4523 653 1269 248 653 240 648 653 1773 653 240 729 
653 1269 644 653 240 1257 653 1269 144 653 1269 0 653 1269 648 653 666 653 1269 644 653 1774 653 1269 827 653 240 729 653 240 1257 653 1269 144 653 240 648 653 1269 729 653 1269 644 653 5554 653 1269 144 653 1269 0 653 240 1257 653 666 653 5048 653 1269 1257 653 1269 648 653 4523 653 1269 144 12 
41 827 12 653 8076 653 1269 827 653 666 653 5048 653 240 648 653 1269 448 653 666 653 1269 648 653 1774 653 1269 644 653 240 248 653 5048 653 635 653 5597 653 3992 653 151 644 653 1219 729 653 4437 653 5597 653 151 0 653 5597 653 1219 1257 653 1219 248 653 151 827 653 1219 248 653 151 248 653 151 648 653 1219 248 653 151 827 653 151 644 653 151 1257 653 3992 45 653 1269 729 653 1269 0 653 240 729 653 5048 653 240 617 653 1269 729 653 1773 653 4523 653 240 448 653 1269 1257 653 5600 653 1269 644 653 240 1257 653 240 729 653 4523 653 1269 248 653 240 648 653 1773 653 240 729 
41 653 240 827 653 1269 648 653 1774 653 1269 617 653 240 729 653 240 1257 653 1269 827 653 1269 644 653 240 1257 653 1269 144 653 1269 827 653 1269 248 653 240 729 653 1269 644 653 240 1257 653 5596 653 5554 653 1269 144 653 4437 653 240 729 653 240 1257 653 1269 644 653 666 653 1269 729 653 1269 648 653 240 827 653 240 1257 653 5596 653 5554 653 1269 144 653 1219 648 653 1269 0 653 240 648 653 240 1257 653 1269 644 653 1095 653 1269 827 653 240 729 653 240 1257 653 1269 144 2 
41 41 653 167 248 653 1219 617 653 240 648 653 1269 0 653 1269 648 653 5554 653 1269 0 653 240 729 653 240 1257 653 666 653 1269 248 653 1269 648 653 1095 653 1269 827 653 1269 644 653 240 248 653 1269 144 653 5048 653 240 648 653 240 644 653 4523 653 5048 653 240 729 653 240 1257 653 1269 644 653 666 653 5048 653 5596 653 1269 1257 653 240 644 653 240 1257 653 5596 653 5600 653 1269 644 653 666 653 1269 729 653 5596 653 240 648 653 1269 644 653 1774 653 1269 644 653 240 248 653 5048 653 240 729 653 4523 653 1269 827 653 666 653 240 644 653 5600 
41 653 1269 644 653 666 653 1269 729 653 1269 827 653 1269 644 653 666 653 1269 827 653 5599 653 1269 827 653 1269 644 653 240 248 653 1773 653 240 648 45 653 5554 653 1269 644 653 1269 827 653 240 1257 653 5598 653 1269 827 653 1269 644 653 240 729 653 5048 653 240 648 653 1269 827 653 1269 729 653 1269 827 653 1269 248 653 240 729 653 1269 644 653 4523 653 240 448 653 666 653 5048 653 1269 644 653 240 648 653 240 1257 653 666 653 240 1257 653 240 729 653 5048 653 5554 653 1269 648 653 240 827 653 240 729 653 240 1257 653 240 729 653 1269 144 653 1269 0 653 666 653 1269 729 
41 653 240 617 653 240 648 653 5596 653 1774 653 5048 653 240 729 653 240 1257 653 1773 653 240 729 653 1269 644 653 666 653 240 648 653 1269 644 653 666 653 1773 653 240 1257 653 5596 653 5600 653 1269 644 653 666 653 1269 729 653 1773 653 666 653 5048 653 1269 644 653 5554 653 4524 653 666 12 
41 653 1219 827 653 1219 1257 653 1219 648 653 151 644 653 5597 46801 964 653 635 653 151 0 653 5597 653 151 648 653 5597 653 151 729 653 3992 653 3992 653 1219 648 653 1219 729 653 151 644 653 5597 653 1219 1257 653 635 653 1219 648 653 151 827 653 151 644 653 5597 653 151 729 653 3992 648 143 144 653 151 248 653 151 648 653 1219 248 653 151 827 653 151 644 653 1219 729 653 151 827 653 635 653 1219 729 653 151 827 653 151 729 653 1219 827 653 3815 653 1219 729 653 3815 653 151 648 653 1219 1257 653 635 653 1219 729 653 3992 653 1219 648 
41 653 1219 729 653 3992 653 1219 644 653 1219 1257 653 1219 648 653 151 448 653 1219 729 653 151 648 653 5597 653 3992 653 151 644 653 1219 648 45 653 1219 729 653 151 644 653 151 827 653 1219 1257 653 151 1257 653 151 827 653 151 644 653 1219 729 653 3992 653 1219 648 653 1219 729 653 151 0 653 1219 1257 653 1219 644 653 1219 729 653 1219 1257 653 151 248 653 1219 617 653 1219 729 653 8288 653 1219 248 653 1219 644 653 151 729 653 3992 653 1219 648 653 151 644 653 5597 653 151 644 653 1219 248 653 151 644 653 1219 648 653 635 653 5597 653 3992 653 151 644 653 1219 729 653 4437 653 5597 653 151 0 653 5597 653 1219 1257 653 1219 248 653 151 827 653 1219 248 653 151 827 
41 653 151 644 653 5597 653 151 729 653 635 653 1219 1257 653 151 644 653 5597 653 151 827 
41 41 653 167 248 653 5597 653 240 1257 653 666 653 240 617 653 5600 653 5048 653 240 729 653 1269 144 653 240 729 653 1269 0 653 240 1257 653 4524 653 666 653 240 827 653 1095 653 1269 144 653 5596 653 240 648 653 1269 644 653 240 248 653 240 827 653 666 653 1269 648 653 240 1257 653 5598 653 5048 653 240 729 653 240 1257 653 240 644 653 1095 653 1269 827 653 240 729 653 1269 1257 653 5048 45 653 240 827 653 240 729 653 240 827 653 666 653 5048 653 5600 653 1269 644 653 1269 1257 653 5048 653 5596 653 240 648 653 240 1257 653 1269 644 653 5599 653 1269 0 653 1269 1257 653 5048 
41 653 1269 827 653 1269 729 653 1773 653 1269 0 653 240 729 653 1269 648 653 240 648 653 1269 827 653 1773 653 1774 653 1269 644 653 1269 1257 653 5048 653 240 617 653 240 648 653 1269 0 653 1269 648 653 5554 653 1269 0 653 240 729 653 240 1257 653 5048 653 240 648 653 4524 653 240 648 653 1773 653 240 144 653 1774 653 5048 653 666 653 1269 729 653 5048 653 1269 729 653 1269 0 653 5600 653 1269 617 653 240 248 653 1269 644 653 240 1257 653 1269 144 653 1269 0 653 4524 653 240 248 653 1269 648 653 666 653 1269 448 653 666 653 1269 648 653 4523 653 240 729 653 1269 144 
41 653 1269 0 653 666 653 1269 729 653 1269 729 653 1269 0 653 1774 653 1269 648 653 1269 248 653 666 653 1269 729 653 5048 653 1269 827 653 1269 644 653 666 653 1773 653 666 653 5048 653 1269 644 653 5554 653 4524 653 666 653 1269 644 653 666 653 1269 729 653 1269 248 653 1269 648 653 1095 653 1269 827 653 1269 644 653 240 248 12 653 1219 827 653 240 1257 653 240 648 653 1269 0 653 240 648 653 1269 648 653 1774 653 240 644 653 240 729 653 240 1257 653 240 827 653 1773 653 240 648 653 1773 653 1269 0 653 666 653 1269 648 653 240 729 653 4523 
41 653 666 653 240 1257 653 5596 653 240 648 653 1269 644 653 240 248 653 240 827 653 666 653 1269 648 653 4523 653 240 729 653 1269 144 653 240 729 653 240 1257 653 240 644 653 1095 653 1269 827 653 240 729 653 1269 1257 653 5048 653 5048 653 240 648 653 240 729 653 1773 653 1269 448 653 240 648 653 5048 653 4523 653 240 448 653 666 653 5048 653 1269 644 653 240 648 653 240 1257 653 1269 827 653 1269 644 653 666 653 5048 653 1269 248 653 1269 648 653 1095 653 1269 827 653 1269 644 653 240 248 653 1269 644 653 240 648 653 2536 653 240 1257 653 5048 653 666 653 1773 653 240 248 653 1773 653 5554 653 5048 653 240 729 653 1269 144 
41 653 1269 827 653 5599 653 1773 653 1269 448 653 1269 1257 653 5048 653 240 648 653 1773 653 240 729 653 1269 644 653 240 648 653 1269 0 653 1269 648 653 666 653 1269 827 653 1269 1257 653 1269 0 653 240 1257 653 5596 653 1774 653 1269 644 653 666 653 1269 729 653 240 729 653 5048 653 240 644 653 240 1257 653 240 648 653 1269 448 653 5554 653 1269 648 653 666 653 5048 653 1269 644 653 240 648 12 
41 653 1219 827 653 1219 1257 653 1219 648 653 151 644 653 5597 653 151 729 653 151 827 653 1219 248 653 1219 644 653 1219 248 653 1219 729 653 151 644 653 5597 653 1219 1257 653 635 653 5597 653 151 729 653 151 827 653 151 248 653 151 648 653 1219 248 653 151 827 653 151 644 653 1219 729 653 151 827 45 653 1219 617 653 1219 648 653 151 0 653 151 648 653 1219 729 653 151 0 653 1219 729 653 1219 1257 653 1219 648 653 151 729 653 151 644 653 5597 653 3992 653 1219 648 653 151 448 653 1219 648 653 1219 1257 653 3992 653 1219 729 653 151 644 653 1219 648 653 1219 1257 12 
41 653 1219 1257 653 151 827 653 151 1257 653 151 827 653 1219 827 653 1219 1257 653 1219 648 653 151 644 653 5597 46800 653 1219 648 653 151 729 653 151 644 653 5597 653 3992 653 1219 648 653 1219 827 653 1219 1257 653 3992 653 1219 729 653 151 644 653 1219 648 653 1219 1257 653 635 653 1219 729 653 3815 653 1219 648 653 151 0 653 5597 653 1219 1257 653 5597 653 635 653 1219 248 653 3992 653 151 729 653 635 653 1219 648 653 151 0 653 5597 653 151 729 653 3992 653 1219 648 
41 653 151 729 653 151 0 653 1219 729 653 3992 653 1219 617 653 151 729 653 635 653 1219 1257 653 1219 448 653 1219 729 653 1219 1257 653 151 827 653 151 644 653 5597 653 151 248 653 151 648 653 1219 248 653 151 827 653 151 644 653 1219 248 653 151 644 653 1219 648 653 1219 729 653 3992 653 1219 644 653 1219 1257 653 1219 648 653 151 448 653 1219 729 653 151 648 653 5597 653 3992 653 151 644 653 1219 648 653 151 644 653 5597 653 151 729 215 653 1219 729 653 1219 1257 653 1219 644 653 1219 248 653 151 827 653 1219 729 653 1219 1257 653 151 827 45 653 1219 827 653 1219 729 653 1219 827 653 5597 653 3992 653 5597 653 151 644 653 1219 648 45 
41 653 151 827 653 151 729 653 635 653 151 0 653 1219 729 653 151 648 653 1219 648 653 151 827 653 635 653 1219 648 653 151 644 653 1219 648 219 
41 41 653 167 248 653 1219 617 653 240 648 653 1269 0 653 1269 648 653 5554 653 1269 0 653 240 729 653 240 1257 653 1269 0 653 1269 648 653 240 1257 653 5048 653 1269 644 653 240 248 653 5048 653 5554 653 2536 653 666 653 240 644 653 5600 653 1269 644 653 666 653 1269 729 653 240 648 653 1269 0 653 5600 653 1269 644 653 666 653 1269 827 653 5599 653 1269 827 653 1269 644 653 240 248 653 1773 653 240 648 45 653 5048 653 240 648 653 240 644 653 4523 653 5048 653 240 729 653 1269 644 653 240 648 653 240 1257 
41 653 240 248 653 240 644 653 1269 729 653 5048 653 240 648 653 1269 644 653 5600 653 1269 644 653 240 248 653 1269 644 653 240 648 653 1269 827 653 1269 644 653 666 653 5048 653 1269 248 653 1269 648 653 1095 653 1269 827 653 1269 644 653 240 248 653 5048 653 240 648 653 240 648 653 4524 653 4524 653 1774 653 240 448 653 240 729 653 240 1257 653 1269 644 653 666 653 1269 0 653 1269 648 653 666 653 1269 827 653 1269 1257 653 1269 0 653 240 1257 653 5596 653 5600 653 1269 644 653 666 653 1269 729 653 1773 653 666 653 5048 653 1269 644 653 5554 653 4524 653 666 
41 653 1773 653 240 729 653 240 144 653 1774 653 1269 827 653 240 248 653 1269 644 653 240 1257 653 1269 144 653 1269 0 653 1269 648 653 666 653 1269 644 653 1774 653 1269 827 653 240 729 653 240 1257 653 1269 144 653 1269 644 653 666 653 1269 729 653 1269 729 653 1269 0 653 666 653 1269 827 653 1269 729 653 1269 827 653 1269 644 653 1095 653 1773 653 240 648 653 1269 644 653 666 653 1269 144 653 1773 653 666 653 5048 653 1269 644 653 240 729 653 4524 653 666 653 1269 0 653 666 653 4523 653 240 248 653 1269 827 653 240 248 653 1269 144 12 
41 653 5597 653 240 1257 653 240 648 653 4524 653 4524 653 240 648 653 240 827 653 5554 653 1269 144 653 1269 827 653 1269 644 653 666 653 1269 0 653 1269 648 653 666 653 1269 827 653 1269 1257 653 1269 0 653 240 1257 653 5596 653 5600 653 1773 653 666 653 5048 653 1269 644 653 5554 653 4524 653 666 653 1773 653 1269 0 653 666 653 1269 648 653 666 653 5599 653 5048 653 5048 653 240 648 653 240 729 653 4523 653 5048 653 240 648 653 240 1257 653 240 729 653 4523 653 1269 644 653 240 729 653 1269 0 653 1269 648 653 666 653 1269 827 653 240 617 653 240 729 653 1269 644 653 240 1257 653 5596 653 5554 653 1269 144 
41 653 240 729 653 4523 653 1269 644 653 240 729 653 240 648 653 1269 448 653 240 648 653 240 1257 653 1269 648 653 240 729 653 1269 644 653 240 1257 653 5596 653 5554 653 1269 144 12 653 1219 248 653 240 644 653 240 1257 653 240 648 653 240 644 653 240 1257 653 5596 653 240 648 653 1269 827 653 4523 653 240 648 653 240 648 653 1269 729 653 1269 644 653 1095 653 240 648 653 1269 0 653 240 648 653 240 1257 653 1269 644 653 240 729 653 4523 653 1269 644 653 240 248 653 1269 248 653 1269 648 653 1095 653 1269 827 653 240 248 653 2536 653 240 729 653 1269 248 653 1269 1257 653 1269 648 653 240 1257 653 1269 827 653 1269 644 653 1095 653 1269 144 
41 653 666 653 240 617 653 5600 653 5048 653 240 248 653 1269 144 12 
41 653 1219 827 653 1219 1257 653 1219 648 653 151 644 653 5597 653 151 729 653 151 827 653 3992 653 1219 729 653 5597 653 151 729 653 151 827 653 151 248 653 151 648 653 1219 248 653 151 827 653 151 644 653 1219 729 653 151 827 653 635 653 151 0 653 5597 653 151 648 653 1219 729 653 1219 1257 653 3992 653 1219 648 653 1219 729 653 635 653 151 448 653 1219 648 653 3992 653 1219 1257 653 1219 448 653 1219 729 653 151 644 653 1219 648 653 1219 1257 653 635 653 1219 1257 653 1219 648 653 5597 653 1219 617 653 5597 653 3992 653 1219 248 653 151 0 653 5597 653 151 729 
41 653 3992 653 1219 648 653 151 644 653 5597 653 151 729 653 151 827 653 151 648 653 151 1257 653 151 644 653 1219 648 653 1219 648 653 3992 653 1219 617 653 1219 729 653 4437 653 5597 653 151 729 653 3992 653 1219 729 653 3992 653 1219 648 653 151 644 653 5597 653 151 729 653 151 827 653 1219 617 653 151 729 653 635 653 1219 648 653 151 644 653 1219 648 653 1219 1257 653 151 644 653 5597 653 635 653 1219 1257 653 151 644 653 5597 653 151 827 653 3815 653 1219 648 653 151 644 653 1219 648 653 151 644 653 1219 248 653 3992 
41 653 1219 729 653 151 0 653 5597 653 635 653 1219 729 653 3992 653 1219 248 653 1219 729 653 151 0 653 1219 1257 653 151 827 653 3815 653 1219 729 653 151 617 653 1219 248 653 151 644 653 5597 653 151 729 653 151 827 12 
41 653 1219 827 653 1219 1257 653 1219 648 653 151 644 653 5597 653 151 729 653 151 827 653 1219 248 653 1219 644 653 1219 248 653 1219 729 653 151 644 653 5597 653 1219 1257 653 635 653 5597 653 151 729 653 151 827 653 151 248 653 151 648 653 1219 248 653 151 827 653 151 644 653 1219 729 653 151 827 45 653 1219 644 653 1219 729 653 3992 653 635 653 151 0 653 5597 653 151 648 653 1219 729 653 1219 1257 653 3992 653 1219 648 653 1219 827 653 1219 1257 653 3992 653 1219 729 653 1219 1257 653 3815 653 1219 648 653 151 644 653 1219 1257 653 151 644 653 1219 729 653 151 644 653 5597 653 1219 1257 653 5597 
41 653 151 827 653 151 644 653 1219 648 653 151 0 653 4437 653 1219 648 653 1219 1257 653 151 827 653 1219 1257 653 1219 648 653 151 644 653 5597 653 151 729 46800 12 
653 1219 617 653 240 648 653 1269 0 653 1269 648 653 666 653 1269 827 653 1269 0 653 240 648 653 240 617 653 1095 653 1269 827 653 666 653 1269 729 653 1773 653 240 729 653 5048 653 240 648 653 1269 729 653 4524 653 666 653 1269 0 653 666 653 240 1257 653 1095 653 1269 827 653 666 653 1269 729 653 1773 653 240 729 653 5600 653 1269 827 653 240 648 653 1269 0 653 240 729 653 1269 648 653 240 1257 653 1269 827 653 1269 827 653 5600 653 1269 644 653 240 729 653 1269 648 653 240 648 653 240 648 653 1269 0 653 5600 653 1269 644 653 240 648 653 1269 0 653 240 648 653 1269 648 653 240 648 653 1269 0 653 1774 653 5048 653 1269 1257 
653 240 827 653 4523 653 5048 653 240 729 653 1269 644 653 240 648 653 240 1257 12 
653 151 448 653 240 1257 653 4524 653 240 1257 653 5596 653 1774 45 
653 1219 644 653 240 1257 653 666 653 1773 653 1095 653 240 644 653 240 248 653 1269 144 
143 143 
315 46712 151 12 46713 8592 204 12 9 12 139 2 141 454 648 46714 51 2 46715 
1050 2 397 397 1051 12 8592 12 350 397 763 31608 204 143 628 2 46716 144 45 350 143 6253 142 1241 12 8599 45 268 