Subject: 
3628 1298 4962 45 
1291 5236 138 4907 684 4413 3742 12 
3652 7590 3775 21 7591 897 714 732 1884 746 714 
7592 1645 3635 898 7593 707 7594 898 
7595 12 
6446 3282 3727 6434 7416 3282 273 714 5209 
7596 1676 7597 3643 707 21 358 897 
2780 14 1656 7598 7599 1676 7600 
898 1642 150 1082 12 7601 45 7602 21 273 897 714 1656 
7603 689 4901 12 6684 45 1721 45 7604 
7605 7606 898 7607 689 3766 685 21 
273 715 7608 746 7609 7610 746 1291 
7611 689 7612 12 1645 734 5012 70 7613 
707 5165 1676 7614 687 4792 7615 687 
1755 3752 897 7611 2 7616 1775 7617 1775 335 302 7618 12 1217 193 
4468 1645 4511 7619 684 7620 718 7611 897 
746 898 358 7621 684 14 7622 5236 12 
4477 45 1713 7623 746 747 7611 689 7624 734 2 
913 12 3000 302 2545 12 350 
4965 2811 701 746 3726 3290 12 
3777 45 
1241 12 902 12 
220 38 7618 193 138 
36 7625 273 2588 125 7618 193 628 
1050 2 397 397 2901 12 628 12 7618 12 1217 397 