Subject: 57174 2 2937 67 20 193 3080 143 57175 
35773 10660 18443 143 2298 150 204 54337 8016 
53533 5455 1325 143 46630 14203 143 11416 317 1932 37478 
52707 143 53534 143 52709 143 10660 52893 143 53535 964 143 52708 
1050 2 397 397 57176 397 10660 1775 913 397 
215 6460 4 28 3979 347 39 17 37563 921 15 9752 219 
68 273 58 205 870 74 9 1170 109 15 1484 17 58 
107 205 102 8801 12 72 28 1170 926 107 11378 34917 
68 273 45 111 212 1170 58 53140 870 20 49 
37 12 72 68 124 28 279 45 81 3357 670 1321 17 
273 2 35773 1775 10660 7284 302 7618 12 1217 3923 12 
81 1833 68 3509 273 45 833 184 411 2377 540 229 
9096 434 4 9676 28 12697 20977 12 
57177 10660 18443 143 2298 150 204 54337 8016 
53533 5455 1325 143 46630 14203 143 11416 317 1932 37478 
27080 143 53534 143 52709 143 10660 52893 143 53535 964 143 52708 
1050 2 397 397 57176 397 10660 1775 913 397 