Subject: 1 2 470 471 2 1 2 514 472 
98 99 9 7287 2 
41 42 195 45 
41 
41 648 12 130 38 18 8 4767 4 272 2661 45 7 8 1464 21 18436 
41 22072 144 921 2919 8763 12 235 11421 150 204 6842 45 7 8 
41 8162 28 22072 921 373 8763 2 
41 22072 144 9 2 41447 3 1708 
41 22072 144 167 2 393 143 41447 3 1708 12 
41 7 8 1003 9 1334 49 1404 19975 45 251 7 207 107 47 
41 39315 306 515 7 8 1003 49 22072 144 167 12 
41 173 46232 17386 45 7 8 1464 319 49 22072 144 9 17 
41 46233 49 22072 144 167 215 308 769 1481 17700 2 143 219 12 28 3550 953 7 1464 
41 46233 17 107 184 411 3830 164 2 
41 9 12 132 1993 34 10367 124 28 508 46234 160 4 68 2088 45 17 
41 167 12 132 7130 34 28 3540 31 46233 45 130 36606 31 9 279 244 575 112 
41 46235 12 
192 49 1404 45 9 17 167 3508 12 7 45 17 46233 45 3357 68 3540 72 195 28 411 
8448 4758 12 7 1906 256 34 7 439 150 440 83 259 48 67 28 548 31 28 
8448 109 393 143 41447 3 1708 12 90 38 13 14 2351 1000 45 347 23 
1557 8816 138 
515 7 1929 130 393 143 41447 124 2484 215 9966 219 46620 222 130 
12772 143 12675 3257 12 124 34 515 38 2173 138 
97 45 
10367 