Subject: 4318 33924 33933 33953 33929 56343 33917 143 143 4318 55848 11204 4318 33924 33933 33953 6956 36209 52873 53666 33929 52881 33942 33951 11180 33942 6776 33951 4711 33936 33937 53666 52874 138 6770 33954 54488 33938 6770 33953 7650 16549 46580 16549 46580 16549 46580 
4318 33924 33933 33953 33929 56343 33917 
5242 143 3314 12 1217 
33953 36209 6956 11312 57716 33953 4318 33924 33933 33953 6956 36209 52873 53666 33929 52881 33942 33951 4318 55848 11204 52882 10274 33943 33934 16549 14393 
33953 36209 33918 18094 11180 56241 33953 4318 33924 33933 33953 6956 36209 52873 53666 33929 52881 33942 33951 4318 55848 11204 52882 10274 33943 33934 16549 14393 
33929 52881 33942 33951 57804 33927 
1050 2 397 397 1051 12 
12 1217 
12 3519 12 2426 
11178 33916 4318 6956 33927 7303 52874 33931 33927 138 33918 18094 4318 4318 33924 15158 33933 33937 4318 33924 33933 33953 46580 6956 33924 46580 33924 33954 33929 6956 33933 33953 138 52881 53666 33948 4318 4318 16549 44500 6776 33951 33918 18094 33929 52881 33942 33951 33953 33931 4318 52882 33941 33946 33927 33937 33929 33924 33927 138 33918 18094 4318 33924 33933 33953 16549 44500 33920 33948 52882 10274 4318 33924 46580 6956 33924 46580 33924 33954 33929 6956 33933 33953 52873 33938 53666 33948 4318 4318 15157 7303 33933 33939 33927 138 33945 33952 11491 33939 4318 4318 11491 33951 33933 33937 231 143 231 52882 44500 33947 11204 33945 33940 46580 16549 
33952 7650 11178 15155 11178 33916 4318 33943 1050 2 397 397 1051 12 5242 143 3314 12 1217 
11180 52880 33951 33921 52879 33929 53666 52873 33950 33918 33917 33953 36209 33954 33917 6776 33954 52882 55511 138 33921 7296 16549 44500 33941 6927 33921 15156 11178 33918 33927 7303 46580 16549 
5242 143 3314 302 57805 12 1217 12 2989 4318 33924 33933 33953 33929 56343 33917 
5705 2405 5242 143 3314 12 1217 195 13124 5836 