Subject: 1 2 515 150 204 70 8996 138 143 19522 150 204 5566 
42 195 45 
22157 150 204 3620 109 8996 124 959 1846 21 28 1163 215 837 72 
38 450 20 23 70 13897 1313 219 1032 21 28 649 347 28 3540 31 28 
8996 12 23 68 776 28 260 31 568 347 107 1169 124 107 12899 12 
4620 9105 101 2 
41 41 
41 41 132 1743 124 2 
41 41 231 46649 46650 4 9 231 46463 231 9990 2234 
41 41 46651 9 7892 31 347 3312 70 8200 306 
41 41 38860 141 10525 347 1334 1506 12 231 215 23 28 13897 1313 45 
41 41 107 109 28 9314 1313 12 219 
41 41 220 419 195 4758 138 
11421 8939 101 2 
41 7 435 28 605 31 38404 28 7915 130 528 386 31 
41 70 8996 12 65 7 435 2097 12 534 45 1404 164 
41 10395 306 15 2107 12 
41 
41 4 2001 7 1207 34 70 8996 46652 9 
41 7781 12147 31 1920 12 143 68 124 7289 9990 45 
41 251 445 9 1384 31 8990 2585 
41 215 508 1394 1353 219 2232 12 
41 
41 28 530 386 49 14 124 34 2233 2234 
41 8217 70 1467 215 837 72 20 124 46653 219 109 3614 17 
41 874 124 9 1157 6280 49 8996 3 12 
41 13182 28 310 124 6548 49 8075 2198 45 3320 1394 107 12 
41 999 3385 35 77 56 67 411 46654 573 12 
7 7813 4758 109 3488 150 204 3620 45 17 21 2897 21 28 8334 
67 12632 45 7 482 21 1907 34 419 8 3376 34 46655 1162 
35 77 4705 125 41383 7818 306 1170 2186 12 132 776 124 
34 28 2341 2585 9314 14037 130 11014 9320 17 
1920 35 77 4646 74 3128 1162 215 2196 4705 45 222 
130 12166 219 17 1170 466 215 49 10619 12632 2912 45 
17 1703 4347 219 12 450 49 1485 670 46464 408 17 411 
9307 1473 21 2714 9648 3 125 41383 
7818 12 
259 45 28 3 2886 23 92 440 124 2 
143 2003 8969 215 17590 23 92 