Subject: 53016 124 49 8139 193 193 58179 
653 
36 53016 
28 35229 53995 49 53707 
34746 21 15 35159 12 12 12 
12 12 308 949 15 1225 12 
4 982 1032 729 1614 38 35 2974 28 109 143 1479 15603 17 4 
591 753 8 28 53995 4 952 954 12 
41 125 670 3981 21 15 35159 12 
109 143 1479 15603 49 3271 31 13356 37793 4278 12 
494 12 12 12 53146 12 12 12 12 15547 12 
419 7789 53016 13353 23 434 6237 12 
21 73 1981 2 1050 2 397 397 1051 12 58180 12 1217 397 53016 12 5051 
1389 580 53012 361 5021 3854 74 28 793 902 1200 12 204 12 6286 
68 849 35 107 77 2170 8797 130 122 130 419 1833 2 
66 430 317 9 5247 3979 12 
21 5247 6460 109 2723 2 22326 644 1200 144 302 8043 12 1217 