Subject: 824 824 824 34 150 204 28 648 902 240 143 628 7 13 21 38 193 648 1775 57466 
39384 2743 
35773 
10660 18443 143 2298 150 204 54337 8016 
53533 
5455 1325 143 46630 14203 143 11416 317 1932 37478 
52707 143 53534 143 52709 143 10660 52893 143 53535 964 143 52708 
6460 
487 369 193 
68 273 
58 205 870 74 9 1170 109 15 1484 17 58 107 205 
102 8801 12 72 28 1170 926 107 11378 34917 68 
273 45 111 212 1170 58 53140 870 20 49 37 12 
72 68 124 28 279 45 81 3357 670 1321 17 273 2 
35773 1775 10660 7284 302 7618 12 1217 
3923 12 81 1833 68 3509 273 45 833 184 411 
2377 540 229 9096 434 4 9676 28 12697 20977 12 
2032 41 361 41 39384 2743 