Subject: 36 9 431 5491 306 9 294 1058 2939 193 
369 38 35 10446 8 9 19788 
294 4104 1058 1896 
17 28 96 386 124 20 150 204 12 12 12 12 
143 1876 3471 14217 193 
143 1876 3471 10654 193 
143 1442 13388 193 
42 18794 45 
220 38 8 984 1058 45 12090 45 53493 347 184 
411 1058 1440 138 
926 20 1029 435 15 984 1058 124 16544 38 182 125 
48881 49 9 3986 1058 1059 45 11602 3921 45 347 837 9 1617 
13039 1059 138 
164 38 40266 31 28 53703 31 528 527 23 15 
1928 21 36 184 1058 23 195 138 
72 259 12 12 12 7 150 938 221 91 13825 502 514 49 38 12 
195 28 5858 45 12790 45 17 53459 38 150 938 
205 1461 18 1028 77 552 19728 193 
220 1897 9 10090 17 439 150 440 8901 499 12 72 38 150 1 9939 
5648 67 15 460 17 187 435 21 3305 9 19788 231 294 231 
1058 1896 306 4104 1058 143 7 1906 37874 38 21 12447 1457 
369 12 
20 150 204 1342 941 21 220 12 2858 13 70 273 21 2 
38 150 587 77 501 38 106 193 
130 70 416 4163 274 49 564 28 92 21 3820 12 
7 150 282 985 21 1844 38 430 109 11548 
9 1058 1059 2382 143 13388 824 193 
824 359 1058 4190 193 
824 359 1058 57672 193 
824 359 964 6059 5634 10820 823 193 
824 13388 2382 6230 49 8139 193 
38 229 65 1324 347 51 4 15 3214 49 
959 430 2 
2858 1324 2 215 57673 219 52649 143 57674 45 17067 12 57675 
347 51 2 215 24305 219 29885 143 57676 
192 49 15 92 193 
72 38 164 107 1891 4 2310 430 
17 187 435 21 77 6617 125 670 273 
110 45 81 13 70 273 21 2 
57677 1775 1535 302 57678 12 1217 
38 18 77 8808 6617 125 670 110 12 