Subject: 1 2 9 260 109 15 9792 171 358 
315 12 99 45 
46 38 49 15 817 12 
81 45 85 9 933 23 976 644 12 144 31 
12 6394 
20 124 9 40142 358 306 9 10 1334 31 215 999 219 1168 17 
769 3964 12 215 28 2080 124 
1193 219 
117 45 
39386 39387 
143 143 143 143 143 546 626 143 143 143 143 143 
125 2 98 99 470 2723 2 613 302 1243 12 320 12 350 472 
102 2 3797 45 3595 1973 45 7284 1257 2 843 207 
21 2 577 10141 
635 2 28865 9746 158 39386 39387 158 14 
627 2 9 260 109 15 9792 171 358 
42 315 12 10141 45 
7 207 1413 21 572 28 12909 12888 9707 34 38 2339 
4 15 9792 171 358 231 8944 3261 31 47557 1708 49 
8998 8800 231 21 7894 9 8998 8800 1381 109 
28 53 2298 573 12 7 207 9 657 13317 34 7 207 568 20 3811 17 7 
187 874 94 15 95 12 
124 20 6548 45 34 49 28 47558 648 279 28 9707 49 28 53 2298 573 124 2 
241 653 1876 824 215 13174 1775 9 215 648 397 144 8077 215 215 2461 143 648 219 397 644 219 397 47559 219 45 177 47559 28 140 31 5615 753 138 
515 7 482 21 4322 93 124 34 28 1172 124 371 109 28 208 
231 1994 231 937 31 28 1170 17 34 195 28 12318 2433 164 6617 
125 28 12909 110 12 7 8 65 432 151 653 0 17 21330 653 729 45 540 7 2937 124 
515 38 576 4 28 358 12 
7 1929 34 20 58 205 91 92 226 38 101 28 358 45 251 15 
95 187 77 47 48 12063 12 
96 97 45 
98 99 