Subject: 1 2 4153 
42 8448 
235 47752 150 204 628 45 7 187 435 21 2703 
28 87 49 35623 3192 109 28 549 12 
7 8 7548 9 3905 306 28 144 1453 13119 
49 28 4153 7548 74 10695 12 130 7 6384 45 443 
164 40473 45 6203 143 5129 6843 31 28 546 
13104 45 259 28 6627 1508 18 933 48 10 
1032 68 12 65 45 28 13104 5929 28 3128 
17 7267 308 549 12 7 8 4077 91 549 259 
38 35 36 70 605 251 81 3832 4 188 34 68 
124 74 195 3530 9 6264 6265 12 
81 518 2585 28 373 13119 8035 4 
188 34 990 2940 18 77 1838 4 28 4442 31 28 
4153 259 28 838 966 18 933 48 10 
215 130 122 130 28 549 124 1895 17 21 28 776 259 20 926 107 
231 48032 231 28 1453 219 12 12 12 
1050 2 397 397 48033 12 47694 12 350 397 22455 1775 12134 397 47681 1775 4153 397 
3723 
23 338 2 1064 11753 729 397 618 397 2405 141 339 45 47752 47962 101 2 
41 4425 195 45 
41 7 274 4428 1844 38 91 430 109 28 282 143 47623 4153 2 
41 670 9758 13792 58 314 7548 493 31 20 45 540 38 18 
41 450 47 1028 12 20 6458 499 3320 45 34 72 419 164 21 572 9 549 31 28 
41 2861 34 20 112 201 1464 45 419 18 8 9 609 455 4153 45 540 
41 124 531 48 17 185 531 5488 12 28 605 124 21 77 159 21 8 9 
41 644 455 4153 45 306 28 429 455 130 9 216 17 208 455 49 1320 
41 2234 12 874 45 419 87 21 8 9 549 5030 21 23 1557 1894 
41 542 1125 2861 12 
41 419 2892 45 34 1160 124 9 536 13350 4 68 2259 
41 4153 45 226 28 3509 2141 124 371 109 34 2343 45 259 20 124 
41 9713 28 2896 21 3577 195 28 1924 4 208 4153 12 20 65 959 
41 3549 49 2397 45 226 419 164 107 3559 3524 31 28 
41 48030 2234 31 670 3268 45 1012 4 236 
41 1111 45 177 45 130 20 112 1076 4 8839 45 28 4153 18 77 
41 576 12 
41 20 124 181 9 502 605 21 48031 91 47 1333 277 45 17 8163 
41 91 1462 45 1427 23 28 310 92 45 6825 9 4153 34 35 77 2666 74 9 
41 6188 6826 130 505 12 
41 212 9496 34 38 84 3832 4 188 45 124 92 2 20 187 77 
41 990 21 36 28 11404 1028 45 86 44412 125 28 156 
41 1617 18 77 13338 125 28 1535 902 31 511 395 28 5824 
41 31 997 1209 45 17 10695 45 28 9758 13792 34 124 2513 28 
41 4153 45 125 28 648 3083 21 28 248 902 31 3391 158 109 8147 31 34 45 419 84 1907 
41 28 92 539 49 2871 20 12 
41 
41 47752 
41 
41 
41 143 143 143 143 143 143 143 143 143 143 143 143 143 143 143 143 143 143 143 143 143 143 143 143 143 143 143 143 143 143 143 143 
41 47976 47962 
41 47977 143 47978 
41 2140 31 28 402 423 
41 45675 2249 
41 47979 45 267 
41 143 143 143 143 143 143 143 143 143 143 143 143 143 143 143 143 143 143 143 143 143 143 143 143 143 143 143 143 143 143 143 143 
41 