Subject: 11414 28 41499 368 848 143 639 1010 306 20258 193 56906 
8 38 211 31 13538 54033 215 20258 219 138 138 138 
13383 74 15 2745 54035 54036 45 20258 15608 56907 4 15 639 204 45 
837 959 4 15 454 204 17 638 204 45 9635 7888 4 28 56908 31 
3986 54044 143 143 833 195 411 34948 1846 21 972 962 12 
68 35 369 77 47706 193 193 193 4 35775 31 35223 3361 45 
20258 58 205 3376 21 13640 28 235 2 
824 1425 6290 19581 17 9180 53253 19692 308 
11944 193 
824 6164 37793 7895 
824 5247 53750 17 53990 
824 6203 20513 17829 17 6054 53991 1896 
824 6054 18509 45 5566 17 4215 
824 53992 20461 4097 17 13538 
824 9633 28 37458 408 
824 7207 11039 17 23552 7876 
824 6526 182 15 6290 150 204 16572 92 18573 848 143 639 
1010 4 448 524 31 8009 193 193 193 
49 959 298 430 347 21 73 8366 45 
81 1379 28 3979 1905 45 347 66 434 74 
273 347 17330 14444 31 517 12 861 499 2473 
20258 3996 35 231 11414 28 41499 368 231 
49 38 193 
1050 2 397 397 1051 12 56909 12 1217 
215 9916 219 9028 143 56910 45 17067 12 56911 
56912 302 6824 12 1217 
56913 2405 302 7618 12 1217 
215 54739 1530 12 419 164 8956 236 1163 12 219 
653 653 653 653 653 653 653 653 653 653 653 653 653 653 653 653 653 653 653 653 653 653 653 653 653 653 653 653 653 653 653 653 653 653 653 653 653 653 653 653 653 653 653 653 653 1874 6460 109 28 1905 3979 21 77 42009 
125 840 1826 12 
2723 2 28845 5816 302 56914 12 1217 138 627 653 6631 
653 653 653 653 653 653 653 653 653 653 653 653 653 653 653 653 653 653 653 653 653 653 653 653 653 653 653 653 653 653 653 653 653 653 653 653 653 653 653 653 653 653 653 653 653 8 38 211 31 13538 54033 215 20258 219 138 138 138 