Subject: 1 2 470 471 2 1170 1923 10099 472 
705 3635 46870 2760 46871 8495 684 46872 45 4999 5197 3113 
1682 46873 707 21 5090 3757 1291 746 734 5000 46874 707 21 5159 
46875 732 46876 12 5461 4487 45 4933 2294 5186 1670 8581 
5348 684 46877 
143 143 143 143 143 546 626 143 143 143 143 143 
125 2 98 99 
21 2 10709 44410 
102 2 653 151 0 653 5554 653 1773 653 1269 0 653 1269 644 653 240 248 45 636 653 1219 648 653 1269 0 653 1269 648 653 240 1257 653 4524 653 4523 653 666 653 1269 729 2405 618 2 623 653 1773 653 1773 
627 2 470 471 2 1170 1923 10099 472 
41 
125 143 606 3049 636 1254 2 2992 2 337 2405 
641 143 661 143 659 2 4120 
641 143 661 143 659 144 2 663 
626 143 619 2 
632 2 606 45 636 3049 2405 1254 2 2992 2 454 141 624 
125 2 98 99 
641 143 642 2 661 644 12 248 470 1099 472 215 6397 158 7 219 
641 143 3357 143 2234 2 1099 
647 143 30 2 648 12 0 
21 2 10709 44410 
627 2 1 2 470 471 2 1170 1923 10099 472 
2076 2 
649 143 650 2 549 397 651 158 652 653 1770 143 1771 143 248 
649 143 655 143 656 2 1812 143 1813 
43227 45 
4966 46878 3165 1298 45 3014 3654 2294 46879 704 322 2722 705 700 
46880 714 21 40950 704 705 46881 2294 2320 689 707 
42117 2310 46882 12 705 739 684 46883 714 21 46884 2310 
46885 1676 46886 12 3057 1713 4468 45065 5163 2780 
14 21 5090 3757 1291 45 6722 3074 2308 3113 44594 3713 714 
4829 1676 4511 684 46887 46888 215 732 15252 2310 46882 707 732 46889 
40729 219 12 4468 8495 684 3734 1713 1682 46890 15531 5063 5123 5005 
8252 689 40859 46891 12 1658 3652 705 40226 684 46892 711 4805 45 4468 1721 684 700 46893 45 
70 2290 684 1682 1296 1753 718 4954 3969 12 7 12 14843 12 
684 689 8286 684 16189 4814 45 4405 158 
1301 
10709 44410 101 2 
41 41 705 3635 46870 2760 46871 8495 684 46872 45 4999 5197 3113 
41 1682 46873 707 21 5090 3757 1291 746 734 5000 46874 707 21 5159 
41 46875 732 46876 12 5461 4487 45 4933 2294 5186 1670 8581 
41 5348 684 46877 
41 41 143 143 143 143 143 546 626 143 143 143 143 143 
41 125 2 98 99 
41 21 2 10709 44410 
41 102 2 653 151 0 653 5554 653 1773 653 1269 0 653 1269 644 653 240 248 45 636 653 1219 648 653 1269 0 653 1269 648 653 240 1257 653 4524 653 4523 653 666 653 1269 729 2405 618 2 623 653 1773 653 1773 41 627 2 470 471 2 1170 1923 10099 472 
41 41 41 