Subject: 4425 
4425 45 33953 36209 33945 33942 16549 46580 
33921 33921 52879 33958 11180 11312 52879 33938 53666 33948 4318 4318 33942 33947 54263 33933 33937 53666 53666 33929 7091 4318 33931 53414 57474 4318 33929 33941 14674 33933 138 15157 33917 56374 33953 33924 15158 33927 33937 16549 44500 33918 6795 33945 33942 52874 33953 54261 55905 33938 11180 33948 33933 44500 55902 53666 54489 16549 44500 33952 4318 33943 46580 4318 138 15157 54261 33920 18094 827 151 138 33922 53414 14393 33953 16549 33924 15157 4318 54261 4318 43221 11180 55867 33950 231 138 11491 53666 33929 4318 33939 52873 33927 231 648 12 0 16549 44500 33929 33942 57475 33941 4318 54261 4318 43221 33918 43221 54262 33929 33942 33929 33931 15157 33917 33941 33952 55863 53666 56102 33953 11180 57476 4318 33929 6795 36209 54261 11491 46580 6956 46580 55875 33940 53414 33932 46580 6956 11491 33950 4318 33938 46580 6956 33954 33941 54261 43221 46580 6956 4318 15155 33921 7091 46580 6956 53666 33920 54261 11491 46580 55875 54536 33927 6776 54261 11491 52874 11180 827 33933 44500 33933 33953 52873 33950 16549 138 33927 33936 53666 52874 33933 11177 33933 33937 33945 10274 33924 33953 45 15157 7303 55869 138 11491 53666 33929 16549 44500 14393 33941 33947 11312 33933 11177 54261 11491 52879 4318 55869 11491 33940 33954 54488 16549 44500 33936 33931 15157 33917 33941 33952 53666 52874 33952 4318 5150 53414 11180 57477 11180 6899 33941 36209 52874 33953 55863 53666 52879 46580 16549 6795 138 33924 15158 33927 33937 33938 6795 4318 33938 11180 33933 33945 33933 11180 55867 33950 33945 15157 7301 56052 54261 43221 57478 33950 16549 44500 53666 6956 33929 33942 3454 138 56053 827 12 0 33927 33936 33941 33952 7301 56052 54261 43221 14393 33941 4318 33921 33947 33929 6956 33944 14393 33954 46580 16549 33927 138 33938 7296 52874 33953 11180 11312 52879 33938 55575 54261 44500 33954 54488 33924 46580 33936 33931 1876 741 33927 33936 33953 33931 16549 44500 33927 33936 54261 56833 33939 4303 57479 33953 42911 33952 33943 33936 138 53666 33921 52873 7301 4318 138 33924 15158 33927 33937 454 33942 33916 46580 16549 33929 33916 54261 7301 10274 33951 33924 15158 33927 33937 33947 33939 33953 16549 52874 33953 827 151 33924 15155 33953 7303 33933 57480 33952 6795 33921 11180 45 46580 33938 138 11491 53666 33929 4318 33939 52873 33927 46580 33921 6795 33941 33929 33942 33952 11180 33947 33917 52874 33953 53666 33948 4318 4318 33920 33941 33952 138 55902 53666 54489 45 10274 33949 33952 33936 53666 56096 11180 33933 33937 33933 57480 33921 52879 33941 15156 45 33918 57481 53666 52874 33918 33924 12 11178 33938 57482 33953 4318 54261 4318 43221 11491 52878 33929 33942 33938 33945 55499 45 4318 54261 4318 43221 33927 138 33918 18094 6795 36209 54261 11491 54851 33924 15158 33927 33937 6159 53414 6795 33936 33937 45 53414 33917 33929 52874 33929 33924 33918 33942 11180 55867 33950 33953 36209 33936 33946 33927 54483 138 33921 138 55578 33943 11178 33918 6776 53414 56259 33953 4318 54261 4318 43221 11491 52878 33929 33942 45 11178 11204 10274 33941 52874 138 4318 54261 4318 43221 4318 33936 52873 33945 52874 33953 827 151 138 33922 53414 14393 33953 16549 33924 15157 45 33918 33942 11180 55867 33950 54848 33929 33924 33927 33936 33952 33943 14674 138 52874 7296 2 
46580 11177 53666 6956 33929 33942 56685 33922 45 6795 138 33924 15158 11180 33933 33945 33933 4318 33939 33927 56065 53666 54489 52873 33954 14393 33941 6776 54261 33933 6776 
46580 11177 6795 33946 4318 43221 56047 33927 4318 16549 44500 33933 6776 33924 15158 33952 33943 33936 138 11180 33933 33945 33933 11180 55867 33950 52873 33954 14393 33941 6956 33944 33941 15157 
46580 11177 6956 33945 33943 52881 648 12 0 33938 5757 33945 54488 33942 7303 11491 52878 52874 33942 52874 33947 33918 33942 11180 55867 33950 52874 33953 33941 33948 52873 53414 33938 5757 33921 52879 
46580 11177 33942 7303 11491 52878 55902 53666 54489 33940 6795 52878 52874 16549 44500 6776 54261 33933 6776 33940 33953 33941 7296 55902 11178 33941 
33929 33940 138 6770 53666 33944 52873 33944 16549 33945 56695 33936 33937 11180 10274 33942 138 33921 33927 
4318 33941 52878 14393 11180 11180 33952 6776 44307 143 57483 4318 33937 36879 57484 33943 33947 33952 11180 33941 36209 33940 15156 33924 46580 33947 7296 
6165 302 57485 12 1217 
33952 7650 11178 15155 11178 56681 33951 1050 2 397 397 1051 12 1219 143 22455 12 1217 1050 2 397 397 1051 12 57486 12 1217 