Subject: 1 2 470 471 2 1 2 514 472 
11421 8939 9 7287 2 
41 3932 28 3852 382 12 
41 2473 67 2059 144 640 4605 1085 92 138 
17115 18 2427 46233 23 28 3852 382 86 7 62 
5697 34 7 18 77 1357 12 
90 11701 1907 2051 628 16 4 28 133 110 259 34 214 90 
46618 21 28 240 143 628 2411 138 192 12 
41 11421 8939 101 2 
41 
41 41 4425 45 
41 41 
41 41 1404 603 47 502 21 14 12 
41 41 7 3196 3045 5633 19522 12 
310 49 14 12 7 435 47 48 28 46619 3027 19522 2 143 158 
7 18 10427 109 28 22072 3193 12 
10367 
143 143 143 143 143 