Subject: 8379 9 3314 138 9118 5980 138 584 21 48796 138 
419 3529 36233 1440 193 193 193 
11521 4 49470 49 16578 255 
9118 143 5980 57528 
359 18489 347 8207 17496 
195 10461 31 1058 819 
964 21 1876 3471 17877 
772 19605 49364 
393 143 5338 19886 9686 
58153 833 15198 17 52799 
392 58154 392 58155 392 12 12 12 12 12 12 12 12 12 392 58154 1 392 58156 392 
49 4148 430 81 3214 959 
430 74 6635 109 28 3979 540 1528 2 
95 9 599 1825 347 9 18794 306 769 3314 3921 571 74 
6670 68 273 21 37 193 
70 9500 5812 1129 53428 
72 38 467 21 77 6617 125 68 35156 150 204 460 8364 45 81 149 
306 28 627 231 5247 231 17 68 1237 18 8808 9834 38 
125 769 460 8364 12 