Subject: 470 46711 472 294 7925 31 46800 
653 1219 648 653 240 827 653 240 648 653 1269 0 653 240 248 653 1269 644 653 666 653 4523 653 1269 827 653 1269 729 653 5048 653 240 729 653 1269 648 653 240 827 653 1774 653 1269 644 653 240 729 653 1269 144 45 
653 151 644 653 666 653 5048 653 240 729 653 666 7925 46800 653 1773 653 240 729 653 240 729 653 5048 653 1269 827 653 1269 1257 653 1773 653 240 648 653 1269 644 653 666 653 1773 653 240 729 653 5048 653 240 729 653 1269 144 653 1269 644 653 240 1257 653 1269 144 653 1269 0 653 240 648 653 1269 648 653 240 648 653 1269 644 653 240 248 653 1269 648 653 240 248 653 1269 827 653 240 729 653 240 1257 653 1269 144 653 240 648 653 1269 0 653 666 653 1269 644 653 240 248 653 5048 653 666 653 1773 653 1774 653 240 644 653 240 648 
653 1269 644 653 666 653 1269 729 653 1219 644 653 240 248 653 1773 653 5600 653 5596 653 1269 648 653 240 1257 653 1269 644 653 666 653 1269 729 653 240 144 653 1269 648 653 240 1257 653 1269 827 653 5596 653 240 729 653 1269 644 653 240 648 653 240 1257 653 1269 827 653 1269 644 653 240 248 653 5048 653 240 644 653 240 1257 653 240 729 653 5599 653 240 617 653 1269 729 653 5048 653 1269 827 653 240 248 2 
653 151 448 653 240 1257 653 4524 653 240 1257 653 5596 653 240 648 45 
653 1219 648 12 653 3815 653 666 653 5048 653 666 653 1773 653 666 653 1269 144 
8592 653 1219 648 12 653 1219 729 
68 626 112 2475 74 28 231 46711 143 8448 231 110 12 
21 13 9 626 21 28 110 389 45 273 46711 143 8448 302 1243 12 320 12 350 12 
445 110 389 35 13 461 21 411 389 1461 28 110 12 
49 7657 347 1440 45 273 46711 143 8448 143 5338 302 1243 12 320 12 350 12 