Subject: 1 2 2483 11018 
28 48019 2405 2229 317 341 47754 34 227 198 
4 267 9 224 31 1910 2663 6016 48010 150 204 1932 
2229 40080 231 440 143 9817 231 12 8064 31 28 40080 1022 109 
20595 34 8036 37 21 6825 1157 17 566 9131 
74 2087 1370 1342 1462 12 20 187 77 513 21 10877 28 
2095 20595 341 306 28 47636 17 282 143 47623 21 6825 
1932 48020 177 28 88 34533 568 7813 
2233 37881 12 3198 23 9 6482 143 964 30 31 282 143 47623 12 12 12 158 219 
3723 
23 1255 2 847 33725 623 397 336 397 2405 141 4122 45 40 48021 101 2 
41 
41 3084 9 4275 2585 282 143 47623 341 17 231 2231 
41 48008 231 12 12 12 12 
41 
41 2095 20595 
41 
41 1960 109 70 231 2231 48008 231 1086 2141 3795 21 
41 18096 1157 45 2168 45 17 1826 921 28 20595 38 48009 45 
41 3896 143 371 48010 124 12576 9 6608 42043 34 231 48011 38 
41 1544 21 1853 12 20 48012 573 109 15 48013 12 20 14462 9 
41 3039 650 31 5113 17 34959 28 21129 31 28 5113 21 1917 38 
41 7836 347 3792 38 3192 12 28 4656 139 4278 4 28 48008 
41 33311 28 573 74 240 143 628 21 15 28842 9827 45 540 9661 28 
41 2385 109 15 865 74 28 92 38 150 938 1838 15 48014 45 231 970 
41 1599 1600 1095 37277 45 2032 31 28 424 2937 143 48015 12 48016 45 35915 
41 48017 45 17 48018 164 91 31 28 3570 2441 17 
41 14025 125 28 1086 12 215 39612 397 1194 9365 21278 514 333 334 
41 2405 219 
41 
41 