Subject: 19522 2141 
653 3815 653 5599 653 1269 648 653 240 1257 653 240 729 653 151 0 653 240 648 653 4524 653 240 1257 653 666 653 5599 653 1269 648 653 240 648 45 
653 151 0 653 1095 653 1269 648 653 240 648 653 1269 644 653 666 653 1773 653 1095 653 5048 653 1269 729 653 1773 653 1774 653 1269 827 653 240 648 653 1269 144 653 1269 827 653 1269 248 653 240 729 653 1269 644 653 240 1257 653 5596 653 1774 653 1773 653 240 729 653 1269 644 653 666 653 1269 0 653 1269 648 653 5600 653 240 827 653 1269 648 653 240 648 653 1773 653 1773 653 240 648 19522 653 240 648 653 1269 0 653 5600 653 1269 644 653 666 653 5048 653 5596 12 653 3815 653 240 648 653 1269 827 653 5596 653 240 648 653 240 144 653 5554 653 4524 653 240 248 45 653 240 729 653 1269 0 653 240 729 653 240 1257 653 240 644 653 1095 
653 240 248 653 240 644 653 240 1257 653 240 648 653 1269 248 653 240 729 653 4523 653 1269 648 653 240 1257 653 1269 827 653 240 248 653 240 617 653 240 729 653 1773 653 1774 653 1269 644 653 1269 1257 653 5048 653 240 729 653 1269 0 653 240 1257 653 240 644 653 666 653 1269 644 653 666 653 5599 653 1773 653 240 729 653 5048 653 1269 1257 653 5048 653 5554 653 1269 648 653 240 827 653 1269 1257 653 5048 653 240 729 653 4523 653 5048 653 240 648 653 240 1257 653 1269 827 653 1269 644 653 240 1257 653 1269 144 653 240 648 653 1269 648 653 1773 653 666 653 240 644 653 240 1257 653 5600 653 1269 644 653 240 248 653 1269 644 653 5554 653 1269 144 653 1773 653 666 653 1269 729 12 653 3815 653 240 648 653 1269 644 150 
653 240 648 653 1269 648 653 1269 248 653 1774 653 1269 144 653 240 729 653 4523 653 1773 653 240 648 653 1269 827 653 1269 644 653 240 729 653 240 617 653 240 729 653 1269 644 653 240 1257 653 5596 653 666 653 4523 45 653 240 648 653 4524 653 4524 653 1774 653 240 617 653 240 648 653 1095 653 240 617 653 240 729 653 4524 653 240 648 653 5048 653 240 648 653 240 729 653 4523 653 1269 248 653 240 648 653 1773 653 240 729 653 1773 653 4523 653 240 648 653 1269 644 653 240 248 653 4524 653 240 729 653 1269 448 653 1269 1257 653 5048 653 240 1257 653 5596 653 1095 653 240 729 653 1269 0 653 240 648 653 1269 448 653 1095 653 240 827 653 240 1257 653 240 648 
653 4524 653 4523 653 240 827 653 240 729 653 1269 144 653 1269 0 653 240 729 653 1269 648 653 240 1257 653 1269 827 653 1269 827 653 5600 653 1269 644 653 240 729 653 1269 648 653 240 729 653 1269 144 653 4524 653 240 729 653 1269 0 653 1269 644 653 666 653 1773 653 5554 653 1269 648 653 240 729 653 240 1257 653 240 729 653 1269 144 12 653 151 644 653 666 653 240 617 653 5554 653 1773 653 240 648 653 1773 653 240 648 653 1269 144 653 1269 448 653 240 648 653 4523 653 5048 653 240 729 653 1269 644 653 240 648 653 240 1257 653 240 1257 653 240 644 653 240 1257 653 240 648 653 4523 653 1269 644 653 240 729 653 1269 648 653 240 648 653 240 729 653 5048 653 240 644 653 240 1257 653 240 648 653 1269 448 653 5554 653 1269 648 653 666 653 5048 
653 5596 653 240 648 653 240 1257 653 240 729 653 1774 653 5048 653 1269 729 653 1269 0 653 1774 653 1269 648 653 1269 248 653 240 729 653 240 1257 653 240 248 653 240 644 653 1269 729 653 5048 653 240 648 653 1269 644 653 5600 653 1269 644 653 240 248 653 1269 644 653 240 648 653 240 648 653 1269 0 653 5600 653 1774 653 1269 0 653 666 653 1269 617 653 240 248 1118 653 4523 653 1269 827 653 1269 1257 653 1269 144 653 5048 653 240 648 653 1773 653 1269 0 653 666 653 1269 648 653 666 653 5599 653 1269 827 653 240 648 653 1773 653 240 729 653 5048 653 240 648 
653 1269 827 653 1269 729 653 5048 653 240 729 653 240 1257 653 1269 827 653 1269 448 653 5554 653 1269 648 653 666 653 1269 729 653 1773 653 240 729 12 
653 151 0 653 240 729 653 1269 648 653 240 1257 653 1773 653 5554 653 5048 653 1269 1257 653 1269 644 653 240 248 653 4524 653 5554 653 1269 448 653 1269 1257 653 5048 653 5600 653 1269 827 653 240 648 653 1269 144 45 
41 653 1219 827 653 240 1257 653 5598 653 1269 648 653 240 827 653 666 653 1269 144 653 3815 653 240 648 653 1269 648 653 240 648 653 5048 653 1269 644 653 5598 653 5048 653 240 248 653 1269 144 
41 1762 45 8189 
41 42747 
41 653 151 0 653 240 648 653 1269 0 653 240 648 653 5048 653 240 1257 653 5596 653 666 653 4524 653 1095 638 45 46444 653 151 248 653 240 648 653 4524 653 1774 653 5048 653 240 644 653 1269 648 653 240 1257 
41 653 639 
41 653 1269 644 653 240 248 653 4524 2 44307 787 147 21678 45 51 2 44307 787 952 31729 45 653 5596 653 240 1257 653 5048 2 46445 843 1064 8843 
41 273 2 46446 302 42713 12 3519 
41 1050 2 397 397 1051 12 42713 12 3519 
41 653 639 
41 653 639 
41 653 639 
515 84 419 220 138 
35 38 66 1456 138 
214 124 125 28 320 3390 
143 143 143 143 143 546 626 143 143 143 143 143 
125 2 98 99 470 2723 2 613 302 1243 12 320 12 350 472 
102 2 1037 45 247 636 45 7284 448 2 638 640 
21 2 42706 302 42713 12 3519 
635 2 14 
627 2 19522 2141 
653 151 248 653 1269 648 653 1095 653 1269 827 653 1269 644 653 666 653 240 827 653 240 729 653 240 1257 653 240 648 653 1269 827 653 666 653 1269 729 45 
653 151 827 653 666 653 1269 729 653 240 827 653 1269 648 653 1774 653 1269 448 653 1269 1257 653 1269 827 653 1269 248 653 240 729 653 1269 644 653 240 1257 653 5596 653 1774 653 1773 653 240 729 653 1773 653 4523 653 240 648 653 1269 0 653 1269 648 653 5600 653 1269 644 653 240 648 653 1269 827 653 240 248 653 240 827 653 240 1257 653 240 648 46271 215 460 17 8986 1127 219 45 
653 1269 827 653 1269 644 653 240 248 653 5048 653 666 653 1269 0 653 666 653 4523 653 240 648 653 1773 653 240 648 653 1269 144 653 1269 0 653 1269 648 653 666 653 1269 827 653 5596 653 1774 653 4524 653 240 729 653 1269 827 653 240 648 653 5048 653 5048 653 240 648 653 1269 827 653 1269 729 653 1773 653 1773 653 240 729 653 1269 644 653 1774 653 1269 827 653 1269 248 653 666 653 1269 729 653 1773 653 240 729 12 653 151 644 653 666 653 240 617 653 5554 653 1773 653 240 648 653 240 729 653 4523 653 5048 653 240 648 653 240 1257 3 
8969 12 653 639 
653 1219 729 653 1269 0 653 240 1257 653 1269 827 653 1269 729 653 5048 653 1774 653 1269 0 653 1269 644 653 1269 1257 653 1269 0 653 240 1257 653 666 653 5596 653 1774 653 1269 644 653 1269 1257 653 5596 653 240 648 653 240 1257 653 1269 827 653 5599 653 5048 653 1269 644 653 666 653 1773 653 240 248 653 1269 0 653 240 729 653 1269 648 653 240 1257 653 240 827 653 1269 648 653 240 648 653 1269 448 653 1095 12 
653 151 617 653 1774 653 1269 248 653 5048 653 666 653 1269 729 653 1773 653 240 729 653 240 827 653 240 1257 653 240 648 231 462 31 372 231 45 653 1269 644 653 240 648 653 666 653 1269 0 653 666 653 4523 653 240 648 653 5048 653 240 648 653 240 729 653 1269 0 653 240 1257 653 1269 827 653 1269 729 653 5048 653 1774 653 1269 617 653 666 653 1269 729 653 1773 653 240 729 653 1269 827 653 1269 644 653 240 248 653 5048 
653 1269 0 653 1269 648 653 5600 653 1269 644 653 240 648 653 1269 827 653 240 248 653 240 827 653 240 1257 653 240 648 653 5048 653 240 648 653 240 644 653 240 729 653 4523 653 2536 653 666 653 1269 729 653 1773 653 240 729 653 5600 653 1269 644 653 240 1257 653 240 648 653 2536 653 4523 653 240 448 653 240 729 653 240 1257 653 5048 653 240 648 653 1269 248 653 1269 648 653 240 248 653 1773 653 240 648 653 1269 644 653 666 653 240 644 653 666 653 1269 644 653 240 248 653 240 617 653 240 729 653 4523 12 653 639 
653 1219 648 653 5048 653 1269 827 653 240 648 653 1269 144 653 240 729 653 5048 653 240 644 653 240 1257 653 240 648 653 1269 448 653 5554 653 1269 648 653 240 729 653 240 1257 653 1269 644 653 666 653 240 617 653 5554 653 1773 653 240 648 45 653 240 617 653 240 648 653 1773 653 1269 0 653 666 653 1269 648 653 666 653 5599 653 1269 827 653 240 729 653 1269 144 653 5048 653 240 648 653 1773 653 666 653 1269 729 653 1269 827 653 1269 644 653 240 729 653 4523 653 4524 653 240 729 653 240 1257 653 1269 144 653 5554 653 5048 653 240 648 653 1269 827 653 5599 653 5048 653 1269 644 653 666 653 1773 653 666 653 240 827 653 1269 648 653 1774 653 1773 653 1773 653 240 648 
653 5600 653 1269 0 653 666 653 1269 729 653 5048 653 240 648 653 240 729 653 1269 0 653 240 1257 653 1269 827 653 240 248 653 1773 653 240 648 653 4523 653 5048 653 240 729 653 240 1257 653 1269 144 653 5600 653 1269 644 653 240 1257 2 
653 240 648 12 653 240 144 653 1269 648 653 4523 653 1269 827 653 5596 653 240 729 653 1269 644 653 240 729 653 1269 644 653 666 653 5554 653 1269 648 653 240 827 653 666 653 240 1257 653 240 644 653 240 1257 653 240 648 653 4523 653 1269 644 653 240 729 653 1269 648 653 240 648 653 240 729 653 5048 653 240 644 653 240 1257 653 240 648 653 1269 448 653 5554 653 1269 648 653 666 653 5048 653 5596 653 240 648 653 240 1257 653 1269 248 653 1269 648 653 1095 653 1269 827 653 240 1257 653 1773 653 666 
653 240 144 12 653 1269 0 653 1269 648 653 666 653 1269 644 653 240 729 653 4523 653 5048 653 240 729 653 1269 644 653 240 729 653 1269 644 653 240 248 653 1269 248 653 1269 648 653 240 248 653 1773 653 240 648 653 1269 644 653 666 653 240 644 653 5600 653 1269 644 653 240 248 653 1269 827 653 240 248 653 1269 644 653 666 653 1269 729 
653 240 827 12 653 240 617 653 240 648 653 1269 827 653 240 648 653 1269 144 653 240 729 653 5048 653 240 644 653 240 1257 653 5554 653 1269 448 653 240 729 653 1269 648 653 240 729 653 240 248 653 1269 827 653 1269 729 653 1773 653 1773 653 240 729 653 1269 644 653 666 653 1269 248 653 1095 653 1269 827 653 1269 644 653 666 755 1829 653 1269 644 653 666 653 1269 729 653 5554 653 1269 648 653 240 827 653 666 653 1269 729 12 
21 51 653 1773 653 240 648 653 1269 144 653 240 729 653 4523 653 5048 653 240 648 653 240 1257 1242 12 
653 1219 617 653 240 648 653 1269 0 653 1269 648 653 5554 653 1269 0 653 240 729 653 240 1257 653 1269 644 653 240 248 653 5048 653 1774 653 4524 653 4524 653 240 248 653 240 144 653 240 644 653 666 653 1773 653 1774 653 240 644 653 240 648 653 5048 653 240 648 653 1269 827 653 1269 644 653 240 729 653 4523 653 4524 653 1269 1257 653 5600 653 4524 653 240 648 653 1269 644 653 240 648 653 240 827 653 1269 648 653 1774 653 1773 653 1773 653 240 648 653 1269 644 653 240 648 653 1269 0 653 666 653 1269 729 653 240 617 653 240 648 653 1773 653 240 648 653 240 448 653 5554 653 1269 617 653 1269 1257 12 
653 1219 729 653 1269 729 653 1269 248 653 5554 653 1269 144 45 
653 1219 827 653 240 1257 653 5598 653 1269 648 653 240 827 653 666 653 1269 144 
19522 2 3 8969 
143 143 143 143 143 143 143 143 143 143 143 143 143 143 143 143 143 143 143 143 143 143 143 143 143 
8969 9683 28 3254 31 28 4372 2298 12 26 3612 653 639 
1146 4 1225 1504 17 2175 2585 9976 17 653 639 
385 12 28 2691 31 8969 45 534 45 9696 9 41446 
21 28 46385 31 28 4372 2298 12 28 2487 31 28 4372 2298 653 639 
17 542 1127 6225 109 28 2156 17 45529 1136 31 
8969 45 653 639 
1427 8996 1238 124 1449 9 489 19373 45 3792 45 17 5488 
1238 368 12 
28 1120 31 19522 124 21 481 8996 1136 45529 17 3260 306 
28 653 639 
95 31 1329 3 1337 12 28 1436 31 19522 124 21 1131 28 653 639 
1188 4564 1403 49 28 762 143 4073 1036 31 
8996 653 639 
3 1337 12 68 1432 294 1337 49 8996 3 45 653 639 
28 11018 31 430 7970 17 430 1145 653 639 
1127 45 251 65 28 1136 31 9 294 3 1518 4 
73 653 639 
21 93 1121 8969 4 28 4372 2298 21 769 1446 2483 12 19522 18 1131 1337 4 73 21 6633 28 10092 
35906 653 639 
10463 964 259 2342 4 3 8969 2 
648 12 19522 18 3565 8996 3 1021 4 9 13862 185 12 20 18 1131 9 4216 1518 21 1947 28 8996 
1238 653 639 
368 17867 74 1329 3 12 653 639 
144 12 19522 18 1131 294 1362 49 28 3 31 41447 215 240 12 913 12 
11602 653 639 
46333 918 219 17 393 143 41447 8447 215 240 12 913 12 11602 46386 36561 219 125 653 639 
8298 573 215 298 549 219 17 215 10264 143 219 2484 573 12 
827 12 19522 18 1131 70 1172 1988 4 73 21 77 159 21 
7843 653 639 
3 1362 12 
644 12 19522 18 8435 28 294 1337 4 373 279 3361 12 208 
279 653 639 
244 124 8996 3 49 240 143 340 215 36192 219 45 28 411 124 49 1162 1153 215 46387 1153 219 12 