Subject: 1 2 1642 150 1082 2898 
41 192 49 28 4553 149 12 
41 106 38 8 9 933 23 28 7363 2898 138 124 3212 673 138 
41 90 38 81 13 14 28 3507 5705 486 138 
41 
41 98 
41 
7 8 102 38 28 51 31 28 5705 486 12 7 207 3344 369 28 
2898 12 72 38 220 107 487 2423 125 14 4 28 997 224 31 2660 45 20 
3530 34 20 124 673 12 
96 
2959 
1775 397 1775 397 1775 397 1775 1232 2959 2552 1095 2507 
397 1775 397 1775 397 1775 1232 7364 143 1610 1611 1086 245 
1775 397 1775 397 1775 1775 1775 1232 2508 143 7365 424 1086 7366 
1775 397 1775 397 1775 1775 1775 1775 1232 7367 7368 7369 1095 7370 
397 1775 397 1775 1232 7371 7372 45 2509 
3296 2 141 1795 143 1819 143 1859 1512 1250 51 2 141 1795 143 1819 143 1859 3876 7107 
2507 302 7364 12 2508 12 5363 1050 2 397 397 1051 12 7364 12 2508 12 5363 397 763 2507 
