Subject: 1 2 105 39249 
1230 45 
192 49 15 626 12 118 49 28 523 4 132 5826 12 419 164 
47 48 1891 4 15 548 12 419 18 77 148 23 15 451 45 21 
36 959 4201 921 15 1086 12 23 68 92 45 534 45 419 62 
8066 921 9 959 9990 3984 12 1383 45 419 164 274 7923 
9 1333 2144 49 9 434 10656 3301 45 7 12 240 12 45 1413 21 1526 
1337 45 1366 45 1086 17 399 1536 45 17 1086 13024 
1846 21 105 39249 45 17 28 4245 31 28 1021 12 1319 
28 2144 124 370 45 20 229 77 34 28 3301 18 482 21 
7894 2259 1366 347 8066 921 411 1043 45 251 23 68 
92 419 220 107 83 28 3301 150 204 17853 17 62 93 19871 21 
184 959 9990 3984 12 
419 9733 6567 28 430 38 8 1866 17 184 4148 
430 34 38 3196 1211 45 17 15 1543 12 
96 97 45 
18715 
1230 1220 101 2 
41 
41 42 8432 45 
41 
41 20 112 47 530 21 914 34 38 164 1196 9 2144 109 
41 231 105 39249 231 12 515 38 4268 306 68 6196 45 419 
41 4784 3088 130 9 827 143 4098 368 215 7697 7698 
41 826 17 4649 45 105 12452 45 4321 143 13113 
41 105 12452 219 12 195 754 1477 1543 434 47 48 17 
41 419 10880 1086 4 68 2088 4 1315 241 317 151 1959 12 
41 81 861 1905 1893 1836 31 91 1277 1959 
41 4 540 670 1239 124 3869 12 38 35 6456 508 31 670 451 
41 125 28 1239 150 204 2298 2404 
41 1050 2 397 397 1051 12 1243 12 320 12 350 397 2478 397 219 12 
41 
41 130 38 35 450 125 28 2141 1836 45 419 2142 
41 4 28 1136 31 1315 13033 384 49 
41 7697 7698 826 17 4649 215 1012 
41 49 674 219 47566 109 28 7696 31 443 384 921 
41 294 9327 2167 1329 3 1337 12 
41 419 65 2180 306 3251 4 218 8067 21 1131 
41 13025 17 4321 143 13113 384 49 7697 7698 826 
41 17 4649 12 
41 
41 3932 105 12452 45 68 124 9 1845 419 2023 4 28 760 
41 31 28 13033 3454 408 2030 4 28 674 2141 46711 12 
41 28 4561 514 5703 34 199 576 4 68 2141 45 13226 
41 2587 31 28 310 2072 1003 4 1315 218 1438 12 
41 34 150 204 953 419 9714 28 572 31 105 12452 1337 1404 
41 23 70 38258 143 2743 130 505 130 23 70 8037 143 2743 1313 12 
41 534 45 419 4602 150 440 1987 306 753 177 70 1103 
41 5911 31 9 674 105 215 347 15225 37308 219 
41 347 9 10054 112 576 12 
41 
41 68 124 70 421 34 419 164 1383 2952 4 28 1085 
41 1114 1113 2141 42700 215 670 1239 124 28 2141 
41 3553 219 34 1339 448 524 2663 215 450 1893 1334 1905 219 12 
41 208 31 28 9667 2210 31 42700 124 515 419 1324 
41 231 4321 143 13113 105 12452 231 12 130 419 3047 4 28 2141 150 204 
41 1333 42735 2 
41 231 42700 18 3989 3548 109 105 12452 45 9 1420 143 2088 31 
41 774 143 6311 4079 34 3030 445 71 
41 2707 31 70 7698 150 204 105 215 240 12 913 12 231 1966 2744 2405 231 45 
41 231 53 2744 231 45 231 2744 2405 231 219 12 12 12 12 12 
41 1315 4321 143 13113 2109 18 77 1482 2098 
41 34 10953 45 1141 12507 143 3524 5911 
41 2097 45 1985 774 143 8104 6 45 2089 5213 
41 12452 45 17 532 4342 143 1402 12739 12 12 12 12 231 
41 419 164 1383 2952 28 572 31 9 4342 8996 215 28 429 
41 4342 31 42700 124 8135 8366 1836 219 49 4321 143 13113 
41 105 12452 12 68 8996 3513 9 2194 2714 1334 
41 215 28 2234 143 374 5531 219 45 17 2116 218 11410 
41 12773 215 28 11561 45 347 2234 143 9601 47567 219 45 
41 208 49 1320 2234 45 568 9139 130 28 47568 2234 12 
41 
41 4 1943 45 28 2144 109 1443 231 105 39249 231 1957 
41 434 47 48 17 419 187 77 1011 21 2180 109 34 12 534 45 20 
41 124 4636 28 2933 430 34 419 87 21 2349 17 28 
41 486 34 670 2186 90 85 12 419 187 77 47 1891 
41 4 9 9990 2186 45 240 12 913 12 1461 70 241 317 151 2141 12 28 1085 
41 1114 124 65 4 10090 31 1959 2103 3307 125 
41 28 8706 17 28 434 12 
41 
41 7 207 148 19 21 42036 4148 430 125 38 
41 17 925 34 419 18 5237 21 432 964 9 468 2186 12 
41 
41 96 97 
41 1230 1220 
41 
41 824 824 824 824 824 824 824 824 824 824 824 824 824 824 824 824 824 824 824 824 824 824 824 824 824 824 824 824 824 824 824 824 824 824 824 824 824 824 824 824 824 824 824 824 824 824 824 824 824 824 824 824 824 824 824 824 824 824 824 824 824 824 824 824 824 824 824 824 824 
41 3454 143 1846 241 317 151 1959 
41 143 143 143 143 143 143 143 143 143 143 143 143 143 143 143 143 143 143 143 143 143 143 143 143 143 143 143 143 143 143 143 143 143 143 143 143 143 143 143 143 143 143 143 143 
41 11204 42700 231 4321 143 13113 1711 1164 38605 4280 231 215 450 
41 1050 2 397 397 1051 12 1243 12 320 12 350 397 2478 397 42700 397 219 12815 
41 399 143 20616 341 49 240 143 38605 8366 4280 12 
41 42700 1491 21 10055 21 384 159 21 368 449 1003 
41 4 1315 1924 215 38835 45 674 45 1103 45 11690 45 17 1106 219 45 
41 17 12682 21 294 8366 4786 407 10264 143 5788 1366 12 
41 42700 18 11550 2234 341 17 1329 3 
41 1337 49 430 7970 45 17 1170 3028 1337 
41 49 7625 430 1379 12 215 1260 143 2405 143 47569 45 109 143 985 219 12 
41 
41 11204 41975 231 362 430 7970 341 231 12815 
41 341 49 47570 430 7970 384 
41 21 294 9327 45 2167 1329 3 1337 
41 215 47571 774 143 7554 268 143 1090 45 109 143 985 219 12 
41 
41 11204 42512 231 362 7697 143 7698 863 341 231 12815 
41 9 7697 7698 863 408 49 11690 45 674 17 1103 
41 34 18 77 2164 12682 21 294 9327 215 47571 
41 774 143 7554 268 143 284 45 109 143 985 219 12 
41 
41 11204 44725 231 674 430 7970 231 2030 28 429 7697 
41 7698 41621 49 28 674 2234 215 47571 774 143 7554 
41 268 143 590 45 370 219 12 
41 
41 11204 17053 231 7970 31 649 2 1086 23 4241 3264 231 
41 215 1050 2 397 397 1051 12 4685 12 13299 12 853 12 590 397 1086 397 47572 397 17053 397 11012 12 1056 219 
41 2030 430 7970 12265 4 754 1924 2 
41 1106 45 11690 17 1103 12 9667 1508 199 3531 
41 4 28 1527 31 2234 1706 45 1162 1706 
41 17 1170 3028 215 11898 5621 143 47573 45 370 219 12 
41 
41 11204 46711 231 2743 8800 45 430 7970 17 573 143 1365 
41 2033 21 4561 514 231 215 1050 2 397 397 1051 12 1243 12 320 12 350 397 2478 397 46711 397 219 
41 14461 430 8800 45 430 7970 45 573 1365 
41 17 1170 3028 1127 45 4 73 21 41997 674 
41 4561 514 3864 45 9123 125 37 28 508 2340 
41 9903 215 7697 8292 17 363 143 1402 8447 219 45 
41 2329 28 7863 2578 306 3263 143 3264 573 
41 17 1125 34 430 2182 21 28 1369 150 1957 
41 215 47574 143 415 45 370 219 12 
41 
41 11204 47575 231 5788 928 31 7697 143 7698 863 
41 9315 49 674 231 2030 6138 928 1337 49 
41 34991 7697 143 8292 12 1362 125 373 1527 31 1329 3 
41 199 2174 17 6391 2 6138 1703 17 237 1504 12 
41 28 12615 1172 112 506 109 754 762 
41 674 10574 215 47574 143 415 45 370 219 12 
41 
41 231 47576 45 8432 231 101 2 
41 41 
41 41 507 42905 
41 41 1230 1220 
41 41 5580 47577 2 
41 41 
41 41 419 164 3524 34 38 17 15 3251 8 506 9 7972 441 31 
41 41 1086 17 1470 1136 4 597 10226 17 45 4133 45 7697 
41 41 7698 7970 12 419 150 151 435 21 3214 15 5926 109 9 1382 419 164 
41 41 7923 49 9 11033 10656 1203 2 9 341 2144 109 
41 41 1443 105 39249 215 65 1992 130 7697 7698 863 45 105 
41 41 863 45 347 182 143 5911 219 12 68 1382 3552 28 
41 41 39249 31 2901 45 3995 45 17 184 411 2587 130 505 130 
41 41 769 261 47578 45 13609 13256 17 397 347 12597 12 
41 41 
41 41 86 28 2018 1348 218 3614 21 459 21 28 310 1845 45 82 434 
41 41 4268 515 419 2173 74 105 39249 12 1315 305 384 9301 
41 41 4 28 423 215 240 12 913 12 11956 45 11955 45 6260 45 674 219 12 49 591 31 443 45 
41 41 5911 2102 164 1357 21 2427 492 47579 
41 41 2234 306 6258 10933 12 49 184 78 305 408 45 161 229 77 
41 41 11966 12440 31 222 5911 2102 12 670 1021 124 208 
41 41 31 4371 6382 7567 125 28 573 2434 4 222 47580 
41 41 5911 2102 12 3310 45 419 164 1891 4 34991 
41 41 28 47581 31 443 6382 7567 179 1315 31 28 47582 45 
41 41 3510 31 37 45 43928 45 17 397 347 411 3614 4 9 2743 347 3864 459 
41 41 21 28 310 7698 347 1524 31 8292 12 4 28 35191 279 45 28 
41 41 2886 21 28 7697 7698 42940 17 13298 187 77 70 1103 
41 41 5911 347 10054 31 3864 233 8298 573 
41 41 306 10933 31 12324 305 384 12 
41 41 
41 41 419 164 1413 21 10 1929 28 1148 17 261 1438 31 
41 41 9460 28 1440 45 540 1366 17 411 4427 164 1357 21 
41 41 9096 4 105 39249 45 17 540 3570 17 8225 164 
41 41 3869 4 68 2088 215 213 150 204 312 515 219 45 17 184 4148 6312 17 
41 41 6842 38 3196 3359 12 72 38 8 1366 4 68 2088 34 38 8 
41 41 2030 1897 347 35 8100 1337 17 4427 45 419 187 
41 41 9733 94 15 3793 12 192 17 419 933 19 21 4024 
41 41 125 38 12 
41 41 
41 41 96 97 45 
41 41 
41 41 8432 47576 
41 41 18715 47583 
41 41 10326 4207 
41 
41 143 143 
41 141 653 653 653 653 653 653 653 653 653 653 653 653 653 653 653 653 653 653 653 653 653 653 653 653 653 653 653 653 653 653 653 653 653 653 653 653 653 653 653 653 653 653 653 653 653 653 653 653 653 653 653 653 653 653 653 653 653 653 653 653 653 653 141 
41 1232 315 12 1230 1220 1068 12 2 141 454 143 648 143 1233 1232 
41 1232 1234 141 454 143 648 143 1235 215 1236 219 1232 
41 1232 1237 17 1162 1238 1239 12 1232 
41 1232 1240 12 31 316 317 318 1232 
41 1232 1241 12 1219 12 204 12 241 12 231 320 231 1232 
41 1232 327 325 326 51 2 141 454 143 648 143 1242 1232 
41 1232 268 240 143 628 2 1230 302 1243 12 320 12 350 1232 
41 141 653 653 653 653 653 653 653 653 653 653 653 653 653 653 653 653 653 653 653 653 653 653 653 653 653 653 653 653 653 653 653 653 653 653 653 653 653 653 653 653 653 653 653 653 653 653 653 653 653 653 653 653 653 653 653 653 653 653 653 653 653 653 141 
143 143 
315 12 18715 47583 28 10326 4207 
2723 2 47584 302 10326 12 2426 2231 430 1153 397 11018 
3296 2 2679 143 31135 143 47585 47586 47587 3845 45 282 397 204 781 19738 
51 2 2679 143 31135 143 47588 47589 45 2676 47590 143 47591 45 391 