Subject: 1 2 1642 32 
42 98 45 
192 49 68 430 12 164 419 985 21 128 9 39 31 28 
32 125 553 138 
96 
2959 
41 42 22 45 
41 
41 419 187 435 21 1983 38 31 28 6466 31 28 6199 3326 7537 45 
41 371 109 28 6191 34 419 2191 17 281 45 121 28 75 31 1642 150 1082 12 
41 7 207 2888 28 361 449 45 6358 17 5681 31 6642 4 6394 1519 12 
41 
41 38 35 65 861 959 430 67 28 3326 4 28 235 
41 2588 2 
41 1050 2 397 397 3979 12 553 12 1095 397 3979 397 504 397 155 397 7654 397 7655 397 440 7537 12 5051 
41 1050 2 397 397 3979 12 553 143 3170 12 1217 397 3979 397 504 397 155 397 7654 397 7655 397 440 7537 12 5051 
41 72 38 215 347 15 7656 219 8 9 4221 21 6199 38 35 861 28 
41 6191 31 28 32 23 28 414 2588 12 
41 
41 419 8 65 205 307 34 28 412 8 9 4162 31 2992 12 827 3471 109 28 
41 3326 150 204 110 80 45 540 124 4231 353 12 1529 12 
41 
41 3312 56 34 45 419 8 205 78 9 532 140 31 433 45 298 
41 31 299 45 
41 540 419 5631 21 2979 21 28 412 12 23 1557 208 365 31 
41 1320 2898 18 128 9 39 31 28 3326 12 
41 
41 96 97 45 
41 
41 98 99 
41 
41 
41 2859 4088 2 7357 2 7537 7680 12 6394 215 6394 397 7359 219 215 7681 151 4300 219 
41 2859 4088 2 7357 2 7537 7682 12 6394 215 6394 397 7359 219 215 7681 151 791 219 
41 2859 4088 2 7357 2 7537 7683 12 6394 215 6394 397 7359 219 215 7681 151 280 219 
143 143 
1775 397 1775 397 1775 397 1775 1232 2959 2552 1095 2507 
397 1775 397 1775 397 1775 1232 7364 143 1610 1611 1086 245 
1775 397 1775 397 1775 1775 1775 1232 2508 143 7365 424 1086 7366 
1775 397 1775 397 1775 1775 1775 1775 1232 7367 7368 7369 1095 7370 
397 1775 397 1775 1232 7371 7372 45 2509 
3296 2 141 1795 143 1819 143 1859 1512 1250 51 2 141 1795 143 1819 143 1859 3876 7107 
2507 302 7364 12 2508 12 5363 1050 2 397 397 1051 12 7364 12 2508 12 5363 397 763 2507 
