Subject: 52442 367 109 3506 680 12 
125 2 315 35945 143 57319 
240 143 628 2 57320 144 741 302 6744 12 1217 
51 397 139 2 
36323 2 1219 12 240 12 322 397 282 12 151 
52442 367 109 3506 680 12 
42 859 45 
306 9279 1543 17 4 57321 33450 45 7 207 36678 15 13002 5926 17 774 143 7554 130 21 11001 434 9732 964 70 1129 306 132 12816 130 9 966 31 28 19865 31 208 31 670 8753 215 10944 219 12 38 84 107 77 3800 130 21 2473 7 221 15 66 45 38 199 10407 7745 21 14 306 28 2892 34 38 164 3171 45 7195 45 57322 17 9675 12 
8077 7 207 315 35945 143 57323 28 2384 52442 367 1173 109 492 3506 680 17 37540 
8077 419 548 2894 4 2894 306 28 36080 756 109 492 3506 680 12 670 13244 124 21 7812 34 195 492 16947 164 484 769 3506 13174 4 137 92 
8077 68 977 38669 45 9 834 31 454 16947 8 205 57324 49 680 45 49 429 38669 31 68 1209 215 7284 219 12 251 430 13406 68 157 13387 34 208 1364 28 3051 58 205 7824 20322 12 2051 105 124 2847 12 57325 143 57326 125 20377 158 214 112 1364 28 1785 255 
8077 34 12629 4 28 977 57327 5486 946 13695 19809 12910 45 540 4238 109 28 512 902 31 1839 2405 12 59 214 6389 28 34913 31 2051 3506 
511 264 902 335 12 251 226 2051 19865 12538 58 3078 19 21 1022 9 1445 21 2051 3506 3599 540 124 67 392 872 667 12 729 282 215 36577 3968 9881 3968 13963 9911 1200 12 204 12 7804 219 
8077 109 1276 19897 17 6382 2695 20 112 8095 34 214 4602 150 440 12847 184 3506 12 161 112 3514 2585 1456 17 91 8147 36080 49167 12 137 21 28 1002 31 68 1166 214 4602 150 440 4292 184 10944 215 997 31 43317 219 17 65 28 36080 49167 199 57328 45 28 4747 3832 16064 4 132 157 3506 680 17 37540 2939 540 8 205 4156 49 680 12 34 124 953 7 87 15 13002 5926 21 37243 28 655 31 28 3506 441 12 
8077 306 132 2439 17 28 5926 31 91 31 132 3251 3869 195 38477 8 205 1022 4 198 21 39115 195 28 829 3864 17 1125 15 425 130 28 57329 143 57330 10944 31 68 3599 4 130 48 130 38 3820 1370 1809 954 31 581 31 68 2340 626 12 28 1002 31 15 425 150 204 1166 124 274 515 419 1207 49 9 1349 17 57331 143 298 825 45 829 8813 21 7812 9 4998 143 298 825 17 41719 58 205 1838 12 
8077 81 1128 28 235 21 7812 13002 17321 31 68 825 2 
8077 9 12 15 3852 17 51 140 12 
8077 167 12 28 105 17 1446 16 31 15 425 12 
8077 1219 12 2974 17428 31 28 400 61 177 38 467 28 4747 21 77 57332 12 
8077 68 84 1833 28 61 140 28 400 16 45 3852 17 51 2589 31 28 400 12 
8077 8721 57333 15 1543 74 2733 407 132 2901 240 143 628 16 414 12 132 15547 139 17 51 140 18 77 14054 21 38 109 15 473 21 548 306 14 12 6125 581 31 15 678 149 419 2222 2223 109 2 
8077 215 648 219 456 839 49 8189 
8077 215 144 219 4561 659 130 21 52519 15 2690 12 
8077 6125 2047 31 68 825 7 8 3919 21 1844 38 646 3471 31 28 834 13174 45 1250 3471 18 77 576 130 70 4173 4 15 425 130 3798 74 14 17 132 3251 729 3471 58 205 12523 499 49 184 1856 16907 12 81 86 31 28 255 3869 419 187 435 38 21 3832 68 825 5054 15547 12 
7 1916 15 3793 4 92 215 1370 1809 954 219 130 92 124 4 990 989 4 68 825 12 
96 97 12 
315 35945 57319 12 
36 15 298 7625 240 143 628 23 1050 2 397 397 1051 12 6744 12 1217 