Subject: 1 2 2914 13609 4427 215 9 1828 219 
4425 47843 45 
7 93 4080 21 9081 28 538 539 49 674 45 259 130 21 3522 130 
591 47908 125 28 1103 6138 130 261 45 251 4 591 753 
68 112 107 11863 12 545 45 4 28 674 3996 31 47674 45 28 
7915 45 12507 17 6138 6215 164 107 28 445 6215 34 2586 
2234 143 9601 430 12 91 31 28 6215 34 8 65 205 
6841 164 28 235 2 
648 219 4270 397 14483 397 2177 143 9525 12 12897 2 
143 5213 12597 215 240 12 913 12 231 130 314 1076 231 219 
144 219 4270 397 47832 397 481 143 455 12 12897 
827 219 4270 397 14483 397 16952 143 47832 12 12897 2 
143 47909 215 4 674 161 164 359 47910 143 12591 44558 219 
143 1326 31 105 215 28 6382 2587 164 47911 45 274 435 28 2194 
7567 45 259 419 8 21 1410 28 1457 486 31 28 105 219 12 
644 219 4270 397 47832 397 3949 12 12897 215 177 28 9525 31 19 
3949 124 3579 219 
729 219 4427 397 597 397 14949 397 12095 143 1325 12 18429 17 
4270 397 47912 397 18462 143 6580 12 12897 2 
143 4148 3796 576 4 28 2107 31 9323 215 17 9600 4 
28 2107 31 28 4278 231 18462 143 6580 231 219 12 49 3521 45 419 87 9 12533 
52 231 12991 143 35146 231 215 999 21 231 35146 231 251 49 12991 8292 219 
86 674 124 107 9 2233 35146 2234 17 28 12991 7567 164 
107 3559 47913 215 7 2937 68 124 65 28 279 49 7365 17 11690 45 
983 150 440 20 138 219 12 
448 219 4427 397 597 397 21909 397 16952 143 3556 12 18429 2 
143 2001 31 28 6552 231 36271 143 16952 231 45 9 218 650 31 16952 143 4696 576 4 
674 6545 215 4077 4 28 16952 143 47832 130 505 219 12 
248 219 4270 397 14483 397 2177 143 9525 12 12897 
143 4 28 12772 9525 2018 45 419 87 21 83 28 2696 31 28 
12700 12 259 45 419 777 21 1907 28 231 2696 231 9496 4 28 2107 31 28 
12772 9525 12 
132 260 124 2 124 161 215 347 90 77 12269 219 184 12942 49 2513 
443 3605 215 240 12 913 12 3312 91 47861 49 1320 2234 130 4 
6138 219 138 
192 
47857 