Subject: 37 46 1258 950 7 538 56 5773 60 
139 2 1338 5774 1243 1277 40 4593 19 20 139 1499 1121 17 286 24 139 440 226 
926 34 231 40 313 19 1594 139 402 25 519 5228 522 1202 24 
1313 19 139 34 35 149 40 505 55 5 1374 2059 387 24 
404 684 
5736 5737 
479 479 479 479 479 479 479 479 479 479 479 479 479 479 479 479 479 479 479 479 231 5738 479 479 479 479 479 479 479 479 479 479 479 479 479 479 479 479 479 479 479 479 
54 46 1258 950 7 538 56 5773 60 
2050 46 761 24 674 24 762 
61 46 767 7 2104 7 3377 2282 46 274 
925 5736 19 
139 151 644 17 2945 6 20 3193 5107 354 15 5707 2603 24 139 244 245 40 313 133 15 1874 14 17 1113 22 1258 91 
12 541 5550 230 4490 71 15 2126 3023 383 56 2999 339 60 24 313 
2202 17 5775 40 4593 19 568 139 406 35 5156 31 313 518 1863 5776 2059 5777 14 17 107 84 460 84 397 24 
15 1258 12 5475 15 1885 14 1216 40 379 15 
1511 20 3386 14 217 4739 1645 1677 55 15 43 217 24 139 244 
1488 40 1863 313 409 5778 880 20 31 313 402 25 5560 547 
17 1202 19 390 518 1640 24 
15 1258 1354 5779 45 15 5470 1668 1258 19 5780 28 5781 14 5470 5298 19 22 5288 3802 14 278 14 5615 20 15 
1133 852 14 5554 24 5470 12 22 5782 2179 4282 5783 
20 22 564 14 2240 55 5470 12 437 1645 19 5468 28 15 
3259 20 5746 123 55 15 43 24 129 12 585 5784 
5785 3610 14 1645 2240 3028 5470 71 5786 14 15 1049 24 
5 1258 5748 40 611 71 4132 1292 215 22 43 1387 5787 
230 5 2240 20 537 3655 3891 24 2003 1292 215 22 
314 5788 55 5470 24 24 40 4258 5 15 1258 415 40 1823 22 
2592 230 1514 15 41 2972 5789 14 2240 20 15 
1232 466 56 5790 15 29 60 20 22 2592 230 15 
5791 14 15 2240 3370 24 5 303 13 1515 35 84 
3853 84 397 19 5774 40 5792 249 15 5793 1612 24 
71 589 2891 3025 15 1258 518 35 5794 905 71 2191 5795 46 
344 60 2143 14 294 
7 7 5796 630 1336 45 2732 5541 5797 1382 
3286 20 5798 22 1089 
7 7 2767 1626 107 55 15 2240 56 102 24 103 24 1387 55 
2769 5799 19 333 5800 19 5801 5802 19 99 24 60 
349 60 5583 15 1276 294 
7 7 4904 14 294 
7 7 5803 14 294 
352 60 324 22 3601 29 
7 7 351 5803 40 15 1089 
7 7 5798 5804 5194 56 1245 19 1508 1250 7 5805 19 99 24 60 7 7 2418 467 5040 56 379 230 3655 5803 14 
5806 5377 19 99 24 60 
7 7 5702 2605 20 5807 1387 3768 5808 230 
1466 71 507 1781 56 55 22 5580 1387 1465 
5809 60 
15 5542 12 590 3148 71 3777 14 1336 4408 56 63 7 892 
1626 4991 60 20 55 15 374 1460 129 34 35 950 7 538 
627 1009 24 14 5615 20 522 2182 24 139 130 2080 31 313 406 35 
1189 71 5810 5 84 22 648 4445 19 2975 71 15 
1624 5811 24 100 19 390 5534 91 15 5812 4496 80 22 600 551 5813 
38 15 5775 14 22 1827 20 139 130 2080 31 7 462 17 5717 
2152 7 313 518 602 409 1827 91 406 35 1189 71 
5730 5812 14 83 22 1258 19 1757 5670 38 374 
2176 24 390 437 151 292 45 3071 5541 5814 
38 15 1668 14 458 4282 5815 40 1505 13 354 559 84 
5816 20 2491 3030 568 91 141 34 35 450 40 1990 
20 5817 15 472 5226 40 1626 4689 24 
139 406 938 17 5818 20 139 2 763 35 5265 40 530 630 880 24 
31 313 402 390 328 5392 5 422 15 2482 1303 1468 40 383 682 
354 273 552 7 344 7 5819 24 
404 684 19 
827 
828 762 19 
829 830 19 
840 7 835 836 
837 19 838 