Subject: 3330 46 4302 5336 317 5337 19 5338 5339 19 2742 273 2246 
409 1555 4071 46 
295 46 187 187 267 24 5340 24 1583 187 2259 187 2259 2270 24 298 
295 46 187 187 267 24 5340 24 1583 187 2259 187 2259 2620 24 298 
1192 1192 1192 1192 1192 1192 1192 
54 46 494 3473 7 5341 7 4913 5342 497 259 19 1639 2487 5343 38 
5344 5345 4365 317 5346 24 
45 46 217 5347 217 
61 46 62 19 274 5348 4390 337 46 658 46 983 273 5058 
925 316 19 
226 370 12 5347 24 139 2 1338 22 3403 14 5344 5349 1747 
56 5350 60 24 15 5344 195 14 317 5346 5351 
630 5352 24 15 4782 34 1936 15 5078 
5353 1175 40 1276 1336 4983 29 20 5354 
14 317 5355 24 568 390 80 1277 5356 20 5357 
2487 5343 24 259 927 522 5269 24 490 12 2238 
5269 3619 24 20 313 413 125 630 203 133 522 
5269 55 15 1468 317 2603 
295 46 187 187 267 24 5358 24 87 24 4349 187 1770 
1610 313 24 
71 5343 5347 
1639 2487 5343 38 5344 5345 4365 317 
5346 24 
303 1193 19 15 5344 4303 14 203 833 1609 
56 5359 60 14 15 4331 5360 7 5361 4782 255 40 407 15 5344 
1609 4473 2757 24 15 2757 2461 22 589 5362 
1276 1336 4983 29 5363 24 568 19 1322 5344 
5349 2519 5364 5365 15 5071 20 2672 19 347 
541 915 19 15 5366 1175 40 15 1336 4983 29 
464 32 45 15 2757 24 
220 19 5 1193 19 15 5359 5367 157 5368 5369 40 22 1336 
4983 29 608 15 5078 5353 14 15 2757 20 
931 91 25 406 35 4125 127 45 3491 344 1656 24 71 1694 40 
22 1336 4983 29 5363 19 5 5078 5353 100 
415 589 5370 4448 1943 317 5371 675 24 230 
1295 19 245 5372 164 55 1276 2631 1547 19 
200 1322 5372 164 40 869 1162 56 215 15 5359 
1162 60 19 20 1057 1913 7 5373 56 2776 84 19 217 2656 217 7 3454 14 250 60 
99 24 568 19 1279 3491 344 1656 19 1443 317 5371 34 35 675 24 
5344 5349 2519 19 76 15 217 5374 1352 
690 5365 203 20 1609 5346 217 56 5375 60 
151 5376 617 5365 15 2757 422 15 303 550 1909 19 
83 84 5372 5377 19 869 135 5371 71 5378 
14 15 5359 19 2192 3398 19 20 55 187 1794 7 878 5379 
3398 99 24 503 19 15 4782 415 5380 936 
1050 2 96 5381 24 
390 1812 1212 2487 5349 2519 19 76 
5382 56 1174 7 4782 3593 60 19 5383 56 5384 5013 
2519 60 99 24 40 927 522 2487 5343 5269 24 20 259 
146 5343 164 40 928 56 5385 51 267 24 5386 24 1442 19 
5347 51 5347 24 5386 24 1442 60 24 
347 3491 344 1656 19 2743 14 5344 5349 2519 80 
5387 4482 19 83 84 15 194 46 
344 24 317 2603 5388 
150 46 45 2999 3327 40 3491 344 19 230 133 5389 2411 500 46 723 
5388 34 35 55 22 564 14 43 2246 904 46 5390 34 530 22 
2892 5391 43 106 24 221 4641 2519 34 1286 22 
2892 43 106 20 1709 25 568 25 253 150 1050 208 
666 15 723 24 5 2892 43 106 34 4960 5372 
164 5365 5 2472 20 289 2088 40 2631 1547 
240 1050 413 5392 25 24 
349 24 146 317 5372 164 40 5393 3206 5360 56 5344 
4782 60 19 15 5359 19 20 5344 203 1609 
5394 2155 28 102 7 18 
1192 5393 3206 5360 
184 2631 1530 29 286 46 4757 51 5395 24 1463 24 4349 
1192 5344 4303 14 203 833 1609 
2631 1530 29 46 
5396 479 344 286 46 4757 51 5359 24 1463 24 4349 
1192 15 203 20 1609 5394 2155 
184 2631 1530 102 7 18 46 4757 51 5397 24 87 24 4349 
352 24 146 1794 7 878 5372 164 28 2390 87 280 24 
1192 5393 3206 5360 
7 1149 46 273 4341 7 5398 7 5399 
1192 5344 4303 14 203 833 1609 
7 1094 3478 46 273 4341 349 5400 59 7 260 5401 46 273 4341 349 5400 5402 
1192 15 203 20 1609 5394 2155 
7 1149 46 273 4341 7 349 7 5403 7 5404 7 280 46 273 4341 7 349 7 5403 7 5405 
4483 7 7 4385 4484 2 96 4485 20 648 884 885 
313 569 4486 5 6 1290 31 313 289 5 1362 24 
40 3409 19 2362 295 46 187 187 267 24 4489 24 53 187 880 187 3409 24 298 
5 6 12 2830 354 295 46 187 187 267 24 4489 24 53 187 
