Subject: 37 46 1002 1162 
313 413 400 1163 45 1164 24 53 40 1165 1166 24 500 612 312 
313 433 71 15 1002 1162 239 
1167 
7 7 7 7 7 443 6 7 7 7 7 7 
45 46 22 884 885 230 886 133 264 887 2 96 288 197 
888 648 24 494 262 46 197 7 292 51 288 24 264 24 53 497 55 889 14 313 
1168 1169 
445 46 1170 19 331 1171 19 59 336 46 1172 244 
40 46 197 7 292 51 288 24 264 24 53 
54 46 1002 1162 
193 46 
1173 5 12 1174 7 1175 24 503 139 402 1176 
71 5 690 1173 625 24 
139 643 40 234 409 1002 1162 1177 237 12 
159 71 15 1162 24 25 328 35 1178 215 314 
1179 1180 24 166 413 1181 234 15 1182 
1180 56 1002 1183 45 15 1162 60 1184 25 
34 151 409 897 40 288 24 
488 
313 1168 
312 313 314 219 239 
315 40 17 316 317 38 314 219 318 24 
295 46 187 187 319 24 314 24 53 
40 285 19 146 286 40 287 51 288 24 264 24 53 20 289 71 15 290 
14 15 6 217 291 197 7 292 217 24 
293 46 295 46 187 187 293 24 288 24 264 24 53 187 293 187 197 7 292 24 298 
294 46 295 46 187 187 288 24 264 24 53 187 320 187 197 187 321 7 294 24 298 
287 260 46 295 46 187 187 267 24 296 24 53 187 297 187 166 187 166 24 298 
40 285 19 146 286 40 287 51 288 24 264 24 53 20 289 71 15 290 
14 15 6 217 291 197 7 292 217 24 
293 46 295 46 187 187 293 24 288 24 264 24 53 187 293 187 197 7 292 24 298 
294 46 295 46 187 187 288 24 264 24 53 187 320 187 197 187 321 7 294 24 298 
287 260 46 295 46 187 187 267 24 296 24 53 187 297 187 166 187 166 24 298 