Subject: 37 46 1645 1646 
55 1760 19 4499 274 19 3377 354 64 46 345 46 2064 340 273 3293 19 839 51 840 24 836 24 689 191 46 
192 2451 219 
192 211 767 
192 139 440 5452 593 15 1374 415 21 1314 2771 221 17 5453 
192 2637 587 1869 22 1701 14 206 19 139 1515 1564 5 12 1306 
192 1550 24 
139 665 40 5454 38 5455 1446 1926 245 45 333 40 333 46 7 60 
192 211 767 
192 139 406 215 40 2763 40 17 3367 22 1036 886 139 151 1209 
192 38 5456 5457 19 4404 7 480 14 5014 5458 19 3983 230 15 1645 
192 4549 472 24 72 415 416 71 837 230 22 869 7 2549 5459 155 
192 5144 15 550 1921 20 500 141 80 1279 24 
192 211 767 
192 72 5460 5461 91 2455 15 3385 2 1645 1646 2 19 
192 15 1624 383 12 21 133 5462 2240 19 220 3229 133 
192 1646 14 437 1645 1336 24 5 1646 2346 550 
192 5463 46 4787 1216 56 102 24 103 24 3111 648 91 34 
192 5434 230 5464 7 5465 60 20 30 1216 91 34 584 
192 5466 1480 14 2904 237 34 5467 40 1301 
192 1646 14 15 5468 1336 24 
192 211 767 
192 5 1637 409 5469 230 15 5470 1258 40 1931 40 15 1624 383 
192 100 19 56 1443 14 15 2240 12 5468 139 1247 60 138 500 869 
192 2001 28 2 5466 2 12 5471 24 
5 12 589 650 19 5126 24 139 151 416 5472 38 15 1839 
91 15 2126 383 230 217 467 40 24 24 217 34 35 71 15 1193 59 19 568 31 
390 80 1762 40 1879 22 1374 354 2999 339 19 390 406 35 5473 
38 3688 22 1193 24 84 5 5474 230 5475 71 5 5476 2 96 383 
230 217 1645 1646 24 24 24 217 19 390 413 5454 22 1856 600 630 24 
192 211 767 
192 1715 682 1402 100 91 72 2596 91 15 3580 12 5477 56 138 21 
192 2615 25 60 5125 237 854 15 1354 20 413 3070 55 
192 15 5478 14 15 1258 230 22 1095 383 24 
139 151 3274 133 5 19 20 80 5279 40 400 15 1317 24 
192 211 767 
192 587 2643 15 1805 19 25 12 14 581 618 593 40 313 40 5479 15 1585 
192 14 15 1258 20 1706 1929 237 383 25 3405 24 139 406 35 5265 
192 40 260 71 432 405 313 125 2185 24 
1610 313 589 571 219 
211 763 334 5480 