Subject: 3330 46 1276 4350 115 4351 40 4013 7 4352 4353 132 
25 679 40 682 91 22 4354 431 12 4355 45 5 886 46 21 221 
3260 71 477 585 4356 24 4357 24 4358 24 4359 24 1192 4360 80 1488 40 35 
500 313 92 566 24 409 34 35 886 14 1078 19 409 34 35 
217 259 132 19 217 409 34 35 4361 4013 7 4362 4363 19 409 34 35 
15 4360 4364 4365 149 19 409 34 35 4366 19 409 34 35 
4367 19 99 24 
1285 409 14 15 1805 886 12 3127 28 15 208 4368 19 
568 4369 91 585 2754 4360 12 4370 38 675 2240 
4371 551 571 24 15 4372 19 230 1716 19 406 2971 4373 
91 221 886 71 4356 24 4374 24 4375 12 4376 19 150 249 22 
4377 14 164 56 4378 60 4379 4008 1492 24 
31 3351 80 1488 40 35 71 15 2030 14 4380 1551 45 4352 7 7 22 
4381 2497 1313 7 7 141 569 84 590 3766 1266 6 4382 14 
4383 4384 2240 24 
7 4385 
1192 1192 1192 1192 1192 1192 1192 1192 1192 1192 
45 46 217 3956 4386 217 
40 46 
54 46 37 46 4013 7 4353 690 2 96 1505 55 4387 4352 4388 71 157 4389 
61 46 2063 19 2348 1618 4390 339 46 2104 46 1982 7 67 
6 7 657 46 
2272 7 1462 46 344 24 0 
1336 7 369 46 11 187 4391 213 
3699 211 217 928 7 3657 217 
1336 7 1990 7 3623 46 491 600 
2687 7 4392 46 352 56 4393 60 
2687 7 4394 7 4392 46 4393 
4385 46 
4395 415 19 1594 3250 19 4396 522 3403 3351 14 15 4397 4398 28 
15 4399 7 4353 7 3117 3715 19 2975 45 4400 553 
312 21 625 15 1492 20 80 917 230 22 1822 19 4401 4402 24 
5 542 253 40 2454 15 4403 545 28 15 2727 4404 4405 71 
2762 24 4406 2889 40 4407 317 250 4408 55 2383 14 
4399 4353 56 71 1642 1702 19 25 130 230 4409 55 22 4410 1078 14 4353 
4411 4412 4413 150 3108 130 337 24 24 24 84 31 313 518 165 557 4142 45 
15 1045 87 1292 60 24 
15 4414 130 40 4415 15 4416 608 22 3717 20 4417 40 2642 22 
3029 343 31 72 1235 21 4418 4419 40 22 4420 24 71 15 3029 
343 19 72 406 35 4421 22 4422 20 556 1129 187 3158 4423 24 
15 419 2192 4424 406 35 3474 31 15 4416 1102 585 4425 20 
4426 40 4427 15 1601 24 1279 221 19 141 2643 19 25 130 1499 22 
4420 24 24 24 1323 14 215 22 1998 4428 24 15 4429 4416 1579 2 3 
4430 178 4431 91 72 2 763 35 22 625 4432 4433 230 15 
1775 14 556 3158 24 24 24 
40 522 116 19 2191 83 4434 4435 464 939 347 390 464 450 
40 4436 15 154 38 15 4437 24 
2598 91 3351 1286 1797 4438 7 7 313 1 2 3 151 40 563 432 
333 87 3650 917 230 15 23 4439 7 7 390 4301 15 4440 
14 4441 4442 14 15 834 2757 14 2762 19 237 1132 46 
56 344 60 4443 14 3612 87 4444 7 184 4445 87 166 
14 585 4446 269 250 3948 35 4447 84 15 
3612 87 4444 14 432 203 584 28 641 
203 1336 4445 24 
15 4448 130 1204 915 28 15 2969 71 585 3802 40 4449 
15 4450 14 3351 28 4451 7 4452 4400 20 4453 24 
55 15 458 2983 19 390 2 37 184 4454 14 4455 4353 19 20 151 4456 3351 40 
100 400 15 217 1210 4457 217 4448 14 4441 4442 40 4458 467 40 
83 
3715 24 390 151 100 4459 4396 91 585 4387 91 4460 40 
4461 15 4462 3715 7 7 2975 1279 141 151 416 4463 
14 15 1336 14 15 4360 28 15 4464 7 7 518 35 3474 4465 
1291 65 4466 4441 4467 56 22 60 56 349 60 24 420 19 15 4468 4469 249 4470 
905 22 4471 4472 4448 14 15 3451 4473 2757 19 21 15 
872 1492 24 390 1 2 3 165 522 3403 3351 91 141 413 2 3 4461 432 
1095 3715 56 91 12 22 121 1573 4387 1438 40 1286 71 
4474 
38 4009 4475 60 19 220 390 312 165 206 40 35 4476 31 141 312 568 40 
4477 91 
121 71 4469 24 
390 2 37 4478 40 934 91 15 2729 4479 14 522 4387 1728 151 3081 
40 4458 467 40 3715 91 4461 87 4480 4399 4481 24 
390 80 1234 40 125 91 15 157 4389 542 34 545 22 4403 91 518 
1845 641 3448 14 4013 7 4387 4009 4482 24 
684 19 
3956 4386 
928 1276 1056 115 
4483 7 7 4385 4484 2 96 4485 20 648 884 885 
313 569 4486 5 6 1290 31 25 4487 4488 24 
40 3409 19 2362 295 46 187 187 267 24 4489 24 53 187 880 187 3409 24 298 
5 6 12 2830 354 295 46 187 187 267 24 4489 24 53 187 
