Subject: 37 46 3898 40 1514 2111 2352 
2594 46 
15 2035 313 464 1367 14 92 151 416 2343 239 
295 46 187 187 1188 24 1584 24 1583 187 2343 187 1952 24 298 
25 241 1188 40 2111 3899 84 13 14 25 2 96 3900 24 
881 
3901 883 
295 46 187 187 267 24 882 24 53 
192 7 7 7 7 7 443 6 7 7 7 7 7 
192 45 46 22 884 885 230 886 133 264 887 2 96 288 197 
192 888 648 24 494 262 46 197 7 292 51 288 24 264 24 53 497 55 889 14 2594 
192 2595 
192 445 46 330 19 569 2282 19 59 344 46 1561 340 
192 40 46 197 7 292 51 288 24 264 24 53 
192 54 46 37 46 3898 40 1514 2111 2352 
192 
192 
192 192 192 192 217 3902 19 3903 217 2282 7 569 7 335 63 46 2064 46 658 340 192 192 192 
192 
192 192 413 470 165 682 15 404 405 40 1165 22 2111 
192 192 45 22 197 24 
192 
192 139 2 1338 3310 1240 129 80 1188 56 137 46 2220 60 124 230 329 5 24 24 24 
192 
192 220 1594 313 1 2 3 1564 500 313 643 40 1165 45 19 87 71 500 
192 405 25 2 96 1371 40 35 3904 24 
192 
192 934 100 91 139 2003 91 313 413 1165 22 2111 71 22 197 71 
192 15 419 405 313 406 1165 22 2111 576 612 24 24 24 313 518 477 
192 312 25 38 2653 878 124 28 1525 206 38 2660 24 
192 
192 
192 
192 2594 2595 
192 
192 479 479 479 479 479 479 479 479 479 479 479 479 479 479 479 479 479 479 479 479 479 479 479 479 479 479 479 479 479 479 479 479 479 479 479 479 479 479 479 479 479 479 479 479 479 479 479 479 479 479 479 479 479 479 479 479 479 479 479 479 479 479 479 479 479 479 
192 479 479 479 479 479 479 479 479 479 
192 40 285 19 146 286 40 287 51 288 24 264 24 53 20 289 
192 71 15 290 
192 14 15 6 217 291 197 7 292 217 24 
192 
192 293 46 295 46 187 187 293 24 288 24 264 24 53 187 293 187 197 7 292 24 298 
192 294 46 295 46 187 187 288 24 264 24 53 187 320 187 197 187 321 7 294 24 298 
192 287 260 46 295 46 187 187 267 24 296 24 53 187 297 187 166 187 166 24 298 
40 285 19 146 286 40 287 51 288 24 264 24 53 20 289 71 15 290 
14 15 6 217 291 197 7 292 217 24 
293 46 295 46 187 187 293 24 288 24 264 24 53 187 293 187 197 7 292 24 298 
294 46 295 46 187 187 288 24 264 24 53 187 320 187 197 187 321 7 294 24 298 
287 260 46 295 46 187 187 267 24 296 24 53 187 297 187 166 187 166 24 298 