Subject: 644 5 219 219 
500 151 313 225 38 17 12790 239 
84 22 3403 14 522 394 19 313 413 8731 22 
892 7 5783 88 20 3269 230 18692 55 15 14037 
660 1299 45 85 24 
1286 17 19169 24 24 24 24 24 24 17 7676 219 219 219 219 219 
1920 578 19 2742 273 208 1193 88 
1192 8731 1920 59 7 1920 9739 10145 7 7 4735 547 344 7 364 2133 219 
1192 6473 1413 110 13406 6852 
1192 184 3779 
1192 505 45 85 19 184 920 19 87 3427 
1192 575 378 5277 20 379 
1192 21 16401 19 578 2687 630 15604 
1192 19170 14037 3269 1056 
15 1443 16967 13 14 522 2030 12 91 
221 226 1613 383 682 219 219 
5 12 21 22 16425 219 1500 19171 249 
383 15 573 490 230 630 203 
129 12 184 14067 219 
2308 8138 14097 1468 6 219 
344 7 380 7 12278 7 19172 9316 19173 