Subject: 37 46 3401 71 837 
55 4110 19 447 4495 4390 19 761 24 674 24 762 191 46 
192 192 500 133 62 364 24 364 7 62 3290 24 364 239 
192 
192 152 303 219 409 1210 3029 219 14 581 19 541 3231 20 221 19 390 151 184 
192 4496 84 595 230 15 4497 333 19 568 1277 390 151 219 139 244 22 600 4498 19 84 
192 313 2202 4499 24 364 7 4499 24 3290 20 4497 4500 12 15 337 403 19 87 21 239 
192 639 313 1209 71 653 15 2181 3848 230 4497 4499 24 336 7 4499 24 275 19 220 
192 7 4501 7 390 80 21 221 4502 71 5 1049 19 568 390 312 21 234 4503 
192 1237 46 7 60 
1633 3066 24 25 1209 40 35 1382 4497 19 15 2360 4504 45 
4505 38 4506 4507 56 4508 4509 108 135 4510 631 4511 60 
347 4497 130 364 24 364 19 184 123 4504 178 1279 4497 24 
679 22 564 14 1050 45 4505 215 40 2362 837 230 4497 46 7 60 
192 33 46 312 313 402 313 406 215 40 151 22 967 71 15 
192 208 1892 1702 902 354 836 239 25 1950 213 3 234 313 432 3650 19 220 25 34 
192 4512 409 3655 950 7 538 56 4513 1258 19 4513 1468 4514 60 24 
192 313 413 602 22 1892 3123 20 139 2 1278 165 313 237 34 4515 15 
192 4516 56 102 24 103 24 217 2687 7 4517 1032 46 4518 1645 1246 217 406 35 22 
192 1501 219 60 
1173 24 139 3639 25 406 35 1210 230 3655 950 7 538 24 
139 34 402 133 25 24 
192 1901 112 219 313 1102 15 4519 2126 4520 4521 56 21 91 129 130 498 
192 3766 19 519 24 24 60 139 2948 313 406 643 40 563 364 403 7 491 403 71 
192 837 2791 127 4522 20 15 215 24 491 403 20 334 403 12 22 4216 
192 237 2001 390 413 1463 230 22 561 4523 24 
488 230 15 4524 219 917 392 40 125 313 558 213 7 60 
15 208 1702 390 406 215 40 125 837 19 4525 19 20 15 215 24 
22 561 4523 40 22 3231 4526 406 100 35 2329 24 
192 303 330 130 226 
192 2132 2 96 4527 4528 4529 38 22 4530 7 396 7 4531 20 22 
192 4532 157 4533 4534 4535 4536 344 24 892 568 313 1950 2 3 4537 71 22 
192 4538 7 4539 4540 4541 432 630 24 414 127 46 
192 
192 295 46 187 187 4542 24 2425 24 1982 24 1171 187 4536 187 298 187 1952 24 2610 
4543 24 2329 4544 46 7 60 
220 1 2 3 2202 25 40 226 2132 7 7 3108 406 215 682 40 4545 22 4544 213 7 60 
192 12 129 409 4546 91 17 2132 4547 4548 40 4549 87 4550 239 
184 19 3108 12 4551 19 20 1176 228 15 4551 4552 1614 91 4553 19 
4554 19 87 1522 38 1120 149 4555 2248 15 4556 24 
590 19 3108 2 96 22 600 4557 133 4558 4559 4548 40 4560 24 
192 1715 682 625 14 3026 4496 19 
902 12 522 4504 4319 46 
66 4499 4561 906 4562 4563 24 4564 56 4565 60 
4566 4567 24 4568 
3290 4499 4569 906 4570 4563 24 4568 56 4565 60 
4571 4567 24 4564 
139 1 2 3 215 15 2059 4572 333 55 3401 3290 403 19 
220 221 15 4573 4504 464 4521 178 3401 1171 403 24 
917 392 40 125 313 19 
2225 