Subject: 37 46 5482 1374 56 5546 60 
55 62 19 569 2104 19 3377 354 66 46 335 46 2286 340 273 2065 19 761 24 674 24 762 191 46 
192 1234 19 139 244 587 409 5547 504 19 31 313 399 644 19 18 682 149 24 
184 614 19 20 1610 313 230 15 489 219 
15 3012 38 522 1114 5548 5549 589 590 19 568 25 1761 215 
5 12 1488 40 505 127 19 1279 221 219 
139 2 1278 35 149 71 22 1892 1702 38 585 1888 3176 230 221 15 
5542 3403 19 71 237 390 34 1265 230 217 1529 217 40 1463 55 5279 
45 1573 14 206 19 20 1265 230 217 1529 217 40 1603 22 885 14 5550 
1728 24 390 34 100 1863 409 630 2238 14 15 1258 24 
139 125 91 139 34 151 22 1306 5551 930 178 2999 339 19 568 139 151 
40 4319 599 71 1210 333 24 12 25 397 91 226 1233 40 837 
518 35 5552 71 133 550 2133 19 1382 569 275 239 
15 1354 14 22 217 5553 3012 217 12 1210 19 220 390 80 21 450 40 2473 313 
221 40 5554 19 20 139 244 1270 91 409 14 15 5541 1 2 3 
151 15 1874 40 2473 230 22 5555 40 5554 354 83 561 
1362 24 869 5556 12 40 151 15 3012 55 217 4901 3003 217 71 
2982 3286 24 397 5557 80 2999 352 7 364 7 139 34 35 71 961 15 
2991 1279 91 24 
1277 25 2 96 3688 1185 71 5554 19 551 219 
211 763 334 5480 