Subject: 1267 2473 230 641 4985 24 
1468 1587 18910 6038 
312 313 215 40 125 1856 2957 18911 5219 239 
312 313 2804 4545 87 17516 1587 6038 239 
80 313 18912 40 1463 40 15 4985 603 40 234 206 239 
406 313 215 40 125 15 18913 20 18914 5219 71 15 1049 234 16549 20 17389 1499 230 313 239 
31 313 3359 1529 40 432 14 15 1805 375 
20 406 215 630 203 55 904 40 234 
1468 1587 18910 6038 
423 350 15 630 880 1330 490 24 
31 313 406 215 40 35 7604 45 3655 8719 259 350 490 24 
31 56 10802 
230 56 4202 139 211 344 213 139 