Subject: 1384 3650 55 17 2482 10494 
139 440 313 1 2 3 169 40 22 180 18924 884 313 5 19 220 139 140 
5 40 35 585 943 551 1210 40 35 2838 28 470 24 
139 2 1338 917 392 40 10869 3650 55 226 2482 10494 20 568 413 313 46 7 
40 1384 3650 55 17 2482 10494 259 644 5 6 5543 
18925 18926 373 883 559 3649 7621 1746 313 15 943 40 1384 
3650 55 221 14 17 2482 15755 221 14 15 333 24 
904 571 34 313 1384 239 
1994 1921 337 1413 
4769 1921 552 1413 
1133 1921 552 1413 
2487 1921 552 1413 
18927 40 4309 345 1413 
56 3590 11315 80 5365 18928 2036 3461 24 3461 2367 18928 55 22 6852 4257 19 
230 10570 203 125 18928 60 
1277 902 175 15 404 600 7 313 413 1384 477 630 567 3175 28 6193 
316 24 
423 165 17 316 133 15 18925 18929 250 24 
1863 206 17 2385 573 56 3303 55 15 1824 4157 14 17 6411 150 
313 151 1634 22 2385 60 56 383 18930 18931 20 6073 1946 573 2166 187 
18932 40 1634 22 2385 868 60 
1265 17 316 40 383 18925 18926 373 883 55 18930 18931 24 
1715 18925 18926 373 883 312 15 1775 24 
904 34 18925 1610 313 239 
313 2 1278 1615 15860 230 567 3175 91 17 3014 316 613 40 
400 15 18925 250 24 567 3175 129 34 35 22 16897 16841 9768 55 
17 10494 24 
15 630 316 313 2666 19 15 8395 17 4048 4924 34 1634 7 20 
1529 7 5 4924 12 567 3175 24 
568 1634 22 18925 2385 1277 20 112 383 17 316 24 
71 333 19 17 2482 10494 45 18925 18926 373 518 644 11086 219 
904 312 313 1634 22 18925 2385 239 
383 18925 18926 373 883 55 18930 18931 1277 20 1863 206 15 1946 
573 2166 187 18932 7 313 19 682 20 17 316 34 460 35 10869 3650 55 17 
2482 15755 7 477 630 568 31 313 221 5672 15 250 40 940 24 
1210 5305 20 902 2 96 40 6796 2482 15755 230 2836 219 219 
630 2224 2454 230 1642 9653 40 625 630 133 904 5 250 1886 
31 313 80 437 1749 3590 45 18928 87 17 9929 13215 19 313 569 
21 125 15 942 14 136 15 18925 250 84 15 3590 1805 569 21 1305 
8059 24 503 19 420 91 28 9731 316 17 18933 
3590 422 18928 2036 3461 518 1634 578 1413 567 3175 4548 40 15 
16841 15860 8961 55 17 18925 10494 24 71 458 307 19 28 9731 
316 313 413 7021 17 18925 10494 40 11086 422 333 24 
139 151 1499 1897 18925 187 18926 373 2385 250 500 2004 40 1921 
40 2478 83 84 18934 91 234 532 230 1276 467 19 20 1789 936 
80 11181 15 419 84 1994 1921 19 139 24 102 24 337 1413 56 87 630 150 313 5672 
316 60 24 259 383 206 868 40 5890 55 18930 18931 24 
500 12 559 3649 7621 239 
559 3649 7621 12 22 29 3109 40 1384 313 3650 55 221 17 1994 19 
4769 19 1133 20 2487 1921 84 590 84 1921 40 4309 10631 24 
258 12 559 3649 7621 1922 40 4106 239 
559 3649 7621 12 1339 157 71 15 2116 20 415 592 133 1594 15 
4782 915 22 10494 40 18935 15 1133 2390 29 24 
5 3638 15 18928 18936 19 875 18925 3258 373 40 1317 313 22 1072 
3465 250 38 7823 3590 55 17 1921 24 
904 241 25 505 239 
559 3649 7621 1886 28 423 37 7 7621 17 1921 910 18925 2 96 2387 
29 24 
25 241 5 605 22 1468 217 2859 1146 217 91 18937 40 17 2482 20 18928 87 9929 
1932 24 
71 458 307 19 313 856 17 438 2390 573 19 353 84 4393 19 20 
1615 1984 15 419 575 5793 250 24 
313 34 112 1615 22 10494 45 17 438 2390 1827 230 878 
17463 20 1173 409 5788 1921 20 641 10494 56 8693 631 347 60 
45 18925 230 17 1994 19 4769 19 1133 20 2487 1921 84 590 84 
1921 40 4309 10631 24 17 5670 10494 34 19 14 581 35 8693 24 
10587 3693 2361 19 220 15 2398 2465 313 2473 24 
15 217 2859 1146 217 12 18938 608 17 438 18928 87 9929 9556 1932 237 12 
532 230 15 4479 14 17 1921 24 17 2482 12 112 18938 608 15 217 2859 
1146 217 24 
313 112 400 17 2482 84 108 4393 20 1384 3650 24 
31 129 12 5677 3924 45 641 2044 19 313 569 3283 4898 22 
1624 2859 1146 24 
129 12 184 5284 6411 549 24 
500 34 17 10494 45 18925 1639 239 
3128 18939 383 2224 38 573 14 1921 19 369 14 1921 56 1994 19 
4769 19 1133 19 2487 19 4309 60 19 4039 14 1921 19 3649 14 1573 
383 19 904 571 15 1921 406 151 3649 908 559 3649 7621 24 