Subject: 1 2 1642 150 1082 
42 315 12 1230 45 
7 207 118 49 107 6281 21 38 836 45 251 7 207 497 125 132 157 
369 12 
429 45 130 21 132 5823 45 7 102 20 179 7 257 125 1013 215 3965 1038 219 
21 28 16 109 15 486 12 7 439 150 440 1929 953 38 8 107 293 
779 12 28 5487 112 67 392 1877 17 28 546 5823 112 6282 21 38 12 
38 65 8 28 51 31 28 546 580 45 540 112 3890 21 1013 
1427 7 112 161 12 7 925 38 35 1449 861 28 5823 12 
130 49 132 386 4 28 401 45 161 124 3547 5491 34 7 150 587 77 
159 21 220 20 74 247 343 130 38 870 12 7 207 497 3928 28 75 31 
247 12 7 6283 21 77 159 21 13 38 541 74 3965 249 12 
96 97 17 192 120 49 28 594 21 1642 45 
43 12 5515 2288 
653 653 653 653 653 653 653 653 653 653 653 653 653 653 653 653 653 653 653 653 653 653 653 653 653 653 653 653 653 653 653 653 653 653 653 653 653 653 653 653 653 653 653 653 653 245 31 1225 340 17 
2445 49 237 3947 
28 2522 176 45 5516 5517 45 1275 
1068 2 141 5518 143 144 143 5519 143 5520 51 2 141 5518 143 144 143 5521 143 5522 
273 2 2288 302 851 12 5523 12 853 12 1248 
2298 2 1050 2 397 397 1051 12 851 12 5523 12 853 12 1248 397 763 2288 
109 606 45 512 6284 335 45 1230 1220 101 2 
41 42 5514 45 
41 
41 2473 164 38 138 7 925 38 6285 21 861 91 2660 21 6134 17 8 
41 1821 3380 306 15 599 12 
41 
41 7 207 197 38 67 373 1148 1846 21 1642 150 1082 12 
41 
41 429 45 3932 15 5823 12 72 38 5419 150 440 314 102 20 
41 21 28 6286 2445 4 1884 45 81 13 20 21 14 23 28 
41 235 16 2 
41 315 12 1230 1220 
41 245 31 316 317 318 
41 1241 12 1219 12 204 12 241 12 231 320 231 
41 327 325 326 45 267 45 
41 268 
41 81 13 14 65 28 277 31 15 400 61 12 
41 
41 431 45 3932 15 466 21 28 1642 150 1082 32 34 
41 419 2563 21 2890 12 
41 419 187 435 68 32 21 4278 107 445 130 1224 174 49 
41 1642 150 1082 251 65 130 9 502 6280 49 2622 213 187 435 
41 21 36 1339 4 1329 3 1086 12 
41 34 150 204 953 28 2898 1003 74 1320 1224 1906 1833 
41 9 1334 31 28 1224 150 204 1845 215 516 49 
41 6287 34 164 1891 21 3042 1086 4 28 1402 
41 1845 219 5038 74 9 1334 31 1086 1503 4 68 
41 1845 34 28 1956 187 435 21 6288 12 
41 1320 466 84 77 559 639 449 215 81 861 2915 
41 91 498 4441 219 17 84 1448 434 74 247 343 12 
41 81 13 20 130 9 2744 2743 12 
41 81 1075 34 38 35 13 20 74 34 632 12 
41 
41 
41 7 18 77 499 31 157 1616 997 1867 215 1839 454 143 247 827 219 12 
41 4 279 38 87 2423 45 81 66 98 99 
41 215 613 302 1243 12 320 12 350 219 12 
41 
41 
41 96 97 
41 1230 
41 
41 
41 
41 
41 824 824 824 824 824 824 824 824 824 824 824 824 824 824 824 824 824 824 824 824 824 824 824 824 824 824 824 824 824 824 824 824 824 824 824 824 824 824 824 824 824 824 824 824 824 824 824 824 824 824 824 824 824 824 824 824 824 824 824 
41 4441 49 412 
41 
41 73 31 379 
41 143 143 143 143 143 143 143 143 143 143 143 143 143 143 143 143 143 143 143 143 143 143 143 143 143 143 143 143 143 143 143 143 143 143 143 143 143 143 143 
41 28 1979 84 77 2595 130 1528 2 
41 361 45 365 105 215 204 219 17 6289 4704 215 204 219 
41 1141 1284 1285 215 204 219 45 17 9 2974 133 16 12 
41 2080 31 390 143 1876 4778 45 
41 1919 45 
41 1119 6290 31 358 45 
41 2076 12 
41 
41 
41 4442 31 2975 
41 143 143 143 143 143 143 143 143 143 143 143 143 143 143 143 143 143 143 143 143 143 143 143 143 143 143 143 143 143 143 143 143 143 143 143 143 143 143 143 143 143 143 143 143 143 143 143 143 143 143 143 143 143 143 143 143 143 143 
41 28 2975 1906 77 6291 1371 1008 45 1371 6292 215 1141 
41 2076 219 
41 306 6293 31 648 6294 12 
41 
41 549 
41 549 84 77 2978 143 776 45 306 429 1479 6295 31 0 45 144 6296 12 
41 419 152 45 49 28 2918 31 6297 45 34 38 1519 15 
41 2975 4 28 225 6258 6298 12 
41 
41 6299 
41 429 143 1313 6299 84 77 6300 143 776 6301 650 45 195 
41 6302 45 359 6303 45 306 618 143 776 4213 17 448 143 3508 
41 235 37 12 431 143 1313 6299 84 77 6304 143 776 
41 6301 650 45 6305 279 215 6305 279 143 109 195 4778 6133 5703 45 
41 6306 45 17 6307 219 45 359 6303 45 306 448 143 776 
41 4213 17 448 143 3508 235 37 12 1084 143 1313 6299 84 
41 77 2978 143 776 45 6301 17 6308 650 45 6305 279 45 359 
41 6303 45 306 448 143 776 4213 37 12 
41 
41 2080 
41 2080 84 77 6309 143 776 45 306 2893 17 1457 6295 
41 31 0 45 644 6296 12 
41 
41 2076 
41 6310 28 6311 110 74 365 23 28 75 31 28 358 12 
41 
41 6312 2 1205 2076 4 28 549 74 365 17 632 2 
41 215 6313 45 2015 219 45 215 6314 17 4424 45 2091 219 45 215 6315 1101 4048 12 45 6316 219 12 
41 
41 6317 17 6318 
41 140 1320 6319 306 1371 6260 6320 215 49 3521 45 
41 4946 648 45 4946 144 45 5681 648 45 5681 144 219 2 4067 17 6321 
41 361 1320 17 459 21 20 4 28 549 12 
41 
41 824 824 824 824 824 824 824 824 824 824 824 824 824 824 824 824 824 824 824 824 824 824 824 824 824 824 824 824 824 824 824 824 824 824 824 824 824 824 824 824 824 824 824 824 824 824 824 824 824 824 824 824 824 824 824 
41 
41 
41 
41 143 143 
41 141 653 653 653 653 653 653 653 653 653 653 653 653 653 653 653 653 653 653 653 653 653 653 653 653 653 653 653 653 653 653 653 653 653 653 653 653 653 653 653 653 653 653 653 653 653 653 653 653 653 653 653 653 653 653 653 653 653 653 653 653 653 653 141 
41 1232 315 12 1230 1220 1068 12 2 141 454 143 648 143 1233 1232 
41 1232 1234 141 454 143 648 143 1235 215 1236 219 1232 
41 1232 1237 17 1162 1238 1239 12 1232 
41 1232 1240 12 31 316 317 318 1232 
41 1232 1241 12 1219 12 204 12 241 12 231 320 231 1232 
41 1232 327 325 326 51 2 141 454 143 648 143 1242 1232 
41 1232 268 240 143 628 2 1230 302 1243 12 320 12 350 1232 
41 141 653 653 653 653 653 653 653 653 653 653 653 653 653 653 653 653 653 653 653 653 653 653 653 653 653 653 653 653 653 653 653 653 653 653 653 653 653 653 653 653 653 653 653 653 653 653 653 653 653 653 653 653 653 653 653 653 653 653 653 653 653 653 141 
41 