Subject: 193 193 193 
54785 138 6899 4318 69137 4318 69138 193 
4318 6958 69139 69140 138 69141 4318 69142 69143 392 2969 4318 69144 138 69145 69146 45 3186 
6770 138 69147 69148 69149 240 143 628 12 45104 4318 69150 6951 6770 138 69151 
69152 4318 69153 143 4318 69154 4318 63242 69155 138 69156 69157 6957 
69158 6927 69159 69160 15157 4318 41817 6951 69161 729 143 6953 69162 45 69163 
45104 4318 7174 138 69164 6951 6927 138 6899 4318 69165 6927 69166 69140 138 69167 45 69168 138 69169 
69149 69170 69171 12 
69172 69173 6951 69174 138 69175 4318 69142 138 
6770 138 69176 6770 138 69177 45 69178 45 69140 69179 4318 3177 12 
69180 4318 6751 69140 4318 138 69181 45 69168 138 15800 4318 6958 69182 138 69183 69184 69185 
69186 240 143 628 12 69187 4318 6751 69188 6770 138 3177 4318 47128 69189 6957 69190 193 193 193 
69191 12 12 12 69192 138 
69193 1876 12 1857 45 143 872 69140 69194 69184 69195 4318 
69196 6957 69197 240 143 628 193 193 193 
4318 41817 69198 69199 69200 4318 69201 69202 4318 69203 45 
11177 12 15158 12 69204 138 69205 138 69206 6957 69207 6770 138 3177 4318 69208 
69209 138 69210 4318 41817 69211 69212 4318 69213 6770 138 69214 138 69215 193 69216 
4318 69217 69184 4318 69218 69219 138 69220 69221 138 69222 
138 69223 193 2 219 
69224 69163 69225 4318 69226 2 4318 6958 69227 6951 69228 193 
6951 69229 69230 4318 69231 
69232 69233 69234 15158 69235 
69236 69237 193 
69238 15157 4318 7174 138 69239 45 69163 69240 4318 6958 6770 138 69241 6770 138 69242 138 69243 
69244 45 69245 69246 215 69145 69247 69248 219 
138 62742 4318 69249 45 6957 15158 4318 6751 6770 138 69250 69220 138 69251 2 231 69252 69253 193 69254 3186 45 
69163 69255 193 231 69256 138 69257 69258 4318 6751 45 69254 
69259 12 12 2 219 
69260 69261 4318 69262 231 5396 231 4318 6958 4318 69263 69264 12 69224 138 69265 
69266 138 69267 138 69231 69268 12 18225 4318 69269 4318 69270 
6957 69271 4318 69272 69186 6770 138 69214 138 69273 12 
4318 69274 2 69163 69275 6786 
69276 69277 6927 138 6899 4318 69278 6927 69279 45 69168 138 69169 69280 4318 41817 138 193 
69281 4318 6958 69282 45 69163 6808 4318 69283 69149 69170 4318 6951 69284 138 69285 6957 
6770 138 6957 4318 69286 15158 69287 69288 138 69289 4318 69290 138 
69254 3186 45 69163 69211 69291 6770 138 69292 6951 69255 6770 138 69293 
69294 69295 45 15158 138 69296 138 62742 4318 7174 69163 69297 138 6958 69298 4318 
4318 69189 45 6770 138 3177 4318 69299 69140 69204 138 69300 12 6957 4318 6958 69301 4318 69302 
69303 69304 4318 69305 6770 138 69306 45 69307 4318 69308 
6770 138 69309 54544 69310 193 193 193 69311 69248 69312 69313 138 193 15158 69314 69315 4318 6751 
4318 3177 4318 4315 6951 69316 69317 69318 143 3186 
69319 138 69320 69321 6957 6770 138 69214 138 69322 4318 69323 45 
69324 6770 138 69325 69326 240 143 628 215 45441 138 69327 69328 138 69329 
69330 219 6957 69331 15158 1971 12 
69233 45 69307 4318 69138 6957 69193 69332 
69333 193 
4318 6958 69334 6951 69335 45 69172 69173 69336 6951 
69337 4318 69142 138 193 
193 193 193 69145 6770 138 69338 4318 41817 69227 6951 69339 138 69340 4318 69341 45 
6770 138 69342 6927 4318 6871 54544 4318 69343 6957 6951 69344 4315 138 69345 215 231 69346 231 
69347 6927 4318 6871 69348 138 69349 45 69172 69315 69281 138 69350 6957 4559 219 45 69254 
69351 138 69352 4318 7044 138 69353 12 
4425 193 
38 482 21 19653 125 392 2969 2606 208 76 138 72 194 45 
2666 68 240 143 628 12 7 4439 21 107 48031 
68 1129 143 38 450 28 430 124 298 143 31 143 299 17 
52886 306 20 215 104 219 18 85 964 125 38 359 959 729 31 
1614 45 34 
23 195 124 107 15619 21 1510 74 44124 45 540 208 
68 1166 12278 12 
259 953 21 107 4618 138 
7 2222 49778 69354 45 5678 45 49 55012 12 
46 21 38 4 92 45 540 208 38 8 4140 49 3344 
20 240 143 628 12 419 467 38 1338 21 10055 215 6147 499 219 517 17 
502 1980 193 193 193 
259 12 12 12 8 552 138 
19653 1876 12 1857 45 143 872 49 208 1209 109 3836 4 
28 1971 17 48024 240 143 628 193 193 193 
20 124 261 21 3088 215 971 219 38 130 28 1011 852 45 
226 28 1225 61 65 58 1180 38 49 
37572 4 28 4160 38394 193 414 
74 38 28 49305 69355 58 51320 
21 10999 11614 193 2 219 
251 34 508 1277 2 38 4998 7289 193 
220 107 51248 21 1450 
74 195 3530 2666 69356 21 68 
21 28 849 28 2939 193 
21 18467 28 1388 231 5396 231 38 3559 18 8 92 215 77 4 92 219 12 251 20 124 
959 2348 
23 429 21 2603 964 1948 12 3986 21 69357 
17 21 77 9685 31 21158 31 68 38394 12 
69358 2 34 443 2173 
28 1614 130 69359 21 4 36377 45 540 208 4293 49 38 138 193 
130 38 2937 45 34 9892 68 1166 3526 31 9 8362 17 
11478 4 20 215 1456 219 2974 442 138 
20 124 107 829 21 47960 20 34 49 2487 6606 
184 9177 45 6133 49 4606 69360 215 69361 219 31 954 
2606 517 915 9586 28 1225 12 17 38 2111 
74 28 5338 31 28 9897 4149 45 10652 
485 125 12980 193 193 193 177 161 124 1449 222 138 193 6214 38 
20 124 107 259 829 21 8 184 
74 51460 39767 17 9130 45 
124 4572 583 21 8 240 143 628 215 16 1158 
628 219 17 1379 21 1971 12 
2666 45 8136 17 19653 48 
483 193 
38 7289 13260 45 259 953 107 
21 4618 138 193 
193 193 193 72 28 3359 58 1891 38 74 7289 45 
7 1121 28 1321 17 20 124 107 829 21 2111 18559 
215 231 59604 231 
58 28 875 45 274 130 9 10812 17 4559 219 45 20 
208 143 92 48024 12 