Subject: 1 2 29679 358 
81 45 82 14 83 72 38 35 2666 28 2915 498 42500 358 12 72 107 45 
42501 149 193 193 
28 2743 112 1003 568 42502 2744 157 171 45 34 84 77 
1442 10395 306 1966 2744 171 17 45 7 2892 45 2744 1512 12 
28 605 124 21 1125 670 2147 548 130 9 1381 21 8808 
5883 143 10505 9 41978 31 7697 8292 12 
68 124 9429 74 15 2695 34 38 8 205 1866 306 9 
7915 31 42483 45 489 1032 967 9491 31 42483 4 12167 45 17 34 
419 576 28 310 231 7915 231 215 34 7 1324 9 231 4143 22159 12032 231 45 21 77 
3044 219 21 2188 670 1985 12928 1325 125 28 310 
3 7818 215 648 397 144 219 12 
31 203 45 38 35 42503 21 9 218 8395 45 72 38 2937 68 
3344 124 107 28 96 21 6164 670 1362 17 1508 12 
38 87 21 2974 5621 977 5681 306 516 2589 215 34 7 220 107 
8 219 12 132 7130 124 34 28 834 11379 17 11378 84 77 489 
772 193 193 193 
81 2666 6579 45 2671 515 38 2937 84 77 5046 45 17 6392 
4 15 7203 12 1404 3060 17 14 3196 77 2255 21 1211 48 4148 
1947 45 6133 49 9 838 3344 45 86 31 47 591 774 143 42504 
2618 12 
21 2974 28 5681 45 487 164 28 1508 215 1866 23 5455 143 6604 74 3060 219 2 
834 1508 2 215 765 42505 42483 107 4726 74 15 8807 219 
3811 4348 2 23738 
42506 2 12354 
107 4348 215 1449 5141 219 2 1250 
11378 215 42507 219 653 789 12 1862 3471 
11379 215 42507 219 653 4711 12 438 3471 
1508 74 2171 2 215 648 653 2426 45 144 653 34976 45 827 653 10422 219 
8876 648 2 215 834 4 28 5615 143 432 19777 219 
3811 4348 2 18548 
42506 2 1783 
107 4348 215 1449 5141 219 2 1304 
11378 215 4343 12 648 219 653 5816 12 1877 3471 
11379 215 4343 12 648 219 653 790 12 1862 3471 
42508 144 2 215 42509 42510 5615 143 432 790 219 
3811 4348 2 784 
42506 2 1254 
107 4348 215 1449 5141 219 2 248 
11378 215 4343 12 144 219 653 1250 12 438 3471 
11379 215 4343 12 144 219 653 5626 12 4229 3471 
42508 827 2 215 42509 42510 5615 143 432 42511 219 
3811 4348 2 28040 
42506 2 6241 
107 4348 215 1449 5141 219 2 667 
11378 215 4343 12 827 219 653 7783 12 1857 3471 
11379 215 4343 12 827 219 653 5816 12 2862 3471 
