Subject: 945 273 125 315 12 43304 
42 98 45 
7 1903 28 549 833 754 3054 6215 540 7 293 328 12 28 2200 
626 112 531 536 21 19 21 38 12 28 3512 8 205 102 130 
1552 6215 12 1026 45 26 1448 38 673 12 
68 12688 9 260 540 419 4602 150 440 3551 2223 2 28 460 31 
28 1086 306 315 12 43304 12 7 2852 7 150 587 8 21 220 28 96 7 35 45 251 
207 3524 34 132 1162 31 30145 124 107 93 502 583 21 481 9 
1368 2886 921 28 1086 109 34 6059 12 
220 38 8 184 6166 109 68 138 
306 96 1204 45 
10955 
824 315 12 10955 282 12 10956 157 1068 2 141 891 3362 3363 10957 824 
824 560 1617 3274 1068 2 141 891 3362 3363 10958 824 
824 28 176 51 2 141 891 3362 3363 10959 824 
824 175 282 636 1257 645 273 2 204 12 282 12 10956 302 852 12 853 12 590 824 
824 590 824 
