Subject: 10978 935 
3628 1298 2289 45 
3153 3748 42072 684 1298 3644 240 143 628 12 
1722 684 42073 1656 42074 14 732 561 689 935 12 
747 605 897 215 42075 219 700 2 
1693 248 18626 12 
42076 3755 215 5718 684 1656 5719 3165 219 2 1291 700 935 45 5159 
42077 45 1676 1713 42078 215 18178 397 279 3361 219 746 1291 1700 
42079 3147 21 5197 42080 45 5159 42081 42082 1755 16660 1674 
42083 12 
42084 42085 4897 143 143 42086 42087 685 12 
70 42088 42089 8303 5351 689 8331 1291 42090 4859 3640 
4944 4859 42091 12 
9732 5681 2411 14 42092 15774 12 
8254 3726 4805 42093 1755 15667 8468 42094 10981 12 
42095 2291 17728 3301 746 42096 42097 3102 42098 12 
1744 732 4540 746 42099 1298 12 
734 909 4661 897 149 2303 231 3536 231 151 397 42100 897 143 143 17539 635 2 
732 4865 746 684 150 30736 3742 45 4485 12 
36 15 6822 45 298 240 143 628 125 6823 6824 23 1050 2 397 397 1051 12 6824 12 1217 12 
2176 430 67 1897 45 6825 15 2745 6826 1896 23 
1050 2 397 397 1834 12 6823 12 1217 12 