Subject: 3314 5890 539 369 193 470 69527 472 
824 824 824 824 419 87 1225 9622 824 824 824 824 
824 824 824 824 824 1022 15 2387 21 548 193 824 824 824 824 824 824 
19653 392 639 143 392 1250 397 17398 1960 3424 347 4119 11015 
28 4118 648 425 1370 28 21036 2165 1347 
423 759 12 419 164 9 21016 7770 425 312 
1166 4 2449 8067 193 37614 109 28 13646 12 
7306 143 392 2241 9881 4 1166 45 335 143 392 144 21016 193 
419 87 95 193 670 28780 3078 21 28 157 306 434 
5820 517 193 117 35 531 193 6230 1971 3199 45 
240 143 8443 45 1446 865 17 484 7731 193 548 
559 15 420 17 481 392 6255 143 392 448 45 1857 2606 76 193 
392 639 143 392 1250 397 17398 12 
861 499 2473 17 36 1339 1476 483 68 1867 193 
49 959 430 45 220 107 18467 149 12 12 81 149 
306 231 959 2377 231 130 28 627 12 
347 1324 434 41409 298 23 648 143 21884 143 13756 143 69528 17 3214 959 2377 193 
8 9 990 517 193 
20724 17 12447 369 193 419 87 9 864 140 31 6205 193 