Subject: 241 2 241 2 2707 141 42762 143 849 
7 207 50 369 28 9 617 12 648 2707 3507 74 1904 12 82 14 83 72 38 128 
37 109 3079 12 
28 6134 215 849 31 42762 219 109 1762 150 204 5750 12 
12467 
43 12 3723 12683 12684 
1662 1086 1524 45 
3274 12 31 1225 340 45 384 17 4099 
176 31 8912 45 11983 11984 
407 2062 11983 11984 
42716 8912 215 284 219 
1068 2 141 2995 1973 42717 215 157 219 158 141 2995 1973 42718 42719 215 1239 219 
51 141 2995 1973 42720 158 
240 1775 628 2 12684 302 2377 12 37675 144 12 20 
143 143 143 143 143 7448 7449 143 143 143 143 143 
7450 2 98 99 470 2723 2 613 302 1243 12 320 12 350 472 
7451 2 42808 617 42801 2405 343 12 336 
9 2 3723 12683 12684 
635 2 14 
7454 2 1 2 241 2 2707 141 42762 143 849 
42 3723 12683 45 
72 38 439 150 440 36 28 42762 849 3507 74 3079 45 81 13 434 28 
9 617 12 648 
2707 12 443 164 959 751 12 
96 97 45 
98 99 
3723 12683 12684 101 2 
41 
41 673 12 
41 7 8 3507 28 1322 12 7 207 1449 5830 49 1762 12 
41 7 2222 1983 38 109 2051 5750 997 3079 12 
41 96 
41 
41 42764 
41 143 143 143 143 143 143 143 143 143 143 143 143 143 143 143 143 143 143 143 143 143 143 143 143 143 143 143 143 143 143 143 143 143 143 143 143 143 143 143 143 143 143 143 143 143 143 143 143 143 143 
41 
41 43 12 3723 12683 12684 
41 1662 1086 1524 45 
41 3274 12 31 1225 340 45 384 17 4099 
41 176 31 8912 45 11983 11984 
41 407 2062 11983 11984 
41 42716 8912 215 284 219 
41 1068 2 141 2995 1973 42717 215 157 219 158 141 2995 1973 42718 42719 215 1239 219 
41 51 141 2995 1973 42720 158 
41 240 1775 628 2 12684 302 2377 12 37675 144 12 20 
41 
41 143 143 143 143 143 143 143 143 143 143 143 143 143 143 143 143 143 143 143 143 143 143 143 143 143 143 143 143 143 143 143 143 143 143 143 143 143 143 143 143 143 143 143 143 143 143 143 143 143 143 
41 
41 143 143 143 143 143 7448 7449 143 143 143 143 143 
41 7450 2 98 99 470 2723 2 613 302 1243 12 320 12 350 472 
41 7451 2 7692 248 42801 2405 1254 12 847 
41 9 2 3723 12683 12684 
41 635 2 14 158 1230 1220 
41 7454 2 1 2 2707 141 42762 143 849 
41 
41 42 3723 12683 45 
41 
41 7 207 2888 9 294 30 31 28 12857 2707 45 130 7 777 2893 28 277 
41 67 28 12969 66 160 8086 12 81 45 3990 37 17 572 
443 
41 49 28 35173 12 118 49 28 7910 12 20 124 70 2340 2671 45 130 
41 28 42802 66 160 215 34 124 38 219 4557 28 9 617 12 648 486 193 
41 534 45 28 42762 849 1449 571 21 77 3507 74 43 12 42803 12 
41 
41 96 97 45 
41 
41 98 
41 
41 3723 12683 12684 101 2 
41 41 
41 41 42 98 45 
41 41 7 8 274 369 77 307 34 670 1762 124 37081 4 1090 49 
41 1360 
41 41 31 42763 2 419 2982 5830 49 1456 130 28 15225 143 1762 124 109 3611 
41 4 
41 41 28 391 12 
41 41 7 925 28 1762 18 77 182 3193 347 978 12 4 28 12503 279 
7 
41 41 2937 49 3079 1850 214 18 947 12 
41 41 1034 
41 41 
41 41 42764 
41 41 143 143 143 143 143 143 143 143 143 143 143 143 143 143 143 143 143 143 143 143 143 143 143 143 143 143 143 143 143 143 143 143 143 143 143 143 143 143 143 143 143 143 143 143 143 143 143 143 143 143 
41 41 
41 41 43 12 3723 12683 12684 
41 41 1662 1086 1524 45 
41 41 3274 12 31 1225 340 45 384 17 4099 
41 41 176 31 8912 45 11983 11984 
41 41 407 2062 11983 11984 
41 41 42716 8912 215 284 219 