Subject: 1 2 1827 31181 49 29679 215 17 5598 219 
42 4202 45 
192 49 15 626 12 
81 450 670 2600 109 28 1827 31181 4 28 2915 2743 215 26 
164 4 28 486 31 2744 2600 109 28 549 38 8 102 434 219 12 
96 97 45 
507 
653 653 653 653 653 653 653 653 653 653 653 653 653 653 653 653 653 653 653 653 653 653 653 653 653 653 653 653 653 653 653 653 653 653 653 653 653 653 653 653 653 653 653 653 653 653 653 653 653 653 653 653 653 653 653 653 653 653 653 653 653 1232 507 42905 45 569 12 8288 
1232 1086 2048 
1232 1237 17 1162 1238 1239 12 
1232 1240 12 31 316 317 318 
1232 1241 12 1219 12 204 12 241 12 231 320 231 
1232 327 325 326 51 2 141 454 143 648 143 8794 
1232 268 240 143 628 2 42906 302 1243 12 320 12 350 
653 653 653 653 653 653 653 653 653 653 653 653 653 653 653 653 653 653 653 653 653 653 653 653 653 653 653 653 653 653 653 653 653 653 653 653 653 653 653 653 653 653 653 653 653 653 653 653 653 653 653 653 653 653 653 653 653 653 653 653 653 4202 42920 101 2 
41 42 1230 
41 
41 81 861 2915 28 1827 31181 49 28 35672 31 1404 
41 28 8844 17 5598 39634 12 20 124 371 109 670 427 273 676 17 
41 28 2119 3864 3932 7697 8292 1901 74 320 12 
41 20 187 481 2193 49 320 21 1844 434 28 429 2600 259 419 
41 35 6054 28 31181 1397 13470 20 21 28 411 8448 12 
41 
41 28 31181 3552 28 1827 9209 49 28 9627 12075 
41 21 77 7548 74 28 5598 13215 158 10239 222 130 
41 17 215 4786 31 219 164 107 576 74 28 29679 
41 9677 12 
41 
41 7 8 4077 9 840 7736 9525 2 
41 49 28 2194 9525 231 144 641 11934 42924 231 12 7 8 65 4077 
41 17 6573 150 24779 2589 150 
41 
41 7 8 4362 28 235 2899 49 28 5598 7876 45 4 73 21 
41 3318 49 959 1032 208 8366 1334 2606 2298 455 2 
41 
41 
41 
41 1334 2 8917 42925 22487 9546 8135 
41 12 12 12 
41 
41 
41 
41 12 12 12 
41 
41 12 12 12 
41 
41 
41 
41 161 164 2230 31 8948 1832 4 28 31181 1948 12 
41 81 13 14 15 6166 17 2600 12 
41 
41 97 45 
41 
41 4202 
41 
41 143 143 143 143 143 143 143 143 143 143 143 143 143 143 143 143 143 143 143 143 143 143 143 143 143 143 143 143 143 143 143 143 143 143 143 143 143 143 143 143 143 143 143 143 143 143 143 143 143 143 143 143 143 143 143 143 143 143 143 143 143 143 143 143 143 143 143 143 143 143 143 143 
41 105 2 8135 1775 4342 12 31181 
41 8135 1775 4342 12 31181 650 2 1036 397 641 143 4054 143 7928 
41 1334 2 7928 