Subject: 1 2 936 109 573 1365 17 1329 3 
22371 143 6684 45 2308 3282 42108 150 3349 1841 150 109 2059 956 12 512 45 
4838 1645 700 701 5200 684 39930 12 
7 150 151 77 501 21 152 71 3066 143 84 26 77 674 138 
3545 45 4 5130 73 2 
143 10194 9070 45 10173 1086 17 1200 12 42109 215 132 8147 1441 219 
143 11750 42110 45 3423 38601 
143 2409 143 3267 42111 215 1200 12 13909 219 
143 10113 10114 45 10082 
143 4423 17723 45 2497 215 313 214 3196 8 
28 310 8965 1021 306 14 219 
3709 1676 700 42112 7 8453 143 4907 684 42113 
4908 45 734 2291 711 42114 
3628 6404 
4421 
2182 21 98 99 2 
41 
41 
41 4421 10134 101 2 
41 41 
41 41 3093 2289 45 
41 41 4965 701 707 1656 42115 14788 143 
41 41 3710 684 3654 17997 3153 7942 45 
41 41 684 3650 70 1645 4927 898 150 420 150 138 
41 
41 673 12 1645 1646 2812 684 42116 4950 704 4399 684 15520 3115 41030 
41 42117 2303 8493 2 246 143 1304 397 648 397 2405 4514 1304 143 892 397 648 397 2405 12 
41 1645 42118 5123 2297 3725 12 
41 
41 41 4965 701 746 3629 193 
41 
41 3652 3006 193 
41 
41 1301 
143 143 
4421 10134 
1225 340 1617 139 4118 2 11568 143 11575 12 135 12 3884 
2553 2554 176 51 4118 2 11568 143 11575 12 1764 12 5626 
42119 4433 42120 643 2 4421 302 851 12 2497 12 1309 
5620 36911 1490 2739 2 1050 2 397 397 1051 12 851 12 2497 12 1309 397 763 4421 
6049 45 8011 11574 143 26030 6478 397 2502 2 14075 42121 215 42121 302 851 12 2497 12 1309 219 