Subject: 1 2 41975 2 648 3083 1209 2385 
42 1230 45 
41 28 411 160 34 3196 3078 306 14 49 28 41975 1841 124 
41 2847 12 1760 41980 12 534 45 68 6225 109 28 6466 
41 31 28 160 34 124 4 299 31 28 41981 9752 12 
2388 143 14470 41982 45 213 124 28 160 4 299 31 28 41981 
9752 124 673 49 222 9 1841 12 
41 4 279 214 124 1357 45 419 229 1818 9 3272 1841 
41 2585 1456 17 2847 12 41980 109 247 135 143 1535 12 
214 124 1357 109 247 135 12 82 14 83 500 72 20 150 204 
673 12 769 124 212 5688 109 247 1535 251 
7 207 107 474 779 12 
41 72 38 4758 45 81 672 34 160 72 214 124 1357 
41 17 82 434 83 12 19 15 240 143 628 65 21 670 
41 22 1760 41983 215 41984 302 1243 12 320 12 350 219 45 
41 226 98 99 229 77 499 31 157 121 1839 454 12 
41 
41 4 34 279 45 38 18 65 8 21 1818 3385 3932 
41 28 3306 31 2847 12 41980 3207 4 1089 12 
7 18 481 28 358 328 12 7 18 1833 28 1867 143 75 4 279 
2847 41980 4694 21 3799 4 1089 12 
41 3054 12 7 207 949 3193 49 70 2481 7697 8358 12 7 18 77 182 
41 109 3079 45 247 644 12 
8 465 3380 12 
96 97 45 
10269 
41 
41 231 10371 45 10269 231 101 2 
41 41 
41 41 
41 41 359 1021 49 15 963 17 49 9 1841 109 247 636 143 135 12 
41 41 
41 41 41 20 124 65 261 34 4091 3191 18 77 963 306 14 
41 41 41 4 73 21 2223 1333 277 109 28 41985 
41 9752 34 
41 41 41986 143 1068 3593 21 
41 41 41 6539 215 9 12984 219 4 28 760 31 41975 12 
41 41 
41 41 28 160 4 299 31 28 41985 9752 124 4 
41 3380 395 
41 41 1839 454 12 1248 18 672 1456 130 1028 130 214 18 77 182 12 
41 41 
41 
41 143 143 
41 141 653 653 653 653 653 653 653 653 653 653 653 653 653 653 653 653 653 653 653 653 653 653 653 653 653 653 653 653 653 653 653 653 653 653 653 653 653 653 653 653 653 653 653 653 653 653 653 653 653 653 653 653 653 653 653 653 653 653 653 653 653 653 141 
41 1232 315 12 1230 1220 1068 12 2 141 454 143 648 143 1233 1232 
41 1232 1234 141 454 143 648 143 1235 215 1236 219 1232 
41 1232 1237 17 1162 1238 1239 12 1232 
41 1232 1240 12 31 316 317 318 1232 
41 1232 1241 12 1219 12 204 12 241 12 231 320 231 1232 
41 1232 327 325 326 51 2 141 454 143 648 143 1242 1232 
41 1232 268 240 143 628 2 1230 302 1243 12 320 12 350 1232 
41 141 653 653 653 653 653 653 653 653 653 653 653 653 653 653 653 653 653 653 653 653 653 653 653 653 653 653 653 653 653 653 653 653 653 653 653 653 653 653 653 653 653 653 653 653 653 653 653 653 653 653 653 653 653 653 653 653 653 653 653 653 653 653 141 
41 