Subject: 1011 52909 193 193 
8077 1011 52909 193 8077 
763 763 763 763 763 763 763 763 763 763 763 763 763 763 763 763 763 
28 54642 18443 164 
12769 9 4642 5004 193 193 
763 763 763 763 763 763 763 763 763 763 763 763 763 763 763 763 763 
52715 450 231 54643 28 54644 231 143 231 36095 54645 231 
231 54646 231 317 231 28 25296 54647 54648 193 231 
6460 487 72 38 52946 193 193 193 
68 626 124 102 4 10821 31 28 294 240 143 628 580 2 976 2625 12 
2606 976 2625 45 7135 215 9 219 215 144 219 215 1219 219 31 204 12 53012 12 
840 54459 21 38 74 28 183 31 68 273 229 77 19787 
23 359 64 21 38 74 50 9 149 21 68 273 16 231 6631 1775 500 302 7618 12 1217 231 306 28 
2744 231 5247 231 4 28 627 1479 12 