Subject: 35331 8849 17 9657 
82 150 204 36 1457 21 28 776 12 
7 207 148 49 678 9429 255 34 
482 17 87 21 481 9 4781 31 848 741 2606 76 12 
220 38 8 9 41082 9987 21 2671 28 819 
31 15 2003 2261 138 
187 38 435 21 11416 28 2261 34 757 445 38048 67 138 
72 38 2937 68 124 21 502 21 77 6548 347 164 40118 
111 68 229 107 77 49 38 12 12 12 591 8 205 9191 
21 2892 20 1906 77 43882 45 54120 347 54121 21 1355 
19653 184 1342 52963 125 670 9177 12 
28 2177 124 419 8 591 255 4 670 9130 34 19653 
765 390 741 2606 76 125 28 9657 31 769 2745 3314 17 
164 59532 4 144 143 827 1010 3091 54065 17 3312 834 
3389 1404 2901 17 4561 12 
2473 187 38 435 21 2 
648 12 54219 1425 2901 45 1166 17 67729 41191 9847 138 
144 12 19880 195 49144 125 184 486 31 54579 45 53808 45 347 13723 138 
827 12 6825 9 2041 67730 18489 5820 644 524 138 
2473 67 2 
648 12 59533 17 35375 2974 2901 17 4561 9657 138 
144 12 6825 17 59534 2901 35331 45 59535 20 17 19880 20 138 
827 12 4069 9 827 21 448 225 9736 7212 109 15 483 138 
644 12 34204 481 1897 17 15 49144 7813 44111 143 822 45 
54579 143 822 45 58183 143 822 45 55113 143 822 45 54474 143 822 45 36277 143 822 45 
17 2111 7813 54344 138 
164 38 9 536 35852 45 536 67731 17 9 160 34 20843 26 
6186 21 8 28 96 4 2261 138 
164 38 2966 31 34991 34 1319 4 9 53402 1129 
179 20 150 204 148 1457 23 38 138 
50192 757 8 2619 769 18418 23 28 361 445 21 933 182 
1010 17 13521 26 84 150 938 86 26 90 150 938 12 
72 38 164 5648 67 253 15 2261 12 12 12 
1324 41409 298 648 143 21884 143 23240 143 67732 215 952 17398 11809 144 5889 626 219 
4425 14029 193 143 107 23352 193 
96 97 
67733 1920 
143 143 143 143 143 143 143 143 143 143 143 143 143 143 143 143 143 143 143 143 143 143 143 143 143 143 143 143 143 143 143 143 143 143 143 143 143 143 143 
21 5247 81 149 306 5247 4 627 