Subject: 
502 517 
21 2 13851 143 3239 2 158 
626 143 619 2 
419 164 29999 644 12 2426 9 393 4149 2072 34 1491 21 1121 32080 16825 21 1510 213 164 40266 45 19478 347 62 41760 222 9 504 12 
419 482 21 1211 298 32080 67804 1012 49 4061 4 16458 45 419 2892 1826 124 2435 21 481 769 92 982 36425 17 53734 4 222 70 7656 12 
81 95 434 21 5615 670 384 37545 17 67805 12 
38 35 220 259 74 568 67806 12 215 1051 12 67806 12 774 12 590 219 12 
38 111 4572 650 4 28 659 5052 
397 2659 67807 12 1940 1257 12 3519 
347 
397 2659 21678 12 3362 12 5139 12 29193 
130 38 35 450 419 164 1449 4 670 36159 5615 2204 17 1207 28 95 31 591 255 21 7812 34 419 18 77 3358 819 1184 12 
1892 109 38 35 1448 434 11311 
397 2659 32080 12 29999 644 12 2426 
397 2659 12463 12 29999 644 12 2426 215 434 1170 219 
397 2659 4279 12 29999 644 12 2426 215 8706 1170 219 
81 95 434 21 5615 28 408 12 419 187 77 12376 21 2188 67 15 2568 17 3508 31 3542 45 84 38 482 21 33654 5182 81 3210 4118 3519 347 4118 95 1319 38 6572 12 
81 6342 68 231 8797 231 626 419 220 7968 8 28 483 21 2867 28 32080 3519 4 212 185 12 419 67808 6060 17 1449 925 34 38 150 587 95 434 12 
46 38 12 
29999 644 22611 
1772 