Subject: 42700 2 91 42834 
1397 7 1549 28 42700 3506 2939 21 840 574 74 28 
3247 42835 45 91 42834 229 77 829 17 397 347 
4148 3864 229 77 870 12 81 817 34 419 35 1449 481 
538 74 19405 1467 215 8400 2661 219 21 732 17 28 42755 45 17 130 
122 130 28 3507 449 164 107 10456 45 38 87 107 1 143 13 184 358 
1322 12 
259 2342 7 42038 9 6266 42836 45 540 124 3548 42837 45 251 419 
3196 2671 20 369 34 20 124 1449 13719 941 2 
28 105 31 42712 369 1417 130 231 176 31 8912 11983 11984 231 4 28 732 
540 124 3045 218 125 28 215 6537 219 14217 105 4 28 42755 12 72 
38 4758 45 7 18 2671 28 21093 31 42712 921 231 5840 2062 8912 
11983 11984 231 4 28 732 12 68 2671 18 445 2686 28 110 31 
196 5681 215 455 448 219 17 28 42712 976 4 28 1118 
1334 215 449 2449 17 390 219 12 
7 18 65 42838 91 31 28 449 177 7 42038 6830 1489 
10105 1440 215 435 23 28 75 31 7135 827 109 455 644 219 12 68 1465 21 
77 37683 9 2871 1021 17 7 35 3529 28 1021 1904 2858 74 
42839 28 10456 449 12 
81 1039 215 74 149 219 15 473 21 28 42840 538 12 
96 97 
42739 