Subject: 10267 2 751 68704 
143 143 143 143 143 546 626 143 143 143 143 143 
125 2 68705 14380 1101 68706 
21 2 68707 68708 47931 158 68707 68709 43088 
158 68707 68710 2958 158 68707 
68711 143 68712 68713 158 68707 68714 13238 
158 68707 68715 68716 
158 68707 68717 7450 158 68707 
68718 9363 158 68707 68719 2958 158 
68707 63390 1101 47931 158 68707 68720 14248 
158 68707 68721 1105 
102 2 978 45 3595 1970 45 2405 617 2 338 207 
627 2 751 68704 
41 17230 68722 2954 4036 8201 16965 68723 28865 12863 1095 27972 
41 68724 68725 17219 734 68726 5621 68727 671 151 150 68728 1095 
41 68704 68262 1193 150 68729 12 1248 39705 5621 17217 67945 1095 9832 158 18354 68575 
41 66233 67844 1095 67927 215 68173 150 9 10398 219 1101 1248 14983 68730 17237 151 150 39661 
41 5392 67871 32440 42043 10292 68731 68732 5929 653 240 1257 45 1248 39705 1193 150 39661 
41 68733 9 3071 39659 4191 16965 13527 150 67887 68734 
41 5621 67927 1095 5392 68735 45 1101 9 67992 11282 1095 5392 68736 9 151 150 17252 
41 16965 67933 17230 17218 3202 1101 68334 1095 9832 12 204 150 1248 17221 68737 45 68738 653 240 1257 
41 
41 39669 34771 45 14983 41203 17237 68739 653 240 0 68740 193 193 193 193 67932 
41 653 68741 3323 39707 1193 150 2954 32440 68742 68743 5392 9569 1099 68744 1095 5392 
41 1221 653 240 1257 28413 653 240 1257 45 1095 5392 34474 45 1101 5392 2691 151 150 17230 39711 1095 6177 9 5392 
41 68164 1101 9 5392 68745 653 240 1257 68746 12 
41 68297 1095 1193 150 39661 45 68747 3323 14850 653 240 1257 68748 
41 
41 1101 67849 45 67870 3323 13527 150 1248 39705 17217 2 
41 
41 648 143 21658 653 240 1257 22274 17230 626 46686 653 240 1257 653 240 0 1899 12 5483 302 68749 12 24402 12 590 
41 144 143 68750 68286 68751 215 635 219 5817 282 653 68752 626 653 240 0 46258 12 68753 302 68754 12 1105 
41 
41 215 653 240 1257 35899 151 150 4336 219 
41 
41 827 143 17223 5621 68755 5817 626 68756 68757 5621 68755 22081 68372 32440 734 
41 68758 
41 67982 6653 144 68759 1095 2 
41 
41 644 143 68760 3323 626 68761 68762 1095 17221 193 
41 
41 
41 653 827 151 653 827 151 653 827 151 653 827 151 653 827 151 653 827 151 653 827 151 653 827 151 653 827 151 653 827 151 653 827 151 653 827 151 653 827 151 653 827 151 653 827 151 653 827 151 653 827 151 653 827 151 653 827 151 653 827 151 653 827 151 653 827 151 653 827 151 653 827 151 653 827 151 653 827 151 653 827 151 653 827 151 653 827 151 653 827 151 653 827 151 653 827 151 653 827 151 653 827 151 653 827 151 653 827 151 653 827 151 653 827 151 653 827 151 653 827 151 653 827 151 653 827 151 653 827 151 653 827 151 653 827 151 653 827 151 653 827 151 653 827 151 653 827 151 653 827 151 653 827 151 653 827 151 
41 42 1236 31 2228 45 
41 
41 419 83 2473 4237 15 2439 124 17 515 43251 164 68763 
41 109 38 125 195 8128 12 779 419 62 3357 34 38 3088 
41 39426 2847 68704 109 8889 31 2051 4333 9826 12 515 11439 
41 124 161 49 9 13642 34979 21 77 13383 86 214 229 107 13542 
41 28 68764 31 9 1408 138 2847 68704 187 77 13383 109 68765 
41 8889 45 876 68766 2051 20480 17 35144 34459 17 17894 45 
41 347 16934 31 28 423 45 31 1355 5120 34474 506 45 1427 1510 214 
41 777 68767 17 67475 1355 777 28 2489 31 1553 
41 53581 347 9 13094 1408 12 6214 45 419 164 9685 34 28 
41 231 68768 231 260 13336 67 2847 68704 58 314 205 
41 4429 4 259 2342 130 7365 68769 1190 58 3568 2981 
41 6399 2707 31 68770 49 255 765 1250 17 419 
41 9600 3088 34 359 4148 7871 124 52 49 109 28 
41 386 31 3935 3855 21 2564 68 6047 49 53581 12 259 2342 
41 419 777 68771 15 68772 1947 21 28 5895 31 34474 12 779 45 
41 130 38 369 6113 295 68773 150 204 2382 45 38 229 77 68774 
41 68704 150 204 20480 17 28 34459 17 17894 31 1510 214 777 
41 19837 21 17368 55144 20470 45 4 9 508 13218 2193 215 5597 12 1085 
41 9818 49 1353 13124 45 279 31 231 2407 9642 12 11635 231 143 646 229 136 219 45 9 
41 20470 34 58 314 68775 49 646 1010 17 4 91 753 58 
41 68776 54778 28 68777 150 9826 12 20 1449 1465 21 434 34 28 
41 445 5688 49 34474 21 77 506 124 49 28 3805 68778 21 
41 77 4080 4 2509 12 184 11 34 214 84 77 4080 1553 74 
41 28 236 68769 68779 347 4 54161 124 9 68780 3619 34 
41 187 966 4 13286 1456 125 28 4579 31 1085 34474 12 
41 6214 45 419 62 477 1929 953 214 84 77 531 67140 21 
41 13542 1408 4 2509 45 251 107 21 10897 9 68781 946 17 9 
41 1408 4 54161 12 419 874 14030 34 38 18 17018 15 3805 
41 2439 17 1947 28 6047 49 2847 68704 21 77 4080 12 1353 
41 13124 164 107 33713 31 9 1084 185 12 26 6047 4755 17 34474 12 
41 117 116 45 
41 653 827 151 653 827 151 653 827 151 653 827 151 653 827 151 653 827 151 653 827 151 653 827 151 653 827 151 653 827 151 653 827 151 653 827 151 653 827 151 653 827 151 653 827 151 653 827 151 653 827 151 653 827 151 653 827 151 653 827 151 653 827 151 653 827 151 653 827 151 653 827 151 653 827 151 653 827 151 653 827 151 653 827 151 653 827 151 653 827 151 653 827 151 653 827 151 653 827 151 653 827 151 653 827 151 653 827 151 653 827 151 653 827 151 653 827 151 653 827 151 653 827 151 653 827 151 653 827 151 653 827 151 653 827 151 653 827 151 653 827 151 653 827 151 
41 7482 
41 
41 
41 
41 
143 143 
482 21 9253 125 68 110 138 
13 9 626 21 67681 143 9253 302 67682 12 47785 12 1217 