Subject: 1 2 42747 2 2707 21 77 3507 
12567 5203 4542 5005 19762 707 21 42765 14 718 42766 
21 684 8560 1257 42767 1753 2294 4814 21 8254 42768 
12567 734 7670 707 21 5794 2310 42769 4542 
3653 2315 42767 700 21 42770 
2315 42766 700 21 42771 215 2892 14 215 143 2 219 
215 1257 747 42772 705 3654 3422 219 
22591 
143 143 143 143 143 546 626 143 143 143 143 143 
125 2 98 99 470 2723 2 613 302 1243 12 320 12 350 472 
102 2 1037 45 247 1255 45 2405 729 2 2244 640 
21 2 4421 42773 
627 2 1 2 42747 2 2707 21 77 3507 
5179 322 8310 5576 4288 685 42774 746 21 42775 5794 14 718 
1257 42776 215 5092 3422 2294 42777 42778 158 219 2 143 219 
913 
4421 42773 101 2 
41 
41 3775 21 4288 6418 704 12567 42779 4542 4838 4380 4814 4544 12567 
732 
41 5092 
41 
41 22591 
41 
41 143 143 143 143 143 546 626 143 143 143 143 143 
41 125 2 98 99 470 2723 2 613 302 1243 12 320 12 350 472 
41 102 2 1037 45 247 1255 45 2405 729 2 1809 640 
41 21 2 4421 42773 
41 627 2 1 2 42747 2 2707 21 77 3507 
41 
41 4416 42780 746 714 902 42781 689 193 
41 3006 193 
41 
41 913 
41 
41 4421 42773 101 2 
41 41 
41 41 98 
41 41 
41 41 7 106 37 17 2143 37 21 28 1236 49 28 4288 12 
41 41 38 84 8 37 3193 1186 45 347 3079 28 945 
41 41 72 49 184 311 38 439 150 440 36 37 1324 14 3079 259 419 35 8 
4091 
41 41 2894 143 4239 37 6061 21 38 
41 41 
41 41 1758 
41 41 
41 41 1984 
41 41 
41 41 143 143 143 143 143 546 626 143 143 143 143 143 
41 41 125 2 98 99 470 2723 2 613 302 1243 12 320 12 350 472 
41 41 102 2 1037 45 247 1255 45 2405 644 2 636 640 
41 41 21 2 42761 302 42713 12 3519 158 42706 302 42713 12 3519 
41 41 635 2 14 158 1230 1220 
41 41 627 2 42747 2 2707 21 77 3507 
41 41 
41 41 42 21528 17 16193 45 
41 41 
41 41 81 861 2915 28 9 617 2707 4 12857 1519 17 9 8084 49 28 
41 41 42762 849 12 
41 41 648 12 3990 499 28 9 617 2707 4 373 1322 12 
41 41 144 12 5912 1404 1322 31 28 9 617 12 648 486 12 
41 41 827 12 6392 4 28 277 4 28 42762 849 12 
41 41 644 12 3990 17 5912 373 1322 31 28 42762 849 12 
41 41 729 12 13 14 74 4288 28 373 1322 31 28 9 617 12 648 2707 17 28 42762 
41 41 849 
41 41 306 546 35173 12 132 16 124 2 
41 41 
41 41 98 99 
41 41 245 31 316 17 318 
41 41 319 231 320 231 
41 41 321 12 322 12 323 324 
41 41 3657 12 326 45 2624 
41 41 327 
41 41 268 
41 41 
41 41 72 38 187 107 435 21 13 434 28 42762 849 45 81 1983 434 
41 67 
41 41 20 12 
41 41 
41 41 81 45 817 34 419 87 21 13 3212 2354 997 1867 12 7 187 
41 41 94 
41 41 20 45 
41 41 72 38 90 13 28 3507 2707 17 462 21 14 74 3079 215 336 397 1257 219 
28 
41 41 945 12 
41 41 
41 41 96 97 45 
41 41 
41 41 98 99 