Subject: 1 2 42700 2 7697 8292 
41 81 861 2915 91 429 6166 3932 
41 231 515 124 9 7697 7698 231 4 28 18196 4342 12 
192 12 419 150 587 933 23 20 17 82 38 83 670 6166 12 
38 4602 150 440 13 15 628 21 4202 143 7 150 587 19 20 21 1456 12 
81 220 1074 21 13 7203 21 1456 4 460 226 214 124 
1383 312 508 31 28 42700 548 4 2014 12 
41 3054 12 184 2600 109 28 2141 2846 138 
419 5419 150 440 6285 21 3078 21 184 1467 193 42714 17 42006 164 2147 
42879 306 28 319 2267 9 657 982 2350 12 215 7 6061 
435 28 42714 208 251 107 542 4084 143 7 435 28 319 4084 10 219 
96 45 
10367 