Subject: 
1530 21 67438 14214 45 17 366 109 564 
28 429 3040 12505 9623 15 2745 1971 143 371 425 
306 5054 359 9081 109 53431 2483 12 130 4091 
213 124 8172 143 52945 45 38 314 83 28 52760 2483 
28 1971 58 49 13406 53383 36377 31 11475 
17 49 34844 69050 18489 10461 12 5820 517 38 
914 62860 2487 13689 31 255 38698 28 2168 
31 28 1971 4 73 21 6825 11523 55423 47608 
499 31 60089 5486 12 369 38 531 35 8 68 2483 12 28 
1971 1128 28 1129 21 44126 21 36377 31 
255 23 5054 359 64 12 251 2473 35 38 9504 109 
68 138 23 67438 419 164 9757 21 9260 255 274 435 
38 4130 769 47 2745 1349 1971 1166 17 
8438 28 1446 2483 28 1971 2529 49 9623 
35331 12 38 8 28 3845 17 28 9987 314 12 515 419 
35 220 124 1211 38 306 28 1366 17 16846 21 59192 
15 19346 17 481 15 4561 28892 9 4169 12 
195 38 87 21 36 1339 124 9 1225 17 28 1162 
17 16846 670 504 1128 38 12 419 164 309 28 
13118 578 31 392 264 12 1512 49 28 35213 430 38 18 
128 12 670 1166 1325 18 2949 38 1318 515 21 
220 17 2473 21 220 20 12 195 56786 124 9671 12 20 150 204 130 
941 130 34 45 17 20 124 541 34 5054 2622 35 220 12 
419 23 67438 4782 38 34 68 18 77 28 38417 483 38 
8 1355 869 12 359 959 12644 109 28 69051 18588 411 
255 53907 4 28 4561 62812 31 28 3533 60076 
419 164 369 4075 12 38 18 2209 77 159 21 1324 28 
4561 18410 1897 12 369 17 49 1010 21 3078 193 
251 21 36 1339 38 8 21 85 34 4143 57532 12 672 
1897 72 59189 392 264 12 1512 124 531 48 49 9 5491 23 28 
3582 41868 38 8 3559 59049 31 12 1319 38 
128 28 36102 575 45 6482 670 6150 17 4700 
21 1897 28 52760 2483 49 18489 12 419 18 1844 
38 195 28 1366 38 87 45 17 670 36195 2563 18 1460 
38 1461 28 432 964 17 11024 5820 3040 31 28 185 12 
28 445 3203 38 87 124 28 19346 17 28 9987 21 
18093 109 15 2745 12 38 35 220 68 14444 31 28 517 347 
4496 45 49 445 9 2351 954 9 517 12 38 35 10442 15 
1125 10160 31 18489 308 12246 395 38 164 
474 68 18 548 12 17 20 18 193 251 179 38 450 515 670 
52760 4427 35 220 49 38 45 38 229 107 767 435 
56472 34 18573 48 3806 12 
419 8 314 13395 3920 150 204 31 48711 274 435 38 
4 11398 769 2745 20879 1349 3602 45 17 
369 419 482 21 95 38 12 439 150 440 6821 964 68 14343 1129 12 
298 1897 125 4561 6402 19728 12 28 8343 38 13 
497 49 68 62289 430 45 28 8343 38 18 77 
5813 28 517 38 1810 434 23 67438 12 
49 3212 38 87 21 3042 38 2745 1166 45 13 9 
4322 45 53552 4322 347 483 73 49 264 12 1512 21 2 
67438 14214 
69052 5541 8396 67589 3083 
9832 4118 7636 54502 4118 15612 
69053 45 347 69054 
81 1833 15 240 143 628 16 17 397 347 133 16 12 
72 38 8 184 463 81 240 143 628 434 2 69055 1775 335 302 7618 12 1217 
3318 827 143 848 2660 49 15 430 21 77 5927 12 
46 38 193 
21 77 6617 125 68 110 81 3820 21 
85 1775 14 1775 499 1775 1082 302 7618 12 1217 12 
12 