Subject: 1324 952 954 9 517 193 
176 56853 
3305 9 20814 460 45 483 53431 2168 45 
17 28 56854 31 195 12 
56853 125 1109 393 143 56855 
11905 371 109 15 1125 1162 
17 2261 2596 12 
359 1403 9693 45 2189 45 422 45 347 992 12 
56856 45 35941 45 35855 45 17 16917 215 2012 219 
56853 1357 4 28 2018 31 15 1441 12 
359 208 124 4224 3192 12 
41719 50078 12 
1324 369 21 128 15 38861 
1370 2660 193 193 193 
648 143 14593 143 53096 143 56857 
1324 952 954 9 517 45 248 2660 9 1867 45 1141 
54586 17 3380 12 
5247 143 143 143 143 69468 791 302 7618 12 1217 
827 