Subject: 1 2 42700 2 7697 8292 
42 4202 45 
1230 18 77 497 49 9 224 31 2660 45 259 7 149 21 15 626 12 
130 2342 130 42884 124 8085 45 7 4758 34 760 17 28 185 8366 
2377 124 2484 35 77 576 4 1404 29679 17 2177 7970 12 4784 45 
42884 124 9 1382 31 28 29679 13215 130 20 42900 2177 7970 12 49 
1485 45 11891 34 231 9 848 913 7698 124 41 1032 9 729 6110 7698 231 17 397 347 34 231 9 584 
19855 12816 124 4784 41 653 648 913 231 2971 28 2177 7970 13215 1410 28 96 
231 12816 231 7698 2442 49 584 19855 12816 179 161 164 144 7697 8292 
7881 21 650 231 12816 231 17 359 411 12451 164 1357 12 2152 28 2377 
1403 49 28 863 31 7697 8292 124 2377 34 35 77 576 49 769 
42884 12 
369 45 41994 12 12 12 
7 767 38 150 1 1457 34 28 2919 28 41994 164 28 959 29679 35 9704 109 
37 45 779 34 35 77 506 445 49 3039 4786 31 8292 12 1012 179 20 
479 21 38879 161 164 91 1440 34 62 77 6633 74 
41978 13004 12 28 310 42891 229 2706 218 3897 215 240 12 913 12 8135 45 
15711 4215 45 584 19855 45 409 219 12 179 161 164 591 38879 4 9 8366 
1334 45 28 29679 347 2177 7970 13215 1906 18195 37 215 347 23 1557 
861 28 8135 150 204 42891 219 45 28 41994 12512 164 107 4093 49 34 
1382 12 2152 28 38879 164 42901 17 130 222 26 229 2671 
2587 4 28 460 17 28 29679 13215 1906 65 77 159 21 10068 294 
38879 215 7 12 240 12 38879 34 62 77 275 4 28 41994 219 12 
28 92 397 2206 11947 1464 4 28 498 1833 1915 12 2473 220 38 861 
28 42884 1464 138 
7 8 91 2896 1743 28 42892 31 15 4649 12 
41 42892 650 215 42891 1232 1325 1232 9677 1232 6481 1232 1237 1232 5727 219 
926 68 2173 34 9 8366 7698 124 9 42902 31 195 28 4786 34 
12446 21 20 138 
347 124 20 2622 31 443 138 
70 3521 18 481 443 463 3250 45 240 12 913 12 45 2182 21 68 
4649 124 28 7255 231 13882 42903 618 4226 1877 4229 31999 42376 1225 231 
9080 215 4 70 12713 185 31 42904 17 7209 219 435 215 9 219 347 215 167 219 138 
9 219 
13882 
42903 618 4226 1877 
4229 31999 42376 1225 
347 435 68 
167 219 
13882 42903 618 4226 1877 4229 31999 42376 1225 
347 541 3191 138 
72 419 1522 67 8366 24477 28 185 20 124 131 4 215 167 219 45 419 164 2336 306 
1148 435 231 84 2194 7567 435 150 42376 1225 150 77 386 31 28 105 138 231 
12 12 12 17 259 109 215 26 164 107 531 584 21 1987 306 251 419 1906 1546 37 
1951 45 13586 143 435 219 12 111 161 124 65 28 421 31 105 12452 17 28 185 20 
3604 21 195 8292 12 12 12 
7 150 282 501 28 29679 2411 58 1339 193 
96 97 45 
507 
653 653 653 653 653 653 653 653 653 653 653 653 653 653 653 653 653 653 653 653 653 653 653 653 653 653 653 653 653 653 653 653 653 653 653 653 653 653 653 653 653 653 653 653 653 653 653 653 653 653 653 653 653 653 653 653 653 653 653 653 653 1232 507 42905 45 569 12 
1232 1086 2048 
1232 1237 17 1162 1238 1239 12 
1232 1240 12 31 316 317 318 
1232 1241 12 1219 12 204 12 241 12 231 320 231 
1232 327 325 326 51 2 141 454 143 648 143 8794 
1232 268 240 143 628 2 42906 302 1243 12 320 12 350 
653 653 653 653 653 653 653 653 653 653 653 653 653 653 653 653 653 653 653 653 653 653 653 653 653 653 653 653 653 653 653 653 653 653 653 653 653 653 653 653 653 653 653 653 653 653 653 653 653 653 653 653 653 653 653 653 653 653 653 653 653 42907 302 5047 12 5048 12 853 12 590 101 2 
41 42 1230 45 
41 
41 7 8 65 205 1960 109 9 1827 4649 31 7697 8292 
41 4 28 8135 4342 45 568 9 4218 31 1103 2298 449 21 3078 964 306 9 
41 6264 4649 12 20 124 42880 34 20 42881 13160 
41 306 28 110 4 15 150 7697 8292 9209 498 150 12 7 1833 
41 132 2600 1905 12 
41 
41 7 2937 208 3203 419 87 21 220 124 6137 28 342 397 3608 2585 28 
41 9451 31 28 7697 7698 863 17 2177 7970 2179 12 
41 
41 20 124 2603 34 3039 12659 90 77 8078 74 1553 
41 9677 12 313 28 29679 90 41642 70 9525 435 150 848 3825 150 130 
41 1277 45 371 109 28 1372 31 9 42451 140 306 9 1992 
41 12738 215 8082 964 4 9 7915 219 45 1553 28 29679 347 5598 13215 90 77 
41 2966 31 397 2134 49 12170 20 21 28 2171 150 7964 12816 150 12 
41 84 28 29679 77 2134 49 9676 150 42882 150 130 9 6613 650 45 347 
41 124 20 4093 23 28 29679 4098 21 1992 34 150 42882 5680 150 124 9 19646 
41 9525 138 11906 31 8366 2587 21 9903 1465 21 77 1412 9 
41 5598 4278 12 20 124 982 2603 177 11906 31 13112 397 9209 
41 21 10811 397 2179 84 85 198 215 3918 12 150 42883 34810 150 45 150 11934 2741 150 219 
41 
41 1148 1 2 42884 12 124 68 9 1382 31 28 29679 347 5598 13215 138 39118 
41 34 28 150 1877 150 4161 21 31999 45 17 876 9726 6604 4 28 9525 
41 150 38676 415 1877 150 90 77 506 74 1553 408 9677 12 28 310 7653 306 
41 41622 34 9 42451 140 14476 208 31 3825 45 913 45 42885 45 
41 42886 45 42887 347 42888 3624 28 310 12927 31 35997 12 72 7 1929 
41 3811 45 42884 222 130 68 187 85 198 179 8084 8371 
41 124 506 12 
41 
41 6166 1 2 28 38957 31 28 41994 12 20 1417 34 10407 9050 
41 41994 49 68 4342 18 107 77 829 12 371 109 670 1508 259 
41 2342 306 470 42889 45 9 532 4218 31 472 1103 449 45 20 217 435 
41 41994 13380 28 508 550 38879 397 6 397 10652 384 397 
41 1237 397 2179 397 10811 397 9209 164 4093 12 150 1992 150 8292 
41 35 12447 130 1368 42890 45 10602 9 
41 532 432 31 12928 2097 21 13981 28 6345 31 150 5141 150 
41 8292 12 130 9 47 4572 3521 45 9 150 2744 150 38418 74 9 1992 
41 42891 105 17 5038 74 9 6481 222 130 150 6245 31999 150 124 
41 13825 7877 21 77 9 1325 9525 12 
41 
41 49 15 430 45 1905 124 28 1827 4649 7 8 
41 205 1960 306 12 20 124 2705 982 1832 1032 28 208 4 28 498 
41 2743 12 7 8 12146 11947 921 2116 1119 6345 2 8366 45 
41 92 45 80 17 140 11947 215 42892 45 42893 45 42894 45 42895 219 12 7 65 
41 8 413 515 7 8 52 42896 45 540 42897 
41 9 8366 150 204 9666 921 9502 215 3552 447 45 19695 409 219 
41 17 42898 215 11966 1277 13112 222 130 150 12269 143 4 150 45 
41 150 1468 150 45 150 1373 150 45 150 1405 143 40040 150 409 219 12 
41 
41 20 229 77 1368 21 8948 632 11947 45 49 1485 72 9 80 124 
41 9601 109 15198 1397 9 3039 632 12 
41 
41 42892 650 215 42891 1232 1325 1232 9677 1232 6481 1232 1237 1232 5727 219 
41 42893 650 215 632 1232 92 1232 3265 219 
41 42895 650 215 80 1232 12366 1232 7871 219 
41 42899 650 215 4306 1232 34976 219 
41 
41 96 45 
41 4202 