Subject: 1971 352 3199 1184 
1971 352 3199 1184 
653 653 653 653 653 653 653 653 653 653 653 653 653 653 653 653 653 653 653 653 653 653 653 653 653 3836 15 3867 347 1184 21 28 1971 1132 58 4430 
205 13144 12 306 352 240 143 628 38 35 13 15 399 626 21 
36377 31 255 195 765 28 423 17 8 28 8866 3793 4179 45 
49 274 208 41197 2606 160 357 15 3946 12 
17 34 124 107 195 12 419 18 2349 49 298 28 11519 240 143 628 2588 12 
17 419 18 220 28 133 49 38 125 670 7279 12 195 38 8 21 220 124 
1453 9 52597 3946 45 4624 434 83 2473 591 255 38 482 21 128 
20 45 17 13 20 21 434 12 
274 7843 28 591 12940 31 352 240 143 628 7913 43542 347 
5112 3836 12 
352 240 143 628 9642 12 43542 3836 
653 653 653 653 653 653 653 653 653 653 653 653 653 653 653 653 653 653 653 653 653 653 653 653 653 653 49 474 45 43542 3836 124 9 990 185 21 44126 15 425 12 72 
38 198 15 43542 4 772 13030 2298 8025 17 1424 11009 435 
7618 193 347 51133 45 591 255 18 450 37 17 1981 15 2404 12 
251 20 58 2340 13284 7913 352 240 143 628 12 429 45 28 4180 
6460 143 1461 49 9 43542 3946 124 144 12 729 3471 12 34 124 45 499 31 3920 255 213 450 
15 43542 45 445 646 18 1981 15 2404 12 17 34 150 204 72 38 164 47855 12 
4150 109 28 2404 38 198 15 43542 45 20 3196 77 13439 21 28 
36883 1364 411 49457 125 15 12937 12 68 18 15425 
840 28 6460 143 1461 4179 12 
977 45 251 107 1557 45 9 43542 18 64 38 9 4781 31 729 4170 1320 92 
20 124 13439 4 9 2298 455 12 17 68 926 107 837 5697 34 28 
160 213 124 16378 34 455 18 450 20 12 
274 2937 34 306 352 240 143 628 3199 15 399 626 18 
1448 28 35159 31 15 9465 12 20 18 77 9486 1082 3471 31 225 45 17 2666 
72 275 31 1543 12 840 45 28 9465 3196 3832 15 626 21 77 
2666 1892 347 21 1981 15 2404 4 9 460 12 68 62 77 506 306 9 
43542 12 28 43542 11066 964 45 17 12916 1370 33456 12 
17 28 80 31 352 240 143 628 138 274 208 41197 2606 626 12 274 2937 31 
2473 591 4148 35055 38 35 1448 306 28 310 2415 130 9687 
21 43542 3836 12 
68834 352 240 143 628 124 107 445 48 959 1367 45 251 48 1954 
531 1032 43542 3836 12 
352 240 143 628 9642 12 5112 3836 
653 653 653 653 653 653 653 653 653 653 653 653 653 653 653 653 653 653 653 653 653 653 653 653 653 653 653 653 38 274 83 28 12940 31 352 240 143 628 2 1448 9911 31 4158 
4 33456 45 8 37 3832 15 399 626 4 769 1225 49 130 
122 130 26 467 259 34 20 35 77 2666 14444 45 10458 769 442 74 
55062 4 769 35159 45 13250 411 2901 461 12 195 31 68 23 
28 47 7883 80 12 
59 45 5112 3836 62 3359 2423 435 68 2 72 38 
2890 15 3946 4 9 514 358 45 20 18 77 13250 12440 31 411 3954 12 
72 38 521 21 19652 347 4559 45 130 1028 130 20 58 205 35620 45 20 12916 
19728 12 359 431 5491 21 2483 4158 21 3047 3192 15 139 
347 21 5506 347 329 28 3946 1892 12 17 38 63 49 34 130 72 20 112 3826 12 
31 203 38 90 521 21 6261 3133 133 12 251 7843 28 6237 2 49 
1320 8424 38 482 21 1448 45 38 87 21 3990 9 3893 45 1166 
849 45 20618 45 190 12 12 12 107 982 1032 7848 4170 2606 849 38 13 12 
833 28 80 21 7690 9 133 110 12 7843 68 21 352 240 143 628 2 274 648 
41197 2606 231 849 231 12 359 87 21 63 49 133 110 45 359 87 49 20618 45 
359 87 49 3893 45 359 87 49 190 12 
38 18 4430 861 2423 1954 45 779 259 1367 130 352 240 143 628 12 
3559 6482 96 11912 
653 653 653 653 653 653 653 653 653 653 653 653 653 653 653 653 653 653 653 653 91 255 220 107 482 21 128 399 7203 4 769 35159 12 4 
2177 26 36 47 18559 72 26 220 12 419 3522 68 74 8800 195 31 670 
8364 1461 670 3831 5247 110 12 68 18 5697 9 4781 
35774 
1313 45 833 959 6567 49 15 483 45 130 419 18 107 13 15 3946 21 255 
213 220 107 482 21 128 20 12 
65 77 130 1895 130 261 12 508 255 18 107 7874 21 2666 9 122 
240 143 628 12 251 26 18 2666 9 1893 45 11400 6827 31 15 1184 12 
1833 9 2298 16 45 240 143 628 16 347 837 10 45 9 8424 504 
139 
140 177 28 35 36 840 277 31 515 38 8 21 3359 12 
72 38 9494 352 240 143 628 130 20 84 77 506 45 306 6177 17 
55146 45 68 18 77 28 508 1349 3199 28795 38 
1355 481 12 17 20 18 611 8147 7770 49 15 53046 12 
72 38 164 1891 4 670 1184 45 220 107 149 21 68 240 143 628 45 130 
3347 18 77 6118 74 670 68835 12 81 66 434 23 
68836 302 68784 12 5363 49 195 15 240 143 133 571 12 
68 124 9 208 92 240 143 628 12 534 45 72 38 467 21 77 413 4 670 3831 
5247 110 4 73 107 21 128 184 840 4756 125 434 347 670 
4158 45 81 149 21 68 240 143 628 306 5247 130 627 12 