Subject: 2707 141 42762 143 849 
42 98 45 
7 8 274 369 77 307 34 670 1762 124 37081 4 1090 49 1360 
31 42763 2 419 2982 5830 49 1456 130 28 15225 143 1762 124 109 3611 4 
28 391 12 
7 925 28 1762 18 77 182 3193 347 978 12 4 28 12503 279 7 
2937 49 3079 1850 214 18 947 12 
1034 
42764 
43 12 3723 12683 12684 
1662 1086 1524 45 
3274 12 31 1225 340 45 384 17 4099 
176 31 8912 45 11983 11984 
407 2062 11983 11984 
42716 8912 215 284 219 
1068 2 141 2995 1973 42717 215 157 219 158 141 2995 1973 42718 42719 215 1239 219 
51 141 2995 1973 42720 158 
240 1775 628 2 12684 302 2377 12 37675 144 12 20 
