Subject: 298 5634 3898 45 4430 62498 193 193 193 193 193 193 69530 
42 18794 45 
298 5634 3898 45 4430 62498 193 
38 35 128 28 483 38 87 12 12 12 
21 3042 15 2745 3314 1166 12 12 12 
5865 184 9697 311 347 87 12 12 12 
5820 517 36377 31 7804 164 78 497 21 255 45 274 435 38 193 193 
15 10656 63538 11471 31 5810 7804 109 10656 3898 12 
220 38 83 34 6822 3254 45 14030 17 42901 164 
1403 21 1844 497 9 35910 31 35144 49144 12 20 1931 150 440 1384 45 
177 38 11416 45 15 12322 659 45 347 72 38 164 21336 45 53496 
347 8012 109 9 2205 18489 12 161 229 77 9 2393 49 38 193 
213 35 4702 138 
2622 35 4702 49 9 2393 125 1254 1010 972 17 964 193 
419 18 95 38 193 
419 18 2482 38 2473 177 62246 3898 12 
68 483 58 21 77 78 497 45 
953 107 21 
38 138 
3898 125 392 2862 12 1529 21 392 390 45 1857 12 1529 164 261 193 
3898 439 150 440 8 21 77 484 182 45 1355 193 
3898 35 77 8398 49 255 213 164 347 199 55095 347 274 
8 984 1058 12 
1445 15 55788 31 28 298 1009 10433 45 
81 1981 670 2298 143 2404 1905 17 198 15 73 
328 193 
6460 487 
439 150 440 523 45 68 124 9 864 92 3359 23 68 14343 2620 80 193 
36 34 2393 369 45 1397 2050 20776 92 479 193 
419 6060 49 184 273 38 229 8 54254 293 12 
81 6460 487 21 77 6617 125 
460 8364 12 