Subject: 53397 6230 1166 193 
653 653 653 653 653 653 653 653 653 653 653 653 653 653 653 653 653 653 653 653 653 653 653 653 653 653 653 653 653 653 653 653 653 653 653 653 653 653 653 653 653 653 653 653 653 653 653 653 653 653 653 653 653 653 653 653 653 653 653 653 653 653 653 840 54459 21 38 74 28 183 31 68 273 229 77 19787 
23 359 64 21 38 74 50 9 149 21 68 273 
16 306 28 2744 231 5247 231 4 28 627 1479 12 
21112 4441 2 
648 12 6460 231 149 231 
144 12 8066 231 5247 231 4 28 627 1479 12 
220 107 8066 184 411 4778 45 220 107 8066 9 626 12 
827 12 6460 13 12 
644 12 28 408 18 368 195 2661 34 2586 231 5247 231 4 28 627 1479 12 
729 12 28 408 18 5247 28 16 60893 125 195 1316 12 
824 3210 208 31 28 8866 14209 1504 4 28 423 12 
824 670 1971 49159 9827 58 1344 21 5865 6190 45 1857 389 12 
824 4642 6230 20770 306 765 394 19788 105 9899 
824 1524 52925 59114 109 195 20770 6204 
824 52760 14209 10898 575 
824 4430 63 1446 80 49 2423 120 
824 990 1166 1129 130 505 
824 9180 70 18489 49 2261 
824 8163 483 17 481 483 125 28 12227 31 15 3314 
824 298 21 3210 
824 5054 359 50099 
824 818 298 12831 143 4292 49 298 369 17 36 9 96 18432 6230 
3199 240 143 32 5054 298 12 
21 36 15 298 619 4118 45 15 298 240 143 32 45 17 77 8120 49 9 298 11068 
57949 23 670 20770 45 6460 109 28 273 3979 1905 12 38 1906 1833 1404 
15 429 105 17 15 977 105 4 15 149 628 4 73 
21 2974 28 387 368 12 192 193 
149 21 2 
240 12 32 12 619 302 61456 12 1217 