Subject: 366 45 38 164 9 54615 193 
125 2 67373 644 302 6823 12 1217 
63767 2 
611 143 612 2 67373 644 302 6823 12 1217 
632 2 246 229 7284 608 2 1259 2 4303 141 339 
366 4183 
38 3507 964 182 4 229 49 670 298 7798 19975 49 373 12 
366 45 38 164 9 54615 49 208 31 670 298 7798 19975 12 15 10671 18 77 34746 21 38 
1370 248 143 848 2660 407 434 628 12 38 1906 6460 109 28 3979 1905 17 6392 499 28 
430 1318 130 20 18 108 109 15 10671 12 38 229 955 28 431 
20977 8086 72 38 164 107 474 213 18 77 985 306 38 251 38 1906 66 
434 407 3852 23 1557 848 2660 1481 21 5833 306 28 431 53572 150 204 
105 12 68 18 195 77 3053 21 38 4 28 4774 963 499 21 38 12 
81 6460 487 
347 521 21 1050 2 397 397 13755 12 2449 12 5020 12 827 397 11012 12 5051 