Subject: 1 2 4569 10245 
9365 3723 37144 43547 101 2 
41 91 255 58 1374 1086 109 11559 1315 10245 49 
41 549 4649 17 49 4649 4 597 12 28 776 124 
41 11559 10245 31 218 1002 215 1475 2283 45 7845 16978 45 
41 15420 45 409 219 10459 109 28 310 1485 6185 45 17 10877 769 
41 2431 12 
9365 143 
34 150 204 7196 48 1318 515 132 10658 2417 
2591 12 251 45 21 77 13267 45 7 445 8082 23 373 
1372 6 4 4200 215 208 9 8214 8807 
17 28 411 124 371 109 28 231 2213 31 1780 231 1325 
125 237 238 219 12 10220 17 41115 164 65 312 91 
530 548 4 68 2088 45 17 161 124 5865 3559 
827 347 644 451 109 1372 4 28 6522 401 12 
450 2 
1051 12 37074 12 1309 397 763 4669 397 8198 
143 143 
315 12 1984 4669 45 11092 12 43 12 45 1225 340 
37074 176 45 208 176 315 12 45 42855 3815 43559 
4669 302 37074 12 1309 
1051 12 37074 12 1309 397 763 4669 
9110 143 7109 143 43560 