Subject: 419 35 13208 15 1058 1059 19605 4 1894 
36 499 31 19605 369 193 193 193 193 193 
164 38 33699 4 19605 138 
164 38 357 52897 139 3625 138 
82 670 5182 95 38 21 9604 15 52827 12 
306 670 2950 38 18 824 2 
824 63 2354 195 54272 19605 4 1254 143 454 524 
824 13208 15 115 19605 4188 74 964 21 390 3471 
824 13208 1058 1059 55836 454 143 394 3471 
824 9180 48672 1320 17 5820 76 
824 7954 53524 52898 72 34 124 1383 9 1021 12 
6460 
487 
21 77 6617 125 670 133 110 45 81 6460 8066 15 
273 16 23 28 3905 306 5247 4 28 105 2018 12 12 
143 143 
482 21 9253 125 68 110 138 
13 9 626 21 67681 143 9253 302 67682 12 47785 12 1217 