Subject: 1 2 1642 1082 1224 174 
42 98 45 
7 207 1960 109 20 45 251 28 963 2618 49 6522 45 1513 45 17 6523 45 
6524 508 31 132 92 12 28 1642 358 124 6210 1027 12 161 124 
1449 91 959 6176 34 7 87 21 2974 12 7 150 587 36 182 21 38 
1370 28 997 1867 12 
97 45 
5514 
43 12 5515 2288 
653 653 653 653 653 653 653 653 653 653 653 653 653 653 653 653 653 653 653 653 653 653 653 653 653 653 653 653 653 653 653 653 653 653 653 653 653 653 653 653 653 653 653 653 653 245 31 1225 340 17 
2445 49 237 3947 
28 2522 176 45 5516 5517 45 1275 
1068 2 141 5518 143 144 143 5519 143 5520 51 2 141 5518 143 144 143 5521 143 5522 
273 2 2288 302 851 12 5523 12 853 12 1248 
2298 2 1050 2 397 397 1051 12 851 12 5523 12 853 12 1248 397 763 2288 
109 332 45 343 956 2405 45 98 99 101 2 
41 42 43 2288 45 
41 
41 274 9 1893 6141 31 28 1224 174 49 1642 138 
41 90 38 81 82 434 83 31 28 2228 31 15 466 138 
41 
41 96 1204 45 
41 
41 98 99 
41 