Subject: 35941 2016 
4425 161 45 
179 7 6456 15 35941 2016 17 3620 20 4 41575 410 31 28 
4167 3078 964 12 
124 161 91 1021 306 68 30 45 347 124 161 9 185 21 36 4579 31 
9 30 306 28 4167 138 
1034 
37597 41607 
125 143 606 607 608 135 2 1259 2 892 335 
611 143 612 2 
293 2 74 34435 12 1243 12 1265 12 1266 143 440 12 350 215 644 12 648 397 646 143 16969 143 248 12 0 219 
619 345 41608 158 622 45 636 730 1514 848 2 892 2 2244 141 624 
125 2 98 99 
1446 143 105 2 98 99 
626 143 619 2 
627 2 379 141 141 
21 2 613 302 34435 12 1243 12 1265 12 1266 143 440 12 350 215 98 99 219 
632 2 622 45 636 730 1108 848 2 892 2 2244 141 624 215 633 634 219 
4 143 149 143 21 2 125 231 98 99 231 23 730 618 45 1514 336 2 1970 2 1799 207 
641 143 642 2 643 470 30 144 12 644 645 333 472 
647 143 30 2 648 12 0 
649 143 650 2 549 397 651 158 652 653 434 143 654 
649 143 655 143 656 2 248 657 
649 143 447 2 9842 
659 2 660 
641 143 661 143 659 2 855 
641 143 661 143 659 144 2 663 
641 143 664 2 665 666 609 240 41609 
669 577 45 
7 36 41610 130 7 36 359 514 109 2366 150 204 379 12 
106 20 107 521 6044 138 
7 8 21 1844 9 379 1904 997 1867 12 20 18 8 21 77 
4 674 17 20 3196 77 180 74 591 2340 1430 255 12 
251 20 18 3554 77 28 310 130 28 208 7 2143 4 2014 12 
96 1204 45 
98 