Subject: 1 2 42518 
648 12 38 8 9 776 45 6971 15806 6934 15815 7043 4318 15306 42561 6786 6921 7648 
42562 15525 4312 42560 1150 12 42372 4318 42373 42563 4309 7115 3182 3186 
42564 12 
144 12 3186 42538 42565 6934 6943 42550 215 6929 33897 219 3185 42566 15407 12 
11707 42567 231 4309 42550 6751 42565 6934 3186 42538 231 158 
827 12 4309 7036 11333 6760 3177 42568 215 7027 3186 10637 219 12 
3189 
143 143 143 143 143 546 626 143 143 143 143 143 
125 2 98 99 470 2723 2 613 302 1243 12 320 12 350 472 
102 2 3797 45 249 847 45 7284 729 2 147 640 
21 2 11750 2549 
635 2 14 
627 2 1 2 42518 
11750 2549 101 2 
41 
41 648 12 7027 3186 10637 45 3174 6921 7648 3173 1876 3471 215 7321 6789 7648 158 219 4312 6792 
41 42524 45 42531 4318 42532 3182 6749 42533 6774 4318 42534 3183 42526 3173 4309 42524 
41 6760 1932 9984 143 6869 2 6789 6749 42535 3183 14913 6774 13855 6865 
41 42536 45 6971 6774 231 42537 6792 33334 4311 231 6789 7017 15262 215 19665 219 
41 7644 
41 
7079 4309 42569 6760 7165 4318 18226 45 7067 6789 3185 42570 3182 34192 42524 3173 3182 
6760 15562 7165 4318 18226 158 
41 144 12 11327 6760 3186 42538 158 4309 42539 6758 42518 158 6921 8682 12 12 12 
41 
6755 12 3186 6927 4318 15098 6758 42518 45 3186 11736 6934 6786 6916 42565 
6934 6792 7514 42550 12 
41 827 12 6895 11729 143 11771 42540 12 12 12 
41 
11349 6795 4318 7170 42571 3183 42526 158 3185 15387 3186 42572 397 6876 4318 14870 6776 3185 
15387 
42553 4317 3183 42573 6774 41860 158 
41 3189 
41 
41 143 143 143 143 143 546 626 143 143 143 143 143 
41 125 2 98 99 470 2723 2 613 302 1243 12 320 12 350 472 
41 102 2 3797 45 249 847 45 7284 644 2 1529 640 
41 21 2 11750 2549 
41 627 2 1 2 42518 
41 
41 6802 15156 193 42541 6934 42542 848 42543 42526 45 6921 6945 3182 3185 42544 10616 
41 6917 12 42545 2 
41 648 12 7067 4311 42535 42526 3183 7057 42546 6786 6789 42547 42548 12 
41 144 12 11349 42549 4309 42550 6758 4318 18323 6934 3186 42538 4317 34170 
41 10590 14907 215 6895 6917 6948 11177 150 10612 193 219 158 
41 827 12 7317 6760 42551 3183 42526 158 42552 3185 42553 4317 3183 
41 7512 158 6907 4318 7170 42554 3182 42555 42556 3185 15387 15390 
41 4317 42557 3186 6998 158 6789 3185 42558 6895 3182 42559 6777 
41 42560 12 
41 
41 14674 
41 
41 11750 2549 101 2 
41 41 
41 41 6749 33438 215 158 219 2 42523 42524 42525 6808 42526 12 7118 6934 448 143 248 7044 4318 42527 
41 41 42528 6921 11812 3173 18224 4318 18225 12 
41 41 
41 41 11749 
41 41 
41 41 4322 499 1051 12 42518 12 350 6774 42529 42530 12 12 12 