Subject: 1 2 470 471 2 470 471 2 10978 707 21 7607 1652 42182 472 472 
6953 3182 6781 138 10628 10612 7043 4318 15306 42183 3173 3185 
10612 6927 4318 15808 42184 12 
6751 6916 6917 3186 7186 42185 14933 12 
7589 42186 3173 3183 15811 45 14603 14604 12 
653 653 653 653 4485 204 12 2543 
2329 2084 
1762 45 1153 384 2022 
1617 31 4099 17 1153 1238 
1333 176 31 1013 
1884 7244 45 268 
1068 2 141 454 5474 5475 45 5476 12 51 2 141 454 5474 5479 
220 38 7618 193 138 
7618 193 11068 143 35775 31 9899 12 36377 31 3867 12 
1050 2 397 397 11068 12 7618 12 1217 397 