Subject: 670 1086 
98 45 
487 124 9 39 31 28 273 7 102 21 7556 43237 8695 12 
143 143 143 143 143 143 143 595 626 1528 143 143 143 143 143 143 143 
125 2 9118 
21 2 45 7556 43237 
627 2 670 1086 
1322 21 2 16407 
13 149 21 2 204 12 282 12 10956 302 852 12 853 12 590 
632 102 2 332 45 608 1303 2149 343 2 847 2 952 
7556 45 
591 192 49 15 273 31 343 3595 12 670 273 1826 369 
1465 21 548 138 193 
161 8 205 91 3387 23 68 75 12 98 99 45 9 
1272 12 151 12 570 31 577 866 45 58 205 21 450 14 1315 225 67 2051 
1086 45 17 58 2111 1891 4 132 41466 6556 12 4 2177 45 214 58 
2033 28 1219 644 12 729 1400 21 20 306 1368 1508 12 130 9 966 45 7 
2937 34 515 314 187 8 205 70 530 358 18 369 
2111 70 837 959 530 208 12 2051 1508 164 445 2604 
23 28 3315 45 130 6182 164 2854 45 251 26 933 1418 17 
9985 21 132 17 15 2106 193 7 2222 4618 21 13 38 28 
1277 386 31 2051 273 21 14 12 
4 1478 3123 45 670 358 84 933 435 68 2 
648 12 2411 31 10950 7389 45 237 238 17 1475 2514 
1708 12 
144 12 2411 31 28 41466 573 432 34 419 8 205 148 23 12 
827 12 9 959 1832 4280 31 28 754 1362 31 
12466 12 
644 12 9629 12 
7 41477 1320 31 434 305 28 1277 3510 31 28 358 45 6471 45 
38 187 85 109 28 237 238 386 45 7 187 220 28 10950 
7389 45 17 98 187 2223 28 1475 2514 386 12 7 2937 
34 419 35 43245 28 3510 31 28 358 3991 17 43246 
37 1122 4 28 310 185 12 7 187 77 47 376 21 12447 130 258 
31 28 2200 358 12 
220 82 14 83 515 38 2937 31 68 605 138 7 187 65 435 21 256 
34 121 419 8 221 68 9478 600 499 31 28 185 45 20 187 
77 508 530 21 933 23 28 43247 600 306 591 
959 2054 12 251 45 208 3040 23 9 92 12 
306 96 1204 45 
10955 
315 12 10955 282 12 10956 
560 1617 
28 176 
175 
282 636 1257 645 
590 
273 2 204 12 282 12 10956 302 852 12 853 12 590 
1068 2 141 141 7107 143 3363 143 10957 
51 2 141 141 7107 143 3363 143 10959 