Subject: 1 2 28 573 124 8162 193 
42 98 45 
192 49 195 15 584 548 45 17 49 50 9872 15414 12 
7 150 938 7266 43284 411 1519 124 45 251 20 35 150 440 
77 48 4550 1032 34 49 691 193 193 7 150 151 94 9 39 193 
7 36786 150 440 36 184 92 21 548 109 68 1397 28 1841 997 1867 45 
259 38 90 955 20 109 43285 49 14 21 3571 125 10955 
118 20 195 227 259 43286 12 7 35 150 440 256 7 150 282 531 43287 12 925 20 
39773 150 440 43288 306 15 2012 12 
7 7809 21 36 7235 4 21 2618 23 28 43289 86 7 
112 585 34 43290 43291 3196 85 9 122 92 193 193 
8 9 502 9499 143 220 7 11378 43292 164 43293 21 268 1028 138 
7556 