Subject: 4731 2 109 143 1479 6466 
90 38 1987 306 68 81 12 
2409 
143 143 143 143 143 595 74 2409 3081 397 2643 397 6365 397 6366 109 609 397 618 397 1082 847 2 1973 143 143 143 143 143 
653 
653 639 
231 6367 143 6368 45 3723 215 3082 653 639 
3083 219 231 21 2 231 2409 3081 215 240 143 628 219 231 653 639 
653 639 
4609 12 1217 41 635 2 653 639 
627 2 4731 2 109 143 1479 6466 653 639 
1535 397 618 397 1082 609 2 1764 653 639 
653 
653 639 
653 
653 639 
41 143 143 143 143 143 546 626 143 143 143 143 143 
41 125 2 6467 302 3478 12 964 12 3424 470 1793 2 6467 302 3478 12 964 12 3424 472 
41 102 2 1535 511 335 637 2 2244 2 640 
41 21 2 2409 12 3081 302 590 12 4615 12 1217 
41 627 2 109 143 1479 6466 
41 
41 42 43 12 3195 
41 
41 164 28 401 31 28 936 109 573 1365 4 3085 45 
41 3199 17 857 215 5752 1082 219 1357 109 143 1479 138 
41 
41 96 97 45 
41 
41 4048 653 6468 6469 
41 3349 31 3085 397 1662 1239 
41 176 31 1561 
653 