Subject: 538 4 935 2086 
215 7151 4312 11358 4318 42197 6919 7516 7530 219 12 
6919 15138 4317 7043 4318 15306 6774 42198 215 42199 219 7043 4318 15306 6963 42183 4309 
42200 3182 15476 6774 42201 3185 42202 11358 5757 12 5757 12 
3188 3173 42203 3173 3185 7186 231 15912 11188 4318 15114 42204 231 12 
6919 42205 7070 42206 3185 6887 5757 12 3188 3173 42207 8681 42208 
6865 42209 6865 42210 3185 6887 42211 42212 3186 41946 6865 
42213 6921 6993 4318 7174 15841 18304 42214 6758 42215 6776 6758 
42216 4318 42217 42218 12 
6760 42219 7317 6795 4318 7313 6978 4315 6773 3183 42220 2 11837 45 42221 3173 
42222 42223 3185 6792 42224 7317 3186 7424 15321 6865 42225 
42226 6758 42227 42228 3182 6792 42229 12 
6854 49 28 13594 12 
17571 4318 11780 7589 42186 3173 6867 42230 4318 11719 4312 3186 7583 6802 11778 12 
14603 14604 12 