Subject: 470 42700 472 42700 1841 1110 
669 45 
28 42700 1841 124 985 21 85 198 4 28 359 12 644 19372 1044 4 
28 1353 1826 2035 4 42869 198 12 28 5032 124 23 359 12 
144 42869 198 158 521 4 28 6059 9858 17 964 208 946 31 42870 17 
111 3664 28 10133 109 28 9858 109 28 1457 540 124 9080 597 157 
17 17501 17 4091 18 82 38 4 17 352 38 21 28 19372 
1044 12 
450 38 997 1867 45 
10016 
68 626 112 2475 407 28 231 42700 143 8448 231 110 12 
21 13 9 626 21 28 110 389 45 273 42700 143 8448 302 1243 12 320 12 350 12 
445 110 389 35 13 461 21 411 389 1461 28 110 12 