Subject: 3210 68643 514 143 110 12 
669 45 
1553 1897 347 28863 3191 752 28 273 1905 21 77 4193 
21 28 68643 514 110 12 419 46 38 49 68 45 251 419 62 1014 
15 4221 395 38 1075 38 545 482 68 12 
49 959 277 67 68 110 81 450 670 3981 23 
1050 2 397 397 1051 12 68643 12 1217 397 138 68644 653 648 
38 35 1075 4 373 218 1438 2 
648 219 1553 149 21 68 626 306 28 3509 6290 4 15 149 12 
347 
144 219 6460 109 28 3979 1905 2 215 38 229 8 21 13208 17 37563 921 
15 9752 219 
130 1028 130 38 1075 15 4221 45 419 35 3042 50 38 
514 67 670 2404 12 
72 38 8 293 68 626 4 1409 45 220 7289 17 38 18 
107 77 4077 21 670 1316 12 
5962 1285 49 273 12 220 107 6631 2 
2720 2 68645 1170 302 1243 12 320 12 350 