Subject: 502 2739 110 49 38 21 1981 12 
81 1981 28 2739 17 6460 28 3301 150 204 43542 21 1947 28 2298 2404 17 81 19 68 273 21 15 17894 72 38 2937 26 18 1891 49 28 2739 1905 121 38 4210 12 
648 12 1050 2 397 397 1051 12 68812 12 1217 2 298 38679 2941 1357 81 6460 28 3301 150 204 43542 21 1947 68 455 12 356 31 8031 14173 18502 150 204 6457 1357 487 49 6456 49 298 12 81 817 34 68 2404 87 11956 1237 21 3620 12 
144 12 1050 2 397 397 58375 12 323 12 22910 2 38 35 861 356 31 58420 17 18438 1237 487 12 38 35 572 195 28 36242 308 36296 12 
827 1050 2 397 397 1051 12 68813 12 1217 2 546 68814 48877 49 49196 125 434 392 729 12 1082 21 434 392 135 12 1082 215 4634 2977 1357 219 3210 1825 49 298 12 
644 12 1050 2 397 397 1051 12 68815 12 1217 2 38679 68814 48877 49 49196 306 96 80 195 68814 164 68816 12 81 3210 28 133 110 72 38 1891 4 38679 68814 48877 259 34 26 35 13 38 49 945 5883 12 
729 12 1050 2 397 397 68817 12 1217 2 36 1876 6110 1971 11007 49 298 12 
448 12 1050 2 397 397 1051 12 68818 12 1217 2 41192 38 298 3314 455 487 12 
248 12 1050 2 397 397 1051 12 5972 12 3519 2 36 15 298 68819 308 184 43542 12 
617 12 1050 2 397 397 1051 12 68820 12 1217 2 37230 143 38907 2404 
1257 12 1050 2 397 397 1051 12 194 12 1217 12 17250 2 9 990 2404 125 17250 
848 12 1050 2 397 397 1051 12 46239 12 1217 2 9 990 2404 125 17250 