Subject: 1 2 41975 2 8177 358 
42 98 45 
10269 58 41716 1461 28 753 17 
419 18 8 502 2230 49 91 6345 12 
38 18 128 328 9 47 1405 143 498 31 28 358 2 
361 45 6642 17 670 429 2600 67 28 1508 12 
179 195 31 434 220 4758 306 542 597 6642 17 542 361 
17 179 38 432 15 2745 412 110 45 
187 38 481 28 1158 358 387 45 81 138 
96 97 12 
10430 
41 143 143 143 143 143 626 151 150 10270 143 143 143 143 143 
41 1095 2 98 99 470 2723 2 613 302 1243 12 320 12 350 472 
41 632 2 10272 952 42027 7284 609 2 894 
41 9 2 10449 45 10430 
41 635 2 10371 45 10269 158 150 1230 1220 150 158 8253 158 14 
41 10271 2 1 2 41975 2 8177 358 
41 
41 
41 42 10430 45 
41 
41 7 207 501 34 28 573 12655 12 
41 7 925 34 419 150 587 861 91 530 753 21 572 130 
41 2230 4 28 358 12 
41 35 38 6638 179 419 18 8 28 429 498 49 28 358 138 
41 81 1074 34 419 87 21 220 28 310 49 674 17 419 
41 187 435 21 
41 450 28 753 34 38 18 77 568 45 4 73 21 4322 28 
41 674 753 
41 31 12079 12 
41 
41 96 1204 45 
41 
41 98 99 
41 
41 231 10449 45 10430 231 101 2 
41 41 
41 41 42 98 45 
41 41 
41 41 28 573 34 38 8 1866 164 7990 12 
41 41 
41 41 419 1006 9 5334 34 34868 1056 449 306 2230 
41 41 13474 125 514 3897 1141 4347 158 
41 41 20 124 9 502 185 49 9 1353 528 21 244 28 1508 12 
41 41 
41 41 369 997 548 124 109 670 6219 12 12 12 
41 41 
41 41 96 97 
41 41 
41 41 10430 
41 41 
41 41 41 143 143 143 143 143 626 151 150 10270 143 143 143 143 143 
41 41 41 1095 2 98 99 470 2723 2 613 302 1243 12 320 12 350 472 
41 41 41 632 2 10398 623 42027 7284 618 2 2243 
41 41 41 9 2 10449 45 10430 
41 41 41 635 2 10371 45 10269 158 150 1230 1220 150 158 8253 158 14 
41 41 41 10271 2 1 2 41975 2 8177 358 
41 41 41 
41 41 41 
41 41 41 42 10430 45 
41 41 41 
41 41 41 487 164 28 1508 12 419 8 10938 28 8876 42028 12 
41 41 41 419 777 42029 753 49 865 215 241 648 219 17 42030 49 7823 215 241 144 219 12 
41 41 41 4 834 161 199 42031 753 31 12079 4 241 144 12 
41 41 41 28 2397 31 28 10451 164 2182 21 
41 28 235 
41 41 41 7910 20907 2 
41 41 41 
41 41 41 215 9 219 215 167 219 215 1219 219 215 151 219 
143 143 143 143 143 143 143 143 143 143 143 143 143 143 143 143 
41 41 41 35876 448 337 42032 215 9 219 2 8876 8186 
41 41 41 827 6115 2248 25429 215 167 219 2 8876 42016 
41 41 41 336 1799 42033 42034 215 1219 219 2 8876 7723 
41 41 41 16930 786 24474 42035 215 151 219 2 8876 42010 
41 41 41 
41 41 41 28 6627 753 31 12079 164 4 28 2939 2915 21 
41 41 41 68 273 12 
41 41 41 4 9528 1397 1320 279 479 28 4649 31 1219 644 12 729 12 
41 41 41 
41 41 41 7 925 68 124 195 2603 12 81 45 672 14 72 161 164 184 
41 1440 12 
41 41 41 148 19 21 42036 28 429 498 31 28 358 12 
41 41 41 
41 41 41 96 1204 45 
41 41 41 
41 41 41 98 99 
41 41 41 
41 41 41 231 10449 45 10430 231 101 2 
41 41 41 41 
41 41 41 41 42 98 45 
41 41 41 41 
41 41 41 41 231 42028 231 7258 7817 49 231 483 231 
41 41 41 41 68 2171 124 487 49 12249 311 45 
41 41 41 41 419 199 2493 31 3801 964 68 2171 531 12 
41 41 41 41 
41 41 41 41 259 38 229 955 20 499 49 15 1172 12 
41 41 41 41 
41 41 41 41 96 97 
41 41 41 41 
41 41 41 41 10430 
41 41 41 41 
41 41 41 41 41 143 143 143 143 143 626 151 150 10270 143 143 143 143 143 
41 41 41 41 41 1095 2 98 99 470 2723 2 613 302 1243 12 320 12 350 472 
41 41 41 41 41 632 2 10398 623 42027 7284 847 2 2248 
41 41 41 41 41 9 2 10449 45 10430 
41 41 41 41 41 635 2 10371 45 10269 158 150 1230 1220 150 158 8253 158 14 
41 41 41 41 41 10271 2 1 2 41975 2 8177 358 
41 41 41 41 41 
41 41 41 41 41 
41 41 41 41 41 42 10269 45 
41 41 41 41 41 
41 41 41 41 41 419 8 293 28 294 573 17 419 150 587 13 38 28 1508 
41 41 41 41 41 47 1028 12 
41 41 41 41 41 1026 74 3193 12 
41 41 41 41 41 9 260 67 28 8876 42028 45 540 7 7560 
41 3530 483 12 
41 41 41 41 41 68 124 9 8876 49 540 28 430 34 419 164 568 124 
41 41 41 41 41 181 10058 12 23 28 310 92 20 124 4784 
41 47 941 21 
41 41 41 41 41 1526 443 7697 8292 306 9 432 31 4572 
41 2097 17 306 
41 41 41 41 41 47 772 4329 12 72 68 124 28 279 45 84 419 955 68 
41 41 41 41 41 8876 499 
41 41 41 41 41 31 670 1172 138 81 45 82 434 83 72 68 124 28 
41 41 41 279 45 259 34 
41 41 41 41 41 419 35 220 28 7851 12 
41 41 41 41 41 
41 41 41 41 41 96 1204 45 
41 41 41 41 41 
41 41 41 41 41 98 99 
41 41 41 41 41 
41 41 41 41 41 231 10449 45 10430 231 101 2 
41 41 41 41 41 41 
41 41 41 41 41 41 42 98 45 
41 41 41 41 41 41 
41 41 41 41 41 41 81 861 862 9 294 30 31 28 573 306 28 
41 41 41 294 1519 
41 41 41 41 41 41 215 865 42037 648 12 19919 45 5615 6816 241 144 12 19919 219 12 
41 41 41 41 41 41 
41 41 41 41 41 41 817 34 28 144 2166 31 514 3897 164 3045 218 
41 41 41 41 41 125 1510 38 777 
41 41 41 41 41 41 1397 45 
41 41 41 41 41 41 259 15 5681 1508 18 77 3045 218 130 505 12 
41 41 41 41 41 41 
41 41 41 41 41 41 96 97 
41 41 41 41 41 41 
41 41 41 41 41 41 10430 
41 41 41 41 41 41 
41 41 41 41 41 41 
41 41 41 41 41 143 143 143 143 143 143 143 143 143 143 143 143 143 143 143 143 143 143 143 143 143 143 143 143 143 143 143 143 143 143 143 143 143 143 143 143 143 143 143 143 143 143 143 143 143 143 143 143 143 143 143 143 143 143 143 143 143 143 143 143 143 143 
41 41 41 41 41 143 143 143 143 143 143 143 143 143 143 143 143 143 143 143 143 143 143 
41 41 41 41 41 41 105 2 42006 144 12 1284 
41 41 41 41 41 41 42006 144 12 1284 650 2 1284 2968 573 
41 41 41 41 41 215 1036 397 641 143 1284 143 2968 219 
41 41 41 41 41 41 656 2 6816 6817 
41 41 41 41 41 
41 41 41 
41 