Subject: 4569 10245 215 1534 219 
49 1213 45 7 18 417 9 1534 31 3940 21 132 260 109 4569 
10245 12 28 260 112 4783 21 1315 1316 12 
46 38 21 3267 38399 45 43592 43593 45 1984 4669 45 1984 10155 45 
14056 36917 45 1656 40316 5483 45 577 4203 45 1004 43594 45 1587 43595 
17 36794 35843 49 15 3940 12 
260 
91 255 58 1374 1086 109 11559 1315 10245 49 
549 4649 17 49 4649 4 597 12 28 776 124 
11559 10245 31 218 1002 215 1475 2283 45 7845 16978 45 
15420 45 409 219 10459 109 28 310 1485 6185 45 17 10877 769 
2431 12 161 164 1315 1473 45 435 37561 347 13131 8367 
215 1404 7730 9 431 1313 8214 8807 21 19695 28 5859 31 
1320 8807 2182 21 542 4329 109 28 865 573 219 12 7 187 
435 21 83 72 38 8 3870 184 3099 45 2144 45 936 45 409 12 109 28 
1845 12 817 34 1362 999 21 2215 45 34 7730 9 8807 109 
218 3510 31 28 865 6185 45 17 111 10877 28 2431 45 
164 107 1318 28 310 130 28 1946 1076 414 12 28 605 124 
10877 1362 218 4 1002 12 
3940 
3267 38399 215 3981 219 
3416 12 1662 12 237 143 238 
19741 386 827 215 31 248 219 
386 827 2 4273 
2473 21 10877 1504 138 
43592 43593 215 451 219 
22246 45 1193 12 45 43596 45 9 12 17 43597 45 1219 12 215 7348 219 12 1362 31 4569 1123 
10245 17 769 561 21 7563 863 12 5565 
825 
109 384 45 852 45 17 8010 45 7536 12 333 45 827 45 42511 143 24964 12 
43598 45 741 12 143 151 12 215 7348 219 12 9 41470 1048 49 28 12466 31 6305 
573 12 35809 1809 45 27922 143 26723 12 
43599 45 282 12 215 335 219 12 4569 10245 407 7138 12 1181 
31 28 1009 1709 2286 45 1820 45 4229 143 17395 
1984 4669 215 2016 17 358 219 
1051 12 37074 12 1309 397 763 4669 397 8198 
1984 10155 215 2016 17 451 219 
1051 12 1052 12 35954 12 1309 397 763 37537 
14056 36917 215 358 219 
14056 36917 45 7725 43561 45 7725 35081 12 4569 
1123 3 2099 49 6238 4321 7893 
215 1552 219 12 28 9566 236 382 109 
1329 3 215 1513 219 45 2405 12 
215 1357 407 1050 2 397 397 1051 12 851 12 2497 12 1309 397 763 14056 397 156 12 1056 219 
1656 40316 5483 17 577 4203 215 936 219 
1224 174 4 1225 340 45 7536 12 43600 2 
1123 8807 384 45 
429 236 936 45 12137 2405 
43601 45 284 45 1886 2405 45 
401 
1586 43602 45 3430 43603 215 7339 12 219 
1004 43594 215 358 219 
43604 12 43605 45 9 358 1838 125 9 1522 78 23 9 
1848 4 5127 136 12 
66 14 347 1456 49 9 39 12 
1587 43595 215 358 219 
9 12 11236 45 241 12 43606 45 2461 12 30891 12 1709 1990 863 2 9 367 12 5565 43607 45 
7536 12 333 45 359 648 45 956 2405 45 286 12 644 143 1808 
36794 35843 215 451 219 
8712 45 43568 747 12 17 11236 45 43569 741 12 4649 31 549 3864 45 
28 1225 1181 45 136 45 843 45 617 45 25233 143 143 43570 12 
43572 204 12 43571 17 781 12 10076 43573 12 4569 10245 4 549 
11488 45 
401 31 6522 143 3876 45 264 902 5549 236 
382 109 1086 17 1136 4 430 1149 
215 5048 219 2409 143 3267 43574 17 19515 35236 17 3267 
43608 17 19518 43576 45 5549 25 45 294 3273 45 434 45 250 45 13910 45 1630 45 
43577 143 143 28040 45 
577 9 12 41112 17 956 322 12 13220 17 12033 43609 12 1381 1372 
49 2743 8800 45 401 31 6522 143 3876 45 264 902 5549 236 
401 31 6522 143 3876 45 264 902 5549 236 
382 109 1086 17 1136 4 430 1149 
215 5048 219 2409 143 3267 43574 17 19515 35236 17 3267 
43608 17 19518 43576 45 5549 25 45 294 3273 45 434 45 250 45 13910 45 1630 45 
13756 143 143 17377 45 
43584 4202 17 14424 9071 12 6552 1238 49 549 4649 12 
401 31 1513 143 1082 45 609 902 236 
382 109 1329 3 45 3406 2510 17 35742 9066 45 335 45 1887 45 22147 
36441 36442 292 45 1194 1195 45 434 45 24115 143 143 22170 231 45 
36794 35843 12 1329 3 4 1443 549 35215 2 9 
2144 45 
29894 143 167 644 143 337 143 335 45 5844 2062 37630 37631 150 37632 45 
11669 11670 11671 11672 45 1107 45 20 45 335 
9365 3723 37144 43547 
6030 1095 43548 1610 
14308 43549 1095 5398 143 43550 
43551 143 43552 1095 43553 143 5398 43554 2 215 7738 219 26053 1820 1529 17067 12 38891 
240 143 628 2 43555 302 43556 12 43557 12 43558 12 5363 1051 2 1050 2 397 397 1051 12 43557 12 43558 12 5363 397 763 43555 397 
