Subject: 653 138 1770 143 1771 143 248 138 167 138 641 141 22810 617 151 397 741 644 20709 248 141 16116 248 397 16983 448 440 248 2502 138 653 
42241 2 3183 15321 6758 42242 8822 6802 42243 42244 
3173 15133 42245 317 8822 4318 14629 14630 
11169 7093 
4309 42246 42247 6758 42248 42242 11176 3173 42249 7174 317 11177 6919 
8822 6802 42243 42244 6789 11852 4318 7115 6774 11181 4318 11182 42060 6422 6912 333 
42250 7284 12 
3183 14680 4317 6789 42251 42252 3183 14679 2 
11204 42253 42254 143 42255 
11204 6927 4318 42256 42257 3173 7586 6893 42255 
11204 42258 143 7468 143 42259 42260 15909 
11204 8822 4318 15897 15898 7468 42261 
11204 42260 15909 42262 42263 
11204 10620 10621 3173 42264 42265 7468 42261 
11204 42266 42267 7183 4318 33966 
11204 15912 7468 42268 4318 42269 3173 6766 42270 3173 42271 42272 
42273 42274 42275 3182 11198 4318 6772 3185 42276 3182 42277 
7188 4318 7189 6792 16141 1257 42250 7284 6887 6889 3173 6873 42278 215 6899 644 219 6903 
6919 15889 215 3185 15309 6894 45 3189 397 42279 45 7585 51 3173 3189 397 42279 240 143 628 219 12 
4309 15175 6764 3182 11387 15866 7468 7126 
42063 12 8964 302 629 12 630 12 631 12 350 
6776 3183 4318 16144 215 4315 1556 1027 7042 219 7468 7126 2 
17614 42280 11297 
42281 42245 3173 42282 
42283 17618 45 18313 4318 15473 3173 42245 
15891 42284 317 42285 
7174 12 15156 12 42216 4318 42286 
42287 1535 13311 45 15635 
6871 42288 6764 3182 42289 6943 15902 6931 42290 42291 
6758 42292 4318 42293 6776 3182 41911 42294 42295 45 
8822 4318 17621 3173 15912 12 
6871 7117 6789 42296 4315 42297 4318 33966 3186 11736 6789 6760 42298 6919 
42200 12 3186 42299 42300 3186 11736 6790 3182 15857 42301 
10253 6788 2859 12 
3183 6890 14915 6789 42302 42303 4315 15449 7081 215 7502 6789 
15878 6919 42200 219 12 
3185 42304 4318 7123 
11202 11200 11201 