Subject: 1 2 29679 358 
42 98 45 
7 4758 306 28 3372 2072 38 102 14 4 28 977 628 12 
49 515 124 1846 21 28 23206 12 7876 45 7 439 150 440 2937 419 8 184 1021 
21 1844 38 28 573 45 251 7 87 21 4322 769 6466 306 35842 
215 55 18 77 182 125 3380 28 997 1867 219 12 
173 28 1021 31 28 7830 573 45 132 6351 124 34 28 6305 
1712 215 1219 12 776 31 15 626 219 124 28 508 1418 12 
5838 
5838 5839 
5840 150 5841 5842 2062 5843 
5844 2062 2073 143 5845 150 2062 5846 
407 167 12 5847 143 7 143 5848 5843 143 284 
1068 12 215 141 2995 219 5849 5850 143 51 12 215 141 2995 219 5849 5851 