Subject: 2916 195 4191 2 2852 213 7 150 938 274 3870 138 
4425 
2852 213 419 450 508 2660 306 104 20595 109 213 7 150 938 274 3870 306 
37 2354 138 
7 112 14038 28 3519 158 219 179 4217 193 193 161 55 112 193 7 9490 19873 2354 132 
1176 12 
7 2173 91 255 1906 83 195 443 8016 1457 45 251 7 150 151 4430 968 
7 150 151 83 208 1904 38 150 587 36 9 33710 531 
104 43415 164 109 9 298 2404 1050 2 397 397 8138 848 12 69076 12 1217 397 763 69077 38 274 
87 208 31 1510 69078 9825 251 26 64 7289 259 953 107 4121 138 158 219 
4 91 31 28 1892 43415 55 150 204 221 9 852 306 104 45 182 21 1556 2 215 347 
419 3196 8 16833 1456 130 505 193 193 193 
161 150 204 985 21 77 9 47 6614 10897 559 487 45 347 373 72 419 35 548 499 
213 28 852 124 193 
69079 
143 143 143 143 