Subject: 3359 31 9 2261 92 
42 8424 
2473 187 38 435 15 59418 21 220 2978 225 28 45 
59418 38 312 21 517 12 7 8 109 3992 8032 648 45 1857 45 1857 273 16 
34 7 8 2191 765 28 1335 729 1910 443 2661 164 107 18458 
347 19611 125 184 411 3992 8032 45 161 164 359 11440 240 4756 17 195 
24402 12 10089 12 2426 12 1309 12 8 205 6617 45 28 3992 8032 58 205 8162 921 
1536 31 729 45 1857 2661 848 45 1857 2661 646 45 1857 2661 390 45 1857 2661 
1876 45 1857 2661 2862 45 1857 2661 648 45 1857 45 1857 2661 49 941 133 21 15 
4158 12 
72 38 87 21 1448 9 762 140 31 255 23 9 2620 64 68 124 28 
96 185 31 3836 12 
28 3992 8032 64 392 390 434 
833 392 848 434 190 21 68782 4 28 423 
259 81 13 392 394 434 
568 7955 5891 21 
5580 21088 43834 
68783 
179 38 8 102 28 483 81 13 21 14 15 105 34 124 109 
28 7955 5891 581 833 15 1446 105 17 16 21 
273 143 73 302 68784 12 5363 
192 49 15 33450 12 