Subject: 470 359 627 472 
187 38 7203 
55141 49 
392 648 45 1857 150 204 3382 138 
392 144 49 1320 20618 38 7203 
4572 45 17901 548 38 35 220 23 3314 193 193 193 
95 3529 15 483 1440 12 359 959 48050 765 13641 45 53491 45 52801 45 60581 53802 17 411 875 12 72 38 164 148 49 941 416 18489 45 21 53523 4561 43251 45 38 46142 20 21 1897 21 8435 670 3359 12 
487 124 15 5491 21 19653 416 483 1960 23 3314 74 3309 70 2567 452 31 670 1349 133 2286 12 38 128 5634 14023 49 28 55141 38 7203 12 161 124 359 9081 12 38 7203 130 591 130 38 467 12 
359 2596 347 818 12157 1403 12 670 68871 150 204 839 124 1351 1012 49 255 306 3547 347 359 1166 2596 17 1128 3040 143 74 3040 4441 12 
953 124 68 261 138 
161 164 591 628 143 73 3570 213 482 21 20902 769 1166 45 251 220 107 482 21 16318 959 255 12 72 26 54434 959 36232 45 26 187 8 21 42438 37 45 49911 959 157 1462 45 63 959 9847 17 8381 45 195 2103 959 4576 12 20 124 48 13144 49 37 21 432 20 964 259 34 374 57543 35 19653 483 312 28 548 7997 12 
68 839 124 1351 21 95 255 5634 4 306 9 425 213 571 57543 12 1320 1825 124 70 374 56795 12 38 2443 9 425 34 491 502 4186 21 8 769 60530 6282 12 68 839 58 205 55078 259 34 20 58 2111 208 31 28 508 1349 17 35056 2267 1355 12 
419 1843 38 21 85 386 4 670 2487 12 28 483 38 19653 124 964 21 38 12 419 220 107 1207 34 38 628 9 3039 140 31 4773 1320 1867 12 38 35 85 109 2942 441 31 1166 34 4334 15 420 45 17 38 35 18566 13671 38 482 45 161 164 359 16949 12 68 548 3548 3341 31 28 
38541 31 55141 12 
38 229 548 4 28 12227 31 15 2745 3314 45 518 15 2745 954 45 17 432 15 2745 11470 12 359 87 21 955 15 1125 3372 12 28 5679 164 48719 143 36 28 830 599 21 3210 4 12 486 1511 306 15 17894 12 419 18 840 2482 38 2473 21 20902 15 7554 17 7380 15 294 18489 130 772 130 38 467 21 521 12 
369 45 20 150 204 195 964 21 38 193 
28 1129 49 28 10 2261 124 487 143 20 150 204 5830 193 251 445 38 35 85 34 195 143 2340 3040 34 53925 28 68872 125 28 68873 193 73 369 193 
195 1166 35 77 506 74 628 17 419 1844 38 2974 5926 23 5820 3040 21 9780 15 2487 12 38 35 3042 28 310 517 38 128 28 4441 17 1014 357 483 1370 373 1910 17 5820 1867 125 111 109 45 130 122 130 38 9987 12 
38 18 77 14054 306 28 2458 21 77 53238 12 55141 18 77 314 41536 17 2591 12 
5697 2 419 1530 38 21 68 839 17 1509 21 38 670 14456 5697 34 3212 419 8 56 67 68 839 124 6548 17 34 38 18 77 12376 306 28 483 38 481 12 670 3590 17 11609 2487 6225 109 15 1876 3471 13813 306 28 68871 150 204 839 12 
439 150 440 77 12906 
161 164 591 61385 20618 9460 17 2208 849 2102 528 18431 328 12 419 8100 34 38 3522 37 12 953 33455 306 91 12276 2398 179 670 839 7924 38 21 19653 259 48 483 34204 12 68 124 107 70 3359 31 12322 12 20 124 70 1129 21 2111 70 374 1114 642 49 670 425 12 1074 45 6163 28 757 45 68 124 107 9 36 143 11614 143 4553 2398 12 20 124 9 13720 839 49 1476 483 1427 8371 28 571 31 9 425 213 87 255 21 628 769 60530 12 
4 73 21 36 38 1339 3923 45 419 1906 1207 9 208 143 92 578 31 445 392 636 12 1512 12 68 4199 670 4155 4 10463 38 515 21 220 17 52661 38 35 548 306 434 130 122 130 8449 12 38 18 107 77 1403 347 114 21 63 49 184 4148 430 347 18572 12 68874 130 419 187 435 21 13 38 670 839 306 28 532 299 45 419 1906 19880 6607 125 1510 213 164 107 5648 17 8 359 1547 411 1032 21 2700 769 2745 9806 12 34198 45 359 1166 35 41760 21 13 499 1377 1979 21 8139 213 11945 4 309 49 20 12 68 532 299 54327 434 34 38 164 
5648 67 4059 21 19653 483 23 3314 12 
439 150 440 523 143 3042 3923 193 193 193 
68 124 483 12 38 35 1014 369 74 3373 15 92 21 28 96 31 572 12 28 997 2351 1614 35 53383 2671 15 2261 12 439 150 440 82 68 19735 1129 6821 12 
15 387 578 5699 
130 1028 130 38 1549 15 429 1876 55141 12 
13 9 4322 347 483 73 4 28 441 31 392 636 12 1512 21 2 
641 1221 9 236 
321 12 322 12 323 68875 
59639 37067 45 8076 45 6744 
1221 144 641 0 1219 729 
4430 13 5634 1461 28 628 12 
31225 236 124 9 34921 1166 10652 4 8076 45 6744 12 
68 626 124 102 4 10821 31 28 294 240 143 628 580 2 976 2625 12 2606 976 2625 45 7135 215 9 219 215 144 219 215 1219 219 31 204 12 53012 12 840 54459 21 38 74 28 183 31 68 273 229 77 19787 23 359 64 21 38 74 50 9 149 21 68 273 306 28 2744 231 5247 231 4 28 627 1479 12 
36 15 298 273 23 45 1050 2 397 397 1051 12 68876 12 1217 
282 