Subject: 6261 273 1237 17 1316 
61823 12 12 12 12 312 3385 9 3547 218 12 
639 9881 273 2588 109 3992 
419 8 205 38540 443 2588 49 827 524 21 1121 59731 28 55661 508 36189 6185 31 273 2588 1357 193 
419 164 208 31 28 8866 110 13895 109 28 3519 17 8 3559 61824 13418 12 
68 3992 124 445 528 69 4 864 34873 137 21 3264 36773 12 
215 2862 1322 219 
419 164 17684 21 3933 38 21153 1316 107 19784 12 
1324 49 277 328 21 6354 15 39 2 38938 143 17376 143 61825 
347 49 18595 504 6392 499 28 73 486 1905 17 51 20 21 434 61826 15 4322 12 
51 2 38938 143 17376 143 61825 
133 2588 2 
61823 
61827 61828 4592 12 4118 6249 
43840 45 2676 61829 
105 1775 1775 1775 1775 1775 1775 1775 1775 1775 1775 1775 1775 1775 1775 1775 1775 1775 1775 1775 1775 1775 1775 1775 1775 
425 1775 1775 1775 1775 1775 1775 1775 1775 1775 1775 1775 1775 1775 1775 1775 1775 1775 1775 1775 1775 
16 1775 1775 1775 1775 1775 1775 1775 1775 1775 1775 1775 1775 1775 1775 1775 1775 1775 1775 1775 1775 1775 1775 1775 
139 1775 1775 1775 1775 1775 1775 1775 1775 1775 1775 1775 1775 1775 1775 1775 1775 1775 1775 1775 1775 1775 1775 1775 
4118 31 49468 13153 392 6565 12 1529 641 1775 1775 1775 1775 1775 1775 1775 1775 1775 1775 1775 1775 1775 1775 1775 1775 
834 1775 1775 1775 1775 1775 1775 1775 1775 1775 1775 1775 1775 1775 1775 1775 1775 1775 
81 20776 132 639 9881 5131 109 3992 998 306 132 298 54107 193 
481 195 4190 34918 21 231 61823 231 
419 65 8 17505 61 13967 17 36233 13967 19889 14023 193 
215 1324 49 1167 219 38938 143 17376 143 61825 
1324 328 49 1167 109 28 52705 6261 273 1237 109 28 3264 193 
419 3359 9 759 6224 31 273 1184 125 1316 21 133 49 38 61830 328 193 