Subject: 53016 143 435 53017 54466 143 143 107 274 49 6363 21182 193 
231 423 150 204 359 12 648 37793 11442 61436 231 
2233 61437 18 
57212 15 6582 2261 4 1438 38 4430 968 261 12 
9650 8360 3845 61438 6363 17 
8016 31 195 9038 12 
2233 
61437 49 6363 17 
2233 61437 49 
8016 164 
3532 12653 45 1392 17 53989 61439 31 195 2233 54919 
17 
55042 45 1320 1208 1351 21 7207 37793 
61440 45 2365 17 3265 49 195 9038 12 
38 17 15 3830 18 7952 959 1367 17 
12117 17582 53023 45 6222 
8360 3845 17 9733 61441 
2365 12 12 12 2428 38 87 20 45 347 274 482 
959 193 
1876 3471 195 2233 
107 
9 10046 143 359 53217 539 143 359 57526 6219 9605 
28 
1508 
256 20 96 193 2233 61437 
499 
9688 195 411 3867 74 2342 193 
450 49 1897 
143 
6460 487 49 959 
430 17 61442 515 757 164 9712 67 
2233 61437 