Subject: 7289 109 4559 138 329 1876 150 204 31 1323 109 15 294 298 10662 12 
298 10662 440 12 1221 12 408 17 298 40080 
49 9 864 92 419 150 587 1844 38 68 8147 31 28 1479 1087 
10662 408 49 298 193 419 150 587 837 1833 298 40080 12 
7952 1876 150 204 31 1323 31 13613 2603 1087 2941 17 
3992 52470 1157 109 15 298 10662 4559 408 12 953 63 
49 443 3897 4 9 38605 13039 45 179 419 150 1 3801 38 28 
310 10662 575 49 298 12 
1324 21884 143 38178 143 57096 21 77 13388 15 298 10662 328 
68 9667 639 231 10662 3552 9 52470 7525 17 
70 45567 19451 12 306 68 298 3359 38 18 8 1404 
1932 52940 2690 17 70 109 6613 839 1460 12 
68 864 92 298 3359 124 48 982 1032 28 16849 64 
31 9895 4559 12 195 38 8 21 220 124 1324 434 21 588 2531 12 
72 38 1324 328 45 419 150 587 12774 4 9 431 7525 49 15 
431 440 12 1221 12 298 12 
1324 21884 143 38178 143 57096 21 1014 14038 1461 1876 150 204 31 1323 328 193 
21 77 6617 13 273 21 61443 644 434 302 7618 12 1217 