Subject: 1166 122 9261 448 6956 215 359 53034 219 6460 487 193 193 193 193 193 193 
3602 8163 392 35775 392 109 122 9261 369 193 
306 392 12440 392 4 60979 317 38441 
4322 499 670 14728 10898 215 3573 2666 1905 369 219 
359 12 648 15 425 18 63 2041 4170 2606 5889 347 982 109 122 9261 12 
359 12 144 15 425 18 8 28 10107 7883 62350 4222 4 28 2476 12 
359 12 827 15 425 18 128 2041 431 52807 306 359 42737 21 28 997 5889 12 
359 12 644 15 425 18 4430 128 16849 388 347 4781 8009 10945 12 
359 12 729 15 425 18 128 28 310 4222 952 954 9 517 7778 2660 9 1867 12 215 359 53034 219 
359 12 448 15 425 18 19910 648 833 28 140 12 38 18 4430 8 21 19910 10049 12 
359 12 248 15 425 18 128 48719 298 2916 12143 306 567 12158 49 1320 17016 12 2916 1059 4222 18 46685 38 9 185 12 
359 12 617 15 425 18 128 52960 236 4222 306 359 4148 16849 388 45 17 28 3564 21 5489 15 7625 4222 49 13791 576 236 14399 12 
359 12 1257 15 425 18 128 9 1058 49 184 17 195 655 388 12 
359 12 848 72 15 425 124 107 1876 3471 39315 306 28 2135 38 8 1838 419 18 20887 63 49 195 62351 12 
3567 28 62352 17 5383 964 28 139 369 193 193 215 9916 219 9035 143 62353 
21 57987 45 347 21 8 184 463 4429 1324 369 215 9916 219 9035 143 62353 
359 12 848 15 425 18 77 159 21 3359 68 52760 48672 130 70 17016 2489 12 
359 12 336 15 425 18 3559 77 159 21 85 13350 31 184 17 195 80 6267 4 16849 1184 130 26 947 12 
359 12 618 15 425 18 128 4216 1832 52807 215 62354 219 2 
9 12 52807 1128 941 2072 49 13002 9543 31 670 62289 1366 12 
167 12 52807 1128 9 1534 31 15 508 13232 52 139 2589 23 9 4554 45 130 505 130 9 1534 31 15 37020 8009 3625 45 10602 38 1706 17 826 31 61385 8009 130 505 130 17054 4 1203 52807 17 1153 12 
1324 369 215 9916 219 9035 143 62353 
106 38 83 34 4222 69 125 3986 122 9261 36380 328 47661 769 1812 677 1370 28 952 4087 517 45 130 48 130 1876 12366 12 10497 222 130 128 68 2620 677 12083 12 534 26 439 150 440 2173 952 954 9 517 12 
106 38 83 34 72 9 122 9261 425 10945 371 109 208 5889 60057 20 18 64 38 765 454 12366 959 1032 72 52807 10945 164 23 448 431 52807 12 73 369 193 
106 38 83 34 13825 2620 4222 69 74 122 9261 36380 7809 21 5855 347 481 12203 1357 769 16849 504 388 138 49 3521 9 3968 347 2116 4170 2606 5889 3359 306 9 392 848 833 504 578 35 1121 38 150 1 2606 5889 64 185 414 848 4170 2606 5889 12 521 3388 317 73 369 193 
215 9916 219 9035 143 62353 
106 38 83 34 13825 2620 4222 69 74 122 9261 36380 7809 21 9630 34 769 62350 677 3196 77 9533 130 772 130 769 122 9261 677 12 7462 2116 1485 294 62355 419 8 3968 4170 9 5889 122 9261 12 515 26 150 1 107 103 38 124 542 618 4170 9 5889 21 1324 125 54353 21 28 62356 12 
3567 28 62352 17 5383 964 28 139 369 193 193 
1324 369 215 9916 219 9035 143 62353 215 6526 109 15 14728 10898 328 219 
8438 34 38 18 61803 67 670 1184 12 
1324 369 215 9916 219 9035 143 62353 