Subject: 2473 21 36 62197 53747 499 31 15 20595 
56145 35299 
8792 150 204 56145 49 248 397 246 397 2405 
515 150 204 28 96 632 4 15 59107 138 
2949 434 15 1284 1285 45 17 45 963 1028 45 419 150 587 13 38 3212 38 87 21 83 67 28 96 6625 21 85 9 632 45 28 52705 27860 49 1841 8120 53132 45 17 28 62198 1430 2578 12 
15 1284 1285 2 
1775 1775 1775 1775 1775 1775 1775 1775 1775 1775 1775 1775 1775 1775 1775 1775 1775 1775 1775 1775 1775 1775 1775 
72 38 539 37950 45 213 187 38 482 21 62199 38 138 
653 847 
60305 60306 
7556 62200 60279 1025 
62201 62202 
13067 60351 
56146 2 
653 639 
76 
62203 
3048 
62204 
730 
62205 
1016 
62206 
948 
517 
618 
827 
1064 
448 
353 
1257 
62207 
618 
62208 
1535 
62209 
1254 
9884 
608 
62210 
952 
42034 
246 
54234 
454 
337 
1209 
62211 
136 
62212 
4284 
62213 
7348 
62214 
16528 
62215 
39772 
62216 
2015 
62217 
2011 
62218 
7617 
62219 
57568 
62220 
39289 
62221 
19318 
62222 
37385 
62223 
19674 
62224 
58082 
62225 
20878 
62226 
62227 
62228 
41123 
62229 
62230 
62231 
62232 
62233 
36260 
62234 
62235 
62236 
62237 
62238 
62239 
56181 
215 1508 1866 74 962 12 219 
653 847 
653 827 151 7617 219 
6834 43402 1603 653 827 151 0 158 6835 
3191 6834 
72 215 215 1209 41 653 827 151 37385 219 317 317 215 1209 
653 827 151 56182 219 317 317 215 1209 
653 639 
8792 150 204 1366 
6054 132 35299 56145 
5912 14 964 49 212 2171 
2949 9 18794 
2671 132 387 430 
653 
450 132 34532 56145 
13 463 
4 28 62240 1394 220 38 482 21 914 125 434 138 
2473 21 36 62197 53747 499 31 15 20595 
8147 729 9883 62241 6230 
653 639 
4 28 56185 
2473 1394 220 38 482 21 62242 434 138 
419 653 2082 1 33763 21 377 34 45 192 21 15 5089 45 56145 35299 124 67 21 2111 56145 49 6363 17 56145 49 8016 45 306 9 9736 3989 109 20595 17 28842 13709 49 6363 17 62243 14173 49 8016 12 251 419 87 21 83 2473 1394 38 482 21 914 125 434 12 
5820 1867 
5820 411 1867 
240 143 62244 56186 21 9 18794 
2473 21 36 62197 53747 499 31 15 20595 
34 6201 38 20459 21 28 1273 977 3205 138 85 20 125 434 2 20 62245 12 861 499 2473 62246 34 53747 33720 499 31 15 20595 12 
240 143 62244 56186 21 9 18794 
824 824 824 13455 7203 824 824 824 
8792 45 36 618 3992 150 204 49 28 80 31 648 45 306 7289 959 21 7690 1355 193 
8147 729 9883 62241 6230 
62247 1775 1457 1775 62248 12 2860 231 
648 12 
2473 1011 164 38 138 
144 12 
164 38 12171 138 
827 12 
2473 13267 164 38 138 
644 12 
30919 62249 5615 
729 12 
164 38 62250 15 2161 138 
240 143 62244 56186 21 9 18794 
824 824 824 13455 7203 824 824 824 
6113 9 62251 35924 4 28 231 5114 45 62252 317 28913 231 59855 193 1981 369 12 
653 639 
56145 35299 62253 74 2 
653 639 
15 240 143 628 16 109 13594 306 56145 124 8792 302 2627 12 5048 12 853 12 590 12 
463 138 2600 138 6842 138 81 95 434 3820 21 15 3592 17 2886 74 305 21 434 23 2 
2377 302 56145 12 1217 3915 31 2733 21 68 626 215 419 102 68 21 38 125 9 231 13 143 445 231 35159 219 12 
56145 240 143 4756 164 4430 102 8801 12 56145 12 1217 445 33311 240 143 4756 21 406 389 12 72 38 187 435 21 9253 125 56145 35299 45 38 35 653 639 
13 70 273 21 
9253 143 35299 302 56145 12 1217 347 38 229 
6460 487 21 9253 12 
5705 2405 56145 12 1217 45 11044 12 195 13124 5836 12 56145 12 1217 45 11044 12 124 9 8809 37614 425 45 13646 2 56193 12 6460 
487 49 52749 8447 12 