Subject: 483 143 7949 8901 68 143 639 302 6823 12 1217 143 61472 
10177 13128 
1193 
8435 2622 1457 
369 
1193 
52760 294 1237 57156 52975 26 7949 482 38 21 
83 67 193 193 193 
861 230 17894 45 34459 347 2622 213 38 
482 369 193 193 193 
6460 487 369 49 2974 
277 193 
68 124 107 9 8797 12 38 164 357 68 86 38 164 
109 
9 110 31 273 2588 34 7 8 11314 49 
3199 12 
17 38 8 44524 21 128 430 407 273 12 72 38 
106 107 44129 4 21 128 430 81 3357 132 
9770 12 
54370 6617 125 68 110 2858 149 
306 5247 130 28 61473 12 