Subject: 1225 3372 391 
419 164 148 49 34258 11956 20 2490 21 548 4 391 45 
575 434 392 390 45 1857 143 7848 45 1857 4 28 429 1209 12 
2608 1219 141 141 306 1217 397 62169 
44819 397 46828 397 6591 
62170 215 9130 5161 62171 219 306 5161 12157 
1219 141 141 45 50778 45 7214 
17594 824 2659 22869 397 62172 397 5151 5294 
5664 45 2608 456 45 17594 824 2659 
4054 397 3440 7214 7437 
3696 62173 10899 
62174 347 35986 10899 
62175 347 62176 10899 
987 60180 397 6137 397 14042 10899 
62177 62178 347 62179 
4206 62179 
39628 174 
4206 22869 17 36103 
9138 397 9139 397 1217 397 62169 17 1219 141 141 109 7214 306 5161 
49 1036 486 45 81 2723 2 62180 302 59018 12 1217 138 627 653 4702 
62181 52882 62182 33921 7650 45 240 143 62183 33918 62180 302 59018 12 1217 16549 44500 6770 11312 28706 33921 62184 219 