Subject: 28 483 2514 61995 
220 38 8 28 22326 21 77 9 9 52982 138 
1876 3471 611 4 982 1032 4114 2660 193 
4160 1712 8205 4 28 236 3917 12222 193 
8866 35681 4 28 423 193 
36 670 1537 45 10434 17 2099 109 28 1200 12 204 12 7770 9642 
8069 22326 17 3914 7770 12 
3521 2 
9 392 729 45 1857 4173 4 28 22326 9642 28 7770 45 231 7850 14177 231 45 
109 1259 397 1254 90 8 257 392 1535 45 814 12 1064 109 847 397 264 397 1082 12 
49 9 231 298 359 50099 231 430 13854 45 274 6460 1905 21 1981 670 3981 2 
6460 487 
21 77 6617 2 16277 60528 302 729 61996 12 635 
220 38 8 28 22326 21 77 9 9 52982 138 1876 3471 611 53644 1032 4114 2660 193 