Subject: 60793 
7 925 8139 58 9 6473 3206 12 7778 2660 2893 193 
5506 7226 109 674 14793 60799 125 336 2 1529 640 21 618 2 1529 207 215 4036 219 12 
109 1876 12 248 13927 21901 12 9846 140 124 14796 143 25942 143 46570 12 
347 5506 11416 109 28 3519 1616 28 310 92 7226 74 11906 21 1051 12 60793 12 1217 17 985 21 28 674 2499 455 12 7952 28 2482 193 
36 15 273 3592 4 1397 729 2 1529 640 215 4036 219 12 
674 10434 45 674 3992 4307 45 17 1516 2578 8 205 2684 109 28 2404 12 294 1209 150 204 20393 124 274 559 28 12999 193 
61946 691 193 
68 273 112 102 21 9 110 540 112 48791 74 670 425 12 68 110 18 107 77 18431 347 78 21 757 17 18 445 77 576 74 434 49 28 7291 2918 31 674 19652 109 28 3519 17 411 1846 1142 12 259 7952 12 72 38 467 21 77 6617 125 68 110 274 149 306 5247 4 28 627 2018 17 419 18 220 259 130 1028 130 261 12 259 5483 5483 17 5483 193 
60791 60792 
1051 12 60793 12 1217 
157 2 14796 143 4101 143 60794 
51 2 14796 143 4101 143 60795 
4656 2 14796 143 26053 143 60796 
11465 4118 60797 