Subject: 19592 38679 35299 
3210 434 23 58898 53037 9827 28 52705 2404 49 19592 11416 18502 8360 11066 193 193 193 
419 150 938 221 20 195 193 193 193 20 150 204 3559 298 193 193 193 653 639 
824 9 11523 1326 31 19592 11416 18443 193 193 193 193 
824 298 2416 193 193 193 
824 298 43952 9819 43415 193 193 193 
824 1342 11416 8360 193 193 193 
824 298 53138 13689 193 193 193 
824 53133 317 20872 1184 
824 38679 2786 317 48008 
824 6363 150 204 43415 45 44076 45 44077 317 22398 143 62587 
824 38679 37478 45 3992 143 49530 17 48 45 48 959 193 193 193 
419 5883 14023 21 1121 38 28 52705 17 10883 19592 8360 193 1549 15 38679 3979 49 298 193 
1050 2 397 397 1051 12 62588 12 1217 
5990 6460 487 
38 1906 77 608 21 572 670 504 12 
72 38 85 20486 21 68 273 317 467 21 77 1838 2354 670 110 2858 273 434 23 2 
62589 302 6824 12 1217 
419 6060 49 184 