Subject: 213 124 213 193 193 193 
68 124 9 2134 273 528 102 74 853 14214 12 44148 35581 
4592 12 45 62256 45 3170 62257 12 1068 12 215 30546 219 55153 143 28575 12 273 62258 648 302 60043 12 3519 12 
28 414 1198 47602 306 976 2625 
2584 7833 21 54459 31 8801 399 
1158 628 12 21 5247 15 105 125 670 110 3923 45 81 
273 2 62258 648 302 60043 12 3519 306 5247 130 28 627 12 419 10442 670 
1316 62259 45 17 6060 49 184 2670 12 
42 2442 45 
38 199 2110 1180 74 28 157 31 6826 17105 49 9 298 
13380 109 28 236 6231 59597 150 204 213 150 204 213 3992 143 8032 12 
1050 2 397 397 389 12 62461 12 1217 397 35967 397 62462 397 
1074 45 68 2404 124 49 49167 45 2490 45 317 48711 
445 193 
670 6826 17105 157 49342 430 125 591 4726 
4373 45 1141 8198 11037 17 2421 45 8216 
9000 45 986 17 3834 5703 45 8198 6311 
156 45 2298 1912 45 17 57235 125 2003 389 12 
130 9 10407 12968 8198 4 15 2018 31 1354 45 419 
2892 15 1501 38228 47 5648 5501 49 
9483 109 28 236 6231 59597 150 204 213 150 204 213 3992 143 8032 12 
21 10442 28 1313 31 4329 45 419 672 38 21 6460 109 28 2298 
16 6629 1905 17 6392 499 28 1895 657 31 430 
1403 49 9483 12 
161 124 359 64 347 50099 21 77 3804 109 28 236 
6231 59597 150 204 213 150 204 213 3992 143 8032 12 195 6123 18 128 9 298 
52813 59550 31 28 236 6231 59597 12 
1050 2 397 397 389 12 62461 12 1217 397 35967 397 62462 397 
1074 45 68 2404 124 49 49167 45 2490 45 317 48711 
445 193 
132 11702 192 45 
62260 9 12 62261 
157 31 6826 17105 