Subject: 8163 390 143 1512 3471 109 15 236 122 9261 62112 
8163 390 143 1512 3471 109 15 236 122 9261 139 52801 193 193 193 
3986 48672 109 236 3625 125 393 143 1200 12 204 12 8067 21 
19798 4 28 423 193 193 193 
60464 4222 164 9037 4222 45 34 164 28 310 952 954 9 
517 45 248 2660 2606 1867 12 161 124 5054 359 16849 578 17 359 36102 
578 12 38 445 63 49 28 3625 34 38 481 12 
393 143 434 4222 164 1394 754 21 2116 225 4240 1032 434 4222 137 21 
28 772 9847 34 54843 3852 3570 47652 109 769 
61886 4158 12 443 772 4222 481 20 959 1376 49 
393 143 434 3570 21 38221 4 28 3831 35681 12 20 124 65 70 
3076 185 21 5423 306 15 61887 17894 17 34459 12 
60464 45 540 112 2138 4 7306 45 124 208 31 28 8866 60058 
3570 4 28 423 45 306 765 1876 45 1857 4158 13353 12 419 8 
28 7883 4222 4 28 423 45 8183 19800 8424 504 45 7195 
504 17 3076 1479 819 12 
16849 52801 164 102 74 74 628 17 164 65 1357 6230 12 
959 430 45 4222 2606 5889 17 5912 964 486 23 2 
1050 2 397 397 3314 12 56131 12 3519 397 763 62113 
274 6460 109 4222 45 111 1410 15 2476 17 6460 673 12 
38 35 1448 434 74 273 23 2 
62113 302 56131 12 3519 
60464 236 
61890 1241 12 11033 25124 12 45 9832 53671 
52972 52973 45 11263 61891 
5521 143 11626 143 62114 215 3852 219 
5521 143 11626 143 62115 215 51 219 
1050 2 397 397 3314 12 56131 12 3519 397 763 62113 
653 653 653 653 653 653 653 653 653 653 653 653 653 653 653 653 653 653 653 653 653 653 653 653 653 653 653 653 653 653 653 653 653 653 653 653 653 653 653 653 653 653 653 653 653 653 653 653 653 653 653 653 653 653 653 653 653 653 1874 6460 109 28 3979 1905 21 77 42009 125 840 1826 12 
2723 2 28845 5816 302 56914 12 1217 138 627 653 6631 
653 653 653 653 653 653 653 653 653 653 653 653 653 653 653 653 653 653 653 653 653 653 653 653 653 653 653 653 653 653 653 653 653 653 653 653 653 653 653 653 653 653 653 653 653 653 653 653 653 653 653 653 653 653 653 653 653 653 8163 390 143 1512 3471 109 15 236 122 9261 139 52801 193 193 193 
3986 48672 109 236 3625 125 393 143 1200 12 204 12 8067 21 