Subject: 2012 4 1329 3 
42 2847 99 45 
2847 16460 9672 14 9 39 31 28 849 38 102 1456 47988 67 1342 
423 561 31 1329 3 12 68 124 28 1086 2088 34 419 
23 28 1576 40005 2035 52670 4 12 419 164 19326 4 3968 
8998 1959 306 1433 17 399 8448 109 
561 31 1329 3 21 1342 423 1440 12 
7 207 1891 4 15 1828 86 419 8 8078 1461 2596 
28 87 21 44615 28 1021 397 573 7850 4 73 21 220 1329 
3 306 184 2487 4 28 1342 423 12 72 38 164 1891 4 
5528 499 959 67 2473 419 3196 4141 81 767 298 21 672 49 
840 430 17 397 347 63 434 9 1981 12 
117 45 
37310 37311 12 
1068 141 891 11939 52671 17067 52672 
51 141 891 11939 52673 
273 4664 1775 52674 302 52675 12 4620 12 853 12 590 
417 315 36104 1219 12 37311 
1576 40005 2035 
3349 31 1225 3361 17 560 
176 31 28 2910 31 6372 45 1576 
52676 7367 
1576 45 1618 609 648 22327 
6372 12 