Subject: 4731 2 294 6056 5299 
627 2 294 6056 5299 
2666 3923 2666 17 6821 109 
4091 124 50 499 9 51332 31 28 51333 49786 12 72 38 
6456 20 45 38 18 13260 3212 193 15 584 3845 18 12910 17 
4091 125 28 1971 18 36 15 6613 105 17 7627 193 
220 107 6456 20 1389 184 12911 193 
20 274 6741 921 533 109 1038 336 45 2405 12 81 2979 68 
626 12 68 124 9 294 45 47 51334 6056 17 107 591 255 83 
67 20 12 68 430 112 3944 8695 1850 125 
1966 12 81 2176 20 306 8139 34 3196 1379 28 
1971 12 1319 120 45 6821 68 998 21 8139 4 15 16 32 
259 34 68 229 77 19787 12 5990 58 56 34 68 124 9 47 12196 
6056 17 34 161 124 359 37806 49 20 23 68 92 12 