Subject: 1 2 62565 45 48672 45 38606 45 38441 
81 85 9 2351 4142 17 2666 67 670 298 4162 9827 12 
653 639 
419 3359 23 824 359 299 824 21 670 4184 54581 1992 3867 
23 7972 38441 12 2473 7972 45 1905 38605 45 4 91 753 
23 38606 12 161 124 359 578 45 299 45 347 64 21 38 21 128 443 
38441 17 62565 12 670 3862 1211 68 21 38 45 670 
4184 45 298 31 299 193 193 
653 639 
68 124 107 9 44353 31 49196 193 20 124 70 1129 21 8163 483 
109 3867 17 1184 15 3509 599 18 7952 161 124 359 578 
347 299 21 38 158 28 4183 193 
653 639 
515 35 419 3359 138 38441 109 28 235 4786 31 14202 12 
653 639 
1366 45 195 3581 31 1366 45 53402 42980 12 443 14202 164 125 208 
31 28 12672 17 96 1992 49337 4 28 2476 12 306 10038 
195 1495 28 1620 6538 12 
653 639 
62565 45 8163 109 3212 125 10525 538 17 34812 21 58287 12 
653 639 
3205 599 62566 138 4162 62565 49 62567 45 9298 45 17 
62568 12 
653 639 
1061 38441 17 59522 12 2576 9 5499 138 38 229 128 
38441 49 54532 1000 45 715 62569 45 9 62570 347 4267 
1407 49 28 3509 599 12 
653 639 
8163 109 818 17 864 437 422 45 48008 45 52818 12 419 
164 1383 58906 306 9 4213 42891 31 4061 150 204 
17 52893 48008 49 38606 1167 
653 639 
3955 20651 33632 62571 45 49269 125 1331 45 15 80 646 3471 21 
638 3471 982 1032 38605 12 306 9 208 1209 42980 193 
653 639 
385 17 347 28 54288 38 87 12 2473 150 204 68 49 48672 2 638 3471 
2354 38605 49 115 2228 31 28 2229 7748 12 107 5039 347 
62572 499 14202 12 
653 639 
3314 62573 138 208 31 670 3862 124 28 39313 42948 31 
62574 62575 17 62576 12 670 4184 128 38606 
1167 12 
653 639 
59103 397 62577 7748 2 454 3471 1905 38605 12 54581 1992 
3867 12 3212 125 18485 20768 21 62578 17 62579 12 
53402 42980 109 195 3867 12 
653 639 
670 2628 18 77 34746 21 38 109 1320 62580 419 8 9 
48672 1129 49 38 17 15 599 12 38 18 8 28 
1129 21 8163 483 109 990 3867 23 4162 6237 193 195 
49 298 45 359 299 347 578 21 38 28 4183 12 
653 639 
161 164 359 388 21 38 45 28 4183 45 195 875 164 3301 484 12 
653 639 
2473 35 38 85 13350 31 443 48672 17 4162 2529 138 
653 639 
20 150 204 941 193 13 240 143 628 21 
4196 
419 2424 38 45 407 240 143 628 31 670 96 483 36383 2529 45 38441 
17 62565 12 
653 639 
84 670 594 17 347 1040 2529 107 77 31 1543 21 
38 45 81 1983 434 74 5821 21 2 
5247 653 639 
15 3214 18 77 54349 3923 193 
653 639 
54592 21 670 4184 12 653 639 
648 12 419 18 107 481 1357 21 184 20977 1389 184 12911 
15 149 21 16 12 68 430 124 915 4 28 62419 653 639 
31 33450 12 653 639 
144 12 195 3867 1357 21 38 45 28 4183 45 164 1471 49 653 639 
28 21023 45 17 15 4061 12 653 639 
827 12 195 3867 18 77 10670 125 38605 45 1553 4 80 347 653 639 
306 9 52923 12 
653 639 
28 235 430 3214 124 107 34738 45 534 72 38 
518 21 1211 28 105 31 15 2857 17 2228 45 215 17 419 925 38 
220 219 419 111 8 28 1129 21 62581 670 2529 74 2228 17 
2857 12 11416 4 294 3273 138 4162 10671 21 28 20628 45 28 62582 45 9 
483 36383 52923 49 4058 4 28 62583 12 72 419 83 
15 1110 419 164 159 21 10 2443 38 45 28 4183 12 
653 639 
2949 15 17894 45 68 124 9 513 1129 49 38 17 15 
599 21 8163 483 12 
653 639 
68 4221 3214 229 107 77 37985 12 81 3210 434 328 12 
3042 36383 483 193 653 639 
653 639 
670 429 2628 124 1880 21 77 34746 4 373 1910 12 653 639 
274 4 92 49 3206 11068 12 
653 639 
653 639 
653 639 
653 639 
653 639 
653 639 
653 639 
653 639 
653 639 