Subject: 59192 15 2483 
215 34301 12 219 
487 124 28 430 38 870 12 68 124 107 8797 12 38 164 
357 68 240 143 628 86 38 347 4091 3191 870 68 
430 12 72 
38 467 21 77 19704 6617 125 670 133 110 45 81 13 9 
149 306 28 2744 231 9190 0 938 231 4 28 627 1479 21 2 
5247 10490 302 61449 12 3519 
419 220 107 1947 28 50 31 8801 240 143 4756 12 
548 23 3314 568 15 1225 193 193 193 
42 18794 45 
38 35 19653 392 2248 45 1857 347 959 4 997 28 448 524 50 240 143 628 12 
1029 9962 138 2666 109 49 277 215 359 45 161 124 359 231 10458 231 219 12 12 12 
231 130 3870 109 883 440 12 1221 12 231 
46 38 49 15 92 17 1543 12 
68 124 28 849 38 150 938 205 3344 67 4 28 514 40160 12 
137 21 28 52941 31 68 849 109 28 1971 45 9 3986 11065 
514 839 2110 2264 70 3509 2482 21 28 19897 31 28 
839 2214 1905 45 21 450 72 20 93 35 481 255 483 12 
28 2482 65 4639 2428 347 107 28 839 112 14217 12 769 
8431 19407 1319 17 49 195 34 161 164 45 5054 359 14459 
52942 28 832 4 28 839 12 68 58 12655 21 2482 
255 34 68 124 9 4572 45 51235 17 28913 185 21 481 91 416 
483 23 3314 12 
28 1508 31 68 2482 58 205 9939 43340 12 259 591 255 164 
3607 34 1510 3869 164 312 45 48 10 1032 1355 
1397 12 226 8139 1375 959 130 959 255 4618 20 499 45 542 205 47 
2494 21 77 9 386 31 68 40160 12 38 18 1929 1319 38 
2596 20 12 
231 487 20 124 1905 231 
824 824 824 3990 68 369 49 460 6311 824 824 824 
28 235 18489 1129 124 208 38 229 77 1891 4 564 
9 933 23 12 20 35 77 1339 306 47 3547 4173 17 28 18489 
611 124 37723 193 193 193 
72 38 187 435 21 481 23 1557 392 2248 45 1857 4 982 1032 448 524 193 
81 2666 28 862 839 12 12 12 111 2666 20 120 193 193 193 
68 124 9 13271 45 14217 45 483 1476 1129 12 20 926 107 
1207 38 21 3078 921 66 306 255 45 220 184 584 548 45 17 96 31 
195 45 38 4430 8 21 955 28 930 6133 21 36 28 628 12 72 38 
2892 34 53481 38 150 587 36 34 536 9499 34 38 150 938 205 5830 
49 45 
68 124 20 193 2858 6482 28 4441 45 17 15 28892 18 3078 6548 12 
68 1711 143 1313 240 143 628 73 3199 839 1930 12205 12 12 12 1876 3471 
5820 92 12 240 143 628 124 28 6165 1470 31 28 460 12 85 13350 31 
68 393 143 52944 1381 31 3836 369 193 193 193 28 3806 38 4293 45 
28 959 255 18 77 312 1166 568 240 143 628 12 36 15 4601 31 68 
2135 193 193 193 
1711 143 1313 3199 215 23352 219 58 2209 11910 53482 12 20 124 
528 38066 4 28 16538 1166 127 45 17 1404 8113 1086 17 
28 12754 2464 1181 8 9694 34 2585 390 3471 17 785 3471 31 195 14202 
17 1184 18 77 18431 1461 1711 143 1313 1362 74 28 3965 21 554 
9983 150 204 12 
68 124 9 1711 143 21016 7770 1347 17 31 28 827 45 2862 45 1857 
53483 4 28 423 45 639 3471 215 5924 45 1857 219 869 769 52745 4 28 977 
1315 
1010 4 23352 12 2152 45 4282 2482 34 765 1876 255 2111 
53483 12083 1461 1711 143 1313 3199 12 
38 229 8 211 68 960 1397 45 251 765 28 1821 37033 53484 
215 9 1711 143 57181 45 208 31 28 57182 6363 4 28 423 219 869 70 
9735 109 28 577 18589 2482 12 7327 114 1456 515 214 187 220 
72 214 230 3212 17 777 21 3042 765 125 48301 12 308 
53485 45 
53484 56 214 187 861 9 502 1484 3199 425 17 36 21 
548 12 28 3268 1339 21 53486 17 53487 1456 12 214 8082 499 23 28 
3268 
17 20322 143 53488 2051 3793 231 34 150 204 953 7 150 282 41605 964 487 17 38 164 
195 41605 499 161 193 231 
306 1484 3199 38 8 373 4373 31 18489 12 352 
4186 125 6165 38 481 1897 17 4186 125 
6165 869 74 255 38 4018 21 28 1166 12 
41232 18489 124 28 8054 31 28 54065 12 20 3530 54766 92 
347 483 1319 17 509 484 120 17 120 17 120 12 4 1484 
3199 45 20 65 3530 509 484 49 28 548 31 757 12 
68 839 124 1383 528 37712 4 959 1032 390 218 
8067 1495 28 423 12 
28 4605 8876 112 53494 12 1510 213 934 515 26 199 312 
11472 53495 17 223 964 12 1510 213 106 107 45 1141 1510 213 
4430 777 2423 21 8163 347 36588 45 199 2087 3192 921 28 17095 31 
28 
4333 12 130 28 9712 7653 45 231 28 11614 36 37962 17 28 4333 36 
47657 12 231 28 5112 1362 31 1476 483 18 4430 3318 38 21 
231 3619 
964 231 347 231 36 11614 231 45 13641 18 450 21 34 12 
38 8 274 293 17628 0 58186 34 35 1844 38 4561 3389 
49 28 6134 31 15 2261 45 306 231 359 4998 231 17 231 274 9 3547 657 31 
2954 12 231 38 35 481 959 483 4 28 997 2351 524 1032 
38 8 1355 41977 12 
6482 28 839 1318 130 5041 12 220 107 2671 20 4 184 185 12 
20 1930 13167 505 130 20 124 369 12 1074 21 240 143 628 9 39 31 68 
2494 2385 21 8139 38 35 2937 31 12 208 31 28 255 38 
13 68 21 229 13 499 1876 45 1857 347 959 12 12 12 17 15 105 18 77 109 
8139 31 37 193 1074 3320 45 28 959 38 13 499 28 959 2483 
4158 38 18 1448 12 
259 132 18794 45 7 8 78 38 28 2568 45 17628 0 58186 45 2458 17 
1129 21 2111 35903 374 45 20 124 964 21 38 369 193 
231 2937 67 20 231 
1397 38 6631 68 839 125 15 35159 45 130 7 5865 106 45 85 
9 3547 92 21 2666 20 17 93 2937 67 20 12 36 9 52951 17 
4946 499 515 90 13339 179 38 436 12 4946 499 28 12503 
261 3793 17 359 1384 2473 38 7819 20 45 38 18 1449 481 9 
356 
31 483 193 38 18 6184 36 182 515 38 11472 12 184 14487 38 
8 18 35054 179 15 429 4157 3078 4 12 20 1930 193 
487 150 204 2473 68 14343 839 18 481 38 35775 31 7770 392 
4441 2 
68 1381 31 5044 7462 93 1930 1876 3471 5820 92 12 7 207 474 
34 38 90 572 964 21 392 2248 45 1857 347 959 4 28 997 448 524 12 1397 38 
256 231 13925 12 12 12 231 45 81 2666 68 839 6579 12 68 124 107 9 2208 
849 45 251 9 12205 14217 483 1476 1129 12 3554 45 68 124 
515 
38 220 2 
130 306 195 1711 143 1313 3602 45 419 9180 670 1166 74 17100 
294 8448 17 18432 670 3867 12 86 31 28 3831 1002 31 28 
1971 45 38 18 77 159 21 17259 294 1711 143 1313 1166 8448 
125 195 765 28 423 45 17 419 3359 9 8366 49 5820 7770 102 12 
15 4157 3078 74 628 17 164 9774 74 240 143 628 45 259 38 164 107 3869 
4 2901 18432 12 38 220 20 19394 4 15 2745 3314 45 13039 347 157 12 
68 124 28 2612 1711 143 1313 628 73 3199 19798 12 
68 124 515 38 1906 220 2 
648 12 73 195 729 1537 3376 109 28 110 1905 
215 38 35 150 440 3616 37 72 38 439 150 440 73 37 219 12 
9 12 49 1320 2385 45 13 392 729 12 1529 5634 45 28 105 317 140 31 28 2385 
38 164 13376 45 15 240 143 628 16 45 17 15 105 317 611 16 215 4 
279 31 9 1021 219 21 28 160 9468 105 1417 109 28 110 997 21 
28 
2385 12 
481 474 15 611 16 124 109 15 20618 
4 279 31 184 628 1440 193 
167 12 179 38 198 15 73 45 481 474 38 73 1320 31 28 3968 
1537 12 38 18 87 195 3968 1537 259 34 38 35 8163 37 109 15 
1225 17 52962 37 12 
1219 12 1370 9 2351 2660 38 18 128 45 407 240 143 628 45 1320 31 28 3968 
1537 12 8163 37 109 15 1225 259 26 18 77 9292 49 38 
21 13 21 28 648 45 1857 150 204 31 255 213 18 73 37 125 38 12 
144 12 2340 143 143 220 107 47661 28 2587 31 28 255 213 164 3804 997 
21 1320 2385 45 347 769 2905 109 28 110 45 4 184 185 411 1032 124 
5041 1905 4 3052 231 9 231 1461 231 913 231 347 38 18 13260 499 109 28 
8367 31 15 52963 12 1319 38 1929 28 185 68 1930 45 
38 150 587 65 450 2473 20 1931 150 440 548 72 38 2671 20 12 1074 45 68 1381 
58 205 7811 45 17 72 38 47661 20 45 20 18 107 548 12 
9 12 933 1905 49 28 13380 31 1357 1537 12 
167 12 121 38 150 938 13153 28 3968 1537 45 85 68 4777 17 
9190 0 938 28 105 17 16 1389 2385 4118 729 12 68 160 58 869 20 
1461 28 3202 17 124 359 1450 7298 769 392 2248 45 1857 193 65 45 2671 
28 105 31 28 425 45 28 16 45 17 28 9190 0 938 240 143 628 16 109 28 
8147 31 68 2743 21 15 2745 12 
1219 12 3619 28 105 17 16 1389 2385 4118 644 3192 21 2385 4118 729 12 
151 12 3619 28 105 17 16 1389 2385 4118 827 3192 21 2385 4118 644 12 
240 12 3619 28 105 17 16 1389 2385 4118 144 3192 21 2385 4118 827 12 
1269 12 3619 28 105 17 16 1389 2385 4118 648 3192 21 2385 4118 144 12 
913 12 5682 15 105 397 16 4 28 2385 4118 648 2439 12 
81 481 474 38 39 5820 105 17 16 8376 193 
827 12 85 68 3509 849 45 1141 28 6841 110 31 2587 45 17 
8163 20 21 15 1225 12 481 359 538 21 28 8028 
35910 31 68 849 12 
15 64 21 436 4 68 124 6606 7289 215 924 38 35 
41760 392 646 219 12 38 3091 314 8 70 1971 2375 17 
240 143 628 124 298 193 
21 9096 38 306 3199 15 1166 109 28 1971 45 28 729 
1537 38 15198 18 1211 38 306 35213 3199 17628 0 58186 
540 3552 2473 21 13 6261 240 143 4756 45 177 21 861 35775 31 298 
4348 3954 17 48 45 48 959 12 
161 164 373 2593 1362 31 2692 15 53497 2 
1381 4118 648 2 50 6261 240 143 628 
82 150 204 256 34 38 3807 21 3042 532 45 274 21 450 2473 20 7653 45 17 
419 150 587 6132 38 17 195 1510 3869 13 499 445 144 45 1857 2950 
1320 12 82 150 204 65 6132 34 28 133 9661 9 0 12 827 3471 3793 12 568 9 
502 110 28 3793 90 77 48 10 12 65 45 591 255 18 13 
499 
12440 31 35775 31 2950 3915 31 144 45 1857 12 251 12740 306 
68 3521 45 38 13 499 445 144 45 1857 2950 12 306 9 0 12 827 3471 3793 45 
34 124 445 448 4157 49 2385 4118 648 12 1510 448 255 3820 74 50 499 
144 45 1857 2950 1320 49 9 834 31 618 45 1857 12 499 31 1510 0 12 827 3471 45 147 255 
3820 17 73 2385 4118 144 12 1510 147 628 499 144 45 1857 2950 1320 49 9 
834 
31 788 45 1857 12 28 0 12 827 3471 3793 21 34 124 13755 4157 49 2385 4118 827 12 1510 
13755 13 499 144 45 1857 2950 1320 49 9 46111 45 1857 834 12 28 0 12 827 3471 3793 21 
34 124 648 45 16930 4157 49 2385 4118 644 12 1510 648 45 16930 13 499 144 45 1857 2950 
1320 
49 9 144 45 29334 45 1857 834 12 28 0 12 827 3471 3793 21 34 124 248 45 25070 4157 49 2385 
4118 729 12 
34 150 204 248 45 25070 392 729 52801 49 38 45 5634 193 193 193 15 834 18489 4 68 
3521 124 392 454 141 392 7636 141 392 648 45 13322 141 392 448 45 9014 141 392 2249 45 9016 49 9 834 31 392 2248 45 3849 193 193 193 
1074 42 2632 45 68 124 4177 648 45 30339 499 31 28 144 45 1857 255 
38 628 21 18 220 5054 7289 17 19854 68 839 193 52946 21 
2937 49 9 3315 515 187 13339 72 8139 45 347 1894 102 499 1876 45 1857 
2950 3915 31 144 45 1857 12 
2892 14 45 591 255 18 220 274 34 45 17 959 193 74 28 185 45 15 
64 21 436 4 68 124 6606 7289 12 38 3091 314 
8 70 1971 2375 17 240 143 628 124 298 193 193 193 
2385 4118 144 17 4118 729 18 2482 38 28 96 1362 49 6261 38426 45 2949 
38 177 21 3305 298 6261 240 143 628 1237 17 177 21 3305 240 143 628 
1316 17 2482 38 2473 21 13 499 648 45 1857 45 1857 240 143 4756 49 298 12 
1381 4118 144 143 4770 298 3954 109 28 1971 
648 12 3836 109 28 150 3519 124 47 45 47 38593 45 17 161 164 
12440 31 298 6625 21 44126 12 82 150 204 256 38 3807 21 3042 
532 274 21 450 2473 505 20 1930 12 6132 15 2195 124 21 36 445 448 
255 
21 436 109 15 429 1313 12 215 4770 9 356 31 298 3954 109 28 
1971 18 2164 36 9 9257 3793 12 219 65 6132 34 8139 3191 
4 
15 2072 7985 445 448 53497 389 12 6482 68 3521 21 
2181 28 11469 1508 1905 12 
648 3083 1313 143 143 15 448 389 306 392 729 215 392 729 641 448 219 12 12 12 12 12 12 12 12 12 12 12 12 12 12 12 12 12 12 12 12 12 12 12 12 392 454 
144 380 1313 143 143 448 389 125 1510 448 215 392 729 641 147 219 12 12 12 12 12 12 12 12 12 12 12 12 12 12 12 12 12 12 12 12 392 7636 
827 2287 1313 143 143 448 389 125 1510 147 215 392 729 641 13755 219 12 12 12 12 12 12 12 12 12 12 12 12 392 648 45 13322 
644 902 1313 143 143 448 389 125 1510 13755 215 392 729 641 648 45 16930 219 12 12 12 12 12 12 12 392 448 45 9014 
729 902 1313 143 448 389 125 1510 648 45 16930 215 392 729 641 248 45 25070 219 12 12 12 392 2249 45 9016 
1074 17894 45 68 13154 34 28 255 213 436 445 
17259 448 255 1320 12 2937 49 9 3315 515 187 13339 72 26 221 639 
255 21 436 193 591 255 18 36 1876 150 204 31 196 193 
2937 67 20 193 
49 5820 392 729 12 1529 38 128 45 195 38 1906 220 124 240 143 628 37 28 2385 
26 13153 12 34 150 204 20 193 3559 1211 310 143 517 504 109 195 4157 193 
68 
18 5697 34 28 240 143 628 26 13 499 45 306 15 105 17 16 109 
20 45 
18 77 2917 86 26 35 150 440 44126 395 26 128 28 2385 193 
1357 1537 
824 824 824 73 1320 2385 74 140 17 105 824 824 824 
174 2 
3559 13 392 729 5634 215 1200 12 204 12 3917 219 49 1320 2385 
4190 107 378 
3559 13 15 73 407 429 8876 628 
481 474 28 5634 124 34742 74 50468 20 4 23 1557 373 20744 
31 358 12 109 208 31 1510 20744 31 358 45 1833 2 215 9 219 28 140 317 105 
31 28 2385 38 164 13376 45 215 167 219 15 240 143 628 16 45 17 215 1219 219 15 105 
317 3133 16 12 
198 15 73 49 443 1537 369 2 
2385 4118 648 231 28 52966 150 204 1460 21 3836 49 298 109 28 1971 231 
73 2385 4118 648 125 2 
4788 17723 
61450 2910 617 902 2287 12 54502 4118 1809 
61451 45 347 
61452 143 61453 
2385 4118 144 231 28 52966 150 204 1460 21 50 6261 240 143 628 109 28 1971 231 
73 2385 4118 144 125 2 
9352 61454 
803 59836 2642 
28891 15266 45 8011 
54512 143 61455 
2385 4118 827 231 28 52975 21 52976 3199 109 28 1971 231 
73 2385 4118 827 125 2 
61456 11473 
16830 61200 48833 12 
61201 45 11263 
61202 
2385 4118 644 231 2473 21 2111 9 52982 38423 28 2168 31 
52976 3199 17 28 1971 231 
73 2385 4118 644 125 2 
241 12 35259 
61457 61458 315 12 
41164 45 11263 
61459 
2385 4118 729 231 2473 21 13 648 45 1857 45 1857 240 143 4756 49 298 231 
73 2385 4118 729 125 2 
1567 61460 
61461 2910 175 4592 12 
61462 5396 5397 45 3815 
61463 
161 1383 959 1032 809 45 1857 45 1857 255 6230 13353 193 
824 824 824 824 824 824 824 38458 49 2487 824 824 824 824 824 824 824 
824 9494 68 130 15 1166 193 77 2917 45 8198 45 
17 6482 28 2488 8376 12 
824 13 49 28 3968 1537 3923 259 38 18 8 
37 179 28 4157 3042 963 4 86 2 
179 38 128 9 392 729 73 45 38 1906 13 499 28 870 
8366 397 2385 12 
824 3559 1211 310 143 517 504 109 28 4157 38 128 12 
824 77 33713 17 35031 306 68 839 12 72 38 6482 28 
4441 1318 45 15 1508 18 77 1349 193 
824 414 195 45 8 4166 4 1897 17 83 38 18 18093 193 
824 824 824 824 824 824 824 15 2487 6150 824 824 824 824 824 824 824 
6482 443 6150 21 5697 15 2487 2 
72 38 439 150 440 128 639 4157 49 2385 4118 648 1370 373 1910 45 7227 
3836 347 50 240 143 4756 395 38 220 12 111 45 9 224 31 1910 
1892 38 84 128 23 1557 1876 4157 49 2385 4118 144 12 72 38 439 150 440 45 
7227 3836 347 50 240 143 4756 395 38 220 12 
1319 38 8 293 1876 347 959 4157 49 2385 4118 144 45 38 35 43339 45 
86 28 408 124 314 1960 49 38 45 17 28 5634 18 
7227 21 52988 4 193 
68 124 2340 21 1074 2 
5820 92 15 105 124 223 3192 109 28 110 45 38 164 10440 4 6059 
31 9 218 2385 12 38 35 3832 6608 31 15 2406 74 18588 
540 2385 255 164 13376 125 38 12 72 38 482 21 2698 959 
18489 45 13 212 13242 31 240 143 4756 347 7227 4770 3954 17 3042 28 
830 368 120 193 161 124 359 9081 21 28 18489 38 18 2698 125 
68 1166 193 
1397 38 481 15 1475 130 21 2428 347 107 38 436 4 
68 839 12 81 270 208 260 12 220 38 482 21 2671 15 2261 138 
72 28 270 124 194 45 81 933 23 28 235 12208 67 68 
839 2 
648 12 38 164 18432 9 8366 540 926 107 
64 2423 21 2706 193 
144 12 38 164 18432 9 8366 540 926 107 
64 2423 21 7789 193 
827 12 38 164 18432 9 8366 540 926 107 
64 38 2423 21 44126 193 
644 12 38 164 38423 28 2168 31 28 1971 
17 28 2168 31 1711 143 1313 3199 21 
2979 15 8366 195 765 28 423 193 
729 12 15 445 1856 411 1032 15 
4143 392 646 4173 124 15 92 193 
448 12 8202 195 31 28 18489 38 2698 
125 68 839 124 24779 4149 193 
73 15 1537 328 17 36 1339 109 15 2642 21 4561 
3389 193 
369 124 28 92 49 15 6526 
56657 2135 1419 1367 1508 
81 817 2 72 38 87 95 306 1544 9 1166 45 8168 9 
1166 105 45 3 2473 18489 5810 124 6118 45 409 12 45 66 15 
1430 157 31 28 532 1166 7759 215 9 11033 14160 219 
648 143 215 6255 219 53011 143 34340 49 298 95 17 3940 21 463 12 65 45 28 
15711 50096 504 2529 298 95 407 3852 17 298 36011 
67 
1166 5810 2584 12 15 44124 17 1508 164 10407 
54405 109 15 3544 17 3836 12 68 849 9696 359 
52661 9694 7712 12152 12 4 28 363 34 20 124 2581 34 68 
849 
9696 9 5697 31 184 331 45 34 5697 124 369 53516 12 184 
53590 347 13869 31 44124 3804 4 68 849 229 77 
54775 347 393 143 58316 12 72 38 8 184 260 31 28 53517 31 68 
849 
66 28 157 31 2329 1762 49 3199 11912 
11033 8216 1114 14154 31 14209 14210 4 8021 1774 12 