Subject: 8077 824 8077 824 8077 7 230 623 475 4 644 1910 45 259 90 38 193 193 193 
18516 193 18516 193 18516 193 
17 1449 13260 19695 193 359 18591 193 
87 21 13260 19695 4553 138 439 150 440 8 92 21 11944 138 
487 150 204 15 270 193 
17 38 35 18516 130 48 130 38 482 193 
8811 62308 369 215 14348 219 
13388 19695 6108 49 2261 193 
2473 9675 164 419 138 12 12 12 
4 454 2660 72 38 150 1 107 7813 39315 306 
68 408 45 13 28 231 39736 231 50477 182 49 1446 5495 193 
68 408 124 259 6238 45 5615 2906 9392 
13260 848 143 1535 475 31 19581 4 28 429 76 193 
959 13230 45 28 62309 6832 259 2194 
306 411 2707 31 19695 6108 58 205 9671 12 
824 9 359 143 7223 62308 369 215 14348 219 34229 45 51229 45 9834 17 9180 408 
34229 143 62310 215 14348 219 143 9 4160 53017 62311 13511 34 13886 
13859 62312 21 77 4224 921 11039 215 450 1905 219 12 
51229 143 62313 215 14348 219 143 9 4160 2228 143 31 143 28 143 2229 53232 143 371 8366 34 59795 
964 21 638 18427 215 5150 19581 53222 219 31 37653 19581 125 28 45524 38 150 938 274 12438 45 
874 12769 443 34920 19581 53222 499 31 15 6290 130 8373 489 1032 
62314 37 130 19581 215 450 1905 219 12 
9834 143 2204 150 62315 215 14348 219 143 20 150 204 182 193 315 12 8228 150 204 9135 62316 
62317 215 14348 219 13511 58 205 4156 49 1 143 7925 49 28 429 
92 4 1535 1010 193 1320 53711 58 28 12816 21 9834 28 59594 17 
62318 31 959 1032 1876 18427 347 959 1032 1862 53222 31 
62316 215 450 1905 219 12 
9180 143 62319 215 14348 219 143 68 8366 3894 28 1402 46545 46579 
829 49 15 6290 21 481 294 37705 12 20 2971 10442 53253 
6290 36656 17 9180 19692 50128 158 47 2340 1427 18571 19695 12 
38 34229 19581 45 489 1032 19692 45 540 2971 21 10442 9 21598 53253 
6290 36656 4179 
824 18516 130 48 130 38 482 193 
824 15 11039 1313 18 54710 193 
824 1876 3471 9971 17 195 2233 193 
824 36 1508 4 373 1910 193 
824 454 517 483 182 5697 143 359 463 114 193 
824 18516 130 48 130 38 482 193 34 150 204 1457 45 38 35 7227 21 
18516 15 39368 772 53224 45524 17 1449 13260 19695 193 34 112 
62320 395 369 193 306 28 19689 62308 369 215 14348 219 408 45 
38 35 7952 15 39368 45524 435 62321 45 62322 45 33633 17 62323 
3867 17 1449 2181 15 2195 12 
824 1876 3471 9971 17 195 2233 193 28 62308 369 215 14348 219 408 
3894 359 62324 45 18450 45 62316 45 41393 45 11788 45 62325 45 18596 45 5239 
35671 45 1610 62326 347 6575 2232 12 
824 36 1508 4 373 1910 193 4114 3471 31 670 1202 164 4075 
52760 1508 17 13002 11039 1370 28 429 373 1910 193 
824 483 182 5697 193 38 8 454 2660 21 4618 28 3867 12 
72 38 164 982 1032 7813 39315 45 13 28 231 39736 231 50477 182 
49 9 1446 1876 3471 5495 12 
38 8 454 2660 21 4618 28 3867 23 38606 6237 
487 124 515 274 373 255 777 21 256 215 17 161 164 591 959 219 2 
40147 747 12 45 20428 45 962 891 45 1342 143 40827 1164 45 47045 45 8325 12 231 7 150 938 230 623 
475 4 2116 1910 17 144 13663 13522 17 132 20727 58 230 1535 12 
419 199 40118 86 419 968 20 112 212 208 31 1510 19316 
53155 12 534 45 121 16398 17 4075 28 3867 45 68 
124 985 21 62327 19695 6108 12 255 8 205 309 14 
515 7 150 282 312 17 179 7 2949 37 26 439 150 440 2892 20 45 259 7 274 2949 
37 21 4618 20 12 953 107 138 20 479 306 9 1876 3471 483 182 5697 193 231 
35466 741 12 45 6829 45 962 843 45 6049 45 8011 12 231 443 3867 164 14343 193 
107 445 8 7 230 1535 475 4 429 76 45 132 11039 1313 124 772 
17 7572 11004 28 517 12 28 408 124 941 158 7 150 938 4430 
205 159 21 13260 19695 435 68 193 7 150 282 545 17897 959 193 68 58 
274 62328 14 497 12 17 28 508 52760 3203 124 34 7 150 938 5419 150 440 
62329 9 657 306 28 7570 31 1428 34920 62330 12 231 
49 298 45 359 50099 430 67 28 62308 369 215 14348 219 408 45 
1324 41409 298 2 
648 143 21884 143 62331 143 62332 
137 21 28 12592 3793 45 38 229 36 9 563 10884 12 72 38 220 1324 
648 143 21884 143 62333 143 62334 