Subject: 62402 
68 626 124 528 102 21 38 4 10821 306 28 
1464 11033 16848 49 399 273 215 204 12 53012 
143 976 2625 219 12 
231 55791 21 976 2625 45 7135 215 9 219 215 144 219 215 1219 219 31 204 12 53012 45 
840 54459 21 38 74 28 183 31 68 273 
229 77 19787 23 359 64 21 38 74 50 9 149 21 68 
273 74 235 28 2488 1905 68 626 12 
653 653 653 653 653 653 653 653 653 653 653 653 653 653 653 653 653 653 653 653 653 653 653 653 653 653 653 653 653 653 653 653 653 653 653 653 653 653 653 653 653 653 653 653 653 653 653 653 653 653 653 653 653 653 653 442 62403 17834 
128 1342 143 92 5991 62402 765 28 1971 
74 6136 62404 12 
62403 17834 45 670 504 33311 5991 62402 
407 28 1971 130 26 164 2900 49 28 235 
12222 2 
204 317 321 2862 45 13646 1876 45 240 143 8777 45 4160 62403 8205 
4787 12 
670 62402 3078 306 4149 1434 49 
62405 45 62406 17 37782 17834 12 419 65 421 
62407 9181 17 2340 2377 419 914 4 28 58123 
11004 28 517 12 
670 504 58 205 4772 4 62403 3834 12 
49 9 298 827 517 1408 521 21 2 
1050 2 397 397 1051 12 62408 12 1217 397 62402 397 
1050 2 397 397 1051 12 62408 12 1217 397 62402 397 
62403 8205 3513 4998 12 445 572 4998 7462 12 81 2666 
62409 15545 109 670 3981 12 
21 77 6617 125 68 110 45 2858 13 9 8086 273 21 2 
62410 302 220 143 20 143 369 12 3519 
817 2 20 124 107 670 1547 21 62411 347 44126 21 184 
54766 397 8205 143 1846 2411 1536 12 72 68 58 
205 28 279 45 670 1321 17 81 6482 28 21112 
4441 414 12 
102 125 2 62402 
273 2 17343 302 220 143 20 143 369 12 3519 
16 2 3277 323 6031 45 62412 45 3170 45 62413 
3852 2 14593 143 6244 143 37261 