Subject: 231 2974 3314 1166 5684 193 193 231 
19653 765 392 1250 45 1857 9 76 
4 15 2745 3314 371 1166 
17 34204 63 47 3547 9847 193 193 
68 124 107 45 7 12583 45 68 124 107 23352 347 62262 8365 193 193 193 
18794 158 
1510 164 2159 4778 45 7 83 12 251 72 38 150 1 107 1476 23 1557 9 9537 31 68 5820 76 38 87 21 63 442 86 7 8 70 2340 626 109 2473 38 35 481 515 7 150 282 53431 17 220 20 1370 28 997 4114 2660 193 193 
49 1010 7 8 52234 132 62263 4 2119 3314 371 1166 4787 306 3547 2487 12 9 2351 524 2663 7 2209 275 28 1388 21 1476 62264 31 483 45 1457 125 132 3314 45 18432 9 8366 8139 4 28 423 571 17 4694 12 12 12 430 193 
7 150 282 985 21 95 38 220 28 310 72 38 274 5506 21 2188 2473 
21 481 765 392 1250 45 1857 9 76 306 208 31 52705 18432 1537 
4 28 423 328 193 
648 219 7 18 432 38 964 4 15 2745 3314 371 1166 49 445 392 390 12 1529 193 
144 219 7 18 1844 38 208 31 28 21036 18432 3867 4 28 423 38 35 
4095 1897 49 53046 193 
827 219 7 18 2482 38 2473 38 35 2111 9 9118 57 317 3616 208 31 28 508 
1367 317 62265 1537 1355 1003 143 1457 125 15 2745 3314 193 
644 219 7 18 82 38 3832 195 28 483 38 481 18432 68 8366 193 
38 439 150 440 87 21 12543 35775 31 7804 45 7710 13885 4998 17 548 12440 31 954 9 1867 21 3042 68 13271 1166 125 15 3314 12 
4 9 1384 31 954 38 35 3042 1960 23 3314 45 125 15 52959 5681 45 1476 125 392 390 21 392 648 45 1857 9 517 193 193 
487 124 195 38 18 87 12 12 12 
4118 648 12 28 52705 18432 418 4 28 423 328 52 55844 818 
2385 140 57517 12 
4118 144 12 9 39 1329 347 9 4553 39 504 34 35 11440 46927 150 204 55844 
818 2385 12 
4118 827 12 9 819 133 110 347 9 1430 347 883 418 21 1853 9 4572 2116 
1479 4348 3946 193 
4118 644 12 9 628 323 21 3571 28 12440 31 4157 38 18 77 357 12083 143 
2041 2660 9 1867 193 
4118 729 68 849 45 540 38 3091 314 8 45 274 8163 20 12 12 
28 1388 21 184 1166 2487 124 21 8 9 8366 347 504 8139 4 28 423 571 17 4694 12 34 8366 84 77 38593 21 2706 317 941 21 7789 12 38 18 8 34 8366 306 46927 150 204 55844 818 2385 140 57517 193 193 
46927 150 204 55844 818 2385 140 57517 18 2671 973 12982 11004 28 423 74 10463 37 2473 26 35 481 17 8163 483 74 13286 7997 125 28 9432 2097 45 3578 17 5810 62266 769 10656 58 5690 109 37 4 28 977 2351 1010 12 
61844 1897 143 508 255 164 1838 62267 74 515 7 207 67 21 2949 38 173 46927 150 204 55844 818 2385 140 57517 12 
4 46927 150 204 55844 818 2385 140 57517 38 18 861 499 34 12 12 12 
13583 317 62268 55113 55676 164 869 50696 4 68 2385 193 
62269 52950 18 62270 72 26 83 38 8 2666 68 2385 193 
20513 52716 56788 229 521 21336 74 38 3344 68 2385 193 
62271 5810 12123 450 6614 179 26 2666 68 2385 193 
62272 58673 572 28 430 4 68 2385 12083 193 
15 6550 62273 926 107 482 38 21 2666 68 2385 193 
68 2385 124 62274 74 508 10656 12123 193 
182 62275 34459 9773 68 2385 193 
38 18 65 2188 317 347 8 1379 21 12 12 12 
1438 58673 317 28 11614 36 837 37962 568 59791 17 2473 38 35 220 28 310 193 
9662 55844 143 7813 6822 17 497 125 15 10656 150 204 3578 193 
15 2745 8054 55844 133 16 143 359 208 18 83 15 1342 16 12 
55844 6822 9722 61 143 823 483 17 63 15 52801 125 55844 143 359 358 62276 12 
8163 964 21 390 3471 109 2871 317 628 317 8 15 6165 1979 6282 125 54159 143 164 38 4 28 628 73 1166 138 487 150 204 9 483 36383 1129 359 208 3191 35 3359 193 
55844 17876 143 220 38 8 9 13123 3306 2141 138 
55844 5810 57520 143 34204 523 347 9604 9847 143 359 208 4663 143 107 837 15 10656 193 
55844 57518 150 204 317 59791 143 8207 14210 125 52950 17 15 10656 193 
55844 139 5826 504 143 959 9657 143 959 14210 193 
55844 9118 143 57519 49470 143 72 2484 1457 45 4430 571 21 77 484 182 193 
772 9598 55844 4173 4787 143 861 499 2473 28 11614 481 125 648 3471 21 644 3471 9 1867 109 769 483 143 55844 17 5810 298 143 38 35 220 28 310 193 
55844 4578 1059 12869 31 1058 143 359 358 62276 143 1930 4 184 35318 13353 193 
964 21 1876 3471 17877 109 35531 17 399 1189 143 584 21 198 36233 4373 193 
580 52824 12869 31 1058 9820 143 7954 1510 52897 52950 1370 2660 568 68 1058 6605 193 
1000 31 1058 964 21 392 1535 45 1857 12869 31 1058 143 443 1058 12143 164 3986 49469 193 
8054 483 143 57523 124 9 13405 1347 143 38 18 8 1379 21 443 8054 483 4373 193 
306 195 68 4223 430 4 2385 140 57517 45 220 38 450 953 20 150 204 28 52705 18432 2385 4 28 423 328 138 68 430 124 107 9292 274 19798 193 430 435 68 35 107 77 275 23 15 1430 1135 12 20 124 505 9713 392 390 12 1529 143 4 2177 542 505 9713 35775 31 7804 74 10463 255 2473 26 35 8163 9 13963 225 34 441 4 9847 12512 193 28 96 1987 31 195 124 34 38 18 8 1446 38027 13124 17 28 6169 21 3616 46927 150 204 55844 818 2385 140 57517 12 38 3832 195 28 483 193 
430 124 28 7990 8366 12 20 150 204 941 21 4095 45 941 21 7789 17 941 21 3616 1012 179 20 150 204 130 1367 130 2385 4118 57517 12 28 3264 124 48719 4 34 38 35 3616 2385 4118 57517 21 2622 45 62277 4 28 423 12 28 2483 124 48719 86 161 164 11471 31 255 11004 28 423 213 87 2385 4118 57517 17 164 528 6200 21 2385 4118 57517 68 5889 12 8139 12 12 12 7 2173 8139 571 2385 4118 57517 12 12 12 12 
255 213 8 9 2461 12 322 12 167 12 17 8 231 959 76 1032 483 231 143 38 83 231 274 765 21336 231 193 193 
255 213 164 9118 143 5980 143 189 34 231 9118 12322 5810 231 17 164 8752 2413 49 1190 43028 125 5820 10953 193 
255 213 164 40266 17 20714 31 62278 1190 43028 143 106 38 83 34 4 28 1200 12 204 12 161 164 144 12 786 56788 49 5820 648 45 1857 255 138 508 56788 164 53211 17 87 21 3966 4091 49 184 311 21 36510 193 
8198 255 222 130 10947 45 8187 45 45666 45 7352 45 3263 143 13895 45 62279 45 17 194 837 56788 193 143 38 83 1510 255 4 28 4240 1032 4180 5810 62280 193 
255 213 164 509 510 347 164 510 17 2563 109 8012 3090 1355 121 143 369 182 21 4169 143 28 1200 12 204 12 58 9 55113 677 34 835 394 3471 5820 1209 193 
8448 213 482 21 481 474 769 8392 124 9 6548 390 143 390 1987 369 17 4 28 460 193 
255 213 11416 4 9 2476 34 58 9432 2097 17 3578 9445 177 17 2473 26 35 1853 769 1166 17 5237 769 483 193 
255 213 164 53496 17 23 28 58134 31 769 11479 150 2097 3932 1801 10820 18489 17 3999 10898 193 
255 213 482 21 53041 251 62 41760 21 86 31 1360 31 18489 347 28 2097 12531 6125 37 74 769 10656 13143 37 125 357 9 33625 18489 193 
255 213 164 772 52538 35850 347 8 205 48700 74 769 11479 150 62281 5810 14160 143 38 83 231 12697 395 13720 20627 231 193 
255 213 164 189 769 10656 638 3471 21 394 3471 4 9847 17 164 40266 17 20714 31 312 259 193 
255 213 164 1276 21 4960 17 87 21 861 9 1422 130 1028 130 261 143 639 3471 21 638 3471 31 28 255 4 28 1620 6538 164 9 54133 497 125 4960 143 194 1510 255 193 
255 213 482 21 481 474 769 4061 128 1876 3471 31 769 48639 308 28 10656 18456 20 497 193 
255 213 87 1058 17 8 205 4224 3192 1461 5112 4373 45 222 130 769 1430 16168 400 193 
255 213 482 21 3832 769 1166 17 2901 17105 6822 143 584 21 220 68 517 17 962 306 195 28 385 193 
255 213 8 28 38048 31 4561 19609 17 482 21 481 35775 9 517 916 769 2745 3314 371 1166 193 
38 1906 4758 306 14 161 124 9 37723 3264 11004 28 423 158 31 255 213 164 39382 17 189 9847 540 164 8752 2413 49 2385 4118 57517 193 
226 419 8 2581 28 3509 423 124 9 8752 2442 49 2385 4118 57517 82 14 2482 38 2473 941 20 124 21 3616 2385 4118 57517 1960 125 15 52959 5681 193 1775 1775 1775 1775 1775 1775 1775 1775 1775 1775 1775 1775 1775 1775 1775 1775 1775 1775 1775 1775 1775 1775 1775 1775 1775 1775 1775 1775 1775 1775 1775 1775 1775 1775 1775 1775 1775 1775 1775 1775 1775 1775 1775 1775 1775 1775 1775 1775 1775 1775 1775 1775 1775 1775 1775 1775 1775 1775 1775 1775 1775 1775 1775 1775 1775 1775 1775 1775 1775 1775 
4579 109 193 193 2473 57368 31 14 193 7 8 205 3311 21 38 125 28 5824 31 68 273 45 308 12825 8811 1904 193 259 82 14 12825 4018 1904 143 7 150 282 208 31 1315 46927 374 11978 1476 3968 37226 5820 76 193 7 150 587 77 15 3301 143 7 150 282 28 160 213 38 18 63 28 392 390 12 1529 21 17 128 2385 4118 57517 193 7 150 282 28 160 213 18 2671 15 2261 19728 193 7 150 282 28 160 213 4694 21 450 38 18093 86 72 38 18093 143 7 18093 193 
7 482 21 481 474 38 18093 17 450 38 3616 12440 45 837 35775 31 1537 5820 1867 12 
28 959 38 3616 28 959 483 7 35 481 193 542 150 6548 34 38 3832 195 31 28 392 390 12 1529 179 38 3616 9 2385 12 38 63 14 7289 411 1032 28 4143 392 390 12 1529 49 28 2385 143 107 208 1371 7770 143 38 3832 20 195 12 3616 445 848 1537 9 1867 17 481 392 2862 143 38 3832 20 195 193 3616 1876 1537 9 1867 17 38 481 392 729 45 1857 143 38 3832 20 195 193 3616 2862 1537 9 1867 17 481 392 646 45 1857 143 38 3832 20 195 193 193 193 
1397 7 2949 38 2473 17 953 7 481 483 5820 92 38 3616 9 2385 45 82 14 2482 38 2473 941 20 124 21 44126 17 3616 231 28 52705 18432 2385 4 28 423 231 143 46927 150 204 55844 818 2385 140 57517 193 12 
68 2385 58 205 1351 21 77 9118 143 13226 306 195 28 3199 1920 109 2473 21 3616 28 2385 1457 14578 12 4 15 39 31 2385 4118 57517 38 18 8 1379 21 28 235 3199 2099 17 1366 12 12 12 
4218 31 13720 4348 3954 38 35 198 4 1430 347 883 156 34 18 481 38 58137 11614 193 
9 1367 6457 1027 39 31 9 7724 38 35 1022 15 105 317 16 109 17 8 28 392 390 12 1529 102 485 21 38 143 8808 12 7 18 2482 38 2473 38 35 3990 17 628 34 7724 143 429 8876 143 49 130 3547 130 6300 4170 215 1200 12 204 219 1320 193 
1319 38 13 4 15 6126 31 387 125 2385 4118 57517 38 18 65 128 12 12 12 
4148 62282 4348 17 5680 3954 34 18 2698 12440 45 837 35775 45 31 4178 13388 21 6392 15 628 323 306 392 390 12 1529 4157 193 
6625 21 44126 49 130 3547 130 7778 4170 215 1200 12 204 12 219 2606 2744 13406 765 789 45 1857 45 1857 255 193 9 774 143 22154 3836 839 9141 28 13967 17 6165 2900 125 883 52940 62283 193 
9 6457 1027 39 31 68 73 54428 6165 849 49 15 572 21 628 21 28 39087 31 15 3954 193 
54221 39 31 70 2607 49829 40141 31 68 73 54428 6165 849 193 
2111 70 55844 15346 17 481 959 483 1032 508 38048 31 9260 757 861 17 8163 483 193 46927 150 204 55844 818 2385 140 57517 58 9 1855 31 483 1476 4787 17 28 231 55844 15346 231 124 274 208 31 37 193 
7 150 282 107 6550 143 7 274 6582 515 483 
926 49 14 317 132 599 193 
130 28 160 213 6200 38 21 2385 4118 57517 7 8 28 1129 21 481 765 143 60018 109 5820 2385 4118 57517 38 3616 12 38 450 45 7 150 282 107 1011 274 1476 392 390 12 1529 109 28 2385 7 18431 38 12 7 187 435 21 53041 4 28 4241 460 45 12570 182 17 128 12440 45 837 35775 45 31 7804 9 1867 49 132 1335 9177 31 18432 2385 4118 57517 12 4 2385 4118 57517 161 164 4148 483 143 1476 4787 74 3312 255 11398 515 164 52 236 1166 42901 45 8207 14210 59791 215 1364 411 55844 1166 1947 1184 219 17 7 35 128 4186 17 765 143 60018 3312 255 8379 443 1184 2428 7 6061 3616 37 1904 347 38 3616 37 1461 28 4143 49196 31 2385 4118 57517 12 34 150 204 953 7 150 282 1891 4 15 2487 12 
7 482 38 21 2111 9 52982 74 18432 35775 31 1537 12 
487 164 9 2351 31 28 4148 483 1476 4787 13226 4 2385 4118 57517 125 540 7 35 481 765 143 60018 74 3309 70 231 55844 15346 231 12 12 12 
653 41 429 45 7 481 392 390 12 1529 109 2385 4118 57517 215 7 62284 18431 21 38 219 4 2001 12 12 12 
653 41 7 35 481 964 21 392 1876 9260 255 432 964 70 55844 9722 61 193 
653 41 7 35 481 964 21 392 37715 49 5820 236 1166 4207 3568 193 
653 41 7 35 481 964 21 392 648 45 1857 49 5820 14030 432 964 143 20605 347 55844 193 
653 41 7 35 481 964 21 392 390 49 5820 9118 143 57519 3921 3586 18431 193 
653 41 7 35 481 964 21 392 1876 49 5820 55844 3990 317 628 73 193 
653 41 7 35 481 964 21 392 1876 49 5820 55844 4578 1059 3568 193 
653 41 7 35 481 964 21 392 1876 49 8139 213 9661 9 392 1535 45 1857 54272 1479 31 
1058 1461 9 3986 400 1058 1059 193 
653 41 72 7 767 93 17578 7 35 432 964 17 1853 9 14030 14160 4 132 2088 17 
8 255 3616 59791 49 14 215 6470 435 70 8381 14160 219 193 28 
483 143 1476 2483 124 37723 74 35879 1315 255 213 548 4 132 
2088 12 
7 150 282 15 3301 17 86 31 132 9177 4 18432 38 2385 4118 57517 45 7 8 28 1129 21 481 53402 34964 125 15 9177 4 18432 2385 4118 57517 21 757 193 7 150 282 9939 49967 23 28 3199 2343 69 1461 46927 150 204 55844 818 2385 140 57517 12 28 2343 124 259 4572 17 20 124 7813 54221 193 74 1476 474 38 481 35775 31 7804 9 1867 7 150 282 985 21 36 58137 44009 11614 2354 15 2487 193 
72 20 1465 435 7 207 62285 17 20599 20 4 67 2473 7 150 282 985 21 481 62264 31 483 125 15 9177 20 150 204 6548 193 193 38 84 77 130 33763 130 7 207 86 2385 4118 57517 13886 38 21 11440 132 9177 193 179 38 3616 9 2385 21 757 38 18 111 77 4 132 2439 143 21 481 195 28 765 143 60018 17 4186 7 8 274 5856 67 143 109 1510 213 111 3616 2385 4118 57517 193 
28 235 463 317 3940 164 1351 21 270 508 31 28 3606 38 229 8 12 68 84 1844 38 583 430 21 4192 72 46927 150 204 55844 818 2385 4118 57517 124 15 1470 49 1476 35775 31 7804 9 1867 4 9 3314 371 1166 12 12 12 
1772 12 220 7 8 21 6061 3616 28 2385 317 28 411 55844 1166 1947 1184 21 255 213 3820 21 132 3954 138 
9 12 359 193 68 124 93 9 373 7873 260 12 82 150 204 1522 67 28 18432 31 2385 4118 57517 429 12 195 38 8 21 220 124 198 70 3946 45 628 28 59548 347 13 6261 273 12 72 38 198 70 3946 13 28 62286 68 6165 849 17 82 68 6165 849 220 28 6134 49 38 143 359 87 21 1522 21 2622 193 193 72 38 628 28 59548 347 572 6261 38426 15 3372 124 506 193 
28 7724 18 672 28 62286 21 13 392 390 12 1529 21 15 133 16 12 273 18 548 49 38 72 38 13 20 21 130 591 255 130 38 35 12 
72 38 3807 21 2111 70 55844 15346 17 48796 21 128 765 143 60018 17 1114 109 28 55844 1166 1947 1184 28 6828 425 18 220 28 18432 49 38 72 38 467 12 68 124 9 231 359 62287 231 17 35 77 130 4572 347 130 9814 130 38 482 21 481 20 12 12 12 1522 21 28 255 72 38 467 347 439 150 440 143 2385 4118 57517 18425 1948 193 
1772 12 2473 591 954 9 1867 18 7 8 21 48280 21 132 1166 138 
9 12 208 21 60211 954 9 1867 193 487 150 204 9 260 7 18 270 306 9 260 12 12 12 2473 48 483 220 38 482 21 481 138 2194 2193 970 28 959 3954 38 1853 17 28 959 8364 38 220 28 959 483 38 18 481 193 28 4282 2482 34 49 5820 1876 4178 38 128 125 15 3954 45 17 38 628 68 6165 849 45 38 18 3616 3968 21 2978 1537 1476 38 392 5665 12 1529 21 392 2862 12 1529 215 434 219 12 15 3946 4178 18 9636 4150 109 28 198 38 44126 17 28 533 31 28 418 12 28 959 3954 38 1853 347 28 959 2661 38 13 499 28 959 92 38 18 87 21 48280 21 15 3314 371 1166 12 
1772 12 274 2473 48 483 18 7 87 21 3042 132 3314 371 1166 138 
9 12 392 390 12 1529 193 40342 7 83 143 38 150 1 2493 38 18 87 483 49 3954 17 133 12 505 143 7 150 938 777 255 3042 306 392 390 12 1529 215 1200 12 204 219 17 481 2978 1322 31 28 2385 17 18431 37 21 769 11978 17 17894 3801 37 392 2862 12 1529 215 434 219 12 34 2143 37 583 483 21 3042 916 3954 17 21 7690 20580 12 4 148 23 195 28 483 1476 4787 69 4 28 423 328 7 93 439 150 440 2937 38 35 36 1339 49 184 982 1032 392 390 12 1529 17 8 9 10 13271 483 143 1476 1129 1032 28 208 69 4 2385 4118 57517 193 
1772 12 72 7 8 4148 463 213 18 270 37 49 14 138 
9 12 7 18 347 28 6828 425 18 193 359 575 31 430 45 359 1384 2473 2974 45 35 2196 270 5820 260 34 229 3078 964 12 7 220 107 482 38 21 13260 483 8956 499 28 3940 12 7 482 38 21 18093 193 38 18 128 9 139 140 4 2385 4118 57517 177 38 35 1553 1448 14 347 4091 125 28 6828 425 49 184 260 347 95 38 87 193 
487 150 204 9 4223 12831 49 13376 1370 729 2660 12 12 12 12 15 150 204 5054 298 193 193 
7 8 62288 28 6828 425 143 55844 4561 1184 45 1598 12 143 21 1844 38 769 46927 55844 1166 1181 143 3326 7 143 298 31 299 143 130 9 12831 49 13376 2385 4118 57517 1370 729 2660 31 357 68 273 12 38 18 128 28 1181 179 38 13 4 15 231 6126 31 387 231 275 4 28 2385 12 28 430 4 68 1181 124 62289 17 35 107 77 275 19798 251 1457 487 193 193 
487 150 204 9 4218 31 34 430 2 
12831 4118 648 46927 150 204 55844 1166 1181 
41 15 36277 7212 164 13345 21 77 6822 143 107 259 193 
41 4747 1461 109 143 1479 1225 1184 193 
41 5044 7462 308 39389 125 28 400 193 
41 2473 21 36 62290 1397 26 150 1 4156 74 28 32131 193 
41 5916 18 3904 15 12574 306 818 2940 72 38 83 28 8054 193 
41 38 35 18539 483 125 15 40415 12 274 439 150 440 1324 20 9 3921 
41 2473 21 36 298 7657 21 765 394 41505 193 
41 7691 4104 1058 4 454 2660 193 
41 953 54175 164 19442 130 19656 193 
41 4373 49 4553 5634 49470 12 
12831 4118 144 2385 4118 57517 1947 575 12 
41 2473 21 1448 765 789 45 1857 45 1857 255 49 130 3547 130 248 4170 2606 2744 193 
41 2473 21 432 964 3296 628 17 4430 1522 21 2622 213 57114 21 15 3954 12 
41 21 572 347 107 21 572 9 133 110 138 
41 2473 21 128 298 2587 21 628 21 12 
41 2473 21 628 15 59548 317 6165 48066 231 429 8876 231 49 9 2620 130 618 4170 1320 143 
3552 2871 193 
41 2473 21 3571 392 729 125 255 213 482 21 128 68 6165 849 193 
12831 4118 827 6261 143 56588 150 204 38048 575 12 
74 13376 1370 28 997 729 2660 45 38 18 65 128 9 9956 19855 
40031 1446 31 6230 3199 38458 125 373 31 28 20900 150 204 8147 1158 
36031 12 7 8 2594 69 68 19855 49 392 5661 12 1512 45 251 74 11601 
2385 4118 57517 1461 68 818 3359 1370 28 997 729 2660 45 20 18 77 
117 49 298 193 193 7 18 65 1833 212 9956 19855 306 765 766 4365 483 
1476 1537 34 38 35 3616 1122 347 6223 193 
6261 143 273 58 205 13720 21 77 28 508 6238 185 21 3264 109 28 
1971 12 74 13376 1370 28 997 729 2660 158 7 18 1833 9 839 34 35145 
2587 125 5990 16825 1889 23 9 446 677 31 765 848 45 1857 2606 4087 193 193 38 18 
128 772 3793 4222 3199 21 443 44008 2587 34 38 8 
2191 1897 12 369 195 38 18 87 124 9 6261 143 273 839 45 38 18 
128 9 3979 177 38 35 6456 9 298 1442 1960 9590 6261 143 
273 839 34 18 3318 38 21 1014 53431 52963 28 517 38 128 132 
575 12 38 18 107 87 21 77 8085 306 18571 15 30177 86 7 18 
2482 38 1318 2473 21 13 12440 31 35775 31 2661 2606 517 1427 
59733 15 30177 150 204 628 2659 17 15 13191 23 28 310 92 193 193 
7954 28 36580 193 193 45 7 150 282 107 6389 3801 497 298 58264 779 193 7 8 
274 4705 31 9 19788 294 30177 34 124 3358 298 1379 193 193 193 34 150 204 1457 
9926 298 48719 1971 1379 193 193 72 15 73 124 293 407 51 
1370 28 997 952 52953 7 18 2949 38 2473 21 5912 964 49 68 298 504 540 
124 9 392 37715 397 23653 6567 73 369 193 193 
306 195 34 7 18 77 2162 38 45 15 2487 124 13388 12 38 18 107 
128 68 3359 120 158 74 13376 2385 4118 57517 1370 28 997 729 2660 195 31 28 
414 430 18 77 117 49 9 60484 434 392 390 12 1529 12 73 328 193 193 
953 207 7 3801 497 259 48 49 259 3547 138 502 260 12 12 12 20 124 132 2901 
1993 34 184 2134 62291 160 35 2181 4561 10820 
78 28 6382 1129 17 430 12 12 28 11614 8 2575 4787 
17 430 21 7997 34 187 3318 2622 31 434 21 2181 
62292 2487 2164 12 34 124 953 7 207 3801 497 9 4600 8366 45 833 
195 28 430 539 21 1338 3616 34 8366 45 49 445 434 392 390 12 1529 
21 2622 306 583 1543 17 3270 21 2666 68 849 12 
116 45 
15 3301 
46927 374 2329 
4998 298 5697 
72 38 164 107 7813 39315 121 3344 2385 4118 57517 17 542 1947 575 2858 611 37 1404 1370 2117 2660 49 9 1446 5495 12 359 463 114 12 38 3832 28 9956 34858 45 1166 1181 17 38048 575 12 38 8 7289 21 4998 17 9 52745 21 481 12 487 150 204 15 4998 298 1129 21 2671 15 4561 600 19728 193 193 
6834 13208 6835 653 653 653 653 653 653 653 653 653 653 653 653 653 653 653 653 653 653 653 653 653 653 653 653 653 653 653 653 653 653 653 653 653 653 653 653 653 653 653 653 653 653 653 653 653 653 653 653 653 653 653 653 653 653 653 653 653 818 2385 4118 57517 73 486 
1775 1775 1775 81 20776 14 9 39 31 46927 150 204 55844 818 2385 4118 57517 17 195 54107 12 7 1929 7 8 1446 42838 13124 17 35 3616 2385 4118 57517 49 392 390 12 1529 215 1200 12 204 12 219 8035 195 28 483 193 
1775 1775 1775 7 8 862 9 4322 397 483 73 49 392 390 12 1529 
81 628 28 2385 21 215 81 3990 1412 219 
15 105 2 1775 1775 1775 1775 1775 1775 1775 1775 1775 1775 1775 1775 1775 1775 1775 1775 1775 1775 1775 1775 1775 1775 1775 1775 1775 1775 1775 1775 1775 1775 1775 1775 1775 1775 1775 1775 1775 1775 1775 1775 1775 1775 1775 1775 1775 1775 1775 1775 1775 1775 1775 1775 1775 1775 1775 1775 1775 1775 1775 1775 1775 1775 1775 
16 2 1775 1775 1775 1775 1775 1775 1775 1775 1775 1775 1775 1775 1775 1775 1775 1775 1775 1775 1775 1775 1775 1775 1775 1775 1775 1775 1775 1775 1775 1775 1775 1775 1775 1775 1775 1775 1775 1775 1775 1775 1775 1775 1775 1775 1775 1775 1775 1775 1775 1775 1775 1775 1775 1775 1775 1775 1775 1775 1775 1775 1775 1775 1775 1775 1775 1775 
5913 2 1775 1775 1775 1775 1775 1775 1775 1775 1775 1775 1775 1775 1775 1775 1775 1775 1775 1775 1775 1775 1775 1775 1775 1775 1775 1775 1775 1775 1775 1775 1775 1775 1775 1775 1775 1775 1775 1775 1775 1775 1775 1775 1775 1775 1775 1775 1775 1775 1775 1775 1775 1775 1775 1775 1775 1775 1775 1775 1775 1775 1775 1775 1775 1775 1775 1775 1775 1775 1775 1775 
2228 2 1775 1775 1775 1775 1775 1775 1284 2 1775 1775 1775 1775 1775 1775 1775 1775 1775 1775 1775 1775 1775 1775 1775 1775 
139 2 215 1775 1775 1775 219 1775 1775 1775 1775 1775 1775 143 1775 1775 1775 1775 1775 1775 1775 1775 1775 1775 1775 51 2 215 1775 1775 1775 219 1775 1775 1775 1775 1775 1775 143 1775 1775 1775 1775 1775 1775 1775 1775 1775 1775 1775 
273 16 1775 1775 1775 1775 1775 1775 1775 1775 1775 1775 1775 1775 1775 1775 1775 1775 1775 1775 1775 1775 1775 1775 1775 1775 1775 1775 1775 
628 68 486 317 28 4322 347 483 73 49 434 392 390 12 1529 21 28 16 1905 2 
3535 3682 
321 12 322 12 323 39007 143 38890 
52980 45 8325 62293 143 62294 
51 2 215 32948 219 9020 143 62295 
139 2 215 5034 219 23296 143 62296 
347 45 72 38 5633 45 38 229 65 63 74 34766 15 1058 1059 430 347 39 31 15 4322 21 28 140 414 998 306 28 430 870 109 28 73 486 12 
81 817 2 72 13376 74 1058 1059 77 474 21 1833 1059 650 45 140 17 9828 632 12 121 59175 38 18 77 51227 21 25 144 49 51 12 
118 45 2385 4118 57517 124 531 536 49 434 21 273 20 21 38 45 419 18 13 20 4697 628 1370 952 52953 31 581 31 15 73 12 