Subject: 9927 1045 
46 38 47 48 49 15 9878 173 1889 
1616 15 1981 1038 144 143 248 45 2405 12 7 6060 49 
28 523 4 132 3793 12 
419 164 474 38 18 861 670 9928 9175 6399 
17 505 200 125 195 31 28 513 9929 31 
1194 1195 12 419 65 1211 298 9930 49 195 
31 670 8582 109 2404 12 
419 164 477 563 1616 68 92 31 1209 12 
49 28 92 1909 870 419 35 481 28 
235 3359 49 15 3799 2 
648 9816 215 648 143 144 255 219 392 1082 141 5810 
5810 124 135 3471 31 28 1044 677 12 
81 19 28 235 430 130 1028 130 
261 130 34 124 9 563 92 31 1209 4 1194 
1195 12 
105 
16 
139 
92 17 632 31 5750 
632 31 5833 
140 31 9844 
1058 1059 140 306 9828 
7 933 19 21 4024 125 38 1028 12 
81 3047 182 72 38 8 184 463 347 1207 
840 430 12 
116 45 
7327 9931 
597 4013 
9927 9928 
9546 1257 902 2464 
1194 1195 45 3815 9932 
215 9916 219 9933 143 9934 
51 9933 143 9935 
220 38 7618 193 138 
13 5991 461 306 7618 193 5992 12 
1050 2 397 397 7992 12 7618 12 1217 397 