Subject: 
4312 6792 47187 11326 6906 11364 6786 6921 6771 4318 6993 42402 6774 11328 2 
231 28 21357 18538 45 8856 12 1217 45 2529 359 2173 21 51335 34745 12 86 
31 34 45 20 150 204 9962 21 8163 21 9 2939 45 347 51336 921 9 839 45 
28 461 34 9 839 8097 21 34745 12 231 34744 41 499 231 445 
51337 5240 31 34744 45 107 34745 12 28 3512 1449 7653 21 28 
38963 12 
226 34745 124 9392 177 2340 1409 461 164 2669 45 
68 124 13825 17797 45 130 68 1375 434 2255 21 15556 
4347 4 51338 5373 12 231 
15450 18220 7428 51339 4317 7017 7070 6943 10572 45 3186 34745 12 17924 45 
6934 3186 1050 2 397 397 1051 12 51340 12 1105 397 763 51341 397 34745 397 34745 12 17924 
11396 