Subject: 
167 9 241 913 9 7 1241 9 7 241 1269 9 241 240 204 
15 648 143 7954 1061 34315 
5486 45 5900 45 9896 45 36457 45 20765 45 19975 
824 824 824 1324 648 143 21884 143 729 143 60931 347 27035 143 45637 143 61897 49 1045 824 824 824 
824 824 824 128 9 392 848 4162 74 61898 21 68 273 824 824 824 
61899 236 61147 2 
267 61900 2643 5398 40522 13909 465 1089 11982 14229 
47045 392 52646 392 6252 392 9012 392 27180 392 22743 392 5924 392 61749 392 25949 392 17682 392 8124 
9548 392 24646 392 13763 392 9012 392 32948 392 23008 392 23116 392 1633 392 4028 392 41161 392 41161 
10554 392 39056 392 35876 392 17068 392 4185 392 61901 392 28613 392 31729 392 4185 392 37357 392 17682 
61902 392 27655 392 41161 392 9017 392 27180 392 37357 392 7629 392 61903 392 5924 392 17682 392 8696 
294 3273 392 17682 392 13763 392 5150 392 27223 392 41161 392 23116 392 28459 392 34982 392 61749 392 41161 
14587 392 6255 392 61749 392 9012 392 38891 392 41161 392 5519 392 9152 392 4229 392 26152 392 25949 
8021 392 6255 392 6252 392 9012 392 25079 392 29879 392 19738 392 25949 392 4028 392 41161 392 53817 
10670 61904 1357 125 5820 434 5913 21 5820 5913 423 759 193 193 
9135 20605 61904 2 
8021 21 58847 12 12 12 12 12 392 43577 241 397 440 47045 21 11397 12 12 12 12 12 12 12 12 12 392 48826 241 397 440 
61905 21 58847 12 12 12 12 12 12 12 12 392 36356 241 397 440 14587 21 36221 12 12 12 12 12 392 43577 241 397 440 
1055 61906 143 14023 1871 17 9847 195 413 2 
14229 392 784 13911 392 7848 2643 392 556 
2383 392 7848 13909 392 5661 175 392 1512 
465 392 7848 267 392 785 35911 392 7905 
53900 392 7848 1606 392 5661 14072 392 280 
1580 392 5661 1089 392 7848 11500 392 1082 
3896 392 5661 3498 392 5661 37693 392 5661 
58295 392 556 13910 392 556 40522 392 5661 
9266 392 7905 7370 392 7848 5398 392 7848 
765 617 45 1857 5900 1357 125 10829 21 729 9819 9831 23 37723 48672 
824 824 824 1324 648 143 21884 143 729 143 60931 347 27035 143 45637 143 61897 49 1045 824 824 824 
824 824 824 128 9 392 848 4162 74 61898 21 68 273 824 824 824 