Subject: 294 3617 49 4342 2587 143 19880 15 105 61859 
294 8147 1313 9327 21 3078 499 2532 997 1209 193 
35967 45 12 2377 317 12 2778 143 4156 49 597 572 
4342 3617 2227 2 
1038 609 45 2405 143 14115 45 8031 143 7393 215 1971 4207 49 6573 2587 17 2589 219 3944 34 20 12516 9 3617 34 18 4018 294 3831 8147 143 1313 9327 215 58981 219 12 
1038 343 45 2405 143 3570 559 28 423 1014 28 1036 368 12 
607 144 45 2405 143 1036 368 49 294 54883 7303 204 124 8114 12 
607 827 45 2405 143 40597 5396 5397 45 9835 143 7393 17402 34 28 1036 368 58 205 370 12 28 294 4342 13819 18 77 16541 21 58982 4 511 2405 12 
334 609 45 2405 143 40597 5396 5397 45 9835 143 7393 17402 4156 294 61860 12 413 4 443 294 61860 164 12 35967 45 12 2377 45 317 12 2778 49 597 572 215 435 12 1217 45 12 3519 317 12 2426 219 
4 679 31 772 6047 45 38 35 1405 143 4292 49 2156 1550 49 443 2587 1481 21 769 1824 6826 2381 407 9 16981 1405 143 387 10099 12 49 840 430 67 28 1405 143 387 368 81 1981 2 
1050 2 397 397 1051 12 61861 12 1217 397 
21 77 6617 125 670 110 45 81 13 70 273 21 2 61862 5816 302 61863 12 3519 