Subject: 653 138 1770 143 1771 143 648 138 1772 138 1 2 1775 653 1219 648 653 5048 653 240 648 653 5048 653 240 729 653 1269 1257 653 1773 653 5554 653 5048 653 666 653 1269 144 1775 18236 138 653 
639 397 336 397 7284 848 2 952 2 1764 33725 45 98 99 
101 2 
41 3185 15542 4318 7043 46392 4309 14809 52144 6893 8797 18232 6774 
41 18287 12 
41 648 12 6802 52145 6934 4318 50412 25521 141 1082 653 19777 8797 18243 12 
41 144 12 3183 52146 4317 52147 18296 3185 10612 6760 18296 6948 
41 785 3471 45 6751 6916 
41 6917 158 
41 
41 6810 
41 
7438 6906 45 
52148 7317 3173 15140 3185 52149 4318 52150 3186 42371 6927 4318 6928 15362 
6893 18232 4317 52151 2 
648 12 3183 1082 4317 18297 3182 6795 4318 6772 34020 18253 45 3175 45260 3173 
15806 45 45002 6789 52152 7036 15546 6776 34020 11345 
651 397 549 3173 651 397 1056 3510 45 3183 7057 6760 3183 52153 4317 
52154 3186 15917 6934 3183 647 18243 12 33795 11773 150 
41942 6927 4318 6964 52022 6786 3177 44065 10608 215 1082 219 
52155 18318 6792 47003 12 
144 12 3186 11328 52156 10571 6774 44063 52157 11188 
52158 52159 4318 52160 45 15649 10588 48114 11184 
52161 6774 52162 4318 52163 6885 10588 48219 52164 12 
11318 45 3177 7183 4318 33966 4317 34192 10580 6919 48108 6774 18253 
6758 45399 52050 4318 52160 215 6899 143 52165 143 6958 219 12 6871 4318 52163 
15134 14691 4315 52166 14933 6758 1770 143 1771 143 248 
52167 4318 52168 4315 42049 4318 52163 48198 52169 
215 52170 45 52171 219 45 3185 7102 3182 52172 
52173 45 52174 45 14689 3173 10571 52175 18243 12 
7432 45 4315 10616 44292 4318 15032 6788 231 52176 231 
52177 6893 48198 52178 6758 7011 52114 
52179 4318 52163 215 3175 3186 52180 6758 22326 45 6777 52181 45 
48207 12 219 4317 47031 33897 52167 4318 52168 6919 18321 
47102 52050 52182 45 3185 7102 3182 52183 
52184 3186 14810 12 52114 6921 15392 7317 3182 
52185 6854 3186 11328 12 6751 6795 4318 7170 6777 3182 4311 
15451 45 33795 215 6777 14695 6934 219 52186 3182 3186 
52187 12 
827 12 6775 45 41954 10580 6774 42371 7585 52188 52189 
18232 45 3175 7043 4318 6899 10615 3173 4315 45261 628 45 6913 
18243 52190 18296 45 11395 6871 6918 11358 6921 
52191 3186 454 3471 6758 52192 11358 12 6934 52193 4317 7120 45 
52194 6786 6919 18250 11358 45 3183 44292 848 143 454 52195 
6760 48355 18296 7513 11358 215 52196 3186 6895 4315 648 
3185 144 44445 219 12 14894 45 3183 52197 52198 44292 52199 6893 
1876 52195 45 6751 3173 52200 6887 52201 215 1250 3471 219 6758 18231 
52202 45 42252 11742 10568 4315 14710 6792 52203 
6758 45399 45 6871 15860 52204 4315 33435 44445 12 
6751 6770 12 4318 12 3186 10634 7060 52205 231 52206 231 45399 6760 
438 44445 45 6873 52207 6758 6764 3182 6992 4318 6993 7188 4318 7189 3173 
394 11384 6776 52208 44445 12 6751 3177 42395 10608 6906 
6945 46392 52209 45 6789 6906 41777 3182 3185 
42382 51862 6762 3182 41858 4318 15950 45 6919 4316 4317 
7637 4312 6792 52210 6893 11822 52211 
18232 12 
18331 18332 