Subject: 1 2 2012 4 1329 3 
41 4 68 760 45 28 235 430 187 77 508 1368 21 14 2 
41 9 12 15 2901 6351 109 2428 7 90 10880 9 2012 4 15 1617 12 
41 167 12 91 430 67 115 1086 2086 4 935 4 15 1617 12 
41 1219 12 28 5679 31 3306 222 9 2012 12 
1086 4 935 23 28 1617 12556 21 195 77 4 28 2088 31 1505 
1506 1507 12 255 19326 4 68 2088 1833 1904 17 
373 417 143 10658 775 130 505 130 373 2012 2492 12 125 134 
997 1209 419 18 8 43 12 52662 31 2014 176 16378 12 
91 31 670 1086 35 77 275 4 28 32 
1505 1506 1507 45 5048 12 204 12 3489 45 291 25 45 7348 12 
130 505 130 5703 4 2119 2118 17 28 1329 1611 155 12 
7 207 585 34 161 164 373 1440 306 15 1398 21 220 
9 2012 12 487 12 
648 219 419 220 107 8 1379 21 4747 21 1947 52663 411 1032 
1510 16541 74 28 16284 12 
144 219 7 207 3045 765 143 12732 4 52664 255 23 28 3315 12 
143 143 
315 12 204 12 3489 45 
2010 176 2636 2022 45 
52665 2692 45 
36181 2642 45 
2010 45 4225 648 827 17084 12 
1068 2 141 891 16454 52666 215 352 1479 219 
51 2 141 891 16454 52667 