Subject: 1166 5338 397 16971 62584 
442 1166 5338 397 16971 
125 92 21 92 45 508 3570 2596 9 5634 13855 1021 12 443 1440 35 6224 125 16902 5634 55673 306 28 10059 21 63 8216 52950 17 16275 1370 28 5691 1058 3614 21 959 5648 1440 1141 4960 17 53436 12 
72 38 2745 347 8136 9 425 306 9 5634 13855 1021 45 419 35 95 12 4609 317 41302 124 9 883 11909 425 11521 4 9423 1021 52827 49 3570 31 195 13522 12 226 670 55674 4 2149 45 419 8 12655 12440 31 3570 1141 532 231 25530 17 55675 231 21 762 1711 143 883 9000 12 419 3832 670 1202 499 31 28 14217 408 259 26 35 10473 109 769 1166 1126 9 762 48672 4 1404 92 17 483 12 
419 9392 1425 670 1203 150 204 8673 34918 17 411 52827 21 982 1032 639 4170 109 28 7770 193 4 2177 45 670 55676 39102 521 4240 1032 667 4170 109 28 7770 12 1851 45 419 1022 670 1202 4 9 359 13260 600 12 419 3559 1844 37 28 1129 21 3357 347 4374 184 55677 419 5489 49 37 12 72 26 220 107 435 28 55677 419 11069 45 419 299 37 7289 12 72 26 3357 45 670 578 124 371 109 9 532 10429 31 515 419 10932 37 765 28 546 441 19606 12 874 45 419 439 150 440 299 74 28 4087 45 4430 299 9 55678 45 251 445 36 484 179 38 3357 9 12867 55677 34 419 8 11069 109 15 1842 12 
72 15 52950 164 14024 2916 15 425 49 680 45 347 8 837 49323 9 6185 14160 347 54474 45 7 3037 37874 38 21 6392 499 28 486 1905 17 51 20 182 21 434 12 274 3084 515 15 5634 17 1960 7462 9585 187 933 435 4 9 2351 1893 1910 121 70 4711 3471 5030 31 19605 12 38 8 5054 7289 21 13260 12 
116 45 
4609 317 41302 
81 6392 499 68 486 17 51 21 648 143 21736 143 12648 143 62585 12 72 68 1479 124 563 45 81 4618 34766 21 648 143 24964 143 38178 143 62586 12 
105 2 1775 1775 1775 1775 1775 1775 1775 1775 1775 1775 1775 1775 1775 1775 1775 1775 1775 1775 1775 1775 1775 1775 1775 1775 1775 1775 1775 1775 1775 1775 1775 1775 1775 1775 1775 1775 1775 1775 1775 1775 1775 1775 1775 1775 1775 1775 1775 1775 1775 
425 2 1775 1775 1775 1775 1775 1775 1775 1775 1775 1775 1775 1775 1775 1775 1775 1775 1775 1775 1775 1775 1775 1775 1775 1775 1775 1775 1775 1775 1775 1775 1775 1775 1775 1775 1775 1775 1775 1775 1775 1775 1775 1775 1775 1775 1775 1775 
139 140 2 1775 1775 1775 1775 1775 1775 1775 1775 1775 1775 1775 1775 1775 1775 1775 1775 1775 1775 1775 1775 1775 1775 1775 1775 1775 1775 1775 1775 1775 1775 1775 1775 1775 1775 1775 1775 1775 1775 1775 1775 1775 1775 
96 92 21 1324 2 1775 1775 1775 1775 1775 1775 1775 1775 1775 1775 1775 1775 1775 1775 1775 1775 1775 1775 1775 1775 1775 1775 1775 1775 1775 1775 1775 1775 1775 1775 1775 1775 1775 1775 1775 1775 1775 1775 1775 1775 
212 1971 3946 28795 2094 17 2475 74 2 
3831 3836 384 45 53772 9713 45 15349 61751 12 72 38 187 435 21 77 6617 125 670 133 110 273 35003 61752 302 61753 12 1217 306 5247 130 28 627 12 
824 824 824 824 824 824 