Subject: 1277 1841 
98 143 7 3050 150 440 8 92 21 1548 9255 68 1209 347 837 21 548 
109 9 358 45 251 38 3196 8 92 21 36 91 9256 1508 
74 28 488 997 76 12 208 1712 187 77 21 6539 91 
1337 34 82 28 408 4073 21 9257 573 2166 45 111 21 1853 
91 3361 306 9258 125 1342 2233 1924 12 9259 124 563 
6218 2051 2016 215 109 212 1845 219 45 251 7 150 938 635 150 151 1456 4 279 
214 150 204 1891 4 9260 499 122 9261 12 
96 97 45 143 3790 
143 143 143 143 143 143 143 143 143 143 143 143 143 143 143 143 143 143 143 143 143 143 143 143 143 143 143 143 143 143 
632 2 4106 45 336 3048 2405 1255 2 390 2 848 4051 
125 2 231 9262 282 12 1193 12 9263 231 
21 2 9255 143 377 648 302 9264 
627 2 9255 143 2405 838 1324 49 451 
824 824 824 824 824 824 824 824 824 824 824 824 824 824 824 824 824 824 824 824 824 824 824 824 824 824 824 824 824 824 824 
1324 49 451 
9255 143 2405 
824 824 824 824 824 824 824 824 824 824 824 824 824 824 824 824 824 824 824 824 824 824 824 824 824 824 824 824 824 824 824 
729 902 236 9265 109 
9056 2006 
9266 45 6041 
247 336 143 636 902 45 2405 
1050 2 397 397 9267 12 9268 12 3424 397 9255 143 2405 
1435 
9255 143 2405 124 28 5915 4 9 155 31 1349 2376 
236 1111 109 28 2088 31 9056 2006 12 
68 1209 45 9255 18 77 774 143 200 306 28 144 380 3 2234 4 
1506 936 215 9269 2405 219 17 28 8000 3348 2233 
2234 3 215 9270 2405 219 936 12 
9056 2006 58 205 6554 2591 74 775 4 
430 2019 45 9271 2019 45 2234 928 45 
3348 3948 45 1329 3 45 1990 863 45 
3348 3 2019 17 237 1504 12 
68 9265 1491 23 3933 1122 775 4 443 
1503 12 272 405 31 68 1841 199 915 4 9272 45 1200 12 741 12 158 
9273 45 2509 158 9274 45 1090 158 17 9275 45 9276 45 391 12 
1110 
9255 143 2405 18 77 915 4 9266 12 9266 45 28 7462 31 6041 45 124 
9 9277 5913 540 124 9278 9279 9280 12 1992 130 
28 5913 31 28 7778 9281 45 4134 5913 31 9282 17 9283 
31 9284 45 9 9285 9286 109 28 400 31 9 9287 45 28 9288 45 9266 
58 9 356 21 3359 1404 4 3614 31 5610 45 5493 17 1801 2261 45 
1404 4 28 5913 1948 17 28 9289 9290 12 
6041 150 204 9291 1110 1375 9266 2164 9292 49 
9293 125 195 9294 31 28 423 12 
28 382 18 77 200 4 5386 1387 9295 215 1260 219 45 
6041 150 204 3986 1333 176 12 1260 124 200 4 28 2445 31 
9266 45 306 941 1379 21 5900 45 9296 17 9297 
9298 12 
9266 124 505 9299 74 5486 7222 21 591 3986 1085 
17 1009 9300 12 91 352 7222 21 8872 65 9301 
251 164 982 2194 12 9266 5922 124 200 982 1032 1535 1614 
497 125 1260 45 9292 74 9302 347 6826 6263 12 
9255 143 2405 18 77 915 4 28 1867 3923 235 9303 2405 45 
540 124 915 4 7370 12 
1527 31 1543 
1142 31 1543 
28 382 9304 21 1211 9 8437 49 379 17 2411 31 
546 1086 451 109 195 2210 31 9056 2006 1141 45 
251 107 864 21 2 
824 218 6 31 6138 1703 2 240 12 913 12 45 3 125 2230 45 
3 568 2230 17 5417 45 9305 9306 393 143 9305 
3 45 2397 143 298 6 31 3 45 3 1389 2119 
9307 4635 215 240 12 913 12 45 4572 9308 219 45 9309 
1508 45 1359 1508 45 9310 31 9311 17 
1424 9312 31 6138 1703 1708 12 
824 1708 49 1703 31 218 2189 31 1924 17 
9271 2 240 12 913 12 45 3536 45 760 143 298 45 17 760 143 8812 1924 45 
530 9313 31 28 414 1389 4148 9314 
2275 45 2514 17 6493 9315 45 2941 9315 45 
1711 143 9316 9315 45 9317 9315 45 9318 6 45 
409 12 
824 2013 17 9256 3261 31 218 1473 21 
6138 1703 1141 1610 237 1504 45 1709 
1362 45 1483 1362 45 430 143 2525 1473 45 4781 
1334 447 45 17 1359 143 2525 1473 45 9319 
1362 45 409 12 
824 6188 7394 109 6138 1703 143 143 240 12 913 12 45 928 31 
6138 4 1328 306 2234 9320 45 4372 2275 109 
9315 45 2234 928 74 7784 2232 17 9321 45 
928 31 2234 9322 34 4268 9323 17 2578 4 
1462 17 92 45 9324 17 3517 2275 109 2234 
928 45 1709 3028 31 2233 2234 45 409 12 
824 2260 347 2483 561 31 6138 1703 4 2233 
2234 928 45 3348 9325 45 9326 1990 
863 45 430 1149 45 549 574 45 362 
2231 2232 45 384 1923 17 1740 45 17 411 9327 12 
1333 839 756 215 3860 219 
9328 9329 45 9330 397 176 31 1606 45 351 
1559 1560 45 176 31 1561 45 6041 
100 9331 45 9332 9333 176 45 391 
1599 9334 45 5622 176 45 351 
1571 9335 45 2523 12 1095 3083 12 9336 45 1090 
9337 9338 45 9339 1742 384 45 9340 45 5692 
2822 9341 45 9266 1333 176 45 6041 
9342 9343 45 9344 45 9345 45 391 
4435 9346 45 9347 1086 245 45 391 
1595 1095 5392 9348 45 9349 45 2523 12 1095 3083 12 9336 45 1090 
9350 9351 45 9276 2228 176 45 391 
9352 9353 45 9347 1086 245 45 391 
9354 9355 45 9356 45 9357 45 1090 
913 12 9358 45 9359 245 31 341 45 9360 45 9361 
9362 9363 45 9364 45 1090 
9262 9263 45 9266 1333 176 45 6041 215 1176 219 
9365 9366 9367 45 6035 1095 9273 45 2509 
9368 9369 45 9370 1086 17 2576 2445 45 391 
9371 9372 45 176 31 4586 23 4587 143 4588 45 391 
9373 9374 45 8043 9375 176 45 8031 
9376 9377 45 176 31 294 7785 9378 45 5692 
9379 9380 45 9276 2228 176 45 391 
3425 3426 45 176 31 3419 45 9381 
1587 9382 45 176 31 9383 45 590 
9384 9385 45 1200 12 9386 1095 9387 45 2509 
7725 9388 45 9389 176 45 8031 
382 1519 
28 382 18 1833 1615 17 2196 3931 2580 31 
378 451 45 9 532 140 31 1139 17 1521 2495 12 195 378 
451 18 108 4 28 382 401 12 28 401 31 
9255 143 2405 18 77 27 74 553 143 1179 130 9 3326 4 769 
1224 174 4 1610 1611 45 9 9390 31 28 1224 
174 4 1225 340 155 12 
1550 31 451 
9391 412 164 1521 21 1549 9 498 358 4 1103 
306 28 235 1519 12 28 216 455 84 1546 2 
143 1550 21 9255 143 2405 
143 361 45 
143 2171 215 648 143 617 219 540 508 2704 3029 28 358 6642 
143 412 17 4704 45 
143 133 16 45 139 45 51 45 17 240 143 628 16 31 28 
66 365 45 
143 9 1895 2080 6143 28 548 45 
143 23 1557 754 8816 540 35 1546 9392 28 6642 
31 28 548 12 
49 7821 367 45 28 358 1948 84 107 2586 3557 9393 31 
28 412 12 
1552 6843 31 28 451 84 77 7363 2182 21 
9 644 347 617 12 729 231 641 336 231 45 17 28 447 84 107 9144 618 449 9082 
28 216 455 12 28 1333 9394 84 77 9395 21 9 
9396 17 84 1833 70 1919 2699 21 9 393 
9396 34 9397 28 1021 4327 17 28 1508 
3531 45 1134 109 28 2340 2568 17 769 9398 12 
195 358 764 45 367 17 1555 31 473 18 77 
506 3991 1461 28 382 150 204 1051 449 
1050 2 397 397 9267 12 9268 12 3424 397 9255 143 2405 
2618 
1550 31 2953 2 134 135 45 2405 
1555 31 473 2 229 246 902 45 2405 
838 30 31 2975 2 1886 1304 902 45 2405 
2390 756 
597 1176 
9262 9263 
1617 31 316 
384 17 385 1086 245 215 9268 219 
5386 1387 9295 215 1260 219 
1333 176 31 9266 
9399 9400 9401 45 1257 
3920 6037 45 6041 
139 2 141 6031 143 608 143 9402 
51 2 141 9403 143 608 143 9404 
240 143 628 2 9405 302 9268 12 3424 
1430 2072 756 
2822 9341 215 1176 219 
1617 31 4729 17 1225 1238 
5386 1387 9295 215 1260 219 
9406 9407 
1333 176 31 9266 
9408 12 9409 8860 
9410 143 9411 6037 45 6041 
1068 2 141 6031 143 608 143 9412 
51 2 141 6031 143 608 143 9413 
240 143 628 2 9414 302 6037 12 9415 12 20 12 3424 
2822 440 12 9416 
1617 31 4729 17 1225 1238 
5386 1387 9295 215 1260 219 
384 17 385 1086 245 215 9268 219 
1617 31 4729 17 1225 1238 
240 143 628 2 9417 302 9268 12 3424 
469 
2822 1095 9418 
384 17 385 1086 245 215 9268 219 
9399 9400 9401 45 1257 
3920 6037 45 6041 
139 2 141 6031 143 608 143 9419 
51 2 141 9403 143 608 143 9404 
240 143 628 2 9420 302 9421 12 9268 12 3424 
3862 2 
9268 143 384 17 385 1238 245 
1260 143 5386 1387 9295 
4191 306 4148 3862 164 1383 1389 185 12 
85 9 933 23 2 1050 2 397 397 9267 12 9268 12 3424 397 9255 143 2405 12 
450 38 4 9266 4 247 2405 193 193 