Subject: 2012 734 851 898 176 31 38232 
707 8760 397 5363 52423 9172 684 4997 1272 12 151 12 734 1225 340 
215 746 39818 734 9 12 7 12 150 1241 384 219 1257 9 52424 18971 605 684 4997 3115 52425 
898 176 31 38232 12 21 16591 700 17769 2303 392 135 45 2862 
21 4805 45 697 14 21 4387 4399 5236 684 52426 2780 52427 215 2783 
52428 2326 219 12 
734 4480 718 52429 1676 2325 6446 718 848 3106 705 9225 
1036 578 12 
707 5571 52430 215 52431 4774 45 10267 150 204 45 1036 
746 3150 732 2780 219 45 1730 1241 150 52432 1257 17230 1257 3164 734 8541 12 
1301 52433 
9244 41 40955 1257 4509 3115 52434 52435 707 21 3293 1617 12 
143 143 143 143 143 143 143 143 143 143 143 143 143 143 143 143 143 143 143 143 143 143 143 143 143 143 143 143 143 143 143 143 
28 64 31 8012 124 6203 4 38232 1032 4 9300 222 130 9548 
17 1194 1195 45 17 670 2492 8 107 6106 
12719 8012 109 769 16589 12 
28 44230 1900 23 38232 124 21 10442 28 819 31 208 31 
28 423 150 204 39554 17461 1427 35375 9 43272 4073 12 
28 570 397 3349 4179 124 982 1032 644 2 648 17 161 124 359 35941 
839 21 52436 1086 11039 12 
28 3349 124 31 28 37020 819 12 
359 208 124 3869 4 52437 11473 347 8056 11909 
52438 12 
161 164 359 762 1136 1959 8068 570 34235 12 
28 2565 124 1276 143 20825 17 52439 158 2492 4278 3548 130 
28 3251 31 28 3349 12 
86 31 670 13118 2861 45 8139 124 3524 31 28 548 4 195 
13989 17 591 31 670 96 1508 3078 23 28 9968 2585 
5112 1124 12 
419 548 584 21 1833 8119 2492 4 1086 125 769 429 
7202 109 7367 12 74 28 1084 1209 31 28 839 215 28 776 74 
540 26 1906 2339 9 2016 1845 219 45 508 31 670 2492 
8 1003 347 52440 109 1315 451 12 4 2177 45 9 427 
244 12909 670 1617 617 902 4 28 2476 4 2606 37022 4099 
31 1523 156 12 96 31 195 45 419 5237 21 2181 68 
16615 308 9 356 31 5858 12 670 532 2861 13967 21 9 47 
1276 143 20825 45 52439 2565 1404 4 28 384 1524 17 4 28 
1617 130 9 830 45 17 1617 3541 164 1351 21 3522 
8362 17 2867 2186 12 419 1947 195 31 670 2492 
52441 45 49 3521 45 259 38 35 518 70 13971 15062 109 28 
6280 31 19405 1543 45 489 1032 109 213 35 63 38 12 226 28 
1617 926 107 5237 9 762 5481 347 9 8198 
35941 839 45 28 3349 17 10658 2492 164 159 21 548 
1122 959 2704 1032 124 261 23 591 411 6207 12 
28 1662 3349 23 38232 124 477 2159 4 10107 3614 12 
8432 21001 124 28 15550 31 70 12136 52442 10660 52443 
8183 12 
214 124 258 143 4 143 6170 31 
231 3348 3948 231 
17 109 28 2120 1829 31 
231 2114 340 231 12 
7704 52444 124 70 17716 4726 20325 31 1506 17 
2006 12 
41088 52445 124 8386 31 9 96 358 8183 23 2133 17 1930 3868 
4 3514 306 3251 23 38232 17 1864 4 
52446 17 52447 12 38232 58 9 2159 2114 340 
839 12 670 5566 1524 124 4 28 13294 566 1743 
239 239 9827 231 12 
1984 4609 124 47 505 6572 21 28 236 1225 
5566 1132 1461 2147 11473 45 3589 45 52448 45 409 12 
17 124 1960 109 1852 5566 45 
11559 1740 17 2576 45 109 28 928 
31 10888 12157 17 28 572 31 1475 2019 4 2567 5566 12 
52449 52450 1930 4 2233 2234 1743 45 1162 
1163 45 17 2576 12 
52451 16267 150 204 1957 1833 
28 52452 31 5566 17 36681 45 17 28 863 31 
9323 125 35295 10061 12 
9 6552 31 28 38232 
5493 
124 34 1610 1611 
3349 17 2492 1394 436 4 1959 34 187 52453 
77 2214 130 2019 347 384 1864 12 17 15225 143 37308 130 505 2 208 
31 670 959 35777 239 239 1662 17 8964 231 1959 2110 112 93 386 
31 9 384 2016 12 52454 49 434 45 670 3251 487 4 
1852 384 1086 8 3919 28 8964 45 5566 17 1662 9327 
164 9 502 4342 49 37 21 548 4 12 
1315 1142 1837 17 36011 164 69 1320 1209 45 
16064 28 1957 31 3349 17 2492 12 
1142 69 2110 74 28 1662 3349 1833 
52455 17 52456 45 2576 17 1740 215 568 7726 150 204 32 219 45 
1704 49 5566 45 36679 1453 45 3 2019 45 
243 237 238 45 17 1315 2141 143 1918 1524 3588 
215 130 49 8432 21001 150 204 36457 2576 17 4165 408 219 12 
670 1430 1484 51234 638 52457 45 848 4054 143 827 38072 45 729 
4054 7279 45 827 52458 12897 2000 45 70 3696 617 3323 39212 
34802 215 306 2387 397 17302 2356 219 45 2116 22427 52459 52460 
215 1141 9 3876 143 4696 52459 7 17 9 952 143 4696 52459 833 219 45 
70 617 143 9726 9788 9758 52461 45 17 70 617 143 4696 
40005 1484 12 
28 1225 5566 2022 124 432 964 21 
244 2567 5566 4 9 47 1342 2193 143 74 18085 306 28 
9502 423 12 
1739 8223 3552 9 52462 2032 306 754 1373 12747 
31 3389 45 70 11076 397 24 2894 45 17 373 52463 1739 20608 49 2087 28 
2894 17 2032 12 
3348 8223 3552 9 762 6185 31 52464 43996 
49 7923 1342 143 92 566 574 45 28 9788 
9758 39212 45 28 40005 5246 45 17 
2119 2479 38072 12 
419 65 8 70 52465 52466 49 14043 1353 
2894 49222 1616 36681 12 
2621 306 28 5566 1239 124 9 10890 4169 1239 49 2160 
52467 2210 31 5566 12 
68 1239 3894 8906 17 2032 52468 34 3560 
921 9 52469 143 51016 52470 1156 408 34 35 77 576 21 6825 
70 19335 31 754 9316 1462 12 
591 31 28 2492 213 8 370 52471 4 28 839 8 
552 109 21 291 16556 23 8147 6207 45 1141 2553 
2554 176 45 8113 176 45 176 31 11504 45 
176 31 4586 23 4587 397 4588 45 176 31 12029 45 
176 31 8396 11139 45 176 31 10082 23 14005 45 
14326 176 45 52472 176 45 176 31 35922 45 17 
28 176 31 10554 12 
1510 2334 52473 9585 8 552 21 8147 1086 3683 45 
1141 10133 3683 45 3696 37907 45 5110 45 52474 1086 2445 45 
3691 1341 45 52475 9 12 7 12 2445 45 52476 1086 45 
17 28 236 1225 340 245 12 
1427 161 124 359 2603 185 21 7871 443 3385 45 20 1465 13162 
34 184 839 58 9 10 38758 13594 12 