Subject: 470 240 143 61305 472 8059 49 15060 31 61306 1924 12 
7689 45 
132 105 124 61307 37851 45 7 207 9 18504 570 23 10128 2228 176 
1960 306 28 3370 14174 61308 61309 31 10128 109 2234 
11024 12 
28 3370 14174 8 754 1924 2 61310 215 28 977 3051 61311 
2234 45 2214 1364 757 74 19555 17 61312 219 45 61313 215 9 61314 
2234 219 17 11624 61315 215 28 61316 2234 31 28 
61317 143 61318 599 219 12 195 754 164 9733 61319 45 1012 61310 
17 61315 540 971 445 729 21 848 12109 3066 109 28 5751 45 
195 31 37 972 347 509 972 12 
28 3370 14174 8 869 28 1475 21 2904 195 754 1924 74 
1958 37 4 28 1430 48658 127 12 259 2342 26 8 34925 109 
61320 4747 17 506 308 6382 8059 12 534 45 72 26 482 
21 10880 1958 769 1924 4 393 143 5751 4605 17 772 
6207 45 26 164 985 21 87 21 36 91 331 31 2228 8059 12 
670 115 1946 13088 109 28 659 31 12109 1009 61309 130 
61321 55434 12 419 482 21 7869 4 6059 31 2228 42835 34 
1132 863 31 6205 150 10437 12158 17 60847 49 
1958 9696 4093 8059 45 17 34 74 59270 31 769 
61322 45 28 61309 220 107 87 2228 1740 765 28 10252 31 
769 4061 12 
7 8 107 205 159 21 861 48 109 28 1845 31 8059 49 
15060 31 61306 1924 45 251 7 150 151 77 1891 21 83 28 
1473 411 61309 19892 306 34 421 8 12516 12 58 
12449 3191 12795 998 28 1000 31 61322 17 2473 106 34 548 138 
515 411 1597 8 205 12694 138 
3795 21 914 125 12102 559 28 423 45 
116 45 
61307 37851 45 
61323 302 61254 12 13837 12 1309 
61324 
17827 848 
61325 21939 61326 
28 351 
1068 2 141 337 454 4101 61327 
273 2 61324 143 110 302 82 12 22335 12 304 
2739 2 1050 2 397 397 1051 12 61324 12 2426 