Subject: 1513 143 144 741 2 959 7147 1440 215 751 219 
42 365 2 
4 9722 765 764 49 9483 4 28 1513 401 45 
419 275 9 2351 3051 7147 1440 306 15 6537 358 
2527 28 1369 31 9 762 2298 2404 921 1182 
540 419 8 9080 109 28 584 39 45 9750 45 17 869 1357 
1461 28 2298 23 2 
177 3341 31 28 429 4143 17 977 105 31 
28 358 150 204 429 365 215 107 9751 28 105 38 576 49 28 
201 752 2939 219 12 
68 2422 3894 208 2860 2939 49 1320 455 31 15 358 109 
540 419 6136 1440 12 38 35 6456 1510 6215 1461 3583 347 
1379 28 2739 1461 9 9752 45 540 18 2482 28 2939 2587 17 
82 38 6456 347 8080 1320 9750 455 12 28 9753 164 
772 143 4079 215 1877 4082 219 45 259 4766 17 1971 9754 2482 28 
449 23 772 9755 12 72 38 467 21 3990 28 9756 45 20 124 
96 21 6456 28 2939 215 231 8163 231 4 28 9752 219 17 572 9 9757 
9758 9759 435 9760 49 7214 12 49 9761 45 2967 28 4074 921 
7760 347 2744 1930 12 82 434 83 72 38 8 184 1440 12 
81 3812 28 9080 1440 17 823 28 838 30 31 
15 358 74 9480 3583 23 
130 1028 130 261 12 419 2563 21 9724 28 401 49 28 3837 
68 3205 45 259 220 15 96 21 1022 28 294 358 74 2059 12 72 38 
62 3043 74 111 45 13 273 21 1513 144 741 302 9457 12 8113 12 1309 21 548 
499 70 71 2563 306 434 12 
28 508 2194 1021 125 451 3526 8396 8873 3869 9 
8147 8127 34 9584 125 208 6294 12 1394 68 9725 125 568 
70 9 644 2498 109 28 2744 9726 45 489 1032 9 434 849 2498 12 
49 6496 1369 45 28 1021 124 107 306 6496 251 489 306 28 9727 
839 158 21 2698 9 1552 2939 34 124 7363 3811 49 
434 849 358 45 572 28 8856 2 
9727 143 440 849 12 9728 143 322 12 3054 
28 600 49 451 1901 4 2744 124 181 9729 21 8081 
9730 45 259 2671 1510 9731 72 15 358 58 9 8147 143 8127 
1021 17 38 7363 20 568 2744 12 
7 6060 49 309 412 21 481 212 9732 31 538 45 251 
195 28 538 164 4518 45 17 26 18 9733 6054 1404 28 
9734 17 28 9735 31 68 1209 150 204 401 12 419 933 
19 21 357 15 838 358 4 28 4241 460 12 
3790 2516 
839 1176 45 1513 143 2405 
321 12 204 12 91 412 3919 21 8163 1462 74 3373 769 2076 4 
9 532 6298 12 109 91 451 45 419 6136 34 9762 17 114 412 
21 572 9 9257 6298 12 534 45 259 591 255 2968 769 
2076 34 45 78 28 9763 20 187 1207 45 419 3313 
20 112 9764 21 672 412 21 2671 21 28 9257 6298 12 72 
38 199 9 9765 45 38 84 767 91 9766 45 251 38 35 9767 
3213 3592 67 9768 28 1021 12 
1404 8147 8127 17 4242 8127 164 9736 1032 648 6294 158 81 3812 12 
9504 231 976 648 231 45 409 12 45 4 28 549 12 
220 107 9737 231 1101 4048 12 231 
3559 6482 231 240 12 913 12 231 306 9 9557 45 130 4 231 215 240 12 913 12 45 9738 1101 4048 12 231 
321 144 12 4 976 827 2665 45 9739 231 6 231 306 231 2849 231 215 7 12 240 12 45 
9739 431 1479 306 429 208 12 
321 729 12 220 107 9504 231 9740 231 347 231 9741 9740 231 12 
321 448 12 1907 9 9742 959 1462 2585 4946 827 17 542 7373 12 
321 248 12 7207 1462 2585 5681 648 17 976 448 12 644 2665 12 
321 617 12 6631 9557 2585 231 9740 231 17 231 215 240 12 9743 231 12 
4 429 6311 45 1022 1909 121 358 361 45 107 9 9557 12 
49 9744 9545 45 572 231 401 31 28 2506 143 1082 936 109 
2298 8009 3261 17 1170 9142 231 158 572 28 310 49 28 
9738 17 9745 5199 12 
9504 445 28 429 2744 4 820 31 451 45 6191 45 8172 
1537 45 17 422 45 998 306 28 429 548 4 769 9550 158 
9493 68 4 9746 45 9744 45 9738 45 9745 45 17 9673 5199 12 
65 45 487 150 204 9 818 817 125 28 2088 1176 2 
371 109 28 8299 1334 31 9747 144 12 45 161 1465 21 77 9 
6577 9748 2585 231 9749 231 17 231 9554 231 12 