Subject: 1 2 51846 
41 16150 6905 6749 45 
41 
41 6749 6812 6909 11187 4312 51847 4317 51848 12 6751 6795 4318 7013 15636 
41 6917 51849 4317 3182 44435 45 6789 4318 15879 3182 6887 51850 12 
41 
41 6810 
6905 6749 3187 45 
51851 51852 7159 3182 6749 7326 7067 51654 14710 6792 7517 6919 51853 12 
11819 15525 44508 45 6749 51854 15106 6943 7184 6934 7428 1971 45888 
6774 51855 12 6864 6865 6866 7085 12 3185 51856 644 143 729 15729 4312 
51847 6934 3186 51857 12 648 143 144 15405 150 15390 6760 51858 6895 51859 45 
11796 15883 51860 12 6789 7095 6927 150 15390 15449 6751 42275 
3182 51861 7443 6906 12 51862 6776 51863 6789 51864 3173 3186 6883 
4317 4311 7498 45 15450 6751 10255 17641 15405 150 49689 7443 6906 45 
51865 6786 15444 3182 6906 51866 15193 12 
4315 4318 6803 45 
16146 