Subject: 7147 317 9484 1513 143 2405 451 
42 365 45 
419 8 369 9486 28 3583 2404 49 9484 838 1513 143 2405 451 12 
121 9487 15 358 45 81 572 9480 3583 21 198 20 23 
86 259 591 412 9488 125 28 870 1519 4 769 
4143 764 45 419 8 9489 9 110 31 2194 7147 
1440 12 7 3252 68 110 1905 45 17 20 124 65 1357 23 
9490 5820 1550 777 91 31 443 1440 45 259 81 933 
765 15 358 17 3812 184 9491 1397 4440 20 49 
9483 4 28 401 12 
2152 45 72 38 164 568 6496 21 1519 15 358 45 81 481 
474 38 8 576 28 508 427 7267 6215 1357 23 
226 2532 6843 31 28 6215 935 144 741 12 7231 45 9456 12 7231 45 17 9456 12 1018 
777 91 4347 34 419 8 369 5414 12 215 28 3512 1449 9492 
9455 21 572 231 1101 4048 12 231 49 195 2076 306 959 1032 373 412 45 
251 419 2664 359 2603 9493 49 34 12 219 
65 45 91 6843 31 6496 9494 28 4089 9495 9496 9497 45 
7221 28 8856 4089 9498 6834 4089 9495 6835 6834 143 0 12 644 4 6835 4 935 144 741 12 7231 21 
2698 451 306 9 48 2919 8147 8127 1032 1403 215 1318 
208 6294 219 12 72 38 8 68 1021 45 111 7232 28 8856 306 
4089 9498 6834 4089 9495 6835 6834 0 12 827 4 6835 4 28 7267 2939 84 3812 20 12 
72 38 8 184 463 67 7147 347 411 1148 45 81 
13 1158 628 21 1513 144 741 302 9457 12 8113 12 1309 12 419 933 19 21 
357 28 838 30 31 15 358 74 3797 45 134 644 45 2405 12 
3790 2516 
839 1176 45 1513 143 2405 
2194 1440 4 7147 1513 143 2405 451 
820 17 4644 2 
204 648 12 49 358 820 34 85 373 1000 45 9499 28 361 921 373 1000 
31 2853 9500 447 215 6496 58 9 9501 21 198 9 1371 2744 
109 28 431 1479 219 12 
204 144 12 1844 1320 365 150 204 2974 9502 16 45 1141 28 1617 
347 184 411 430 539 179 50 9502 628 12 
204 827 12 179 373 347 959 9503 412 8 28 310 9502 16 45 
1844 34 16 445 1319 45 121 28 838 365 150 204 105 12 
204 644 12 9081 28 2080 21 9 1371 7135 45 9145 9430 1032 
28 429 1008 12 
204 729 12 9504 28 429 849 31 195 649 4778 4 28 358 361 45 
976 6299 45 17 9505 6299 45 251 572 6203 279 49 
28 411 462 4 1510 4778 12 
204 448 12 140 195 976 17 9505 6299 6133 1510 49 28 
9506 17 6311 4644 12 
204 248 12 3522 4644 306 1371 9505 6299 158 4 222 753 45 1907 
212 9505 2665 347 5247 28 2212 208 12 
204 248 12 198 184 9507 121 28 9506 17 6311 4644 
489 1032 1397 37 12 
9508 7147 2 
913 648 12 6354 28 6577 231 4946 231 49 9509 9510 306 6562 347 411 
7235 1979 158 72 28 6290 3894 549 45 459 21 20 130 9 5681 12 
913 144 12 198 28 7455 347 820 31 6317 414 28 6290 45 107 1905 20 45 
130 4 9 4946 12 
913 827 12 6577 218 6562 4 28 310 4946 17 459 21 37 4 28 
7373 45 251 220 107 1833 820 347 411 430 67 28 
6562 414 37 45 130 68 7464 4 28 7373 1948 12 
913 644 12 220 107 198 9 4946 347 7373 3923 121 9 976 347 
9505 2665 12 
913 729 12 3522 9511 17 9512 215 1371 1000 7374 125 28 6134 31 
769 9513 74 1008 347 455 4493 219 12 
913 448 12 9514 28 572 31 9515 45 1012 72 28 9516 
7255 9517 445 208 347 373 225 12 
913 248 12 3047 2194 1333 9518 435 231 573 432 231 17 231 5615 432 231 130 4 
3536 1103 45 107 130 9519 3614 435 231 6556 231 17 231 9520 231 12 
913 617 12 572 231 17 231 489 1032 9521 231 317 231 4 28 549 17 976 6299 45 
6133 4 9522 6312 12 
913 1257 12 1457 9427 195 549 45 1141 2076 45 4946 7455 45 17 
5681 820 45 4606 28 3512 164 1893 583 21 2445 12 
6312 4 28 549 2 
1219 648 12 179 9523 1930 4 28 549 45 572 28 486 231 9524 215 2011 45 6316 219 231 
72 6143 20 485 4 9 6574 158 572 28 71 486 
231 215 9524 45 2011 45 6316 219 231 445 179 7703 21 20 4 9 9522 
9525 12 
1219 144 12 572 3536 9526 21 9527 2076 45 130 4 231 9524 215 2011 219 231 45 
107 3908 9528 45 130 4 231 9524 470 2011 472 231 12 
1219 827 12 572 231 17 231 179 7703 485 21 1711 143 365 451 4 9 6574 45 
130 4 231 9524 45 8182 45 17 9529 215 9530 219 231 45 251 572 70 9531 72 9523 
37 9532 45 130 4 231 215 9524 45 8182 45 317 9529 45 9530 219 231 12 
1219 644 12 2228 28 412 150 2587 17 28 1209 31 418 4 1404 28 549 
17 6311 976 158 220 107 572 9 358 140 12 
1219 729 12 220 107 5855 28 412 150 2587 9533 4 9 1371 9534 158 26 
84 2219 130 386 31 9 6574 347 4 9 9522 9525 45 
251 107 4 1404 2707 12 
1219 448 12 179 7703 21 9 358 347 32 34 124 528 27 251 58 107 
779 6144 45 459 21 28 1209 130 231 4 25 231 45 130 4 231 9529 215 4 25 219 231 12 
572 28 310 9535 4 28 6311 976 45 17 107 231 21 108 231 12 
7147 28 6311 110 2 
241 648 12 4 28 6311 976 45 9536 499 28 2974 105 31 9 1181 347 
401 158 49 28 3512 45 481 474 21 1833 231 401 31 231 45 
3047 499 28 382 140 4 4778 215 240 12 913 12 45 231 9537 231 489 1032 
231 848 902 231 219 45 17 220 107 1833 9515 215 435 1517 143 1514 219 12 
241 144 12 28 6382 105 49 670 2018 150 204 1181 124 231 1329 3 231 45 107 
231 1329 3 1181 231 158 9538 45 572 231 1610 1611 231 
489 1032 231 1610 1611 1181 231 12 
241 827 12 179 9523 9 358 107 779 378 49 418 45 459 21 28 
1209 20 112 1003 45 251 110 20 130 70 9539 2975 17 
1844 28 1617 45 2072 45 17 5913 177 28 548 9540 158 
220 107 572 9518 435 231 752 231 347 231 4 4442 231 12 
241 644 12 1844 412 150 977 2587 1397 769 9541 45 130 4 231 9524 45 9 12 45 317 
9529 45 747 12 9 12 215 9542 219 12 231 17 220 28 310 49 6212 179 9543 70 
3509 3326 158 534 45 1022 6212 150 9541 429 179 9544 
769 2587 4 28 9545 49 9 32 2898 12 
241 729 12 1833 455 2589 49 1181 5703 45 568 28 1519 231 9546 143 2117 231 45 
17 49 382 451 45 568 231 215 286 12 9546 143 9547 219 231 158 1844 28 3326 
140 49 1181 5703 251 107 28 421 140 12 
241 448 12 1211 28 57 150 204 1110 5038 74 28 57 150 204 105 
49 1404 422 17 401 45 130 4 231 2046 45 3969 2 24 25 231 158 
72 9 5913 124 505 1992 215 240 12 913 12 45 9548 219 45 7381 28 2228 347 2476 12 
241 248 12 1546 28 365 150 204 1617 17 2228 2051 2072 150 204 5913 4 
5199 49 9549 45 8172 1537 45 17 9539 2953 12 
241 617 12 9504 28 429 849 31 195 649 4778 4 820 31 2118 
17 401 45 251 9504 445 28 429 849 31 28 429 2744 
4 820 215 17 9550 219 31 451 45 6191 45 422 45 17 8172 1537 12 
241 1257 12 9551 9552 28 431 17 9503 1000 4 1320 6311 
74 848 3508 215 0 12 9553 6296 347 0 12 6031 9554 219 158 28 2532 7267 6215 777 
9257 6295 45 259 6456 17 572 28 508 427 6843 12 