Subject: 8792 45 1530 21 9 61295 2261 
6460 1905 
450 177 15 39368 61296 13709 125 28 150 4711 204 164 328 
1530 17 192 45 
9924 61297 
11652 17 13973 
56145 45 11044 12 
15 240 143 628 16 109 13594 306 56145 124 8792 302 2627 12 5048 12 853 12 590 12 
463 138 2600 138 6842 138 81 95 434 3820 21 15 3592 17 2886 74 305 21 434 23 2377 302 56145 12 1217 3915 31 2733 21 68 626 215 419 102 68 21 38 125 9 231 13 143 445 231 35159 219 12 
56145 240 143 4756 164 4430 102 8801 12 56145 45 11044 12 445 33311 240 143 4756 21 406 389 12 72 38 187 435 21 9253 125 56145 45 38 35 13 70 273 21 9253 143 195 302 56145 12 1217 347 38 229 6460 1905 21 9253 12 
5705 653 9 1257 2405 56145 45 11044 12 195 13124 5836 12 56145 45 11044 12 124 9 8809 37614 425 45 13646 2 56193 12 6460 1905 49 52749 8447 12 
1050 2 397 397 1051 12 56193 12 1217 397 17876 397 11012 12 5664 
68 124 28 75 31 15 273 12 
419 572 68 21 4322 21 450 72 38 8 70 1056 12777 273 2632 12 81 3213 28 626 1905 12 
143 143 41 
56145 
8792 150 204 1366 
6054 132 56145 
5912 14 964 49 212 2171 
2949 9 61298 132 387 430 
450 411 990 4138 
13 463 
152 9 56145 2171 
8792 2 
38 35 3042 39382 9 19833 31 7966 12 
366 193 15 298 58323 4 56145 12 1217 58 205 11976 12 419 150 1 501 38 275 434 1461 9 56145 12 1217 45018 12 
419 481 474 38 36 445 28 7203 38 87 109 28 1142 38 482 12 
653 639 
49 3521 2 
72 38 2949 434 38 8 9 827 143 1209 972 
19899 45 419 150 587 13 38 38458 67 1380 28 61299 34 150 204 1457 49 1456 12 
72 38 2949 434 15 45564 632 45 419 150 587 831 38 61300 92 259 38 439 150 440 75 964 3594 28 4496 109 28 53593 12 
72 38 2949 434 177 38 11416 17 34 38 150 1 1891 4 61301 45 419 150 587 2949 38 179 20 150 204 92 21 216 15 61301 1397 28 429 37137 12 
21 36 990 430 435 68 45 
6460 487 45 2949 434 959 67 38 17 15 2902 45 17 56145 18 1121 38 208 3040 3077 21 49405 12 
419 4428 21 1844 38 9 19456 31 28 650 31 430 38 150 587 128 12 487 164 15 429 56145 2 
653 639 
653 
177 164 26 369 138 215 4 28 56185 219 38 83 515 100 2461 12 58610 124 312 45 251 515 67 10334 61302 28 6134 31 28 231 599 35196 231 12873 138 2473 67 35003 61303 125 231 28 61304 2482 231 138 
450 177 15 39368 61296 13709 125 28 150 4711 204 164 328 12 
1530 17 192 45 
9924 61297 
2469 45 13973 17 11652 
56145 45 11044 12 
653 639 
15 240 143 628 16 109 13594 306 56145 124 8792 302 2627 12 5048 12 853 12 590 12 463 138 2600 138 6842 138 81 95 434 3820 21 15 3592 17 2886 74 305 21 434 23 2 
2377 302 56145 12 1217 3915 31 2733 21 68 626 215 419 102 68 21 38 125 9 231 13 143 445 231 35159 219 12 
56145 240 143 4756 164 4430 102 8801 12 56145 45 11044 12 445 33311 240 143 4756 21 406 389 12 72 38 187 435 21 9253 125 56145 45 38 35 653 639 
13 70 273 21 
9253 143 195 302 56145 12 1217 347 38 229 
6460 487 21 9253 12 
5705 2405 56145 45 11044 12 195 13124 5836 12 56145 45 11044 12 124 9 8809 37614 425 45 13646 2 56193 12 
6460 487 49 52749 8447 12 