Subject: 1 2 8177 143 338 379 9957 12 12 12 
42 262 45 
15 379 124 10426 12 
7 8 6841 28 8133 3197 28 1106 8844 408 
72 2423 124 107 2603 45 220 107 464 21 10427 12 
49 28 1508 449 45 7 187 152 21 1455 10428 74 6317 2 143 219 
7 2937 34 144 6317 2 429 208 306 1342 4167 17 431 208 306 
10429 
109 28 310 8133 49 1320 408 124 9 502 185 21 2427 515 38 482 
21 256 12 
7 8 359 10 605 45 
118 
96 97 
10430 
41 143 143 143 143 143 626 151 150 10270 143 143 143 143 143 
41 1095 2 262 8253 470 2723 2 8253 302 1243 12 320 12 350 472 
41 632 2 10431 892 10432 7284 847 2 1783 
41 653 1219 0 2 10269 158 10430 158 1230 1220 158 613 302 1243 12 320 12 350 
41 635 2 8253 302 1243 12 320 12 350 
41 10271 2 8177 143 338 379 9957 12 12 12 
41 653 639 
41 653 639 
41 42 10269 17 10430 45 
41 653 639 
41 7 8 2915 28 9957 7 8 1901 49 28 653 639 
41 379 23 28 8177 12 
41 91 3510 3320 164 1449 3087 2 
41 653 639 
41 824 28 379 31 28 1508 215 9957 618 317 1535 219 124 9926 653 639 
41 10058 12 
41 49 369 45 7 2858 8 1022 91 10433 10434 45 251 7 207 1449 653 639 
41 148 49 
41 9 379 185 34 187 77 959 1411 12 212 71 
41 124 1273 143 10434 215 827 2166 31 827 10435 1320 219 12 72 38 8 184 605 653 639 
41 67 2473 
41 419 35 1125 28 1508 45 81 13 70 240 143 628 12 12 12 
41 653 639 
41 824 8133 729 571 21 77 1003 12 28 6642 164 2858 9 39 653 639 
41 31 28 8133 653 639 
41 3197 28 674 408 12 179 7 4080 21 4268 28 653 639 
41 1106 408 
41 7 777 91 463 10436 28 10437 10438 653 639 
41 38 8 45 409 12 
41 259 45 7 2937 20 124 10 68 8133 21 77 1003 74 38 12 653 639 
41 20 187 77 465 653 639 
41 72 419 3832 28 310 2608 10439 17 2858 1455 28 653 639 
41 2179 17 
41 28 1138 6143 37 306 959 516 2267 12 72 653 639 
41 38 482 45 7 35 653 639 
41 220 28 2608 386 72 38 4268 14 515 84 77 10440 653 639 
41 4 28 8133 12 
41 653 639 
41 767 298 21 240 143 628 14 49 184 6578 397 6842 397 2568 12 12 12 
41 653 639 
41 96 97 45 
41 653 639 
41 98 215 8253 219 
41 653 639 
41 3054 2 91 9957 8 21 77 10441 4 379 8087 21 36 653 639 
41 9 2974 
41 2941 31 37 45 130 3385 108 6045 1320 411 4 653 639 
41 6176 8087 
41 215 435 9957 644 317 729 219 12 12 12 
41 653 639 