Subject: 1 2 10226 2405 
42 2847 12 99 45 
3932 15 358 45 81 13 434 28 6605 2939 215 7215 347 5607 219 
96 97 45 
10228 10229 
143 143 143 143 143 546 626 143 143 143 143 143 
125 2 98 99 
21 2 10243 10229 
635 2 14 158 8792 8793 
158 1230 1220 
632 2 653 151 0 653 5554 653 1773 653 1269 0 653 1269 644 653 240 248 45 454 653 635 653 240 648 653 1269 648 653 1269 644 653 4523 653 666 653 1269 729 2405 848 2 147 653 1773 653 1773 
627 2 1 2 10226 2405 
41 42 295 12 10229 45 
41 
41 81 861 862 9 1552 2939 233 28 1556 143 1027 
41 30 31 670 358 49 10226 143 2405 12 
41 81 817 34 28 361 58 205 6841 3045 12 28 294 361 124 2 
41 3 2097 49 762 143 10244 2744 2193 7842 2 
41 9 4280 31 2119 10245 
41 7 187 435 21 6060 120 49 28 523 4 4440 28 
1556 143 1027 
41 30 31 28 358 12 7 925 419 8 107 4096 38 531 48 2896 12 
41 
41 81 45 82 14 83 72 38 62 2666 28 1552 2939 12 
41 
41 96 97 45 
41 
41 98 99 
41 
41 
41 10243 10229 101 2 
41 41 
41 41 231 144 380 236 382 109 2233 2234 574 231 143 10226 2405 
41 41 
41 41 42 2847 12 99 45 
41 41 
41 41 7 187 435 21 831 38 21 13 15 838 1556 1027 358 395 
41 41 952 1551 2405 12 
41 41 
41 41 109 28 2298 2404 31 28 382 2 1050 2 397 397 1051 12 3276 12 350 397 10226 2405 
41 41 38 35 861 840 430 49 412 12 
41 41 161 38 35 861 34 28 235 10239 164 829 49 28 
41 41 418 31 38 358 4 28 401 31 28 382 2 
41 41 
41 41 648 12 28 6605 215 2886 219 6215 45 240 12 913 12 7215 6215 49 28 549 17 2938 6215 
49 
41 41 28 4167 12 
41 41 144 12 184 7267 6215 45 8130 17 818 2855 28 365 229 8 576 12 
41 41 827 12 28 838 9728 2939 308 455 2589 12 
41 41 644 12 28 838 3054 2939 308 455 2589 12 
41 41 729 12 28 370 17 3507 5705 486 10240 38 35 861 23 28 
16 2 
41 41 1050 2 397 397 1051 12 553 12 1095 397 3416 397 1226 397 7358 12 1056 
41 41 38 35 13 28 486 74 51 23 28 140 215 141 10241 219 10242 
41 41 20 124 4093 72 208 365 4557 28 486 109 1842 31 195 28 
41 41 411 412 12 
41 41 
41 41 96 97 45 
41 41 
41 41 10228 10229 
41 41 10226 2405 382 469 
41 41 10230 302 3276 12 350 