Subject: 6537 1513 143 2405 451 
42 365 45 
7 207 305 21 831 38 34 15 6537 1513 143 2405 358 124 137 
1028 12 4 2259 45 38 84 36 434 28 838 2743 359 1892 
1032 336 2 784 640 215 15 92 219 109 3797 45 134 644 12 38 1906 823 15 
358 74 9480 3583 23 
359 1892 1032 68 632 49 20 21 77 413 4 28 401 12 
68 2404 124 1383 9481 45 251 419 18 3558 20 68 3205 49 
1510 213 5633 21 1549 769 451 2532 12 81 220 107 13 
15 358 130 70 9482 109 70 273 626 12 
419 1906 77 159 21 3990 15 358 1397 419 35 13 20 109 21 28 
57 12 419 777 1440 306 764 34 412 777 1901 
4 2744 17 111 1396 921 1552 1519 45 259 419 18 3357 
838 451 4 6394 1519 130 505 12 72 38 8 1396 15 358 
125 2744 921 1553 1552 347 6394 45 81 7812 34 20 8097 
1338 3526 28 2744 9114 1397 50 20 12 
65 45 591 31 28 764 419 293 777 7147 1440 34 
18 87 21 77 5414 1397 9483 4 28 401 12 7 18 
13 9 3272 817 1028 306 9 110 31 28 508 2194 1440 12 
81 4322 15 1550 7913 443 3897 45 17 16 184 
1440 45 1397 9484 15 6537 358 23 28 3583 2404 12 
2209 45 49 451 34 419 378 9485 45 1074 21 13 
273 21 1513 144 741 302 9457 12 8113 12 1309 3906 2473 38 8 2591 
1320 3816 78 130 9 4368 49 473 12 419 18 13 68 817 
21 28 2088 1176 45 213 18 933 23 28 3537 17 8100 2428 
15 4178 164 4093 21 1833 28 358 4 28 382 
401 12 81 16 1320 421 6579 45 130 38 18 107 36 
212 5491 21 481 7199 12 
192 120 49 6390 9 358 21 1513 143 2405 12 419 933 19 
21 357 15 838 30 17 21 5120 38 23 28 382 
4 554 1886 12 
3790 2516 
839 1176 45 1513 143 2405 