Subject: 9122 17 13594 36232 2086 
824 824 824 861 499 515 2622 926 109 15 1225 824 824 824 
231 62674 231 143 28 10883 35229 4 1237 193 
44321 13594 3212 15 28780 45 44317 45 347 
36232 8 205 312 6230 17 36761 1427 
38 150 1 107 161 12 
62674 13886 15 1225 21 85 85 12440 
31 37895 31 15 385 2086 47 48 435 
9 52246 1556 308 2622 11891 251 38 12 
62674 13886 38 21 3620 6642 31 5820 273 
2622 33311 1427 26 572 15 1225 193 
12335 317 13594 5820 2744 6291 921 15 1225 45 
4 62675 57523 45 17 13032 68 430 
23 15 1213 12 
62674 124 7627 39755 45 445 38 35 1379 
542 1994 5193 6215 12 20 150 204 65 9926 33461 45 
540 3530 20 40840 12346 109 15 1225 12 
824 824 824 359 463 114 5697 824 824 824 
72 68 1237 1931 150 440 220 3212 419 256 45 
2424 434 1370 454 2660 45 17 419 18 5495 
15 15198 80 12 
21 861 499 959 67 515 62674 35 220 49 38 193 
6460 487 
1050 2 397 397 62676 397 62677 12 1056 
35 150 440 1448 670 3981 138 51 15 273 16 21 434 17 
419 18 36 28 430 21 38 193 193 193 
51 648 143 25429 143 23285 143 62678 3990 762 317 2603 193 
21 77 6617 125 460 8364 2 62679 1775 62680 302 741 618 628 12 1217 
62681 