Subject: 38 8 21 450 68 
7 4430 968 7 150 151 77 28 208 103 38 68 2 
7 545 2666 9 4601 31 240 143 628 317 7 150 282 985 21 1133 109 28 54572 193 
669 193 
132 105 124 36321 59605 158 7 150 282 9 667 143 1209 143 972 25530 45 3369 45 17 386 143 92 9810 12 130 9 2347 45 7 6631 195 8801 231 8365 231 240 143 628 17 572 132 61 7652 49 1166 12 7 293 515 7 4362 112 68 310 240 143 628 50192 225 17 9474 20 1320 92 12 
67 373 524 2663 7 293 20 120 17 45 86 31 28 58958 627 1479 45 7 2209 2666 20 12 252 45 7 968 45 231 673 45 7 1844 4 45 7 150 282 985 21 4618 68 12 7 35 5678 41760 21 36588 392 639 17 45 109 28 411 2894 45 161 150 204 7289 6459 306 9623 9 3547 34920 5634 12 231 7 21350 6282 2116 392 729 52801 17 45 121 357 28 1537 45 484 9 18794 31 9126 9 532 578 21 13 499 91 240 143 628 35151 49 14 12 121 3344 28 1537 45 7 65 4705 2473 941 20 124 21 6261 240 143 628 49 298 193 653 639 
7 112 107 1901 49 28 1508 12 12083 49 28 977 2041 1910 45 132 321 12 322 12 323 58 205 58959 306 392 729 52801 158 591 2660 28 34920 58960 964 70 416 628 13463 17 7 150 938 777 21 7217 21 28 8238 143 2861 323 193 7 207 58961 74 195 28 483 34 13097 20566 4 193 
7 83 20 150 204 584 21 2892 45 17 161 164 1510 213 18 256 20 1931 150 440 548 45 251 20 926 193 
132 20727 17 7 8 205 36383 49 1315 1010 21 481 9 7972 59606 109 9 930 12 369 45 107 445 164 419 11601 9 930 306 638 3471 3192 45 419 150 1 985 21 58295 45 284 21 8862 193 
7 4782 38 45 72 38 6482 28 2488 4 68 240 143 628 17 77 1901 21 9635 432 12874 67 70 4087 1320 517 21 6482 964 215 17 971 15 483 193 219 45 38 18 481 23 1557 130 48 483 130 419 106 12 38 439 150 440 87 21 77 9 45789 23 28 1225 45 251 7 150 587 7971 38 314 164 12 72 38 35 3558 70 20618 45 5247 28 483 45 17 13 70 240 143 628 626 45 111 38 150 1 109 15 185 21 28 400 12 85 28 92 21 2666 68 259 38 150 587 1929 2473 941 20 124 12 7 112 1319 9 62682 17 72 7 35 220 68 45 259 35 38 193 
28 235 124 9 39 31 28 240 143 628 7 2666 2 
68 124 9 14217 45 483 143 1476 6053 12 
3990 68 849 45 2666 28 2488 45 111 2666 20 120 193 193 193 
38 164 67 21 16916 109 28 508 35056 17 4160 839 38 229 1355 450 12 591 225 765 45 20 58 2260 17 13720 542 3564 21 2698 762 13869 31 5634 12 68 839 124 10463 57218 5490 306 9 4642 17 1355 143 2165 109 143 1479 10862 59416 31 4148 18489 12 
68 124 9 13271 45 14217 45 483 143 1476 1129 12 20 926 107 1207 38 21 3078 4 66 306 255 45 220 184 584 548 45 17 96 31 195 45 38 4430 8 21 955 28 930 45 6133 21 36 28 628 17 521 21 28 400 193 653 639 
68 9939 124 28 47855 9499 38 150 938 205 5830 49 193 2858 6482 28 941 4441 4 68 849 45 17 15 4561 28892 18 3078 6548 193 179 5038 3811 45 68 1711 143 1313 3199 839 1930 12205 12 12 1876 3471 5820 92 193 
35775 31 255 8 576 68 839 21 2 
143 5695 7462 21 3042 769 2745 1166 
143 63 2354 52827 
143 7690 8022 45 9896 45 409 12 
68 124 15 5491 45 439 150 440 6821 20 964 193 
653 
2227 31 68 19735 653 639 
1158 1711 143 1313 3199 839 
653 
68 124 2473 38 18 1448 4561 3389 2 
38 18 13 35775 31 255 9 8366 49 392 729 12 1529 34 875 997 21 7289 21 2706 17 240 143 628 12 130 306 195 1711 143 1313 3602 45 38 18 7207 15 1166 62683 15 53497 17 18432 28 3867 215 1537 219 12 5820 2228 4 28 1200 12 204 12 13886 38 21 17259 294 1711 143 1313 1166 6230 215 407 15 1225 219 12 
28 3867 4 68 839 164 9 155 31 2116 1166 17 4561 1537 48694 392 729 12 1529 1320 12 1320 73 38 128 407 231 20820 628 231 18 1833 2 
824 392 729 12 1529 5634 
824 28 105 17 140 31 28 2385 26 164 13376 
824 28 240 143 628 16 177 38 18 240 143 628 37 28 2385 26 13153 12 
21 6392 1320 73 45 38 2858 240 143 628 28 8366 21 28 52925 12 34 150 204 20 193 28 392 729 12 1529 124 117 193 68 124 28 38417 1711 143 1313 3199 1166 19798 193 653 639 
6482 28 4441 21 28 849 17 
77 1901 21 54836 28 11469 10898 193 
824 824 824 824 824 824 824 7 1241 204 440 241 1200 1219 440 7 322 1241 204 824 824 824 824 824 824 824 
68 124 515 38 1906 220 2 
648 12 73 195 644 1537 3376 109 28 110 1905 12 
824 49 1320 2385 45 13 392 729 12 1529 5634 45 28 105 317 140 31 28 653 639 
2385 38 150 1 13376 45 15 240 143 628 16 215 2340 193 219 
17 15 611 3133 16 215 4 279 31 9 1021 219 21 28 653 639 
160 9468 105 9556 21 34 2259 2385 12 
653 639 
824 179 38 198 15 73 45 481 474 38 73 1320 31 28 2116 
1537 12 38 18 87 195 2116 1537 259 34 38 35 8163 37 
109 15 1225 17 52962 37 12 8163 68 4777 369 193 
824 4784 1370 848 2660 38 18 128 45 407 240 143 628 45 28 2116 1537 12 653 639 
8163 37 109 15 1225 259 26 18 77 9292 49 38 21 13 653 639 
21 28 648 45 1857 150 204 31 255 213 18 73 37 125 38 12 
144 12 2340 143 143 220 107 47661 28 2587 31 28 255 213 164 3804 997 21 1320 2385 45 347 769 2905 109 28 110 45 4 184 185 411 1032 124 
5041 1905 4 3052 231 9 231 1461 231 1269 231 347 38 18 13260 499 109 28 
8367 31 15 52963 12 1319 38 1929 28 185 68 1930 45 38 150 587 653 639 
65 450 2473 20 1931 150 440 548 72 38 2671 20 12 1074 45 68 1381 653 639 
58 205 7811 45 17 72 38 47661 20 45 20 18 107 548 12 
9 12 933 1905 49 28 13380 31 1357 1537 12 
167 12 121 38 150 938 13153 28 2116 1537 45 85 68 4777 17 653 639 
5247 28 105 17 16 1389 2385 4118 644 12 68 160 58 653 639 
869 20 1461 28 3202 17 124 359 1450 7298 769 390 3333 193 
1219 12 3619 28 105 17 16 1389 2385 4118 827 3192 21 2385 4118 644 12 653 639 
151 12 3619 28 105 17 16 1389 2385 4118 144 3192 21 2385 4118 827 12 
240 12 3619 28 105 17 16 1389 2385 4118 648 3192 21 2385 4118 144 12 
1269 12 5682 15 105 397 16 4 28 2385 4118 648 2439 12 
81 481 474 38 39 8139 150 204 105 17 16 8376 193 
827 12 85 68 3509 849 45 1141 28 6841 110 31 2587 45 17 8163 653 639 
20 21 15 1225 12 481 359 538 21 28 8028 35910 31 68 653 639 
849 12 572 28 2381 53400 347 3047 208 31 15 2745 12 72 38 
439 150 440 8163 68 3946 369 45 20 229 1028 77 9474 125 15 35159 12 
653 639 
644 12 369 38 150 1 1027 21 3042 70 3836 28795 109 28 
13353 2298 193 3836 109 28 2298 124 47 45 47 38593 45 
17 161 164 12440 31 298 6625 21 44126 12 212 
1490 540 38 90 572 49 3836 124 240 143 628 1316 12 4618 312 
9 1424 109 9 1424 11011 49 231 6261 240 143 628 231 347 231 240 143 628 504 231 347 653 639 
231 240 143 628 1316 231 12 653 639 
653 639 
729 12 49 5820 392 729 12 1529 38 128 45 195 38 1906 220 124 240 143 628 37 28 2385 
26 13153 12 34 150 204 20 193 3559 1211 310 143 517 504 653 639 
109 195 4157 193 68 18 5697 34 28 240 143 628 26 13 499 45 
306 15 105 17 16 109 20 45 18 77 2917 86 26 35 150 440 
44126 395 26 128 28 2385 193 
1357 1537 
824 824 824 73 1320 2385 74 140 17 105 824 824 824 
174 2 
143 3559 13 392 729 5634 49 1320 2385 215 4190 107 378 219 
143 481 474 28 5634 124 34742 74 50468 20 4 23 1557 373 20744 31 358 12 
143 109 208 31 1510 20744 31 358 45 1833 2 215 9 219 28 140 317 105 31 28 2385 38 164 13376 45 215 167 219 15 240 143 628 16 143 143 439 150 440 458 68 193 45 17 215 1219 219 15 3133 16 12 20 124 131 34 38 49911 9 35159 2591 21 70 4362 105 21 3522 15 105 17 3314 16 528 102 21 36377 31 255 12 49 70 3521 45 450 28 231 425 231 2587 3804 1905 12 
143 220 107 3047 2423 109 28 20618 6133 15 611 16 17 28 15550 430 12 
2385 4118 648 231 2473 21 481 392 5665 45 1857 1461 1711 143 1313 6165 231 653 639 
73 2385 4118 648 125 2 653 639 
14825 
321 12 322 12 323 62684 
62685 45 8325 62686 
2385 4118 144 231 3986 42901 17 1711 143 1313 6165 231 
73 2385 4118 144 125 2 
62687 
50083 62688 2287 12 4118 454 143 4109 
62689 45 8325 12 62690 653 639 
2385 4118 827 231 4373 49 28 96 133 1316 231 
73 2385 4118 827 125 2 
30097 
321 12 322 12 323 62691 
62685 45 8325 62686 1775 1775 1775 1775 1775 1775 1775 1775 1775 1775 1775 1775 1775 1775 1775 1775 1775 1775 1775 1775 1775 1775 1775 1775 1775 1775 1775 1775 1775 1775 1775 1775 1775 1775 1775 1775 1775 1775 1775 1775 1775 1775 1775 1775 1775 1775 1775 1775 1775 1775 1775 1775 1775 1775 1775 1775 1775 1775 1775 
2385 4118 644 231 9422 1711 143 1313 6165 3593 231 
73 2385 4118 644 125 2 
62692 8186 12 
62693 1269 35400 3845 45 4118 37715 
47045 45 8325 62694 653 639 
653 
487 150 204 2473 68 14343 2563 18 481 38 392 483 392 
653 
82 150 204 256 38 3807 21 3042 532 274 21 450 2473 505 20 1930 12 6132 15 2195 124 21 36 848 255 21 436 109 15 429 1313 12 215 4770 9 356 31 298 3954 109 28 1971 18 2164 36 9 9257 3793 12 219 65 6132 34 8139 3191 4 15 2072 7985 445 848 53497 389 12 6482 68 3521 21 2181 28 11469 1508 1905 12 
648 3083 1313 143 143 15 848 389 306 392 729 12 12 12 12 12 12 12 12 12 12 12 12 12 12 12 12 12 12 12 12 12 12 12 12 12 12 12 12 12 12 12 12 12 12 12 12 12 12 12 12 392 390 
144 380 1313 143 143 848 389 125 1510 848 215 392 729 641 1876 219 12 12 12 12 12 12 12 12 12 12 12 12 12 12 12 12 12 12 392 2862 
827 2287 1313 143 143 848 389 125 1510 1876 215 392 729 641 648 45 1857 219 12 12 12 12 12 12 12 12 12 12 392 729 45 1857 
644 902 1313 143 143 848 389 125 1510 648 45 1857 215 392 729 641 848 45 1857 219 12 12 12 392 390 45 1857 
68 52964 143 143 143 143 143 143 143 143 143 143 143 41 392 1764 45 6245 
1074 17894 45 68 13154 34 28 255 213 436 445 17259 848 255 1320 12 2937 49 9 3315 515 187 13339 72 26 221 639 255 21 436 193 508 255 36 1876 150 204 31 196 193 2937 67 20 193 
15 64 21 436 4 68 124 6606 7289 215 924 38 35 41760 392 639 219 12 38 3091 314 8 70 1971 2375 17 240 143 628 124 298 193 
824 824 824 824 824 824 824 38458 49 2487 824 824 824 824 824 824 824 
824 9494 68 130 15 1166 193 77 2917 45 8198 45 17 6482 653 639 
28 2488 8376 12 
824 13 49 28 2116 1537 3923 259 38 18 8 37 179 653 639 
28 4157 3042 963 4 86 2 
179 38 128 9 392 729 73 45 38 1906 13 499 28 870 
8366 397 2385 21 28787 306 28 1200 12 204 12 3133 317 21340 14459 45 361 
1254 45 4644 54462 17 54463 347 361 1254 45 976 54464 4 28 1200 12 204 12 1285 45 
65 1285 31 11033 59447 12 7536 12 609 45 4644 11588 17 21927 45 540 2228 653 639 
34 231 9 8366 347 504 1906 77 6566 49 483 293 12 231 
824 3559 1211 310 143 517 504 109 28 4157 38 128 12 
824 77 33713 17 35031 306 68 839 12 72 38 6482 28 653 639 
4441 1318 45 28 1508 18 20889 77 1349 193 
824 414 195 45 8 4166 4 1897 17 83 38 18 18093 193 
824 824 824 824 824 824 824 15 2487 59448 824 824 824 824 824 824 824 
6482 443 6150 21 5697 15 2487 2 
72 38 439 150 440 128 848 21 639 4157 49 2385 4118 648 1370 373 1910 45 7227 3836 395 38 220 12 111 45 9 224 31 1910 1892 38 84 128 23 1557 1876 4157 49 2385 4118 144 12 72 38 439 150 440 45 7227 3836 395 38 220 12 1319 38 8 293 1876 347 959 4157 49 2385 4118 144 45 38 35 43339 45 86 28 408 124 314 1960 49 38 45 17 28 5634 18 7227 21 52988 4 193 
68 124 2340 21 1074 2 
5820 92 15 105 124 223 3192 109 28 110 45 38 164 10440 4 6059 31 9 218 2385 12 38 35 3832 6608 31 15 2406 74 18588 540 2385 255 164 13376 125 38 12 72 38 482 21 2698 959 18489 45 13 212 13242 31 240 143 4756 17 3042 28 830 368 120 193 161 124 359 9081 21 28 18489 38 18 2698 125 68 1166 193 
824 824 824 824 824 824 824 440 240 204 440 7 282 322 1241 7 9 1193 204 824 824 824 824 824 824 824 
68 839 926 548 45 251 38 1906 6482 20 1318 193 1012 28 2347 31 107 1413 21 198 15 105 4 9 218 2439 45 20 3050 150 440 548 17 38 150 587 13260 9 356 31 2483 18489 12 7 150 282 8012 822 34 20 1930 12 20 93 124 9 990 1129 21 481 13719 941 483 45 306 3547 64 21 38 12 72 38 220 518 21 436 45 6482 28 839 1318 45 17 38 150 587 77 109 15 185 21 4561 10820 12 653 639 
9259 59451 45 16277 45 53 
132 105 124 11213 12 132 3369 45 59453 45 17 7 11416 4 59454 143 5486 45 12373 12 7 207 9 64 9810 306 9 3986 1200 12 204 12 4207 17 7 481 7196 502 483 12 179 7 293 28 839 7 52991 21 59453 67 357 231 8365 628 12 231 7 869 28913 31 28 830 3203 45 52992 132 1162 31 28 10862 17 52993 3869 12 7 231 934 231 20 12099 150 440 548 12 59453 9926 9444 132 9659 1611 17 19869 4 306 1404 9912 12 7 869 52994 28913 31 104 45 17 112 1027 21 12178 28 972 231 7 6336 38 259 231 109 104 179 28 3203 4602 150 440 548 12 12 12 505 45 28 21009 112 109 14 193 1370 373 1910 55 777 293 765 390 4178 12 1370 1064 2660 55 777 293 765 392 4710 45 438 4 392 729 52801 193 7 112 36224 193 7 112 474 34 7 777 20 195 12737 17 34 20 12099 150 440 548 12 7 207 9 52995 369 12 7 8 2020 59453 4 104 231 52820 12 231 7 106 8 7778 959 1010 395 52996 45 251 7 2937 31 28 231 12630 20417 231 17 20 150 204 107 49 14 12 419 46142 20 195 21 23352 12 
11213 440 12 45 59454 143 5486 45 12373 
28 1119 311 49 68 849 124 21 20539 38 34 68 408 124 13267 45 52997 45 13825 35056 45 17 124 9 185 21 36 9 762 441 31 483 4 9 1893 92 12 7 112 10251 1315 225 1397 7 7259 68 499 12 7 2020 274 21 450 515 208 90 1916 4 611 49 28 9691 2954 17 483 1403 12 21 132 52998 45 7 293 392 147 45 52999 12 1529 4 28 429 135 1910 45 306 483 1449 963 4 12 
116 117 45 48836 9 12 4609 45 53001 12 
107 528 28 53002 650 45 20 227 14 1315 1910 21 481 964 132 188 21 436 4 68 2563 12 251 37811 34 7 207 45 7 3919 34 28 4143 4173 112 259 3547 34 161 112 274 359 185 34 7 12099 150 440 36 583 4157 21 23 1557 36 132 483 182 12 18550 45 112 7 3800 179 7 275 132 9597 143 2861 417 157 323 53003 306 4157 193 49 7290 45 20 221 259 33609 34 7 777 21 3042 4780 964 132 628 23 28 5052 12 7 150 587 481 959 483 68 1209 1032 184 848 1010 31 132 2261 1397 12 28 465 3203 67 68 1987 124 34 20 1931 150 440 1384 177 4 28 1200 12 204 12 28 255 11416 12 161 2858 983 150 440 9 10 4173 306 9 18595 611 12 
4626 59462 45 59208 45 6485 
68 124 132 1084 92 21 436 4 68 2563 12 419 8 18566 670 5373 45 17 18 1028 7690 9 3314 109 28 4267 17 11416 2354 28 1543 109 670 483 12 28 445 185 109 21027 34 68 2563 18 548 49 38 124 72 38 220 20 12 49 15 53009 45 17 49 15 599 150 204 53009 439 150 440 6821 964 68 11140 1129 12 502 1980 17 1011 3594 193 
13758 59466 45 55690 45 17304 
73 15 1537 328 17 36 653 639 
1339 109 15 2642 21 653 639 
4561 3389 193 193 193 