Subject: 33952 36209 53666 33944 648 33927 33931 448 11178 62695 143 62183 138 4318 11491 6956 7303 33940 14674 4118 248 4523 1257 
62696 
4315 11180 62697 138 11180 138 62698 54536 62699 143 62700 11204 61107 
62701 33943 62702 11180 54536 62703 143 62700 11204 5545 62704 16549 33943 
62705 11180 54536 59863 138 11180 138 62706 54536 62707 46580 62708 16549 33943 61118 11204 6956 
62709 16549 44500 56410 11204 62710 11204 6956 8569 11204 14669 16549 33958 16549 33943 240 143 62711 
16138 11204 4318 11177 7091 33917 62712 33917 62709 16549 33943 62713 11204 6770 16549 62714 52882 16549 
62715 11204 138 59027 33924 7091 62716 16549 7189 16549 33943 61115 11312 62717 33929 11180 52874 33918 
648 3471 52882 16549 62718 33918 62719 11204 62720 11204 62721 16549 52882 
33921 62722 138 62723 11204 6956 33929 61095 16549 33943 11204 62724 
11180 54536 16549 33943 62725 33927 52882 62726 33944 54803 52882 16549 16549 44500 62727 16549 33943 6956 11312 57490 33918 16138 
62728 138 11180 46580 62729 11204 62730 33939 138 11180 59863 11180 62731 16549 33943 62732 138 33929 33918 11178 62728 648 61084 
62733 138 52874 11180 52881 11180 6899 16549 33958 
4315 11180 62734 16549 52873 2117 11177 138 397 62735 16549 44500 52873 33943 62736 4318 44500 62737 11204 15154 16549 33958 
4315 11180 62738 33921 62739 
52873 33943 11204 62740 138 16549 33943 62741 16549 33943 4309 33939 62742 16549 33943 5757 33944 62742 16549 33943 52873 16549 62743 
62744 4318 62745 16549 33943 6795 4318 62746 7091 33917 33927 59862 16549 33943 54263 11204 15154 33918 62747 
33927 59862 16549 33943 62748 4318 16549 33943 56698 729 16549 33943 56698 2405 16549 33943 
62749 144 741 16549 44500 16138 54536 33927 62750 33929 52879 16549 33943 7650 44500 62751 33929 33954 33927 16138 16549 33958 
46580 54263 11204 15154 33918 62747 
33927 59862 52882 16549 7091 6956 138 15154 33918 61122 52882 16549 55869 7091 62752 11204 16549 52882 16549 44500 33921 62753 
62754 16549 33958 
4315 11180 59857 16549 52873 805 11177 138 397 62735 16549 44500 52873 33943 62736 4318 44500 62737 11204 15154 16549 33958 
62755 33929 11180 138 138 62756 33921 62757 11180 56740 11312 6776 33952 59875 11180 62758 16549 33943 33916 138 
61132 33929 11180 52874 33918 52882 16549 62759 11204 62760 138 6899 138 54491 16549 52873 
62761 302 59018 12 1217 
62762 302 55884 12 3519 
6795 7091 55941 11204 33918 5757 33918 16549 52873 
648 52882 16549 138 11180 11312 56375 7091 62763 11180 62764 16549 33943 56245 33918 11204 6956 11180 15157 16549 33943 62765 33918 61107 
6956 11312 62766 52882 16549 
144 52882 16549 62767 7091 454 11177 138 16549 44500 33927 6957 33921 6795 141 62736 4318 44500 62737 11204 15154 16549 33958 16549 33943 
56245 33918 11204 6956 11180 15157 16549 33943 62718 33918 62768 16549 33943 6795 7091 62769 16549 33943 
62770 138 15158 4318 138 138 454 33916 11180 62771 16549 33943 33918 62772 11204 33918 62766 52882 16549 
62773 11180 62774 16549 52873 
61080 11204 16549 62775 33918 7091 11178 5757 52882 46580 33929 62776 4318 55895 33944 11180 6899 33927 33917 62777 
62778 16549 62779 33921 33952 52879 33918 
46409 33921 10274 16549 52873 62780 
16549 44500 62781 11180 61135 33954 62782 11312 14674 4318 62783 16549 33943 
33918 6770 7091 33916 16549 33943 6899 138 59904 11180 46580 16549 33943 138 11177 33921 62784 138 62785 46580 5757 33921 62786 
7091 11177 16549 33958 
4318 59884 33917 54551 11180 46580 16549 52873 62787 143 62788 
62789 
6899 138 54557 16549 62779 33921 33952 52879 33918 
11312 62790 16549 52882 