Subject: 1 2 470 471 2 653 138 1770 143 1771 143 248 138 1772 138 653 151 827 653 240 729 653 4524 653 4523 653 240 644 653 240 729 653 1269 144 653 639 653 151 827 653 1269 729 653 5048 653 240 729 653 240 644 653 1269 648 653 4523 653 666 653 1269 729 653 729 151 138 653 
98 99 101 2 
41 
41 
41 143 143 143 143 143 143 143 143 546 626 143 143 143 143 143 143 143 143 
41 627 2 11760 11174 
632 2 332 45 623 3049 7284 848 2 609 2 891 141 624 
125 2 231 14716 14717 231 
21 2 
41 
41 7468 14865 12 10336 12 2720 12 350 397 763 14594 3080 6996 3182 14866 6792 11784 
41 7154 6893 14867 6758 11174 12 14868 14869 7035 45 
41 10571 6788 7027 3186 6876 4318 14870 12 14700 
14871 10253 6927 4318 10576 14872 6934 6909 6910 45 11784 6911 3173 7424 6934 
6854 14873 6774 14874 8084 6758 14875 4317 6795 4318 6993 
4318 14876 4312 3186 14877 6758 2404 12 
7035 10809 2 
648 12 3183 2815 3897 6919 14878 14879 8788 14880 3186 7428 
6934 3186 7420 3185 7102 3182 4318 6995 10255 3182 7017 14881 4312 3182 
3183 14882 12 14883 45 3186 6876 4318 14870 4315 11742 11760 6760 10616 
231 14884 231 12 
144 12 3174 4315 7424 8025 6774 2298 6871 14885 6947 3185 14886 
4318 14887 45 3186 14886 4317 4318 14888 6808 14889 6893 14890 6764 3182 
14891 14892 3173 3182 14893 7044 4318 7045 6786 6752 4312 14885 12 
215 14894 45 3183 1342 2113 6758 2404 14895 7027 3186 14896 219 12 
7035 14897 2 
648 12 6871 14898 215 14899 219 6893 7049 14900 215 6770 4318 2340 1915 219 
6891 4318 14901 14902 6774 14903 6865 7474 4317 7173 14904 6887 
4318 14905 6758 14906 14907 12 3177 14908 6756 7319 215 231 144 380 382 31 28 
402 2286 12 12 12 12 231 219 4317 14909 7468 14910 14911 6893 14867 
6891 4318 14912 14913 14903 14914 12 
144 12 3183 14915 3173 3186 14906 14907 6921 6951 4318 14916 14913 45 3175 7468 
14671 231 1324 49 451 231 215 6760 10616 14917 3173 6764 3182 7642 4318 14918 219 12 
827 12 7468 14671 231 1491 17 1435 231 45 7514 7511 14919 14920 45 3186 
380 7468 14921 144 380 6789 14922 3182 14923 6919 14924 14925 215 4318 7086 
14926 219 6762 3182 11343 231 14927 231 6792 6924 12 
644 12 3183 14928 6893 14929 6789 14930 3182 11343 6760 14931 12 
729 12 3183 14932 231 182 231 3173 231 997 231 6789 14930 3182 6760 14933 12 
10596 4318 14934 6758 14935 2 
6907 3182 14936 14933 14877 6758 2404 6789 14922 3182 14937 3173 14938 
10572 11715 14935 12 14939 4318 14940 45 7166 14941 7428 5334 3186 11736 
3185 14942 6934 3183 2815 143 3897 6789 14943 6909 11391 143 14944 4318 3177 215 6925 6770 4318 3177 
14935 6789 14945 6867 14946 3173 7646 14933 14810 219 12 14947 45 
6854 6764 3182 14948 6774 1050 2 397 397 6817 12 4300 12 5139 12 797 397 
14949 