Subject: 1 2 1685 898 14594 3080 
1645 21 15045 746 1645 1298 3299 215 8286 219 714 4810 12 
1758 
7 12 1221 12 
98 99 101 2 
41 322 8354 322 10751 322 15046 45 322 738 3059 746 898 2387 
41 689 4901 45 15047 704 2297 15048 689 4901 705 2754 
41 1296 707 2298 12 4468 684 2803 3726 684 15049 1296 1194 
41 150 2231 2298 384 150 
41 3069 4939 15050 1676 15051 204 150 715 687 15052 705 1645 
41 15053 734 3282 231 15054 231 1662 5572 12 322 3139 15055 4468 705 700 322 
41 15056 3069 2296 8356 734 15057 12 15058 1745 158 
41 
41 1301 
143 143 
653 653 653 653 653 653 653 653 653 653 653 653 653 653 653 653 653 653 653 653 653 653 653 653 653 653 653 653 653 653 653 653 653 653 653 653 653 653 653 653 653 653 653 653 653 653 653 653 653 653 653 653 653 653 653 653 653 653 14716 14705 45 8186 12 2084 
1617 31 316 45 10711 176 31 2558 45 
14719 2558 45 268 12 
1068 2 141 454 143 337 143 15059 45 51 2 141 454 143 337 143 14722 45 240 143 628 2 14705 302 10336 12 2720 12 350 
2739 2 1050 2 397 397 1051 12 10336 12 2720 12 350 397 15060 397 14705 12 1056 
14718 215 1506 1507 317 2231 384 219 1524 
2739 2 1050 2 397 397 1051 12 10336 12 2720 12 350 397 763 14718 397 
