Subject: 68 124 53893 193 193 193 
60701 193 
130 3870 109 52940 231 60397 231 124 4 9 39422 4241 
38 193 68 35 545 13339 34 124 953 26 869 9 52940 
48877 67 20 12 26 482 21 54407 28 6826 109 60399 12 
60399 164 28 4118 648 34205 11612 193 419 8 21 220 541 21 
19880 6607 125 68 36255 65246 12 
72 38 4602 150 440 36 21 450 28 48877 82 14 274 4067 6384 
515 6519 17 953 20 124 2340 21 220 541 67 20 12 9 
47 532 65247 74 28 105 31 231 60397 231 45 221 921 
28 9300 65248 12 20 65249 769 17898 11054 17 
1510 255 213 65250 28 11054 2031 19478 17 591 31 37 
12629 12 38 450 60399 87 9 231 2356 231 21 11416 17 59535 12 419 130 
9976 35 2111 34 2356 12 
161 164 591 218 4786 31 60399 17 161 164 591 
1438 34 419 35 3506 37 12 487 164 274 9 2351 5912 31 
60399 158 60394 34771 45 65251 65252 17 12878 45 40280 
1440 45 51793 45 65253 45 53733 45 3360 17 65254 45 
6108 31 53153 45 37793 54792 45 65255 19695 45 
65256 17849 45 18170 17 65257 45 65032 41499 45 62994 45 
65258 45 17 65259 21 5855 9 2351 12 
20 124 53893 21 83 274 2473 2164 20 124 21 36 65249 74 
9 65247 12 419 35 3506 37 74 17897 65260 33654 17 
48909 45 125 65261 45 11597 66 45 37793 66 45 9822 
4 63378 17 35203 45 419 35 3506 37 125 670 36517 17 125 
28 5486 419 20747 12 443 164 274 9 2351 31 28 1438 12 35 38 
837 1014 21 1929 28 2483 12692 419 164 8012 306 
1320 17 5820 517 138 
38 8 373 1458 38 35 3213 37 17 82 37 18516 38 
6603 12 74 312 68 38 83 15 9650 21334 12 38 164 36868 
12505 28 612 31 56431 45 34950 17 2196 19865 12 38 35 
534 45 518 21 220 541 67 20 369 17 2671 195 34 193 
7 83 28 2642 132 599 17 7 164 564 12 7 445 925 34 
38 220 28 310 193 
72 38 518 21 11416 9 59831 45 959 9214 2261 45 17 467 
21 3305 4148 430 109 515 38 35 220 21 19880 
1897 17 15 19338 2267 1324 648 143 41166 143 29296 143 65262 12 
68 626 124 6187 21 38 125 4091 213 54197 229 19404 
28854 38 193 