Subject: 64308 143 28 64309 6219 31 9987 
64308 143 28 64309 6219 31 9987 
1050 2 397 397 4252 12 37715 12 796 12 30667 397 64308 
148 49 772 819 64310 17 56365 1979 138 64308 2529 28 
8866 6185 109 28 1971 193 35623 4214 649 3552 12 12 12 12 
143 765 454 45 1857 60831 9849 4 222 64311 130 62428 45 56037 45 6829 
17 20428 64312 45 64313 45 6496 45 64314 64315 2197 45 
64316 45 35452 45 9051 17 20470 3539 17 591 757 12 
143 12440 31 990 819 13864 64310 17 56365 37478 4 31115 45 
64317 45 12876 17 64318 10106 12 
143 48911 16825 17 1932 64312 17 1550 9903 12 
143 9 11523 6185 31 3930 5703 45 19741 150 204 17 231 2473 21 9176 231 
873 3212 125 28 2229 31 8069 64319 62428 21 6238 
58883 865 21 64320 17 64321 64310 17 151 397 204 11912 12 
443 9903 45 833 12440 31 12255 62428 17 56365 37478 74 628 45 
64310 64322 2901 3954 45 64317 7431 17 13689 45 64323 9176 45 
46619 17 9827 4307 17 591 411 9903 481 64308 9 990 198 
21 1981 193 
4772 109 49811 52940 45 9548 3834 17 64310 3834 45 64308 124 
2684 9533 3382 306 44008 45 546 64310 17 56365 649 12 3078 
1981 434 328 193 
143 143 143 143 143 143 143 143 143 143 143 143 143 143 143 143 143 143 143 143 143 143 143 143 143 143 143 143 143 143 143 143 143 143 143 143 143 