Subject: 36233 4222 3567 193 53044 38221 49 15 1166 193 193 
1543 4222 8 6831 
1543 4222 8 6831 12 12 12 12 3042 36383 
369 193 
419 
2964 28 96 3921 49 38 193 
28 483 41316 1484 124 9 1876 3471 298 504 540 7977 38 2964 49 17 51458 125 28 12227 31 15 3314 12 568 670 13023 65379 53044 1495 28 1200 12 204 12 45 419 18 1424 670 10099 31 3921 2950 49 65380 49470 34 3577 15 571 12 837 72 38 150 1 1383 1960 306 65381 347 8 205 65382 1397 45 419 35 1449 
95 12 
670 3921 2950 35 36 38 28 5634 38 87 49 2 
19605 52824 824 
144 380 36233 824 
52799 824 
1058 2662 
3314 4568 824 
294 11602 824 
38048 7798 824 
2050 52248 
21 3042 9 294 1166 12 12 17 48 45 48 959 193 
3306 57528 306 982 1032 7990 1058 124 670 12377 193 419 35 36 38 28 3921 38 
87 12 
12869 31 2428 38 8 502 347 984 1058 45 419 35 95 38 12 
1027 21 36 1339 138 
2858 6392 499 28 670 394 431 486 45 17 419 150 587 1014 11068 49 15 3921 12 
20 150 204 34 941 193 
653 
419 481 28 53044 38221 49 15 1166 193 
6460 487 49 9 
298 36233 4159 
653 
21112 
4441 
6460 109 28 1905 3979 21 77 28845 125 840 1826 12 
6460 487 