Subject: 68 124 294 23 1512 12 617 7462 21901 
439 150 440 482 21 128 443 240 143 4756 138 
6460 28 235 3979 21 5247 15 16 125 670 133 110 2 
1050 2 397 397 64226 12 1217 397 9253 
68 124 294 23 1050 2 397 397 64226 12 1217 
143 52909 143 36 65082 306 670 2418 143 19800 53810 12 
143 2593 2868 143 195 28 64885 125 28 48877 35924 12 
143 1449 19698 143 12414 45 52988 17 65083 109 28 536 6613 12 
143 4365 294 5113 143 195 28 96 294 13389 496 21 15 6613 12 
143 53754 13594 6577 143 85 15 47707 60728 21 28 8147 12 
143 2964 143 195 15 47707 5113 21 15 64228 12 
143 52909 143 36 65082 306 670 2418 143 19800 53810 12 
953 84 28 65084 17 44019 8 195 28 28913 68 52909 138 419 150 938 221 9 
54567 575 31 65085 28913 49 38 12 10458 964 109 28 945 17 2612 
53893 
19450 17 6113 65086 2166 31 34209 17903 62252 45 347 1878 49 91 
65087 37021 306 167 824 64271 1457 487 2 
1050 2 397 397 64226 12 1217 
143 2593 2868 143 195 28 64885 125 28 48877 35924 12 
5580 65088 17 65089 7705 9819 4 68 37552 65090 31 70 
65091 434 2469 45 17 542 7925 10266 150 440 77 65092 184 10 193 419 150 587 
8 195 28 64885 496 125 1037 4496 150 204 9819 143 65093 35924 45 259 
2032 765 21 2 
1050 2 397 397 64226 12 1217 
143 1449 19698 143 12414 45 52988 17 65083 109 28 536 6613 12 
20 150 204 9 19698 20494 31 70 13162 42439 31 12414 13709 45 1141 53960 49831 17 
18428 65094 45 17 20 150 204 67 21 12910 12204 28 536 6613 12 419 150 938 221 9 12142 
31 53205 12414 150 1241 150 52988 37021 21 77 3050 4 670 150 1449 19698 150 8362 45 259 
439 150 440 
8901 28 28913 23 2 
1050 2 397 397 64226 12 1217 
143 4365 294 5113 143 195 28 96 294 13389 496 21 15 6613 12 
20 150 204 9 536 1867 49 294 5113 45 17 419 150 587 77 3933 38 195 28 2377 109 28 
945 13389 12 130 505 130 670 3536 9732 143 964 31 28 5113 34 84 77 
65095 4 15 3992 38000 45 419 3989 109 65096 36809 60288 17 1200 144 17 769 
65097 294 64891 12 49 195 34 150 204 4365 4 18467 5113 38 87 2 
1050 2 397 397 64226 12 1217 
143 53754 13594 6577 143 85 15 47707 60728 21 28 8147 12 
28 9650 5113 9984 58 205 916 49 9 224 31 1910 45 251 20 150 204 4430 
531 554 21 85 386 17 2111 9 2487 4 28 5113 35967 12 5383 28 60728 
213 
35 85 38 21 28 8147 31 28 10434 17 6113 38 91 14343 37021 23 2 
1050 2 397 397 64226 12 1217 
143 2964 143 195 15 47707 5113 21 15 64228 12 
670 294 5113 2964 124 985 3192 9 57194 45 17 72 38 5419 150 440 7259 499 2473 
941 20 124 21 7690 28 945 17 2612 5113 45 439 150 440 464 193 3212 124 
506 125 15 43043 17 28 997 3203 38 83 15 47707 5113 124 4 
15 35159 12 17 419 150 1 3559 487 21 95 84 38 8 184 463 12 49 
9 294 5113 8379 2596 3078 21 2 
1050 2 397 397 64226 12 1217 
4777 
13882 33010 8362 
28 9885 45 28 65098 45 28 8639 12 12 12 17 38 90 77 386 31 20 195 12 13882 45 
28 423 150 204 62198 2387 42891 164 3358 28 5491 49 38 17 9 
18794 21 1548 28 136 33010 1133 5113 3895 4 40522 12 306 13709 435 
195 58015 45 37285 45 64890 12351 17 591 959 38 18 767 386 31 28 
57403 2565 12 515 150 204 959 45 419 837 482 38 21 2949 434 195 67 20 
86 419 482 38 21 77 670 46592 49 28 363 12 603 531 502 77 
6548 138 505 6460 109 28 6462 109 28 7462 19652 2404 17 861 499 959 12 12 12 
251 20724 45 161 150 204 359 1166 435 2482 1166 12 
1050 2 397 397 64226 12 1217 
4777 
65099 248 964 8362 
2473 591 18479 31 248 964 926 20 85 21 6392 15 63715 138 72 15 2852 124 
20712 111 38 439 150 440 482 21 8901 499 109 28 5491 21 6113 9 1010 2349 31 
248 964 45 5054 298 193 8066 28 248 964 397 65100 8362 109 28 
7462 19652 35784 17 38 90 77 4 306 9 5491 31 19800 9857 
1446 31 65101 38016 12 2428 347 107 38 518 21 36 921 28 9857 
31 248 964 347 8163 20 21 5735 45 124 9583 964 21 38 11491 72 38 7690 144 641 448 17429 31 
248 964 23 41963 38 35 59051 1897 9 298 3931 531 12 
1050 2 397 397 64226 12 1217 
4777 
13882 42903 8362 
5991 1379 21 28 1971 45 39130 9758 45 65102 1087 
9527 12 359 45 419 164 107 3311 67 28 945 4 1462 341 251 
28 294 13882 42903 12 38 35 6113 20 274 74 5628 28 8362 109 
28 7462 19652 3981 12 72 38 482 21 2596 28 7895 49 
1897 45 195 38 8 21 220 124 15338 921 7462 19652 45 65103 3908 45 
2643 17 161 18 77 9 42903 4 28 65104 274 49 38 21 3539 306 12 
259 45 6460 109 28 6462 109 28 7462 19652 2404 17 8066 28 13882 
8362 328 12 12 12 
1050 2 397 397 64226 12 1217 
4777 
419 8 36231 964 306 3992 5863 21 1211 38 306 91 
57218 317 9135 2529 193 818 38441 164 1357 109 294 3897 125 
64890 12351 12 12 12 28 10426 7785 12 12 12 12 57262 12 12 12 12 9190 12 12 12 12 7785 3847 17 
591 45 591 959 193 251 439 150 440 523 45 1981 28 2404 369 1427 11600 977 23 2 
1050 2 397 397 1051 12 64893 397 64226 