Subject: 1 2 14594 3080 1775 1221 644 12 5607 158 14594 3080 1775 1221 644 143 674 12 5607 
707 1656 15064 15065 5092 15066 45 4838 15067 215 70 111 2290 684 
4988 15068 1086 1845 45 1645 5569 684 5797 684 15069 12 
707 1656 15070 689 15071 1164 45 746 3074 15072 21 3017 718 15073 
714 15074 215 3014 746 3748 1676 15075 21 32 707 1662 219 746 1312 714 15076 
15077 736 15078 15079 1288 687 4416 10972 1676 5128 1656 15080 15081 15082 
1164 12 15083 705 700 15084 12 
322 14861 322 15085 1645 3114 6730 827 143 644 15086 15087 12 
3115 8508 684 15088 714 718 15089 1674 15090 700 2789 215 2812 219 684 15091 3102 
15092 707 684 4406 2754 15093 12 15094 21 12 5718 6730 684 15045 
746 21 6435 718 15073 15095 15090 746 898 5572 215 2804 4385 734 2291 
1173 3165 746 14 3014 1685 219 12 
2789 12 1758 
7 12 1221 12 
98 99 101 2 
41 15096 45 
41 
41 6907 3182 15097 6927 4318 15098 3173 4312 6766 6913 6914 215 3186 15099 4312 3186 11736 6795 4318 6958 6895 
41 2159 15100 193 219 2 4309 15064 15065 6921 6764 3182 6760 6919 14924 
41 15101 4318 6776 3185 6943 11188 4318 15102 15103 12 4309 15104 6927 4318 15105 7513 6893 6913 15106 
41 15107 15101 4318 7150 6760 6786 4309 11188 4318 15102 15103 6764 3182 4318 14876 
41 4312 6792 15108 15109 15110 15065 45 3175 6764 3182 
41 4318 14876 3173 4312 6792 15108 15109 15111 15112 
41 15113 45 11188 4318 15114 15115 45 15116 15117 45 15118 12 
41 
41 15119 15120 6927 4318 10576 2 
41 824 3177 3178 4317 6795 4318 6993 11198 4318 6993 7468 15121 7060 6759 4312 2232 
41 6808 14689 45 15122 6786 3177 15123 15124 6760 6881 15125 
41 6934 6887 15126 15127 2 143 219 
41 824 6921 4311 15128 4309 10596 2 231 6760 15129 15130 3177 4318 15131 3182 
41 15132 6963 6871 15133 15134 7443 45 4312 3182 15135 11836 3173 
41 3182 15136 6766 15137 11358 12 231 
41 7095 2 231 6760 15129 15130 3177 4318 15131 4312 6943 15138 15106 6893 
41 15139 45 3185 14944 4318 3177 3182 15135 11836 3173 3182 15136 6943 
41 14624 11358 12 231 
41 
41 6854 6934 15140 12 6785 6789 6962 7508 10612 6927 4318 10576 3177 3178 12 
41 
41 6810 
41 
41 14716 14717 101 2 
41 41 
41 41 4309 6793 7042 6893 6913 1827 2474 12 6789 15141 15142 6776 3186 6895 
41 41 3186 11846 12 7035 15143 11336 138 
41 41 
41 41 14700 14701 
41 41 
41 41 143 143 143 143 143 143 143 143 143 143 143 143 143 143 143 143 143 143 143 143 143 143 143 143 143 143 143 143 143 143 143 143 143 143 143 143 143 143 143 143 143 143 143 143 143 143 143 143 143 143 143 143 143 143 143 143 143 143 143 143 143 143 143 143 143 143 143 143 143 143 143 143 143 143 143 143 143 143 143 143 
41 41 105 2 14594 3080 1775 1221 644 12 5607 
41 41 14594 3080 1775 1221 644 12 5607 650 2 6814 2939 215 1036 397 6815 219 
41 41 656 2 6816 6817 
41 41 
41 41 105 2 14594 3080 1775 1221 644 143 674 12 5607 
41 41 14594 3080 1775 1221 644 143 674 12 5607 650 2 6814 2939 215 1036 397 6815 219 
41 41 656 2 6816 6817 
143 143 
653 653 653 653 653 653 653 653 653 653 653 653 653 653 653 653 653 653 653 653 653 653 653 653 653 653 653 653 653 653 653 653 653 653 653 653 653 653 653 653 653 653 653 653 653 653 653 653 653 653 653 653 653 653 653 653 653 653 14716 14705 45 8186 12 2084 
1617 31 316 45 10711 176 31 2558 45 
14719 2558 45 268 12 
1068 2 141 454 143 337 143 15059 45 51 2 141 454 143 337 143 14722 45 240 143 628 2 14705 302 10336 12 2720 12 350 
2739 2 1050 2 397 397 1051 12 10336 12 2720 12 350 397 15060 397 14705 12 1056 
14718 215 1506 1507 317 2231 384 219 1524 
2739 2 1050 2 397 397 1051 12 10336 12 2720 12 350 397 763 14718 397 
