Subject: 11445 15 8694 10652 408 
42 8694 1170 45 
369 38 35 7380 28 12641 31 5535 8694 14 45 1512 17 171 
21 
9490 28 1313 31 8694 5151 347 2405 45 1966 150 204 8198 17 
1433 30 31 8694 12 
28 294 62377 124 9 47 6238 185 21 
6054 28 12641 31 
8694 45 86 20 1375 8694 11260 143 41248 17 9118 143 62378 12 
17 
62377 124 47 9971 45 86 20 39568 7813 374 
31 
8694 12 
6460 
487 
21 861 499 959 67 
62377 28 50582 45 
508 6238 185 21 3832 38 1960 45 
74 8035 15 2387 1960 393 143 7954 12 
62381 62382 45 13973 
62383 1237 3199 
824 824 824 824 824 824 824 824 824 824 824 824 824 824 824 824 824 
68 1083 124 528 102 21 2387 1369 213 114 21 77 2575 
307 67 294 3387 4 8694 215 14348 219 341 12 
21 77 6617 125 460 8364 2 
81 149 306 5247 4 28 627 
1479 12 