Subject: 1 2 1 2 294 1829 49 1654 472 
669 98 45 
28 626 16165 112 595 21 14 74 14760 14761 12 
21 66 1757 67 597 3897 45 38 35 3559 66 14 45 130 7 12447 130 
28 1757 3903 34 16166 28 66 306 28 1825 11037 12 
7 19 184 3214 21 28 1757 3903 4 299 12 5828 45 72 38 87 
21 66 4091 3191 125 28 1757 1829 49 541 1402 38 35 
65 66 1456 347 104 485 12 
90 38 81 16167 1370 15 294 1829 208 2259 160 34 
13029 130 70 1757 66 138 68 185 45 419 8 65 3559 208 16 21 
66 9 1825 2286 12 
192 12 
7689 45 
7686 1600 7688 
1757 2386 12 
41 41 632 2 1015 45 637 846 7284 1254 2 1064 2 1795 141 624 
41 41 125 2 98 99 
41 41 641 143 642 2 661 644 12 7848 470 1099 472 215 8694 5151 729 12 0 158 1200 219 
41 41 641 143 3357 143 2234 2 1099 
41 41 21 2 14760 302 14230 12 14231 12 853 12 23 
41 41 635 2 14 
41 41 627 2 470 471 2 1 2 294 1829 49 1654 472 
41 41 
41 41 81 861 2915 70 273 7 8 102 21 14425 15988 9 2351 225 45 
41 41 251 7 8 293 359 149 12 187 20 77 261 21 19 20 21 28 
41 41 516 160 138 
41 41 
41 41 46 38 49 15 95 12 
41 41 
41 41 96 97 45 
41 41 
41 41 98 99 
41 41 
41 41 143 143 143 143 143 143 143 143 546 626 143 143 143 143 143 143 143 143 
41 41 627 2 1 2 294 1829 49 1654 
41 41 632 2 1302 45 512 730 7284 264 2 1799 2 512 141 624 
41 41 125 2 98 99 
41 41 21 2 14546 302 3400 143 14744 12 1095 
41 41 635 2 14 45 231 3945 151 12 1222 231 
41 41 
41 41 2076 2 
41 41 
41 41 669 193 
41 41 
41 41 7 8 274 8078 34 28 277 49 1654 109 28 1757 2298 2404 
1449 
41 41 2586 28 277 31 28 972 1829 12 7 187 77 16164 72 38 90 
41 41 5883 443 81 12 
41 41 28 294 1829 124 130 1528 2 
41 41 
41 41 1654 1829 
41 41 
41 41 1176 
41 41 315 12 1219 12 151 12 1222 45 1086 1762 
41 41 319 231 320 231 45 1240 12 31 316 317 318 
41 41 273 2 1244 302 1243 12 320 12 350 
41 41 15225 143 1176 
41 41 315 12 1241 12 2533 45 2329 2084 
41 41 176 31 2538 45 3274 31 4729 17 1225 
41 1238 
41 41 273 2 2534 302 2535 12 2536 12 2537 12 350 
41 41 1899 12 1236 
41 41 315 12 913 12 99 45 2329 1234 
41 41 319 231 320 231 45 1240 12 31 316 317 318 
41 41 273 2 613 302 1243 12 320 12 350 
41 41 2386 
41 41 315 12 1221 12 1220 45 1234 
41 41 319 231 320 231 45 1240 12 31 316 317 318 
41 41 273 2 1230 302 1243 12 320 12 350 
41 41 1825 
41 41 7 12 14717 
41 41 10711 176 31 2558 45 3274 31 316 
41 41 273 2 14723 302 10336 12 2720 12 350 
41 41 
41 41 46 38 12 
41 41 
41 41 98 99 
41 41 
41 41 3901 3902 101 2 
41 41 41 
41 41 41 41 42 315 12 3902 45 
41 41 41 41 
41 41 41 41 7 187 435 21 1983 38 67 28 294 1829 31 28 402 
41 41 41 41 2286 
41 41 41 41 31 1610 1611 45 540 112 2038 109 511 1257 45 2405 12 
41 41 41 41 90 38 65 81 1844 14 28 2587 31 28 1236 17 28 
41 41 41 41 2386 31 1757 138 
41 41 41 4425 17 1011 294 1209 45 
41 41 41 192 49 28 5883 12 
41 41 41 7686 1600 15987 124 28 2386 
41 41 41 17 14546 15988 4 28 1236 
41 41 41 7 8 3854 15 626 109 21 37 45 
41 41 41 1034 45 
41 41 41 3901 
41 41 
41 