Subject: 68 124 9713 15 4223 92 
1221 4089 2 824 6834 9462 2 2739 215 4118 7928 4118 54276 219 158 6835 322 4089 2 824 6834 9462 2 2739 215 4118 7928 4118 54276 219 158 6835 781 4089 2 824 
6834 9462 2 2739 215 4118 7928 4118 54276 219 158 6835 12 8169 6834 9462 2 2739 215 4118 7928 4118 54276 219 158 6835 
1170 68 93 124 9713 15 4223 92 45 259 12 12 12 
81 3990 68 369 49 3344 23 15 8401 45 
38 18 107 5504 20 12 
38 35 19653 392 390 45 1857 347 959 4 997 28 4114 2660 50 240 143 628 12 
1029 9962 138 2666 109 49 277 12 124 161 9 10458 138 359 193 193 193 161 124 359 
10458 12 274 13 15 2661 158 17 45 38 18 77 109 15 185 21 4561 
3389 12 
130 3870 109 883 4559 2 
137 21 28 52941 31 68 849 109 28 1971 45 9 3986 11065 514 
839 2110 2264 70 3509 2482 21 28 19897 31 28 839 
2214 1905 21 450 45 72 20 93 35 481 255 483 12 
28 2482 65 4639 2428 347 107 28 839 112 14217 12 769 
8431 19407 1319 17 49 195 34 161 164 45 5054 359 14459 
52942 28 832 4 28 839 12 68 58 12655 21 2482 
255 34 68 124 9 4572 45 51235 45 17 28913 185 21 481 91 416 
483 23 3314 12 28 1508 31 68 2482 8 205 9939 43340 12 259 591 
255 164 3607 34 1510 3869 164 312 45 48 10 1032 
1355 1397 12 226 8139 1375 959 130 959 255 4618 20 499 45 20 7303 204 205 
47 2494 21 77 9 386 31 40160 12 38 18 1929 1319 38 
2596 20 12 
231 487 20 124 1905 12 231 
28 235 18489 1129 124 208 38 229 77 1891 4 564 9 
933 23 12 20 35 77 1339 306 47 3547 4173 17 28 18489 
611 124 37723 193 193 193 
72 38 187 435 21 481 23 1557 392 390 45 1857 4 982 1032 4114 2660 45 81 
2666 28 862 839 12 12 12 111 2666 20 120 193 193 193 
68 124 9 13271 45 14217 45 52943 1129 12 
20 926 107 1207 38 21 3078 921 66 306 255 45 220 184 584 548 45 
17 96 31 195 45 38 4430 8 21 955 28 930 6133 21 36 28 628 12 
72 38 2892 34 53481 38 150 587 36 34 536 9499 34 38 150 938 205 
5830 49 45 68 124 20 193 
2858 6482 28 4441 45 17 15 28892 18 3078 6548 12 68 
1711 143 1313 240 143 628 73 143 3199 839 1930 12205 45 1876 3471 31 5820 
92 12 85 13350 31 68 393 143 52944 1381 31 3836 369 193 
28 862 430 124 541 7 5865 82 42823 1461 132 42715 12 
132 105 124 4071 52948 12 373 1010 2663 45 28 4207 7 2023 23 49 
28 1335 6300 1010 3192 143 13754 17 132 2439 112 9671 12 765 28 
1335 1209 45 7 16907 591 14592 4561 1440 12 7 19606 132 599 45 
17894 45 17 52950 765 392 667 45 1857 12 28 10829 112 564 9 41409 109 132 
1166 17 7 274 10266 150 440 1029 21 481 8368 2564 12 
7 777 21 52799 17 18539 7913 132 3314 21 1947 132 599 17 
49146 1166 12 23 34 3315 541 7898 6519 4 132 
2261 17 7 207 305 21 2176 28 2596 4 7716 34 68 18 
2671 15 2261 19728 35903 193 193 193 
4 3965 511 31 1108 45 7 293 68 839 407 240 143 628 12 2041 524 
1481 21 357 68 839 45 7 777 205 50 497 49 430 109 
2119 1166 4787 12 195 31 28 2950 7 293 45 4 132 
6351 45 199 107 64 6238 12 26 199 1553 531 1376 49 14 21 
18529 347 28 4143 4173 112 531 48 49 14 21 4998 21 450 72 
26 187 548 347 107 12 208 4701 34 7 187 481 9 9881 7804 4 
208 1209 12 12 12 20 4602 150 440 2949 14 7 150 151 8 21 3047 9 32 21 481 20 193 
7 293 68 839 12 7 4602 150 440 13 49 20 45 347 672 49 20 45 26 274 221 
132 105 2354 9 133 110 12 46 46658 49 34 193 193 193 55206 20 
1315 225 45 21 481 474 7 112 3344 20 3811 45 7 10266 150 440 2892 
132 12551 12 487 112 9 483 1476 6053 12 
7 90 36588 130 48 130 7 4428 21 3042 45 308 3373 14 840 
921 19605 12 259 7 7259 20 499 306 28 1200 12 204 12 417 157 215 648 143 6255 143 7629 143 52952 
952 143 52953 219 17 26 11976 34 20 124 6182 14217 193 121 2610 28 
839 112 14217 17 107 9 2208 849 45 7 3919 231 953 107 12 231 
38835 7 102 499 848 45 1857 240 143 4756 12 20 64 14 67 392 1535 49 132 92 
109 143 1479 12 4 982 1032 208 1867 45 7 112 1544 21 128 4157 49 2385 
4118 648 12 74 3391 636 45 7 777 293 512 4157 49 2385 4118 648 12 15 2195 124 
21 231 128 23 1557 639 4157 49 2385 4118 648 1370 144 1910 12 72 38 439 150 440 45 
13 499 959 2950 395 38 220 193 231 
74 3391 454 45 7 777 293 34292 4157 49 2385 4118 144 12 15 2195 124 21 
231 128 23 1557 1876 141 4157 49 2385 4118 144 1370 144 1910 12 72 107 45 13 
499 959 2950 395 38 220 12 1319 38 8 1876 4157 45 28 6134 124 941 45 
43339 45 38 18 481 15 392 390 45 1857 2195 12 231 505 45 7 777 34292 4157 49 2385 
4118 144 45 3876 959 1032 7 539 12 259 7 4106 182 17 6398 12 74 1551 648 45 31 132 
240 143 133 31 848 45 1857 45 7 293 392 783 45 1857 306 959 963 4 5820 517 12 
7 484 2354 195 132 52827 17 6221 9 48 143 539 294 11602 12 81 85 92 
21 2666 28 2915 839 158 20 18 2671 15 2261 19728 193 193 193 1074 45 
20 3050 150 440 548 72 38 439 150 440 4618 20 12 68 839 926 548 45 251 38 1906 
6482 20 1318 193 1012 28 2097 31 107 1413 21 198 15 105 4 
9 218 198 12 20 3050 150 440 548 45 38 150 587 13260 499 109 9 356 31 483 193 
4 73 49 68 839 21 548 45 38 1906 2564 15 2195 31 639 141 4157 
49 2385 4118 648 45 17 1876 141 4157 49 2385 4118 144 17 38 18 481 392 390 45 1857 347 
959 4 4114 2660 12 7 207 8012 822 34 20 1930 193 193 193 
72 38 518 107 21 436 4 68 839 45 7 207 118 12 20 93 124 
9 990 1129 306 3547 64 347 4998 21 38 12 72 38 518 21 
436 45 6482 28 839 17 38 
18 77 109 15 185 21 4561 10820 12 
116 45 4071 52948 
3054 220 38 8 184 605 515 336 45 5924 392 729 52801 215 392 783 45 1857 219 933 435 52958 964 
109 9 52959 5681 138 20 150 204 52960 193 
9 2901 817 125 28 3238 31 68 839 2 
82 14 2949 38 9 3547 67 1904 12 7 777 9 35056 1166 49 848 
1010 12 111 4 12128 132 1166 13617 18800 2354 12 7 112 312 28 310 
3385 34 199 2594 1349 49 14 45 251 20 3794 150 440 1960 12 28 
5112 1362 31 1476 483 18 4430 3318 38 21 231 3619 964 231 
347 231 36 11614 231 45 13641 18 450 21 34 12 
38 8 274 293 430 34 35 1844 38 4561 3389 49 
28 6134 31 15 2261 45 306 231 359 4998 231 17 231 274 9 3547 657 31 2954 12 231 
38 35 481 959 483 4 28 997 2351 524 1032 38 8 1355 41977 12 
7 84 65 776 499 11491 7 8 314 869 765 644 9881 7804 193 7 
8 53496 125 28 839 121 50 499 765 609 45 1857 2950 12 369 7 
8 1315 8058 34 220 68 839 17 1315 411 2950 487 
17 765 9284 12 
6482 28 839 1318 130 5041 12 220 107 2671 20 4 184 185 12 20 
1930 13167 505 130 20 124 369 12 1074 21 240 143 628 9 39 31 68 
2494 2385 21 8139 38 35 2937 31 12 208 31 28 255 38 13 
68 21 229 13 499 390 45 1857 12 12 12 17 15 105 18 77 109 5820 208 31 37 193 
1074 3320 45 28 959 38 13 499 28 959 2483 4158 38 
18 1448 12 
259 132 18794 45 7 8 78 38 28 2568 45 430 45 2458 17 
1129 21 2111 35903 374 45 20 124 964 21 38 369 193 
1397 38 6631 68 839 125 15 35159 45 130 7 5865 106 45 85 9 
3547 92 21 2666 20 17 93 2937 67 20 12 36 9 52951 17 4946 
499 515 90 13339 179 38 436 12 4946 499 28 12503 261 
3793 17 359 1384 2473 38 7819 20 45 38 18 1449 481 9 356 31 
483 193 38 18 6184 36 182 515 38 11472 12 184 14487 38 8 
18 35054 179 15 429 4157 3078 4 12 20 1930 193 
52961 5043 45 43032 45 2676 
487 150 204 2473 68 14343 839 18 481 38 35775 31 7770 392 
4441 2 
68 1381 31 5044 7462 93 1930 1876 3471 5820 92 12 7 207 474 34 
38 90 572 964 21 392 390 45 1857 347 959 4 28 997 4114 2660 12 
1397 38 256 45 231 13925 12 12 12 231 45 81 2666 68 839 6579 12 68 124 107 
9 2208 849 45 251 9 12205 14217 483 1476 1129 12 130 306 195 
1711 143 1313 3602 45 419 9180 670 1166 74 17100 294 8448 
17 18432 670 3867 12 5820 2228 4 28 391 13886 38 21 17259 294 
1711 143 1313 1166 8448 45 17 419 3359 9 8366 49 5820 7770 
102 12 15 4157 3078 74 628 17 164 9774 74 240 143 628 45 259 38 164 107 
3869 4 2901 18432 12 38 220 20 19394 4 15 2745 3314 45 13039 45 
347 157 12 
68 124 28 2612 1711 143 1313 628 73 3199 19798 2 68 124 
515 38 1906 220 2 
648 12 73 195 644 1537 3376 109 28 110 1905 215 38 35 150 440 3616 37 72 38 
439 150 440 73 37 219 12 
824 49 1320 2385 45 13 392 729 12 1529 5634 45 28 105 140 31 28 2385 38 
164 13376 45 15 240 143 628 16 45 15 105 611 16 215 4 279 
31 9 1021 219 21 28 160 9468 105 1417 109 28 110 997 21 28 
2385 12 
481 474 15 611 16 124 109 15 20618 4 279 31 184 628 
1440 193 
824 179 38 198 15 73 45 481 474 38 73 195 2116 1537 12 38 18 
87 195 2116 1537 259 34 38 35 8163 37 109 15 1225 17 52962 
37 12 
824 1370 9 2351 2660 45 38 18 128 45 407 240 143 628 45 1320 31 28 2116 
1537 12 8163 37 109 15 1225 259 26 18 77 9292 49 38 21 
13 21 28 648 45 1857 150 204 31 255 213 18 73 37 125 38 12 
144 12 2340 143 143 220 107 47661 28 2587 31 28 255 213 164 3804 997 21 
1320 2385 45 347 769 2905 109 28 110 45 4 184 185 411 1032 124 
5041 1905 4 3052 231 9 231 1461 231 1269 231 347 38 18 13260 499 109 28 
8367 31 15 52963 12 1319 38 
1929 28 185 68 1930 45 38 150 587 65 450 2473 20 1931 150 440 548 72 38 
2671 20 12 1074 45 68 1381 58 205 7811 45 17 72 38 47661 20 45 20 
18 107 548 12 
9 12 933 1905 49 28 13380 31 1357 1537 12 
167 12 121 38 150 938 13153 28 2116 1537 45 85 68 4777 17 
5247 28 105 17 16 1389 2385 4118 644 12 68 160 58 869 20 
1461 28 3202 17 124 359 1450 7298 769 392 390 45 1857 193 
1219 12 3619 28 105 17 16 1389 2385 4118 827 3192 21 2385 4118 644 12 
151 12 3619 28 105 17 16 1389 2385 4118 144 3192 21 2385 4118 827 12 
240 12 3619 28 105 17 16 1389 2385 4118 648 3192 21 2385 4118 144 12 
1269 12 5682 15 105 397 16 4 28 2385 4118 648 2439 12 
81 481 474 38 39 5820 105 17 16 8376 193 
39 17 37563 1381 1930 505 12 
827 12 85 68 3509 849 45 1141 28 6841 110 31 2587 45 17 8163 
20 21 15 1225 12 481 359 538 21 28 8028 35910 31 68 
849 12 
15 64 21 436 4 68 124 6606 7289 215 924 38 35 
41760 392 639 219 12 38 3091 314 8 70 1971 2375 17 240 143 628 124 
298 193 
21 9096 38 306 3199 15 1166 109 28 1971 45 28 644 1537 
38 15198 18 1211 38 306 35213 3199 430 540 
3552 2473 21 13 6261 240 143 4756 45 177 21 861 35775 31 298 
4348 3954 17 48 45 48 959 12 
161 164 373 2593 1362 31 2692 15 53497 2 
1381 4118 648 2 50 6261 240 143 628 
82 150 204 256 34 38 13 499 445 144 45 1857 2950 1320 12 82 150 204 65 6132 
34 28 133 9661 9 0 12 729 3471 3793 12 568 9 502 110 45 28 3793 
90 77 48 10 12 65 45 591 255 18 13 499 12440 31 35775 
31 2950 3915 31 144 45 1857 12 251 12740 306 68 3521 45 38 13 
499 445 144 45 1857 2950 12 306 9 0 12 729 3471 3793 45 34 124 445 848 4157 49 
2385 4118 648 12 1510 848 255 3820 74 50 499 144 45 1857 2950 1320 49 9 
834 31 639 45 1857 12 499 31 34 0 12 729 3471 45 1876 255 3820 17 73 2385 4118 144 12 
1510 1876 255 628 499 144 45 1857 2950 1320 49 9 834 31 438 45 1857 12 28 
0 12 729 3471 3793 21 34 124 648 45 1857 4157 49 2385 4118 827 12 1510 648 45 1857 13 499 
144 45 1857 2950 1320 49 9 144 45 1857 45 1857 834 12 28 0 12 729 3471 3793 21 34 124 
848 45 1857 4157 49 2385 4118 644 12 34 13869 21 848 45 1857 1320 31 392 729 52801 49 
38 4 5634 483 193 193 193 
15 834 18489 4 68 3521 124 392 390 141 392 2862 141 392 729 45 1857 141 392 390 45 1857 49 9 
834 31 392 1764 45 6245 193 193 193 
1074 18794 45 68 124 4177 648 45 50202 499 31 28 144 45 1857 255 38 628 21 
18 220 5054 7289 17 19854 68 839 193 52946 21 2937 49 9 
3315 515 187 13339 72 8139 45 347 1894 143 102 499 1876 45 1857 2950 
3915 31 144 45 1857 12 74 28 185 45 15 64 21 436 4 68 124 
6606 7289 12 
2385 4118 144 18 2482 38 28 96 1362 49 6261 240 143 133 45 2949 38 177 
21 3305 298 6261 240 143 628 1237 17 177 21 3305 240 143 628 1316 12 
1381 4118 144 143 4770 298 3954 109 28 1971 
648 12 3836 109 28 150 3519 124 47 45 47 38593 45 17 161 164 
12440 31 298 6625 21 44126 12 6132 15 2195 124 21 36 445 848 
255 21 436 109 15 429 1313 12 215 4770 9 356 31 298 3954 109 28 
1971 18 2164 36 9 9257 3793 219 12 65 45 6132 34 8139 
3191 4 15 2072 7985 445 848 53497 389 12 
6482 68 3521 21 2181 28 11469 1508 1905 215 310 130 273 
3521 219 2 
648 3083 1313 143 15 848 389 306 392 729 12 12 12 12 12 12 12 12 12 392 390 
144 380 1313 143 848 389 125 1510 848 215 392 729 641 1876 219 12 12 12 12 12 12 12 392 2862 
827 2287 1313 143 848 389 125 1510 1876 215 392 729 641 648 45 1857 219 392 729 45 1857 
644 902 1313 143 848 389 125 1510 648 45 1857 215 392 729 641 848 741 219 392 390 45 1857 
68 52964 143 143 143 143 143 143 143 143 143 143 143 143 143 143 143 143 143 143 143 143 143 143 143 143 143 143 143 392 1764 45 6245 
1074 17894 45 68 13154 34 28 255 213 436 445 
52965 848 255 1320 12 2937 49 9 3315 515 187 13339 72 26 221 
639 255 21 436 193 508 255 36 1876 150 204 31 196 193 
49 5820 392 729 12 1529 38 128 45 195 38 1906 220 124 240 143 628 37 28 2385 26 
13153 12 3559 1211 310 143 517 504 109 195 4157 193 68 18 5697 
34 28 240 143 628 26 13 499 45 306 15 105 17 16 109 20 45 18 77 
2917 86 26 35 150 440 44126 395 26 128 28 2385 193 
1357 1537 
824 824 824 73 1320 2385 74 140 17 105 824 824 824 
143 3559 13 392 729 5634 215 1200 12 204 12 3917 219 49 1320 2385 89 107 378 
143 3559 13 15 73 407 429 8876 628 
143 481 474 28 5634 124 34742 74 50468 20 4 23 1557 373 20744 31 
358 
215 72 107 959 259 34 28 580 35 150 440 77 3870 7913 12020 219 
143 109 208 31 1510 20744 31 358 45 1833 2 
215 9 219 28 140 105 31 28 2385 38 164 13376 45 
215 167 219 15 240 143 628 16 45 17 
215 1219 219 15 105 3133 16 215 130 611 16 4 279 28 417 
157 37679 1440 219 12 
198 15 73 49 443 1537 369 2 
2385 4118 648 231 28 52966 150 204 1460 21 3836 49 298 109 28 1971 12 231 
73 2385 4118 648 125 2 
5597 
321 12 322 12 323 2243 
337 63733 3083 12 240 
5574 45 14794 
282 729 1219 144 747 617 
6744 
2385 4118 144 231 28 52966 150 204 1460 21 50 6261 240 143 628 109 28 1971 12 231 
73 2385 4118 144 125 2 
5149 12 741 12 241 827 
321 12 322 12 323 65416 
62673 
14794 45 1193 729 167 644 9 248 
6744 
2385 4118 827 231 28 52975 21 52976 3199 109 28 1971 12 231 
73 2385 4118 827 125 2 
39551 65417 241 827 
4118 25076 143 29475 65418 2642 
37725 45 167 12 1219 12 
1221 729 5149 644 913 644 
6744 
2385 4118 644 231 2473 21 2111 9 52982 38423 28 2168 31 52976 
3199 17 28 1971 12 231 
73 2385 4118 644 125 2 
13903 63736 
17129 240 12 1119 2464 4118 9 1876 143 805 
5123 45 22445 63737 
824 1319 38 8 293 1876 347 959 4157 49 2385 4118 144 45 38 35 43339 45 
86 28 408 124 314 1960 49 38 45 17 28 5634 18 7227 
21 52988 4 193 
81 270 208 260 12 12 12 12 12 220 38 482 21 2671 15 2261 138 72 28 
270 124 194 45 81 933 23 28 235 12208 67 68 839 2 
648 12 38 164 18432 9 8366 540 926 107 64 2423 21 2706 193 
144 12 38 164 18432 9 8366 540 926 107 64 2423 21 7789 193 
827 12 38 164 18432 9 8366 540 926 107 64 38 2423 21 
44126 215 6133 49 6261 133 64 219 193 
644 12 38 164 38423 28 2168 31 28 1971 17 28 2168 31 1711 143 1313 
3199 21 2979 15 8366 195 765 28 423 193 
729 12 15 445 1856 411 1032 15 4143 392 639 17 6261 133 64 
4173 124 15 92 193 
448 12 8202 195 31 28 18489 38 2698 125 68 839 124 24779 
4149 193 
248 12 68 839 18 2671 15 2261 19728 12 
824 824 824 824 824 824 824 440 240 204 440 7 282 322 1241 7 9 1193 204 824 824 824 824 824 824 824 
28 1119 311 49 68 849 124 21 20539 38 34 68 408 124 
13267 45 52997 45 13825 35056 45 17 124 9 185 21 36 9 762 441 31 
483 4 9 1893 92 12 7 112 10251 1315 225 1397 7 7259 68 
499 12 7 2020 274 21 450 515 208 90 1916 4 611 49 28 9691 
2954 17 483 1403 12 21 132 52998 45 7 293 392 147 45 52999 12 1529 4 28 
429 135 1910 45 306 483 1449 963 4 12 
13758 53000 45 53001 12 
107 528 28 53002 650 45 20 227 14 1315 1910 21 481 964 132 188 21 
436 4 68 2563 12 251 37811 34 7 207 45 7 3919 34 28 
4143 4173 112 259 3547 34 161 112 274 359 185 34 7 12099 150 440 
36 583 4157 21 23 1557 36 132 483 182 12 18550 45 112 7 3800 179 
7 275 132 9597 143 2861 417 157 323 53003 306 4157 193 49 9 1427 45 20 
221 259 33609 34 7 777 21 3042 4780 964 132 628 23 28 5052 12 
7 150 587 481 959 483 68 1209 1032 184 848 1010 31 132 2261 1397 12 28 
465 3203 67 68 1987 124 34 20 1931 150 440 1384 177 255 11416 12 
161 2858 983 150 440 9 10 4173 306 9 18595 611 12 
53004 53005 45 4660 53006 45 17747 
7 777 293 68 839 1397 12 7 9474 20 45 251 1892 7 50087 72 7 
7463 150 440 8 78 20 9 4618 12 31 203 45 7 777 359 605 213 21 66 21 
36 212 39 45 259 7 777 21 4293 
395 7 112 240 143 6282 212 839 12 6304 524 3854 111 20 3378 12 12 12 7 
4602 150 440 6631 68 208 193 193 193 7 869 959 1032 392 843 45 1857 109 28 429 4618 193 193 
53007 36530 45 53008 45 8011 
73 15 1537 328 17 36 1339 109 15 2642 21 4561 3389 193 
81 149 17 650 231 9253 1170 302 63764 12 5048 12 853 12 590 4 28 627 21 
77 19704 6617 125 68 133 110 12 