Subject: 1 2 498 2141 1828 
42 98 45 
192 47 48 49 28 498 1828 38 102 17 118 49 28 523 
4 670 3793 12 
7 6200 670 1202 215 3300 17832 17833 219 21 28 
2568 31 15262 430 7970 49 4561 3264 
3261 12 20 603 47 530 49 37 45 534 45 306 9 3045 
218 3989 12 515 17834 164 93 1891 4 45 124 28 10455 
215 17 17835 219 31 3986 2578 17 28 17836 397 2526 31 
769 12606 12 13182 28 17834 83 515 28 363 124 45 240 12 913 12 
28 418 31 17837 4167 4 28 391 12 4 68 279 28 
3264 11078 12526 121 28 418 124 28 2923 2585 28 
2697 17 28 545 3313 4946 12 68 2923 111 9492 
91 3264 2109 17 17838 540 255 187 435 21 83 4 
269 347 21 8378 12 259 4 68 279 28 1086 1845 187 77 21 
17839 4144 31 999 2578 540 8 314 1838 198 4 
28 1335 12 109 28 411 2894 45 17834 229 107 83 515 28 3264 
11078 2578 164 12 4 68 279 28 1086 187 8 21 15556 3986 
2578 74 148 23 1335 573 531 12 
259 28 1543 109 28 1170 6219 124 982 921 549 1365 17 
11611 45 7 2852 45 251 489 2098 279 371 2101 347 
1990 863 409 12 515 220 2937 138 220 28 1142 1076 414 
481 2193 17 17840 38 2937 26 9610 3577 21 28 498 2141 
1828 38 102 434 138 
7 207 148 19 21 670 840 1525 12 591 192 4 269 
49 15 2954 12 
331 97 45 
143 143 4650 
4650 4651 4652 
1591 143 3669 3657 
4119 827 397 3401 
321 12 322 12 323 4653 
3673 3674 
1331 
139 2 141 2449 3676 3677 4654 
51 2 141 2449 3676 3677 4655 
4656 2 141 2449 806 4657 
273 2 4650 12 4652 302 4658 12 3674 12 4659 12 1217 