Subject: 470 16827 302 851 12 852 12 853 12 590 2 16828 3898 17 8118 472 
9 224 31 38 3196 77 1891 4 148 23 68 12 
7193 
611 143 612 2 
125 2 16827 16829 
627 2 16828 3898 17 8118 
21 2 16605 302 851 12 852 12 853 12 590 
632 2 622 45 617 3049 2149 847 2 333 2 1808 141 1017 215 1018 219 
641 143 642 2 643 470 30 144 12 644 645 623 472 
649 143 650 2 549 
649 143 447 2 16830 
7 8 9 2351 1036 2707 125 28 16828 49 769 8118 17 
3898 12 72 38 8 9 570 213 38 2937 4334 28 3561 45 81 
3571 9 486 125 14 12 561 1906 77 293 74 16828 74 454 902 1886 
17 87 28 13332 31 28 2032 31 1617 12 
754 215 49 830 2476 219 16828 3898 21 9096 16831 2492 213 164 
16832 6125 347 164 1383 9278 9 16833 590 3269 203 12 
28 3898 45 540 164 1357 21 2492 4 87 31 4561 1947 45 
8 9 446 6567 31 4118 2862 17 164 16834 49 184 208 1209 31 28 3269 
203 12 