Subject: 358 638 
4962 45 
21 6490 14 2294 4858 638 15599 12 118 707 2294 15600 12 
5005 3064 15601 2726 684 4909 21 5414 6394 2939 12 
6504 45 
2722 12 
143 143 
824 315 12 7193 15371 824 
824 824 
824 1507 1924 17 1237 1238 215 15411 219 1239 824 
824 1506 1507 17 2231 384 215 14718 219 1524 824 
824 824 
824 3274 12 31 316 45 10711 176 31 2558 824 
824 14719 2558 45 268 824 
824 824 
824 1068 2 141 454 143 337 143 14720 240 143 628 2 15412 302 10336 12 2720 12 350 824 
824 51 2 141 454 143 337 143 14722 2739 2 1050 2 397 397 1051 12 10336 12 2720 12 350 397 763 7193 824 
