Subject: 56463 36321 2258 298 55074 8360 193 193 
2937 161 150 204 7289 294 109 28 1971 138 2937 38 150 938 3870 20 
195 138 138 
64377 193 193 38 150 938 4430 3870 2423 435 68 1397 193 
329 132 52760 1994 20721 52797 215 14578 28 60088 148 
964 
17 125 414 148 3192 143 38 5383 515 38 482 21 450 219 193 193 193 
38 18 77 36224 17 959 1032 3045 53457 64378 143 7 
5697 20 193 329 10426 20507 10660 8016 985 21 28 
9192 45 
564 64379 45 1413 109 20595 45 17 959 143 308 37 11891 
38 
164 18588 193 193 72 38 164 38679 45 2858 521 21 2 
1050 2 397 397 21678 12 646 12 667 12 7636 397 38679 397 
85 9 59381 49 298 193 193 
251 34 150 204 107 195 193 193 38 65 36 639 11416 20507 11066 31 28 
423 150 204 
508 10426 21109 20507 64380 17 12833 43952 13709 45 
617 45 1857 52708 6614 143 4365 1156 35203 45 390 45 1857 64381 14203 45 
6230 
64382 6363 150 204 8360 41505 45 17 130 9 12831 45 38 36 298 6230 
16825 306 14 143 36321 215 14030 14 45 7 1844 990 8360 16825 193 193 219 143 
48719 
5191 16825 306 14 6230 23 359 416 299 13264 193 193 4217 193 193 
53134 450 515 7 933 435 138 132 2941 124 
487 2 1050 2 397 397 21678 12 646 12 667 12 7636 397 38679 397 
38 150 587 77 501 38 3378 193 193 4 2365 45 56463 36321 
1050 2 397 397 21678 12 646 12 667 12 7636 397 38679 397 