Subject: 1 2 762 143 4073 561 31 1329 3 
42 2847 99 45 
7 2666 15 273 328 109 611 21 28 157 17 8 21 256 
34 45 23 28 3315 45 16397 31 15 2012 74 434 217 47 13162 12 
3312 56 34 45 1147 124 70 421 34 124 31 1543 21 434 
17 72 38 777 959 277 31 28 1142 38 5631 21 16 17 
28 1086 112 505 4212 109 208 347 959 2340 1433 
1527 34 187 2489 125 935 45 111 20 90 95 14 1022 19 
9 279 49 1947 12 
7 2852 20 124 2532 2660 49 38 45 251 72 38 8 2603 3542 31 2473 15 
1086 124 21 1131 17 35 450 28 10827 21 1347 45 111 7 187 
77 1891 21 914 125 38 12 
96 97 45 
10390 8954 