Subject: 1 2 17133 2304 2297 4813 
41 
41 17555 17556 3182 4315 7581 6777 2 6907 4318 6958 7017 16088 4312 6909 15831 17557 397 17558 
41 15892 6774 15891 11188 4318 12 17559 12 3173 17560 12 7468 6802 8687 12 17561 3185 6887 
41 3187 6887 17562 45 4317 16231 6774 6796 15891 4311 15631 6786 6764 
41 3182 17563 4318 6772 3173 7075 15321 3189 12 7174 12 6770 12 6934 3186 15891 6906 6774 
41 17564 12 17565 7314 17566 150 17567 158 
322 4318 6957 6921 15392 7314 215 17568 17569 6943 15831 219 12 7174 4318 6772 17570 17564 138 
6749 17571 4318 11780 14653 11718 4318 11719 3173 6789 7528 3182 3183 17572 17573 17574 3173 6934 
14917 12 
7029 
6810 