Subject: 4731 2 6567 31 92 
21 4069 28 6567 31 208 1209 158 
672 9 570 213 58 13346 9 838 18406 12 
21 4069 28 6567 31 208 76 158 
672 9 4134 213 58 78 7550 21 9 65032 20718 12 
21 4069 28 6567 31 208 4087 158 
672 28 36122 213 164 5830 21 2564 12 
21 4069 28 6567 31 208 5889 158 
672 28 160 213 58 2619 28 7730 45 347 5898 347 19809 12 
21 4069 28 6567 31 208 431 158 
672 9 160 213 58 41702 70 19896 12 
21 4069 28 6567 31 208 65033 158 
672 28 160 213 58 3050 19679 23 28 42048 12 
92 63470 49 359 208 12 65034 5820 3315 38 8 12 
38 18 65034 20 837 959 72 38 35 12543 20 306 
4091 818 12 
28 16840 31 68 849 124 5141 45 251 20 3308 502 
1980 21 8139 213 33293 20 109 21 848 255 347 959 12 
220 107 3832 68 849 12 220 107 13 483 12 
274 6460 19 17 6821 20 109 21 15 17894 21 4577 38 
467 502 1980 12 481 474 21 1833 65035 644 38 302 39508 12 1217 
998 306 15 17894 12 
17 502 1980 18 3078 21 38 4 2116 2660 12 