Subject: 359 43028 45 359 65368 193 193 193 
7689 45 
28 1129 31 9 53402 124 57754 109 15 9858 12 18 38 270 138 138 138 
369 49 28 429 92 1355 45 38 8 28 1129 21 3210 28 508 
19735 17 508 1367 35331 2692 839 4 28 423 193 
20 58 4430 205 69 21 28 597 6826 1397 12 
72 38 150 1 40118 45 34 150 204 673 12 195 38 8 21 220 124 481 208 41409 298 
139 1324 21 450 49 1897 12 670 115 11978 164 1476 70 
4180 31 392 144 45 1857 21 392 729 45 1857 2606 1867 11491 12 12 4 130 3547 130 827 1910 193 193 193 
68 124 9 10407 10654 17 53416 3314 1166 1129 12 
306 9987 17 2954 45 38 35 107 7223 193 193 
72 38 4602 150 440 19653 392 438 45 1857 977 1209 45 38 46142 20 21 1897 17 15 
599 21 85 9 933 12 
439 150 440 82 68 1129 6821 38 74 193 193 193 
68 124 231 107 231 1711 1313 3199 45 259 81 45 5648 2623 445 193 193 
231 1324 369 231 49 195 28 2494 277 2 215 21884 219 51141 143 50088 
81 3357 670 1321 72 38 293 68 626 4 1409 12 
68 124 9 231 208 92 231 133 12 
21 77 10440 109 9 5247 110 45 611 21 231 65369 302 391 12 3519 231 306 231 5247 231 4 28 627 2665 12 
6473 3206 17 9 65370 294 1209 193 193 193 