Subject: 
502 1980 193 
419 3214 65299 21 13 38 3864 215 240 143 628 219 12 
67 65300 19547 31 52745 17 65301 215 48301 143 5823 45 65302 45 53076 45 
65303 45 65304 45 12533 1329 45 409 12 12 12 219 12 
72 15 270 124 194 45 274 149 68 240 143 628 21 434 12 
21 149 45 274 6482 443 4441 2 
648 143 6460 109 149 
144 143 6460 109 13 
827 143 6460 673 
194 45 7 482 21 128 959 39648 12 
68 90 77 15 536 1129 31 3312 28913 17 6113 9 356 31 483 193 193 193 193 
36 15 6822 45 298 240 143 628 125 6823 6824 23 1050 2 397 397 1051 12 6824 12 1217 12 