Subject: 68 124 294 23 1512 12 617 7462 21901 
439 150 440 482 21 128 443 240 143 4756 138 
6460 28 235 3979 21 5247 15 16 125 670 133 110 2 
1050 2 397 397 64226 12 1217 397 9253 
68 124 294 23 1050 2 397 397 64226 12 1217 
143 64265 16825 143 16825 21 28 18568 352 125 28 4098 23 64266 64267 193 
143 294 13389 143 195 28 96 294 5113 12 
143 53754 13594 6577 143 85 15 47707 60728 21 28 8147 12 
143 28 64268 2482 143 6113 10671 21 28 8080 193 
143 6230 5113 2964 143 195 15 47707 5113 21 15 64228 12 
143 64227 143 11416 2135 17 536 19547 12 
143 64265 143 109 249 336 419 18 1121 38 70 9135 16825 306 64265 
352 125 28 4098 23 64266 64267 193 3210 434 125 729 640 17 49 959 
430 3077 21 28 632 3078 21 2 
1050 2 397 397 64226 12 1217 
143 294 13389 143 195 28 96 294 5113 12 24215 45 54643 36597 45 64269 64270 45 
167 824 64271 45 28913 64272 150 53967 17 591 959 12 21 4322 37 499 3078 21 2 
1050 2 397 397 64226 12 1217 
143 53754 13594 6577 143 85 15 47707 60728 21 28 8147 12 2937 38 150 938 
221 515 20 12860 21 77 9 2487 4 28 5113 35967 138 38 35 369 4618 15 
2894 306 28 611 31 28 64229 53754 13594 6577 9984 6113 294 
14343 37021 23 2 
1050 2 397 397 64226 12 1217 
143 28 64268 2482 143 6113 10671 21 28 8080 17 77 429 109 15 2464 
21 8 3870 28 64268 2482 193 35497 59378 124 64268 213 150 204 2261 124 12525 4 9 
64273 64274 12 49 15 5491 21 6113 45 521 21 2 
1050 2 397 397 64226 12 1217 
143 2964 143 195 15 47707 5113 21 15 64228 12 670 294 5113 2964 124 
985 3192 9 57194 45 17 72 38 5419 150 440 7259 499 2473 941 20 124 21 7690 
28 945 17 2612 5113 45 439 150 440 464 193 3212 124 506 125 15 
43043 17 28 997 3203 38 83 15 47707 5113 124 4 15 
35159 12 17 419 150 1 3559 487 21 95 84 38 8 184 463 12 49 9 
294 5113 8379 2596 3078 21 2 
1050 2 397 397 64226 12 1217 
143 64227 143 11416 2135 17 536 19547 12 937 369 49 28 247 38000 
31 76 143 3821 1596 150 204 28 47707 45 251 6463 38 2937 218 138 124 
98 14132 28 1457 852 49 64275 143 419 3989 109 28 12672 655 31 
28 14367 259 2342 12 6372 164 182 109 28 3914 2405 40135 45 306 19547 
7913 45701 17 16554 17 419 150 587 8 195 28 945 125 28 
6372 49528 12 5506 499 49 11416 34429 306 28 7462 3826 64276 
3390 179 64233 10897 64277 4 28 58992 150 63313 215 13540 454 219 17 
38362 1620 23 3314 4 28 64278 215 607 644 219 12 195 68 109 2 
1050 2 397 397 64226 12 1217 