Subject: 3397 143 110 2 4204 17 17575 143 1086 1130 
8832 143 8831 
4204 17 17575 1086 2022 
1086 1130 
373 16545 
8832 143 8831 58 3568 9 294 1086 2022 215 17576 143 1158 
8443 
17 17575 1086 2022 45 1050 2 397 397 17576 12 8832 12 20 219 21 3084 17 
9180 28 
997 1603 31 17577 561 4 17575 12 1061 17 17575 
124 208 
31 28 508 1418 4342 49 4204 561 17 1364 28 
3986 
8441 31 2540 13538 4 28 963 2660 12 17576 124 7136 49 
17578 
775 306 9 13594 31 7972 10823 4 1086 347 
1347 17 
9 597 2596 4 208 31 28 235 1527 2 1237 
1238 158 2298 
17 4204 1144 17 1143 158 1170 3028 17 5322 
1453 158 
1329 3 17 279 371 2101 12 
7656 
8832 143 8831 215 2035 49 424 17 3533 1086 219 1930 4 28 
1503 
31 430 341 17 1610 1611 45 17579 17 
17580 45 9502 9740 31 17581 17 1171 12 1086 
1491 23 
17582 3585 571 31 16582 4 11474 17 1184 45 306 
2259 442 21 28 10859 31 28 1430 10829 12 
8832 143 8831 
9681 9 776 31 6311 4 28 236 424 
5837 45 17 
12815 8998 2161 306 411 1086 11036 45 
11905 45 
6826 17 6822 1341 12 277 31 670 1086 2086 35 77 
275 
109 670 1119 2298 143 2404 23 1050 2 397 397 8831 12 8832 12 20 397 
2141 
28 1349 6123 18 77 3869 4 28 17583 2141 215 8706 
729 902 
1988 1116 219 34 124 3587 23 9129 9 372 408 
49 
17575 17011 1475 1476 12 20 18 1211 7625 
535 215 3867 397 1184 17 10672 219 371 109 1170 
1896 17 
12928 430 12 20 18 77 1932 17 239 239 14041 150 150 
9979 
28 12765 368 130 20 17584 959 67 28 1170 12 28 12765 18 
77 
13091 74 9 17585 17011 1326 1475 1476 1325 
2030 1616 
70 8944 231 109 2018 231 548 12 20 18 1947 8366 17586 17 
28 
840 1136 31 17587 1184 215 11378 2578 45 4439 109 
10894 
4368 45 409 12 219 12 28 2141 18 1121 9667 1508 4 28 2088 
31 
279 143 371 372 384 17 17585 1475 3028 12 
12157 1403 
1349 6123 18 8 3076 1003 17 17588 
1826 
12157 45 17 28 3564 17 9987 21 548 130 386 31 9 10407 17589 
8998 1086 3390 12 6123 1906 8 17590 7898 
2596 4 23 1557 208 31 28 235 2088 2 
143 8075 45 573 3028 17 430 1145 
143 1170 3028 45 5322 1453 
143 279 371 2101 17 1329 3 
1451 1354 187 1833 1162 31 91 347 195 31 28 
235 2 
5161 45 9138 45 9139 215 9139 2198 45 14218 17 17591 45 17592 219 45 17593 1453 17 
1507 45 
1662 1337 45 573 6816 17 17594 12 
650 31 2439 
28 16556 215 373 9585 219 18 77 49 9 2205 6196 31 373 1010 45 
17595 45 109 28 1086 5182 17324 4073 12 17324 17 1313 31 
16067 
18 77 17596 306 28 1349 6123 150 16911 45 
2596 
17 17597 12 
9878 17 1550 
4143 17501 17 561 215 74 134 333 902 45 7284 219 84 77 102 
21 
17598 17599 215 139 2 141 2995 143 8840 143 17600 158 240 143 628 2 17599 302 8832 12 20 219 2 17576 45 
8832 143 8831 45 
407 8836 1254 45 8838 8837 8839 45 284 12 561 1906 1833 9 
2079 2083 45 110 31 156 17 28 2587 17 2588 31 
754 
1558 12 
143 143 143 143 143 143 143 143 143 143 143 143 143 143 143 143 143 143 143 
3397 1132 110 
