Subject: 3260 2531 
63311 64932 184 21346 21 77 117 193 
13388 12 
419 83 38 229 77 40118 45 251 72 38 150 1 107 9926 
39315 306 15 8360 2261 17 213 38 150 1 20872 38 46142 
20 21 1897 21 1981 670 2298 2404 215 15 1441 31 
1103 347 64933 219 23 1050 2 397 397 24898 12 803 12 848 12 333 397 17 2188 
2473 28 2168 31 60822 188 1740 35 2671 15 
2261 12 20 124 2858 9 2177 34 37793 63320 35 77 
36252 17 9733 56957 74 568 60822 
7268 12 419 5697 20 193 
251 45 508 60822 64934 12483 439 150 440 548 12 3803 138 
85 648 5889 45 521 21 1050 2 397 397 24898 12 803 12 848 12 333 397 17 2666 28 
976 3027 231 28 140 648 311 670 12483 548 
17 35144 439 150 440 193 231 21 861 499 953 12 72 7289 3191 45 
38 150 587 36 9 502 21009 23 2473 64935 40154 91 411 
12483 164 12 
3212 215 17 419 2173 3212 193 219 21 8442 
17 7289 21 13260 193 
419 150 1 259 474 34 670 12483 548 34 5820 208 479 306 
9 1876 3471 483 182 5697 193 
369 34 38 83 67 28 52705 12483 109 28 1971 45 38 
8 359 6342 107 21 77 1349 306 184 21346 38 518 12 
72 38 439 150 440 36 28 12208 45 38 164 44319 1897 499 31 
54959 45 37006 45 990 8360 17 28 92 31 15 2261 193 
6460 487 1050 2 397 397 24898 12 803 12 848 12 333 397 
37862 64107 45 15226 
17068 8021 37119 12 45 9832 35660 
40597 5396 5397 45 3815 12 64936 
9032 143 40059 143 64937 
21 77 5247 125 460 8364 45 149 21 2 
5247 302 14578 2405 12 1217 306 5247 4 28 627 12 
81 1929 34 670 408 58 1997 17 184 6215 
9257 1032 144 741 45 53895 2234 45 1123 2661 45 9758 45 
17 397 347 15546 1370 28 273 347 20 150 204 19792 18 
8808 6631 15 273 308 21112 125 670 
10099 12 445 28 273 16 4 28 125 2 18 77 9474 45 
72 38 8 959 1032 208 16 45 81 273 434 568 28 
273 125 184 61 12 481 474 28 273 16 124 28 
310 16 419 576 21 13 28 626 347 20 18 107 77 
9474 125 670 10099 12 38 1906 149 306 5247 4 28 
627 1479 45 4 73 21 77 6617 12 28 6642 31 28 
626 164 4430 2666 12 46 38 12 