Subject: 
143 143 143 3301 150 204 626 143 143 143 143 143 143 143 143 143 143 143 143 143 143 143 143 143 143 143 143 143 143 143 143 143 143 143 143 143 143 143 143 143 143 143 143 143 143 
53134 12774 34 2387 499 28 5052 138 
107 779 12 429 45 4322 670 341 8437 49 95 12 
926 2622 3191 12446 21 68 1524 138 
192 45 
167 
35295 12335 9396 
2140 10867 
9926 298 1237 12 274 63 2977 193 
6460 487 143 143 143 41 41 1050 2 397 397 1051 12 298 143 3992 143 1237 12 1217 
5990 3979 
440 322 321 7 1219 9 143 143 2188 959 12 20695 982 12 
4197 45 38458 17 1525 109 1142 38 518 12 
1050 2 397 397 1051 12 63560 12 1217 397 3830 397 2931 338 