Subject: 14594 143 3080 2 1324 49 2257 
11171 14634 4318 11845 
144 3177 15163 15164 8822 6802 15165 15166 215 15167 143 2414 219 
336 143 618 15168 2414 
11181 6802 15887 11178 15888 11180 45 15169 
2739 2 1050 2 397 397 1051 12 10336 12 2720 12 350 397 763 14594 3080 
240 143 628 2 14594 3080 302 10336 12 2720 12 350 
4309 15889 15890 8822 4318 14629 14630 215 1654 219 45 4315 14624 3185 3186 15891 
15892 
6758 15893 15894 14627 45 6906 15895 3182 11198 4318 7170 
6774 144 3177 11727 11710 8822 4318 14629 14630 215 15167 143 2414 219 12 
3183 7514 4318 7423 3183 11375 6865 15896 6919 8822 4318 15897 15898 
15899 15900 
4315 7424 6984 15850 45 15901 6943 15902 4315 15106 6792 
15498 15101 4318 6776 12 
4309 15903 15904 6758 15905 15906 6792 15907 4312 15908 15909 
14676 4318 15910 6865 
15065 45 15911 6766 15912 6865 8822 4318 14629 14630 12 4309 
15913 15885 
15139 7468 15029 7070 7018 15914 45 11345 6919 15915 11371 3173 6774 
15916 12 
3186 15917 6758 15167 143 2414 6795 4318 6993 6792 14963 3182 15918 7050 
15107 15919 
3173 15920 6934 15921 6907 11192 15922 6934 15923 6887 15924 12 4309 
15175 11172 
6774 11710 7018 15925 45 11345 15926 215 15838 796 15361 219 45 11371 
3173 15927 12 
7432 45 6871 15928 4318 15929 15361 15930 15923 3186 15931 6893 15932 
6774 4318 14905 6865 
8822 4318 14629 14630 45 11371 3173 15187 11358 15912 11715 4318 14905 6893 
15933 45 
6758 15934 15935 45 6865 15936 45 6865 15116 45 6865 15937 45 
5757 12 6956 12 
3186 15917 6758 11174 215 1050 2 397 397 1051 12 10336 12 2720 12 350 397 763 14594 3080 397 839 12 5051 219 
15938 6934 
15939 15940 3173 15939 15941 15942 215 2934 219 12 7432 
6927 4318 15943 
4309 7069 15109 3173 15920 215 10199 219 45 11345 4315 15944 15107 
15945 45 
11371 3173 4315 15944 15946 15947 12 6792 7516 15948 6758 11174 
6789 15949 4318 15950 
15951 215 3099 219 3185 15952 6887 5757 12 15953 15954 215 7397 45 15640 219 45 
10635 15955 
15956 6865 231 15957 6865 15065 231 12 7432 45 6760 11184 14963 4312 
11358 15958 
6758 11174 4309 14634 4318 6776 6893 15959 6802 15960 15961 215 9345 45 
4309 12 6770 12 6899 12 219 3173 
14707 15962 215 15963 45 15964 219 45 6788 15965 15966 12 6775 45 6774 
15967 15968 
6758 11174 6795 4318 6993 15969 3177 15970 15971 45 14908 7091 15972 
15973 4318 15974 12 
15975 3175 15976 4312 6792 15759 14959 6906 
3173 15977 6758 15978 6906 6774 11181 4318 11182 11178 15979 11180 45 6925 6789 15949 4318 15950 
3186 11710 12 
4312 15192 15193 4312 3186 11710 6996 3182 15980 6912 
15981 10254 
4317 6947 6919 7044 4318 6776 6865 15982 12 
6789 4318 15879 6895 3182 6906 15880 7468 14631 6887 14632 12 
8683 8684 6865 14638 10586 
15766 14713 4318 14714 
10605 15167 143 2414 