Subject: 1642 150 1082 143 143 5057 
3628 1298 5058 45 
14 21 1642 150 1082 897 5059 3282 5060 5061 2 
648 12 2294 5062 1676 700 21 936 45 1257 9 1682 4942 5063 898 
5064 707 573 1365 1676 5065 12 5066 704 2315 5067 
1257 9 5068 718 5069 3071 2294 5070 5071 45 3014 700 5072 
707 3115 3738 12 
144 12 322 5073 897 1676 700 774 143 365 898 358 45 5074 1293 704 705 
4399 3069 5075 707 718 5076 240 827 5077 689 12 
746 3733 5078 704 5079 685 705 4399 684 5080 1257 4509 707 21 358 12 
5081 2811 701 45 3069 4964 4511 5082 684 5083 1257 5084 746 
684 4878 3165 12 746 747 1257 5085 684 5086 1257 5087 4452 1511 4833 12 
1257 9 747 1257 5085 684 5088 747 4848 746 684 3654 746 2291 5089 45 3014 
5090 684 2294 5091 138 70 5092 2804 605 45 5093 897 12 12 12 
118 2 143 215 
5094 
141 141 141 141 141 141 141 141 141 141 141 141 141 141 141 141 141 141 141 141 141 141 141 141 141 141 141 141 141 141 141 141 141 141 141 141 141 141 141 141 141 141 141 141 141 141 141 141 141 141 141 141 141 141 141 141 141 141 141 141 141 141 141 141 141 141 141 141 141 141 141 
141 315 12 5094 5095 141 
141 1097 2878 45 5096 143 4667 5097 3498 141 
141 5098 4671 12 648 45 5099 3498 45 1331 141 
141 141 
141 139 2 141 2449 12 454 12 5100 143 5101 215 294 219 143 5102 141 
141 51 2 143 5103 141 
141 273 2 5094 302 5104 12 5105 143 3498 12 1095 141 
141 1050 2 397 397 1051 12 5104 12 5105 143 3498 12 1095 397 763 5094 397 141 
141 141 141 141 141 141 141 141 141 141 141 141 141 141 141 141 141 141 141 141 141 141 141 141 141 141 141 141 141 141 141 141 141 141 141 141 141 141 141 141 141 141 141 141 141 141 141 141 141 141 141 141 141 141 141 141 141 141 141 141 141 141 141 141 141 141 141 141 141 141 141 
125 143 606 607 608 135 2 636 2 610 335 
611 143 612 2 1642 1082 
293 2 215 125 1642 1082 302 614 219 74 615 215 616 143 617 12 448 397 617 12 448 12 618 219 619 1787 5106 158 622 45 248 229 335 336 2 343 2 782 141 624 
125 2 1642 1082 
626 143 619 2 
627 2 1 2 1642 1082 1801 2578 
21 2 5107 12 5108 302 5109 12 5110 12 1217 215 5107 5108 219 
632 2 622 45 248 229 335 336 2 343 2 782 141 624 215 633 634 219 
635 2 613 215 625 99 219 45 1230 215 1230 1220 219 
4 143 149 143 21 2 125 231 5107 5108 231 23 229 248 45 1082 847 2 2449 2 1255 207 
641 143 642 2 643 470 30 144 12 644 645 646 472 
647 143 30 2 648 12 0 
649 143 650 2 549 397 651 158 652 653 434 143 654 
649 143 655 143 656 2 248 657 
649 143 447 2 5111 
659 2 660 
641 143 661 143 659 2 662 
641 143 661 143 659 144 2 663 
641 143 664 2 665 666 952 240 4690 151 0 
42 2847 12 5108 45 
161 124 359 430 109 28 2404 67 28 1801 2578 12 
4 45 1895 161 164 754 2578 2 
648 12 28 1530 4494 215 413 4 28 387 578 
49 28 830 363 219 45 540 18 1833 5112 5113 17 
5114 12 68 18 77 109 28 429 2366 215 248 397 248 219 12 
144 12 28 4495 4496 45 540 18 77 999 21 28 1530 4494 45 
380 18 85 198 109 28 431 1867 109 2366 215 135 397 248 219 12 
68 18 85 198 4 9 218 5115 45 17 124 107 413 
4 28 773 578 12 
827 12 28 5116 21 5117 17 1067 45 1141 9 1981 1404 
21 28 5117 5118 17 28 5119 5118 4 1067 12 
68 18 85 198 109 978 1257 397 248 17 18 977 49 28 830 517 12 
7 925 68 2971 12 
148 19 21 5120 38 4 1884 12 
2 98 99 
41 42 3251 45 
41 
41 124 161 9 1893 1334 31 28 1801 2578 31 1642 1082 
41 109 15 2298 449 138 
41 
41 46 38 12 
41 
41 5107 5108 
41 