Subject: 1 2 653 138 1770 143 1771 143 248 138 1772 138 653 1219 729 653 5048 653 240 248 653 1773 653 5554 653 1269 648 653 1269 1257 653 1269 827 653 240 248 653 639 653 240 827 653 240 1257 653 240 648 653 639 653 1269 644 653 666 138 653 
3093 741 12 5555 45 
691 5556 707 1656 5557 691 12 1645 5558 4473 4841 685 1656 
5559 691 12 14 1656 5082 1645 1646 684 691 5560 704 21 5561 
689 335 1645 5562 5563 1755 5564 21 5565 236 382 109 
1225 5566 12 5567 704 1645 2803 701 5568 605 70 5569 7 
5280 691 684 5570 14 2291 4501 12 5571 5438 
707 21 5572 1730 684 5573 4820 1749 2 1051 12 851 12 5574 12 1309 397 5575 1082 12 
322 5576 5577 700 322 1650 5578 5579 5580 5581 689 
1200 12 31 
5574 215 5582 3635 1755 5583 1659 746 5584 718 5585 
5586 219 12 
3151 14 5587 707 732 231 5588 231 12 691 5589 714 21 3423 5590 
5591 45 2295 5592 14 5593 5594 12 
1193 12 5595 
109 332 45 952 229 335 45 98 99 101 2 
41 653 1219 648 653 240 827 653 240 648 653 1269 0 653 240 248 653 1269 644 653 5554 653 5596 12 653 3815 653 151 729 653 151 648 653 5597 653 151 729 653 151 827 653 1219 248 45 
41 653 639 
41 282 653 240 729 653 240 648 653 1269 729 653 1269 644 653 1095 653 1269 644 653 240 248 653 5048 653 240 729 653 1269 0 653 240 1257 653 1269 827 653 1269 644 653 666 653 4524 653 1095 653 1773 653 666 653 1269 729 653 240 617 653 240 648 653 1095 653 240 617 653 240 729 653 4524 653 240 648 653 5048 653 240 648 653 1269 827 653 240 648 653 1269 144 653 240 729 653 5048 653 240 248 653 1773 653 240 729 653 1269 648 653 5598 653 1269 827 653 1269 1257 653 240 827 653 240 1257 653 240 648 653 1269 644 653 240 248 653 240 644 653 240 1257 653 666 653 1269 648 653 240 827 653 1774 653 5048 653 1269 1257 653 1269 827 653 240 248 653 1269 644 653 666 653 1269 729 
41 653 240 617 653 240 729 653 1269 648 653 240 1257 653 5048 653 666 653 5599 653 1269 827 653 1269 248 653 666 653 4524 653 240 729 653 4523 653 666 653 1269 729 2 243 203 109 1610 1611 215 1642 653 1822 219 45 
41 653 1773 653 240 729 653 240 617 653 5554 653 1773 653 240 648 231 653 635 653 240 248 653 1269 248 653 240 648 653 5048 653 240 1257 653 5596 653 1095 653 635 653 1774 653 240 617 653 240 248 653 1269 827 653 240 248 653 5596 653 240 648 653 240 1257 653 1219 729 653 1269 448 653 240 648 653 1269 648 653 1773 653 666 653 240 827 653 5554 653 1269 144 231 45 653 1269 644 653 666 653 666 653 1269 0 653 666 653 4523 653 666 653 1269 0 653 240 1257 653 240 617 653 240 648 653 5048 653 5600 653 5048 653 5048 653 240 648 653 240 729 653 5048 653 240 644 653 240 1257 653 240 648 653 1269 448 653 5554 653 1269 648 653 240 729 653 240 1257 
41 653 1269 644 653 666 653 1269 729 653 1269 144 653 1269 448 653 666 653 240 1257 653 1269 644 653 240 248 653 1269 644 653 5554 653 1269 144 653 1269 827 653 240 648 653 1269 144 653 1269 827 653 1269 644 653 666 653 635 653 240 729 653 1269 644 653 240 648 653 1269 0 653 1269 644 653 1269 729 653 1269 248 653 240 1257 653 240 648 653 5596 653 5600 653 1269 644 653 1773 653 1095 653 1773 653 240 648 2 
41 231 653 635 653 240 648 653 240 617 653 240 248 653 1773 653 240 648 653 1269 644 653 240 1257 653 5596 653 1774 653 1269 644 653 1269 1257 653 5048 653 151 729 653 1269 0 653 666 653 4524 653 666 653 240 827 653 240 1257 653 1269 827 653 1269 644 653 5598 653 5048 653 5596 653 240 648 653 240 1257 653 1269 644 653 1269 1257 653 5048 653 1219 648 653 1269 0 653 666 653 1269 448 653 1774 653 1269 827 653 240 729 653 1269 1257 653 5048 231 
41 653 639 
41 653 151 644 653 666 1642 653 1822 653 240 644 653 240 1257 653 666 653 1269 648 653 240 827 653 240 648 653 5048 653 5598 653 5048 653 240 729 653 1269 644 653 240 648 653 240 1257 653 240 648 653 1269 0 653 5600 653 1269 644 653 240 248 653 5048 653 1219 729 653 4524 653 4524 653 240 248 653 5048 653 240 1257 653 5596 653 1095 653 1219 729 653 1269 644 653 240 648 653 240 1257 653 1269 648 653 240 729 653 4523 653 240 648 653 151 644 653 240 729 653 1269 248 653 5048 653 240 248 653 1269 644 653 1095 653 1269 144 653 3992 653 666 653 240 248 653 1773 653 666 653 1269 827 653 5599 653 5048 653 240 248 653 1269 144 215 653 1219 729 653 1219 729 653 151 644 653 3992 219 
41 653 1269 827 653 240 729 653 1269 827 653 1269 729 653 5048 653 240 729 653 1269 648 653 240 827 653 240 648 653 1269 827 653 4523 653 240 648 653 1773 653 240 729 653 1269 644 653 240 248 653 5048 653 1219 729 653 1269 729 653 1269 648 653 1269 1257 653 1269 0 653 240 648 653 5601 653 5596 653 1095 653 151 827 653 1269 729 653 5048 653 1269 644 653 666 653 5048 653 240 1257 653 1269 827 653 1269 644 653 240 1257 653 5596 653 1095 653 1219 729 653 1269 0 653 240 1257 653 1269 644 653 1269 648 653 666 653 1269 0 653 1095 653 151 644 653 240 729 653 1269 248 653 5048 653 240 248 653 1269 644 653 1095 653 1269 144 653 3992 653 666 653 240 248 653 1773 653 666 653 1269 827 653 5599 653 5048 653 240 248 653 1269 144 
41 215 1085 2479 756 31 1610 1611 143 1757 219 12 653 5597 653 1269 644 653 5600 653 1269 0 653 666 653 1269 144 
41 653 240 644 653 240 1257 653 240 729 653 2536 653 240 648 653 240 827 653 1269 1257 653 240 827 653 1095 653 1269 144 653 1269 644 653 666 653 1269 729 653 1269 827 653 1269 248 653 666 653 4524 653 240 729 653 4523 653 666 653 1269 729 653 240 729 653 4523 653 5048 653 240 648 653 240 1257 653 1269 644 653 666 653 635 653 240 729 653 1269 827 653 666 653 240 827 653 240 729 653 240 1257 653 240 648 653 5596 653 5600 653 1219 648 653 240 827 653 1269 648 653 666 653 5048 653 666 653 1773 653 240 1257 653 5596 653 5600 653 1219 1257 653 5048 653 1269 827 653 1269 644 653 240 1257 653 1269 644 653 666 653 5599 653 1269 644 653 666 653 151 248 653 240 648 653 5048 653 4523 653 1269 1257 653 5048 215 653 635 653 1219 648 653 1219 1257 653 151 248 219 45 
41 653 3815 653 1269 648 653 1095 653 1269 644 653 240 248 12 653 151 644 653 666 1642 653 1822 653 240 617 653 240 648 653 240 644 653 240 1257 653 240 729 653 2536 653 240 648 653 1269 248 653 240 617 653 240 729 653 4523 653 240 648 653 1269 0 653 5600 729 653 5554 653 1269 1257 653 1269 144 609 653 1219 1257 653 666 653 1269 729 653 4524 653 4523 653 666 653 1269 729 335 12 
41 653 639 
41 653 151 0 653 240 729 653 1269 648 653 240 1257 653 1269 827 653 1269 827 653 5600 653 1269 644 653 240 729 653 1269 648 653 240 729 653 1269 144 653 1269 0 653 4524 653 240 248 653 1269 648 653 666 653 1269 448 653 666 653 1269 648 653 4523 653 240 729 653 1269 144 653 240 827 653 240 1257 653 240 648 653 1269 644 653 666 1642 653 1822 653 1773 653 1269 0 653 666 653 1269 648 653 240 729 653 4523 653 1269 644 653 240 729 653 5048 653 240 648 653 1269 0 653 1774 653 1269 648 653 240 729 653 1269 644 653 240 729 653 240 648 653 1269 0 653 5600 653 1269 644 653 666 2739 2 
41 1050 2 397 397 1051 12 1243 12 320 12 350 397 2478 397 1654 397 1642 1082 
41 653 639 
41 653 151 644 653 666 1642 653 1822 653 240 617 653 240 648 653 240 648 653 1269 0 653 666 653 1269 644 653 240 729 653 4524 653 240 729 653 4523 653 1269 644 653 240 648 653 240 1257 653 240 648 653 1269 0 653 5600 653 240 644 653 240 1257 653 240 648 653 4524 653 5554 653 2536 653 240 729 653 240 1257 653 1269 144 653 240 644 653 240 1257 653 240 648 653 5596 653 240 729 653 5596 653 1269 648 653 240 1257 653 1773 653 5554 653 5048 653 1269 1257 653 5048 653 666 653 1773 653 240 1257 653 4524 653 240 248 653 1269 644 653 5598 653 5048 653 1269 827 653 240 729 653 240 144 653 240 648 653 1269 827 653 240 1257 653 5596 653 1774 
41 653 240 617 653 5554 653 1773 653 240 648 653 1269 644 653 240 648 653 635 653 240 248 653 1269 248 653 240 648 653 5048 653 240 1257 653 5596 653 1095 653 1269 144 653 635 653 1774 653 240 617 653 240 248 653 1269 827 653 240 248 653 1269 144 45 1511 653 1269 827 653 240 729 653 240 729 653 1269 448 653 240 648 653 1269 648 653 1773 653 666 653 240 827 653 5554 653 1269 144 653 1269 644 653 240 248 653 1269 144 653 635 653 240 248 653 1269 248 653 240 648 653 5048 653 240 1257 653 5596 653 1095 653 1269 144 653 635 653 1774 653 240 617 653 240 248 653 1269 827 653 240 248 653 1269 144 45 
41 653 1269 827 653 1269 729 653 5048 653 240 729 653 240 644 653 1269 648 653 4523 653 240 729 653 1269 144 653 240 827 653 240 1257 653 240 648 653 1269 0 653 240 648 653 1269 648 653 666 653 1269 729 653 1269 827 653 4523 653 240 648 653 1269 827 653 240 248 653 1269 644 653 666 653 1269 729 653 5554 653 1269 648 653 240 827 653 666 653 1269 729 653 1269 448 653 666 653 240 1257 653 1269 644 653 240 248 653 1269 644 653 5598 653 5048 653 5596 653 240 648 653 240 1257 653 240 648 653 5048 653 666 653 240 1257 653 5596 653 1269 644 653 5554 653 1269 144 653 1269 827 653 1269 729 653 240 448 653 240 248 653 1269 644 653 1095 653 1269 827 653 240 729 653 240 1257 653 1269 144 653 240 827 653 240 1257 653 240 648 653 1269 644 653 666 653 1269 0 653 240 648 653 1269 648 653 5600 653 5048 
41 653 639 
41 653 5596 653 240 648 653 240 1257 653 1269 644 653 666 653 1773 653 5554 653 4524 653 4524 653 666 653 5048 653 1269 644 653 240 248 653 1269 144 653 5554 653 1269 648 653 240 729 653 1269 729 653 5048 653 240 648 653 1269 144 653 5596 653 240 648 653 240 1257 653 1269 644 653 1269 1257 653 5048 653 240 729 653 1269 448 653 240 648 653 1269 648 653 1773 653 666 653 240 827 653 5598 653 5048 653 1269 644 653 240 248 653 1269 144 653 635 653 240 248 653 1269 248 653 240 648 653 5048 653 240 1257 653 5596 653 1095 653 1269 144 653 635 653 1774 653 240 617 653 240 248 653 1269 827 653 240 248 653 1269 144 12 
41 653 1219 729 653 1269 0 653 240 1257 653 1269 827 653 1269 729 653 5048 653 1774 653 1269 0 653 1269 644 653 240 729 653 1269 644 653 240 648 653 240 1257 653 1269 827 653 240 729 653 1269 827 653 1269 729 653 5048 653 666 653 1269 0 653 1269 644 653 240 1257 653 5596 653 1095 653 1773 653 666 653 1269 648 653 1269 448 653 1095 653 1269 644 653 666 653 1269 0 653 1269 648 653 5600 653 240 827 653 1269 648 653 240 648 653 1773 653 1773 653 240 648 653 1269 644 653 666 653 1269 729 653 1269 827 653 1269 248 653 666 653 4524 653 240 729 653 4523 653 666 653 1269 729 12 
41 653 639 
41 653 151 827 653 1269 644 653 666 653 1269 827 653 1269 248 653 666 653 4524 653 240 729 653 4523 653 666 653 240 648 653 5048 653 240 648 653 1773 653 5554 653 5048 653 240 729 653 1269 644 653 240 648 653 240 1257 653 5048 653 240 648 653 1269 827 653 1269 729 653 1773 653 1773 653 240 729 653 1269 644 653 5554 653 1269 248 653 666 653 1269 729 653 5048 438 143 1877 653 240 729 653 1269 648 653 240 729 653 1269 729 653 5048 653 240 248 653 1269 644 653 5554 653 1269 144 45 653 1773 653 240 729 653 1269 644 653 240 648 653 1269 0 653 1269 644 653 1269 729 653 1269 248 653 240 1257 653 240 648 653 5596 653 666 653 4523 653 1269 448 653 666 653 240 1257 653 1269 644 653 240 248 653 1269 644 653 5554 653 1269 144 
41 653 240 648 653 4524 653 4524 653 1774 653 5596 653 240 648 653 240 1257 653 240 729 653 1269 0 653 240 648 653 240 827 653 240 827 653 240 729 653 4524 653 1773 653 240 648 653 1269 644 653 4523 653 240 729 653 1269 144 653 5596 653 240 648 653 240 617 653 5598 653 1269 144 653 1269 644 653 240 648 653 1269 644 653 240 729 653 4524 653 240 729 653 1269 729 653 1269 644 653 240 648 653 4523 653 240 648 653 1269 248 653 1269 648 653 5600 653 5048 653 240 1257 653 240 648 653 1269 0 653 240 648 653 1269 648 653 240 648 653 1269 644 653 240 248 653 1269 648 653 240 729 653 4523 653 1269 644 653 240 648 653 240 1257 653 1269 827 653 240 248 653 1773 653 240 648 653 5048 653 1269 644 653 240 1257 653 5596 653 1095 
41 653 240 644 653 1269 648 653 240 648 653 1269 827 653 1269 644 653 240 248 653 1269 648 653 240 1257 653 5600 653 1269 644 653 240 248 653 1269 644 653 240 648 653 1269 827 653 1269 644 653 240 248 653 1269 248 653 1269 648 653 1095 653 1269 827 653 240 248 653 1269 644 653 240 248 653 1269 144 653 1773 653 240 248 653 1269 248 653 240 648 653 5048 653 240 1257 653 5596 653 1095 653 1269 144 653 1773 653 1774 653 240 617 653 240 248 653 1269 827 653 240 248 653 1269 144 653 1269 827 653 240 729 653 666 653 240 1257 653 5596 653 666 653 5048 653 666 653 1773 653 240 1257 653 5596 653 5554 653 1269 144 45 653 240 729 653 1773 653 1269 0 653 666 653 1269 648 653 240 1257 653 5596 653 5554 653 1269 144 45 
41 653 240 1257 653 240 648 653 1269 644 653 1269 648 653 240 1257 653 5596 653 5554 653 1269 144 45 653 240 644 653 240 1257 653 666 653 240 1257 653 5596 653 240 248 653 1269 644 653 240 1257 653 5596 653 5554 653 1269 144 45 653 1269 0 653 666 653 4524 653 240 1257 653 1269 644 653 240 1257 653 1269 827 653 1773 653 240 1257 653 5596 653 5554 653 1269 144 653 5596 653 240 648 653 240 1257 653 240 144 653 240 1257 653 666 653 1773 653 240 248 653 1269 248 653 240 648 653 5048 653 240 1257 653 5596 653 5554 653 1269 144 653 240 729 653 1269 448 653 240 648 653 1269 648 653 1773 653 666 653 240 827 653 5554 653 1269 144 45 653 5596 653 1774 653 1269 644 653 240 1257 653 1269 0 653 666 653 1269 729 653 639 
41 653 240 648 653 1269 0 653 666 653 240 644 653 240 729 653 240 1257 653 5596 653 5048 653 5599 653 240 729 653 1269 644 653 240 648 653 240 1257 653 5596 653 240 648 653 240 1257 653 240 648 653 1269 0 653 5600 653 1269 644 653 240 648 653 1269 827 653 1269 248 653 240 729 653 1269 644 653 240 1257 653 5596 653 1774 1511 653 1269 0 653 666 653 1269 729 653 240 644 653 240 1257 653 666 653 1269 648 653 240 827 653 240 648 653 5048 653 5598 653 5048 653 666 653 5048 653 1269 644 653 240 648 653 240 1257 653 1269 827 653 1269 644 653 240 648 653 1269 0 653 4524 653 240 648 653 4523 653 1269 827 653 240 1257 653 240 648 653 1269 644 653 666 653 1269 729 653 639 
41 1642 150 1082 12 
41 653 639 
41 653 151 0 653 240 648 653 1269 648 653 240 648 653 5596 653 240 648 653 4524 653 666 653 5599 653 1773 653 240 729 653 5600 653 1269 0 653 1269 1257 653 1269 144 653 240 729 653 5048 653 240 248 653 1773 653 240 729 653 1269 648 653 5598 653 1269 827 653 240 729 653 1269 644 653 240 729 653 1269 644 653 666 653 1269 729 653 1269 144 653 1269 448 653 666 653 240 1257 653 1269 644 653 240 248 653 1269 644 653 5554 653 1269 144 653 1269 644 653 666 653 1269 729 653 1773 653 240 729 653 1269 644 653 240 648 653 1269 0 653 1269 644 653 1269 729 653 1269 248 653 240 1257 653 240 648 653 5596 653 666 653 5599 653 1269 827 653 240 648 653 1269 144 653 1269 644 653 1773 653 1095 653 1773 653 240 648 653 1269 644 653 666 653 1269 144 
41 653 240 827 653 240 1257 653 240 648 653 1269 644 653 240 248 653 240 644 653 240 1257 653 240 729 653 2536 653 240 648 653 240 827 653 1269 1257 653 240 827 653 1095 653 1269 644 653 666 653 1269 729 653 240 617 653 240 729 653 1269 648 653 240 1257 653 5048 653 666 653 5599 653 1269 827 653 1269 248 653 666 653 4524 653 240 729 653 4523 653 666 653 1269 729 45 653 5596 653 240 648 653 240 617 653 5598 653 1269 144 653 5596 653 240 648 653 240 1257 653 5600 653 1269 0 653 1269 1257 653 1269 144 653 240 729 653 2536 653 240 729 653 1269 644 653 1774 653 1269 827 653 240 729 653 1269 644 653 240 729 653 1269 644 653 240 248 653 240 644 653 1269 729 653 5048 653 240 648 653 1269 644 653 5600 653 1269 644 653 240 248 653 1269 644 653 240 648 
41 653 666 653 240 1257 653 5596 653 666 653 5048 653 666 653 1773 653 240 1257 653 5596 653 1095 653 1269 144 653 240 729 653 5048 653 4523 653 1269 827 653 1269 248 653 1269 729 653 1269 827 653 240 248 653 1269 144 653 1269 644 653 1269 1257 653 5048 653 1269 448 653 666 653 240 1257 653 1269 644 653 240 248 653 1269 644 653 5598 653 5048 653 1269 0 653 666 653 1269 729 653 240 617 653 240 648 653 1095 653 240 617 653 240 729 653 4524 653 240 648 653 5048 653 5048 653 240 648 653 240 729 653 1269 0 653 1269 1257 653 1269 448 653 240 729 653 4524 653 240 248 653 240 617 653 666 653 5599 653 5048 653 240 648 653 1269 0 653 5600 653 1269 644 653 240 248 
41 653 240 644 653 240 1257 653 666 653 1269 648 653 240 827 653 1774 653 5048 653 1269 1257 653 1269 827 653 240 248 653 240 648 653 1269 729 653 1269 644 653 666 653 5599 653 1269 644 653 666 653 1269 729 653 1269 827 653 240 248 653 1773 653 240 648 653 5048 653 1269 644 653 240 1257 653 5596 653 666 653 5599 653 240 827 653 240 729 653 240 827 653 666 653 5048 653 5600 653 1269 644 653 666 653 1269 144 653 1269 827 653 1269 644 653 240 248 653 1269 248 653 5598 653 1269 648 653 240 648 653 1773 653 240 648 653 1269 144 12 
41 653 639 
41 653 1219 729 653 5596 653 1773 653 5554 653 1269 648 653 666 653 1269 729 653 1269 144 653 1269 644 653 240 248 653 1269 144 653 666 653 1269 648 653 240 827 653 240 648 653 5048 653 1269 1257 653 1269 644 653 240 1257 653 5596 653 1095 653 1269 144 653 240 729 653 1269 0 653 240 1257 653 1269 644 653 1269 648 653 666 653 1269 0 653 1095 653 1269 144 45 
41 653 5597 653 1269 0 653 1269 648 653 5600 653 240 729 653 240 644 653 1269 648 653 666 653 1269 144 
41 653 1219 644 653 1269 648 12 653 3815 653 1269 1257 653 5048 653 1269 827 653 1269 644 653 240 648 653 5048 653 1269 644 653 4523 653 5048 653 666 653 1269 144 653 1219 644 12 653 151 827 653 1269 0 653 1269 729 653 1269 648 653 5600 653 1269 0 653 666 653 1269 729 653 4524 653 666 653 1269 144 