Subject: 14594 143 3080 2 358 1555 
11295 5757 12 15823 45 
6789 15523 3182 6906 7000 4318 15824 4312 6792 15175 6865 7586 6906 
6774 144 3177 11727 11710 8822 4318 14629 14630 215 15167 143 3080 219 12 
15825 11745 3183 6927 4318 10576 6893 15826 3173 6766 15827 6865 15828 
10586 45 
15829 6919 7000 4318 15830 15831 3182 6906 15832 6786 4309 7073 6906 
3185 6889 2 
3540 826 125 298 549 568 1994 1995 6 
15833 4318 15834 4312 15835 7069 12 15836 15833 4318 15837 638 15361 4312 
15835 7069 45 7513 6893 796 4317 15838 12 
15839 3183 6927 4318 10576 6893 15826 3183 7057 3173 6906 15485 3182 11186 
7003 11745 6906 6948 6792 15760 6865 15840 7586 215 1556 143 1027 219 
4317 6789 
15841 11715 7081 15295 6758 11174 
4317 6789 7322 6934 6887 15842 15843 553 143 1179 6808 11831 6865 15844 
6199 215 1224 174 4 1610 1611 219 12 
6906 15845 6786 6871 15361 4317 6789 15846 6808 6984 6789 
6790 3182 15847 6766 10253 15848 2 
648 12 3182 6795 4318 6772 15849 3183 15850 4317 15851 6871 15448 12 4309 
15852 
6865 15840 7586 6789 6790 3182 15853 6934 15854 8824 6758 
15855 
3185 6887 11736 15856 6867 11328 12 
144 12 3182 6795 4318 6772 15857 15858 6871 10624 6758 15859 553 143 1179 45 6871 
15860 
8788 7468 7126 1050 2 397 397 1051 12 553 12 1095 397 3416 397 1226 397 412 12 1056 45 
15861 3182 15862 4309 15759 15294 6893 15295 12 
3186 10634 6865 15840 7586 10588 6789 6790 3182 15863 6766 618 15864 12 
827 12 3182 15865 15866 4309 7073 4315 15867 7042 215 6394 6776 15868 219 
3173 4315 15869 7042 215 53 2744 6776 6496 219 7468 7126 
14594 3080 302 10336 12 2720 12 350 45 3186 15870 7188 4318 7189 6792 608 4309 15871 2414 12 
644 12 3182 15872 3186 5705 486 6758 15859 553 143 1179 45 3186 11736 
15385 7468 7126 1050 2 397 397 1051 12 553 12 1095 397 3416 397 1226 397 7358 12 1056 45 
15873 6934 15332 6859 4318 11777 15384 45 3186 15870 7188 4318 7189 6792 
608 4309 15733 2414 45 11715 7585 51 2 141 454 9032 14722 45 11745 5757 12 
15874 12 
729 12 3182 6795 4318 6993 15875 6774 11710 6859 4318 6860 10592 15876 6934 6867 
7073 45 3186 15870 7188 4318 7189 6792 608 4309 15871 2414 12 7502 6927 4318 6928 
3185 6943 15029 15877 6789 15878 11854 7468 7126 6758 
11174 1050 2 397 397 1051 12 10336 12 2720 12 350 397 763 14594 3080 397 12 
6789 4318 15879 6895 3182 6906 15880 6887 14632 45 7468 14631 12 3186 11710 
15881 3182 6760 15882 15883 3185 6943 14634 4318 6776 3173 15884 15885 
15886 6758 11195 12 
4312 6792 15194 14635 
15766 14713 4318 14714 45 
10605 6758 11174 