Subject: 1 2 14594 3080 4307 
3187 6748 3173 7580 45 
7185 3185 6887 15628 15629 4318 15630 3173 4311 15631 6751 3181 3182 4311 
7588 15632 3186 358 4317 6758 7043 4318 15633 6962 45 4312 3182 6758 3186 
15634 6919 15635 12 
7185 3173 3185 15636 6934 6792 15499 6758 15637 15638 
3173 4311 15639 6786 15385 7468 15640 12 14691 45 15641 3186 
273 6758 6981 6774 15642 215 10726 302 1052 12 1053 12 350 219 45 15450 6751 
15643 3182 15644 7443 6758 45 15645 7646 273 
15646 12 
6802 7123 45 
15647 
98 99 101 2 
41 
41 15648 7438 45 
41 
41 7031 3182 7032 6917 45 15649 3173 4309 15650 15651 12 11346 15652 2 143 219 
41 6749 4313 6927 4318 6928 3185 3186 15167 45 4312 3186 11736 6795 4318 7013 11852 7075 6900 4312 
41 11304 12 6789 15653 4315 7100 3182 15654 6786 7519 15655 3183 
41 6900 3173 6921 6771 4318 6993 11328 3185 6792 11304 158 
41 7432 6795 4318 6772 15656 7075 6900 11715 5757 12 15629 4318 15630 3173 6887 5757 12 15657 12 
41 6789 15653 4315 7100 3182 11358 15658 3182 6880 3173 15134 3186 6796 158 
41 7078 15659 6871 11766 6895 45 15660 553 12 
41 
41 7000 4318 7001 6895 3173 11742 7000 4318 11741 6934 6960 7078 45 
41 
41 6810 