Subject: 653 138 8694 143 17433 138 167 138 17434 729 141 1221 783 141 17435 729 240 827 741 448 4121 623 17436 248 16119 617 17437 448 5530 1257 322 617 913 1257 17438 248 17439 827 17440 138 653 
7112 11296 45 
7000 4318 11851 4312 3186 11729 4317 17441 4312 3186 7583 15891 12 
7078 6915 3186 7077 6906 45 3186 11736 17442 6760 17443 3182 3186 17444 12 
6906 15485 3182 7078 3186 17445 45 11308 16247 6760 17443 12 
7000 4318 11851 3173 6906 17446 7577 4312 6792 17447 12 
3185 11199 45 
4312 3186 17448 11188 4318 17449 4309 397 15157 15933 317 17450 
98 17451 
17452 317 17453 45 
17454 17455 268 
1068 2 17456 143 9946 143 17457 
51 2 17456 143 9946 143 17458 
240 143 628 2 17459 302 17460 12 350 