Subject: 1 2 751 2 1642 1082 387 486 
2289 45 
4486 21 273 1298 746 3679 704 4487 746 3115 4488 4489 
387 14 697 1676 684 3734 4490 4491 936 215 2812 2 2257 
31 195 1848 1849 45 832 4 28 1173 1525 17 28 
570 1849 45 1224 1879 45 401 31 28 570 1849 45 
4492 4493 45 1530 4494 17 4495 4496 12 219 141 2294 4497 4498 
1511 617 4499 4500 898 1925 617 3282 12 653 639 
14 1727 687 4501 4502 746 732 733 1670 4503 707 21 1119 363 
3014 746 4504 4505 617 4506 4507 12 3057 45 4468 746 21 4495 4496 684 3734 
4487 684 4508 617 4509 3102 388 1288 4510 12 
3057 705 4511 1925 617 4512 4513 936 700 648 143 517 746 4513 144 143 517 12 4514 617 4515 
4502 2315 4516 689 936 1676 4517 4518 3129 12 617 9 4519 684 
739 322 3118 746 747 1693 12 
3726 4520 734 4521 193 
4522 
41 143 143 143 143 143 546 626 143 143 143 143 143 
41 125 2 98 99 470 1793 2 613 302 1243 12 320 12 350 472 
41 102 2 653 151 644 653 1269 648 653 4523 653 1269 644 653 240 248 45 448 653 1219 648 653 1269 0 653 1269 648 653 240 1257 653 4524 653 4523 653 666 653 1269 729 335 729 2 390 653 1773 653 1773 
41 21 2 1244 302 1243 12 320 12 350 158 2534 302 2535 12 2536 12 2537 12 350 158 
41 1230 302 1243 12 320 12 350 158 4525 302 4526 12 350 158 4527 302 2542 12 350 158 
41 2546 302 3002 12 3003 12 350 158 2546 302 2547 12 1053 12 350 158 613 302 1243 12 320 12 350 158 
41 4528 302 4529 12 350 158 3000 302 3002 12 3003 12 350 158 4530 302 2545 12 350 158 4531 302 4532 12 350 158 
41 4533 302 4534 12 350 
41 627 2 751 2 1642 1082 387 486 
41 653 639 
41 4535 2302 2310 2311 2301 689 1642 150 1082 45 
41 653 639 
41 4536 21 387 486 1676 4537 707 21 1821 127 12 
41 909 45 4538 4539 2804 4540 45 4541 685 14 273 4542 
41 215 282 12 4543 45 248 3156 219 21 4544 12 4449 707 21 1893 4545 45 
41 3014 2308 4546 746 2290 684 4547 902 
41 4548 898 2298 4542 21 4549 12 
41 653 639 
41 3006 701 746 3726 4520 193 
41 653 639 
41 1301 99 
41 653 639 
41 41 653 639 