Subject: 38 439 150 440 482 21 77 2893 499 31 68 839 193 193 193 193 392 392 392 392 
42 17894 317 460 52982 2 
130 3870 109 883 4559 
306 70 4173 31 445 392 646 12 1529 1200 12 204 12 7804 45 38 35 77 109 15 185 21 
9 4600 4561 460 34 38 35 445 64353 31 369 193 
220 38 8 9 1225 138 220 38 8 1379 21 28 1971 138 72 38 8 
4429 194 21 443 373 463 45 38 164 1027 21 1014 68 28913 17 
35056 20440 193 
46 150 204 21 28 1225 962 17 28 1971 193 
653 653 653 653 653 653 653 653 653 653 653 653 653 653 653 653 653 653 653 653 653 653 653 653 653 653 653 653 653 653 653 653 653 653 653 653 653 653 653 653 653 653 653 653 653 653 653 653 653 2111 9 52982 435 591 757 314 8 1370 208 1209 193 193 193 
2666 109 11491 12 12 487 150 204 2473 193 63 1276 442 17 439 150 440 8901 208 3040 193 
28 231 849 231 34 7 18 369 2949 38 67 45 38 3196 8 314 211 
67 109 28 514 40160 12 137 21 28 52941 31 68 231 849 231 109 28 
1971 45 9 883 3382 514 839 2110 2264 70 3509 2482 
21 542 19897 12 26 4428 21 83 72 68 231 849 231 90 93 
481 255 483 12 26 65 4428 21 4192 72 28 231 849 231 17 28 
839 112 14217 12 
769 8431 19407 1319 17 49 195 34 161 164 150 150 5054 359 14459 
52942 28 832 4 28 839 12 72 38 35 6482 28 
4572 4441 34 18 6482 45 38 18 77 36224 23 515 392 646 
7850 11472 35 59535 921 12 
137 21 28 427 52941 317 6177 68 839 58 53770 45 
20 124 1383 1960 10 1032 1355 12 
487 124 515 38 87 21 220 2 
72 38 6482 28 4572 8028 15606 1905 215 220 107 2671 208 
3203 219 45 38 18 8 9 150 12020 19776 150 3315 193 13388 193 
648 12 38 18 73 729 1537 3376 109 28 110 1905 34 18 1211 
277 31 28 839 12 
215 9 219 49 1320 2385 45 38 18 102 392 729 5634 158 
81 56514 20 51458 4 373 4773 31 358 158 
215 167 219 109 208 31 28 4773 31 358 45 38 18 1833 28 235 2 
28 105 317 140 31 28 2385 38 164 13376 45 17 
215 1219 219 15 240 143 628 16 158 215 81 572 28 4218 849 23 28 75 31 
28 2385 219 
144 12 13 28 849 233 28 414 754 3897 45 998 306 28 392 729 12 1529 
21 28 160 9468 105 1417 109 28 110 1905 997 21 28 2385 12 
827 12 481 474 15 611 16 124 109 15 20618 
4 28 12095 2893 12999 4 279 31 184 628 1440 12 
653 653 653 179 38 198 15 73 45 481 474 38 73 1320 31 28 3968 215 729 219 
1537 2182 21 28 4441 78 12 
644 12 38 18 87 195 729 1537 259 34 38 35 8163 37 109 15 1225 
17 3616 37 12 12 443 1537 164 15 8366 193 
15 834 64 392 729 641 729 653 392 646 12 1529 12 
1370 9 2351 2660 38 18 128 45 407 240 143 628 45 1320 31 28 729 1537 125 
443 729 218 6205 12 8163 37 109 15 1225 259 26 18 77 
9292 49 38 21 13 21 28 648 45 1857 150 204 31 255 213 18 73 37 
125 38 12 443 1537 164 15 8366 193 65 1022 443 1537 109 9 
9956 19855 45 17 3832 20 4 15 297 4 279 541 13339 21 15 
1225 12 
2340 143 220 107 47661 45 347 2671 4 184 185 45 28 2587 31 28 255 
213 164 3804 997 21 1320 2385 12 220 107 2671 769 2905 109 28 
110 12 220 107 481 184 64354 21 28 110 12 72 38 481 184 538 45 
38 18 60575 28 8367 31 15 52963 193 
1319 38 1929 28 185 68 1930 45 38 18 65 450 2473 20 926 107 
548 72 38 2671 20 12 1074 45 68 1381 58 205 7811 45 17 72 38 
47661 20 45 20 18 107 548 193 193 193 255 8 4080 21 1022 769 17894 397 
34459 2587 109 195 3968 1537 2493 26 90 36 195 28 483 12 
251 20 926 107 548 68 185 12 2892 434 45 419 195 8 4080 21 77 
6550 17 111 7289 6519 12 259 220 107 4618 21 2671 2423 17 
3832 235 28 4441 193 1074 45 53792 53793 28 20447 193 193 193 
161 164 591 53590 21 28 2487 31 68 839 12 487 124 9 
2744 125 28 3238 34 419 2937 7872 515 150 204 261 2 
235 124 9 817 125 28 3238 31 68 839 2 38 8 274 
293 430 34 35 1844 38 4561 3389 49 28 6134 31 
15 2261 45 306 359 4998 17 274 9 3547 657 31 2954 12 38 35 481 959 
483 4 28 997 2351 1910 17 524 1032 38 8 1355 41977 12 6482 
28 839 1318 130 5041 12 220 107 2671 20 4 184 185 12 20 1930 
13167 505 130 20 124 369 12 
15 2487 124 964 21 38 369 193 193 193 193 193 193 
198 15 73 49 443 1537 369 2 
2385 4118 648 2 28 52966 150 204 1460 21 3836 49 298 109 28 3519 
73 2385 4118 648 125 2 
440 12 167 12 64355 
321 12 322 12 323 24096 
35979 45 64356 64357 
391 
2385 4118 144 2 28 52966 150 204 1460 21 50 6261 273 109 28 3519 
73 2385 4118 144 125 2 
37047 167 12 
321 12 322 12 323 
3083 12 3253 45 20084 22944 
391 
2385 4118 827 2 8054 21 52976 3199 109 28 3519 
73 2385 4118 827 125 2 
282 12 16267 
321 12 322 12 323 
3083 12 3253 45 20084 
391 
2385 4118 644 2 2473 21 2111 9 52982 38423 23352 317 28 3519 
73 2385 4118 644 125 2 
64358 1241 12 167 12 
35626 64359 35856 
64360 45 20084 64361 
391 
2385 4118 729 2 2473 21 13 499 208 9881 2661 49 298 
73 2385 4118 729 125 2 
64362 1241 12 
321 12 322 12 323 24096 
35979 45 20084 64357 
391 
648 12 12 12 12 121 38 8 13153 195 729 1537 45 5247 125 28 110 45 28 105 
317 16 31 28 160 1389 2385 4118 729 12 68 160 58 869 20 
1461 28 3202 17 124 359 1450 7298 769 52745 12 
111 6127 130 1528 2 
144 12 12 12 12 3619 28 105 317 16 4 2385 4118 644 3192 21 2385 4118 729 12 
827 12 12 12 12 3619 28 105 317 16 4 2385 4118 827 3192 21 2385 4118 644 12 
644 12 12 12 12 3619 28 105 317 16 4 2385 4118 144 3192 21 2385 4118 827 12 
729 12 12 12 12 3619 28 105 317 16 4 2385 4118 648 3192 21 2385 4118 144 
448 12 12 12 12 5682 15 105 317 16 4 28 2385 4118 648 2439 12 
81 481 474 38 39 5820 105 317 16 8376 193 
653 653 653 653 653 653 653 653 653 653 653 653 653 653 653 653 653 653 653 653 653 653 653 653 653 653 653 653 653 653 653 653 653 653 653 653 653 653 653 653 653 653 653 653 653 653 653 653 653 653 653 653 653 653 653 653 653 653 653 653 653 653 824 824 824 824 85 68 3509 849 45 306 28 6841 110 31 2587 45 17 8163 20 
109 15 1225 12 220 107 481 184 411 538 12 1319 38 8 293 
28 729 1537 45 38 164 1027 21 1014 15 2745 839 193 
274 6482 443 3052 12 
648 12 1014 50 68 849 499 1318 130 20 124 1003 369 21 729 143 848 45 1857 
347 959 2587 568 6261 240 143 628 12 28 2195 124 848 4178 125 2385 4118 648 
17 1876 4178 125 2385 4118 144 12 121 38 128 2385 4118 648 17 2385 
4118 144 45 38 35 128 4441 130 21 28 96 6261 240 143 59731 34 35 
95 38 36 1339 3573 12 38 1906 3214 68 430 125 28 
160 213 102 38 2385 4118 648 12 
144 12 1370 9 2351 2660 45 38 18 3042 21 128 3214 49 28 729 1537 
998 306 28 392 729 12 1529 12 38 18 6392 195 4157 38 128 28 310 517 12 
38 164 369 109 15 185 193 
8163 68 109 9 19855 130 505 274 4 279 72 38 13260 184 573 12 4 28 729 
1537 45 38 18 861 430 829 21 95 38 36 1339 12 63 
2259 442 21 2385 4118 144 540 18 1833 502 430 109 
2473 21 13 6261 240 143 4756 34204 45 17 2385 4118 648 109 177 21 861 
35775 31 298 4348 3954 17 48 959 12 161 164 144 2593 
1362 34 8 2023 12520 12 26 164 15606 1905 12 
1381 4118 648 2 74 50 6261 240 143 628 34204 
653 653 653 653 653 653 653 653 653 653 653 653 653 653 653 653 653 653 653 653 653 653 653 653 653 653 653 653 653 653 653 653 653 653 653 653 653 653 653 653 653 653 653 653 653 653 653 653 653 653 653 653 653 653 653 653 653 653 653 653 653 653 82 150 204 256 34 38 3807 21 3042 532 45 274 21 450 2473 20 7653 45 17 419 
18 6132 38 17 1510 3869 13 499 445 729 45 1857 240 143 4756 1320 12 82 150 204 
65 6132 34 28 133 128 445 9 0 12 144 3471 3793 215 28 3793 
90 77 48 10 251 7977 274 256 20 124 445 0 12 144 3471 12 65 591 255 
18 13 499 12440 31 35775 240 143 4756 3915 31 445 729 45 1857 1320 219 12 
12740 306 68 3521 45 38 13 499 445 729 45 1857 240 143 4756 12 
306 9 0 12 144 3471 3793 45 34 124 445 848 4157 49 2385 4118 648 12 
1510 848 255 1830 74 50 499 729 45 1857 240 143 628 1320 49 9 834 31 
390 45 1857 12 499 31 1510 390 45 1857 240 143 4756 445 0 12 144 3471 1830 306 4157 12 
34 150 204 1876 255 1830 17 13153 2385 4118 144 12 
1510 1876 255 628 499 729 45 1857 240 143 4756 1320 49 9 834 31 2862 45 1857 
240 143 4756 12 28 0 12 144 3471 3793 21 34 124 3920 4157 49 2385 4118 827 12 
1510 3920 255 13 499 729 45 1857 240 143 4756 1320 49 9 834 31 729 9881 
240 143 4756 102 499 12 28 0 12 144 3471 3793 21 34 124 848 45 1857 4157 49 
2385 4118 644 12 
1510 848 45 1857 255 13 499 729 45 1857 240 143 4756 1320 49 9 834 31 390 45 1857 45 1857 
215 390 9881 219 240 143 4756 12 28 0 12 144 3471 3793 21 34 124 1876 45 1857 4157 49 
2385 4118 729 34 150 204 1876 45 1857 4157 225 392 729 1320 653 392 2862 45 1857 12 1529 215 1894 9881 219 12 
15 834 18489 4 68 3521 124 2 648 12 12 12 12 12 392 390 141 144 12 12 12 12 12 392 2862 141 827 12 12 12 12 12 
392 729 45 1857 141 644 12 12 12 12 12 392 390 45 1857 141 729 12 12 12 12 12 392 2862 45 1857 12 12 12 12 12 12 12 12 3333 834 653 392 28924 45 6245 12 1529 
2589 220 107 13003 12 36 9 52951 317 358 17 4946 499 28 12503 261 
4178 17 359 1384 2473 38 7819 20 45 38 18 1449 481 9 356 31 
483 193 68 124 107 231 2089 231 547 193 193 
2385 4118 144 18 1211 195 28 277 67 6261 240 143 133 12 
1074 18794 45 68 124 4177 445 848 255 13376 499 31 729 45 1857 38 
6282 21 12 52946 21 2937 49 9 3315 515 187 13339 72 8139 347 
1894 347 837 648 397 644 31 1510 255 6282 1876 45 1857 240 143 4756 1320 347 959 138 
161 164 765 766 9881 255 109 28 1971 13353 17 7298 12 
2892 14 45 591 255 18 220 274 34 45 17 959 193 
1381 4118 144 2 74 4770 298 3954 109 28 1971 
3836 109 28 3519 124 47 47 38593 17 161 164 12440 31 
298 6625 21 44126 12 4770 9 356 31 298 3954 109 28 1971 18 
2164 36 9 9257 3793 12 38 18 861 430 109 2473 21 220 68 
4 208 31 28 1537 12 
419 3037 152 38 3042 306 1381 4118 648 17 1907 1381 4118 144 130 38 521 
998 12 4 1381 4118 648 45 49 5820 392 729 38 128 45 195 38 87 21 220 124 21 
240 143 628 28 2385 34 124 13153 12 34 150 204 20 12 3559 1211 310 517 
504 109 195 4157 12 68 13886 757 21 1014 769 2950 18595 
17 540 10898 38 12 
653 653 653 653 653 653 653 653 653 653 653 653 653 653 653 653 653 653 653 653 653 653 653 653 653 653 653 653 653 653 653 653 653 653 653 653 653 653 653 653 653 653 653 653 653 653 653 653 653 653 653 653 653 653 653 653 653 653 653 653 653 653 648 12 73 1320 2385 74 542 140 317 105 445 12 174 2 3559 13 392 729 
5634 215 434 3917 219 49 1320 2385 12 4190 164 107 378 12 481 474 28 
5634 124 39755 74 50468 20 4 23 1557 144 20744 31 358 12 
144 12 109 208 31 1510 20744 31 358 45 3047 28 140 317 28 105 31 28 
2385 38 164 13376 45 15 240 143 628 16 17 15 105 17 3133 
16 12 215 81 572 4218 849 23 28 75 31 68 2385 219 
392 392 392 392 392 392 392 392 392 392 392 392 392 392 392 392 392 392 392 15 2487 6150 392 392 392 392 392 392 392 392 392 392 392 392 392 392 392 392 392 392 392 392 392 392 
6482 443 13720 6150 21 5697 15 2487 2 
653 653 653 72 38 220 107 128 23 1557 848 4157 49 2385 4118 648 1370 144 1910 45 
7227 50 240 143 4756 395 38 220 12 
653 653 653 121 38 8 293 848 4157 45 144 21 827 1910 121 34 38 84 
128 1876 4157 347 959 49 2385 4118 144 12 72 38 106 107 45 7227 
3836 347 50 240 143 4756 395 38 220 12 
653 653 653 1319 38 8 293 1876 347 959 4157 49 2385 4118 144 45 38 35 
43339 45 86 28 408 124 314 1960 49 38 45 17 28 5634 18 
7227 21 52988 4 193 
68 124 2340 21 1074 2 5820 92 15 105 124 223 3192 109 28 
110 45 38 164 10440 4 6059 31 9 218 2385 12 
38 35 3832 6608 31 15 2406 74 18588 540 2385 255 164 
13376 125 38 12 72 38 482 21 2698 959 18489 13 212 13242 
31 240 143 4756 17 3042 28 830 368 120 12 161 124 359 9081 21 28 
18489 38 35 2698 125 68 1166 193 193 193 
20 150 204 964 21 38 369 193 193 193 
73 15 1537 328 17 36 1339 109 15 2642 21 4561 3389 193 
72 38 8 184 463 173 28 53517 31 68 839 45 38 35 
66 28 157 31 2329 1762 49 3199 11912 45 11033 
8216 1114 45 14154 31 14209 14210 45 8021 45 151 12 1219 12 
653 653 653 653 653 653 653 653 653 653 653 653 653 653 653 653 653 653 653 653 653 653 653 653 653 653 653 653 653 653 653 653 653 653 653 653 653 653 653 653 653 653 653 653 653 653 653 653 653 653 653 653 653 653 653 653 653 653 653 653 653 653 487 124 9 4218 849 34 38 35 572 179 13376 28 1537 12 
38 35 39 20 50883 72 38 435 2 
72 13376 2385 4118 648 2 
440 12 167 12 64355 
321 12 322 12 323 24096 
35979 45 20084 64357 
391 
42 64363 2 
1 2 2385 4118 648 143 28 52966 150 204 1460 21 3836 49 298 109 28 3519 
81 13 14 208 39 31 2385 4118 648 2214 414 12 
862 124 132 392 729 12 1529 5634 215 434 3917 219 49 68 2385 12 
132 240 143 628 16 124 2 64364 302 391 12 1217 12 215 5682 15 2745 240 143 628 16 487 219 12 
46 38 45 
817 2 38 18 572 28 310 849 49 2385 144 143 729 158 274 2671 28 2385 
140 17 105 31 28 160 21 4577 28 2385 124 21 102 12 1319 28 392 729 12 1529 
124 293 45 28 1537 18 77 102 21 15 240 143 628 16 78 4 15 
849 414 12 77 474 17 1022 15 611 16 109 28 3526 20618 
4 28 12095 2893 12999 12 502 1980 193 
840 54459 21 38 74 28 183 31 68 273 229 77 
19787 23 359 64 21 38 74 50 9 149 21 68 273 16 
306 28 2744 231 5247 231 4 28 627 1479 12 