Subject: 1 2 17890 7689 193 
4425 98 45 
1011 294 1209 12 7 925 15 17891 199 12580 17892 12 7 4140 
598 306 132 599 4 11500 45 17 111 28 294 1209 306 91 17893 
17894 4 17895 109 28 2910 31 11501 17896 45 17897 45 17898 
17899 45 17900 45 409 12 9 17901 17902 125 28 12176 
17903 31 28 830 17904 12 
28 1118 7 1076 124 964 17 916 45 17 7 3252 28 1334 
31 20 45 49 15 1543 12 419 87 9 16992 487 21 77 3869 4 20 125 
134 45 833 9 2351 2012 2492 12 72 38 199 1891 4 28 3805 45 347 
934 2622 213 124 1418 17 3196 208 31 28 3512 45 7 150 151 77 12376 45 
31 203 12 670 8448 18 65 77 8374 999 17430 12 
6463 68 45 347 411 3530 45 3196 2867 3077 2113 12 
96 1204 45 
8101 
315 8101 17905 45 
1617 31 1158 17 4729 1238 45 
176 31 11500 45 
11499 2050 45 
11500 144 12 11501 12 
1068 12 2 141 17906 143 648 143 17907 397 17908 
51 12 2 141 17906 143 648 143 17909 
273 2 17910 302 17911 12 3454 