Subject: 1642 143 1082 936 
42 412 45 
419 164 376 21 4439 34 15 2080 58 205 378 49 
379 
4 28 1642 143 1082 936 109 231 1329 3 561 4 28 
2168 1347 231 12 81 45 817 34 28 488 49 4440 28 
1556 
1027 549 124 28 1535 902 31 134 12 121 34 632 20 18 107 77 261 
21 1833 
15 358 4 28 401 12 
670 936 124 1880 49 28 636 902 31 1038 12 
1832 4441 67 28 4442 31 28 358 17 411 
430 
1846 21 28 936 45 387 45 1049 409 12 35 77 275 
23 1050 2 397 397 1051 12 1243 12 320 12 350 397 2478 397 1654 
81 45 220 107 464 21 66 14 72 161 164 184 1402 
463 12 
7 207 148 19 21 4443 38 195 4 1884 12 
2722 4003 