Subject: 52825 58 4430 205 259 941 
21 5247 15 16 17 128 359 460 298 52966 1237 6165 45 53810 45 347 1166 4787 125 28 3519 143 35156 2858 650 231 5247 231 4 28 627 12 
4321 11506 3306 9892 7804 4 15 12132 
49 28 1335 1315 1010 45 4321 2476 58 205 9260 53546 435 1897 8163 35775 31 7804 9 1209 109 36233 16949 12 
52825 58 4430 205 259 941 193 274 149 74 273 17 9 1825 31 670 55146 10459 17 63786 5182 18 66 38 12 12 12 298 31 299 193 193 34 150 204 1457 193 193 419 150 587 837 63 49 28 1324 12 
2937 38 107 8120 138 12 12 12 2937 120 12 12 12 193 4321 11506 150 204 38678 143 63787 48881 2950 13208 1461 28 6614 143 40141 17 43865 17163 2621 52825 12 419 150 1 474 208 31 670 2950 124 1457 49 38 12 193 
143 36 5634 369 49 3314 9588 12 
143 52895 15 772 1543 1058 1059 52801 921 648 941 16849 680 
143 648 3083 347 144 380 36233 17877 124 274 9 139 1324 497 193 
419 53395 4 36233 52825 17 3314 37785 3921 1043 12 359 1058 138 984 1058 138 419 150 938 221 2950 1351 1012 21 36 5634 21 38 193 28 1324 124 298 12 12 12 17 161 150 204 359 50099 193 149 369 21 68 11467 17 3042 36383 328 193 193 193 
15545 2 
4321 11506 3306 124 107 38876 21 421 9 36233 10498 12 419 164 406 36233 13895 306 28 3170 2228 6128 3274 12 195 49470 164 2595 1461 1084 386 1206 12 
81 6392 499 28 486 1905 17 240 143 628 21 36233 302 63788 12 1217 21 3042 36383 328 193 
105 1775 1775 1775 1775 1775 1775 1775 1775 1775 1775 1775 1775 1775 1775 1775 1775 1775 1775 1775 1775 1775 1775 1775 1775 1775 1775 1775 1775 1775 1775 1775 1775 1775 1775 1775 1775 
115 1543 677 1775 1775 1775 1775 1775 1775 1775 1775 1775 1775 1775 1775 1775 1775 1775 1775 1775 1775 1775 1775 1775 1775 1775 1775 1775 1775 
38921 12 3314 6567 1775 1775 1775 1775 1775 1775 1775 1775 1775 1775 1775 1775 1775 1775 1775 1775 1775 1775 1775 1775 1775 1775 1775 1775 1775 
36233 9569 1775 1775 1775 1775 1775 1775 1775 1775 1775 1775 1775 1775 1775 1775 1775 1775 1775 1775 1775 1775 1775 1775 1775 1775 1775 1775 1775 
36233 650 215 3918 12 2205 45 53293 45 347 63789 219 1775 1775 1775 1775 1775 1775 1775 1775 1775 
933 19 21 15 149 12 
273 21 36233 302 63788 12 1217 
116 45 
54467 63790 
49 430 109 3836 306 28 3519 143 35156 45 17 277 109 9 298 3946 4 28 3519 143 35156 273 434 23 430 302 63788 12 1217 
66 434 74 3852 45 3079 143 978 215 1257 207 143 1257 640 2655 219 23 11427 143 28613 143 63791 12 
21 4196 21 3519 35156 150 204 298 3382 418 81 13 70 240 143 628 626 21 430 302 63788 12 1217 
125 138 138 138 138 302 138 138 138 138 648 956 37385 1529 2 1529 2 1529 
125 2 
627 2 68 124 28 430 962 193 143 63792 
632 2 1015 45 1535 3049 136 338 2 2248 2 638 141 339 
647 143 30 2 648 12 0 
649 143 650 2 549 397 651 158 
652 653 231 1770 143 1771 143 248 231 
649 143 655 143 656 2 1812 143 1813 
641 143 4697 2 827 
641 143 4721 143 4697 2 671 
641 143 4724 2 2094 74 1966 4724 1221 644 12 788 12 4723 12 827 
641 143 661 143 659 2 855 
641 143 661 143 659 144 2 663 
42 1170 45 
9 41409 143 298 1324 34 90 2173 4561 2487 49 38 17 15 599 45 1319 17 49 653 639 
195 193 
824 824 824 68 124 107 1711 143 1313 347 1484 3199 824 824 824 
72 38 270 231 194 231 21 184 31 28 235 463 45 111 68 1166 229 77 653 639 
7990 49 38 2 
648 219 220 38 314 8 9 3314 157 4 198 138 215 2901 1225 45 51 45 5826 653 639 
1329 45 409 12 219 
144 219 220 38 8 70 416 848 143 1535 954 2606 1867 21 19871 12505 2692 15 653 639 
2745 386 143 92 215 347 1446 143 92 219 1166 138 
827 219 187 38 77 159 21 2666 125 9 5334 45 1412 45 17 306 13366 45 9 144 143 827 653 639 
5889 1919 31 670 3867 138 215 359 231 7986 143 2916 231 124 1403 12 54361 18 653 639 
672 38 21 1324 37 193 219 359 18432 158 670 408 926 195 28 18432 49 38 12 
644 219 306 670 408 45 109 4180 45 5820 1535 347 609 3625 38 611 18 2698 9 49196 653 639 
34 491 38 9 1114 4 34920 31 392 648 45 1876 12 35 38 481 34 591 3625 2606 653 639 
1867 138 215 2606 517 138 219 
72 38 4429 231 194 231 21 184 347 195 31 28 414 463 45 17 38 8 14029 45 653 639 
502 548 49093 45 17 28 9987 21 6054 15 4561 4722 45 111 1324 68 41409 143 
298 140 2 653 639 
824 824 824 824 824 648 143 6255 143 438 143 63793 824 824 824 824 824 
3084 3312 28 4561 3389 38 164 8956 143 998 306 1740 31 15 653 639 
2901 16063 17 1740 31 15 92 45 259 38 35 7952 28 63794 31 15 34235 653 639 
17 12543 959 92 306 15 599 45 15 62830 45 17 195 28 3544 38 7952 12 653 639 
419 150 1 148 49 9 2351 819 255 306 28 548 54128 17 9987 21 2698 9 653 639 
5634 13855 49 7997 31 392 144 45 1857 143 392 729 45 1857 2606 1867 45 347 959 45 4150 109 2473 653 639 
48 92 38 164 159 21 48280 21 68 1166 12 653 639 
72 38 8 28 9118 143 16912 21 3213 28 4559 49 9 2351 954 373 347 754 55436 653 639 
2606 1867 45 17 72 38 150 1 148 49 9 13271 3314 143 371 1166 1129 45 34 653 639 
124 107 1711 143 1313 3199 45 111 81 1324 670 41409 143 298 140 45 648 143 6255 143 438 143 63793 12 653 639 
5506 21 28 1895 626 45 955 15 105 17 139 140 45 17 419 18 36 182 653 639 
21 38 130 3573 130 261 12 653 639 
38 8 7289 21 13260 251 9 2351 1614 31 15 92 21 840 8435 2473 68 653 639 
1129 35 2671 15 2261 19728 193 
321 12 204 12 20 124 13144 72 38 314 8 9 38776 3314 157 600 12 68 9733 653 639 
5031 15 3042 143 964 875 45 17 38583 38 528 159 21 1014 3923 12 653 639 
81 45 5648 2623 445 12 