Subject: 195 294 193 143 68 839 7977 38 8435 2622 347 2423 193 
1971 
52443 
294 49 
7284 
1971 
1237 839 49 6230 12077 
143 
861 499 2423 67 2622 
6230 
143 
36022 
430 67 
2 
11074 45 53684 45 17894 45 56382 45 36232 45 
15 
54136 45 
1897 45 34459 45 3805 127 347 503 65176 45 837 9 294 6582 
1543 193 
2111 70 231 1971 
52443 231 
17 1437 70 2494 294 423 
31 4223 430 12 
306 
1971 52443 
38 
35 8435 2 
255 45 
1058 
5831 45 
1801 10820 2589 45 12322 5831 45 
127 
5831 45 34979 5831 45 11078 5831 45 2588 45 139 2589 
215 837 
91 53686 219 45 1994 49144 45 
599 2283 
17 
9 830 356 959 193 
6460 
487 49 959 430 
195 
3592 21 77 1838 2354 670 133 110 164 8808 17 
3923 
54349 6125 581 12 
6460 487 21 77 1838 
2354 670 110 12 
1320 
1209 4 28 1200 12 204 12 12512 45 28 3133 6261 628 1347 
60687 
765 6242 9881 2283 274 21 481 28 358 576 4 50 769 
35151 
17 53766 12 568 273 3915 35 7844 1425 68 
49492 45 
1427 23 28 310 92 41650 28 11471 31 19309 31 358 8373 
8371 
670 59399 12 
8163 
28 2283 45 8163 28 19537 45 572 273 193 