Subject: 3092 1170 16 430 
28 78 15550 926 107 9301 4 28 16399 10099 12 
15 626 124 528 257 16400 12 
28 235 12133 16401 28 1409 215 204 219 2 
1409 2 16402 2 16403 
143 143 143 143 143 143 143 546 626 1528 143 143 143 143 143 143 143 
1373 
16404 282 648 12 851 12 852 12 853 12 590 215 470 2065 12 791 12 636 12 644 472 219 
306 1793 
125 
21 
293 2 125 241 617 16405 12 851 12 852 12 853 12 590 74 282 648 12 851 12 852 12 853 12 590 215 644 12 648 397 616 143 644 12 648 2 4048 648 219 
619 345 16406 158 1015 45 848 334 1819 639 2 782 2 246 4051 
632 2 1015 45 848 334 1819 639 2 782 2 646 4051 
125 2 98 99 215 569 415 2012 850 219 
626 143 619 2 
21 2 16403 302 3399 12 3497 143 3666 12 1095 
627 2 2012 4 1329 3 
635 2 16407 302 851 12 852 12 853 12 590 
42 2847 16403 45 
7 8 2110 2666 28 358 34 38 2712 4 28 236 
936 4 2090 384 4 1238 215 14229 45 9983 219 17 7 275 499 
34 38 8 205 1960 109 1329 3 12 7 1906 4603 34 45 313 
7 8 4140 208 1209 31 132 5481 3361 4 3647 3657 12 45 1564 45 
7 112 107 3524 31 28 2177 34 3647 124 1891 4 1329 3 45 
540 124 28 2088 4 540 7 207 1383 1960 45 531 12 
534 45 28 2918 31 68 849 124 218 12 7 8 274 6389 132 
569 215 74 1086 219 23 28 176 31 175 17 7 207 67 21 3042 
9 2012 12 28 1021 34 7 207 11103 23 28 3315 124 34 45 226 7 207 107 
9 3935 16283 45 132 16284 2393 4199 445 132 388 17 876 7 207 148 
49 9 185 21 857 132 8012 1856 12 4 68 6177 45 7 187 435 21 672 
2428 9 2186 306 15 425 187 77 261 45 7888 21 28 
3861 31 132 1086 49 28 997 373 1010 12 
28 627 31 132 569 2016 112 28 150 1147 31 1329 3 
1708 150 17 20 3869 28 2013 17 9256 3261 31 
3968 2343 143 3 2950 45 306 6177 21 762 865 2166 12 28 
1508 31 68 548 199 530 17 229 77 27 579 997 1209 12 
132 4143 1828 49 28 2012 18 77 28 1136 31 9 408 34 18 
85 130 2886 9 6556 17 18 12895 20 4 73 21 152 28 2527 397 
3 1381 34 124 508 1411 21 28 1021 12 534 45 7 187 65 
77 8161 21 548 109 9 218 1845 45 540 187 3577 10 28 1086 
3544 31 15 425 12 
81 82 14 83 2428 38 187 77 1891 4 68 548 12 9429 
74 28 3076 1496 34 7 777 4 28 1335 7 187 77 12376 21 
548 120 49 15 425 12 
148 19 21 4024 125 38 12 
262 99 