Subject: 2506 2439 23 10154 1341 
419 1916 21 16318 1028 49 28 235 2439 12 
72 38 83 4091 213 3196 77 1891 45 81 8 34 160 
13 9 17018 17 9 216 849 21 14104 10158 143 2528 
407 273 21 17186 302 10154 12 1217 215 654 17018 2350 219 347 51 21 4014 143 17187 143 17188 
824 824 824 824 70 14728 2033 1234 397 13793 539 49 28 824 824 824 824 824 824 824 824 824 824 
824 824 824 824 1162 1706 4 1738 2141 23 10154 1341 824 824 824 824 824 824 824 824 824 824 
1382 2 436 4 28 1453 17 1136 31 2228 143 31 143 28 143 2229 
384 49 573 1365 17 1162 1706 12 1427 28 3372 18 8 
8 7898 1086 2210 45 28 3989 18 77 109 28 1136 31 
12265 21 77 576 4 4099 2498 12 
670 115 1959 1833 17189 8424 3028 
17 3261 31 10849 430 12 419 164 1398 1123 3 
17 1706 1362 21 47 762 45 772 143 9316 1342 143 423 1738 12 
28 8398 2442 18 8 9 1272 12 151 12 4 1329 3 347 1846 
1503 17 144 143 827 1010 31 2596 45 347 70 282 12 204 12 306 881 
2596 12 28 8398 2442 187 8 2596 306 9 1855 
31 1329 3 1708 45 77 5984 306 1709 2019 45 
8 3549 2596 306 1738 45 17 77 17190 306 
2298 397 1971 1366 12 3076 567 12157 17 3564 21 3573 
5383 964 294 384 17 1924 164 539 12 502 1826 
12157 45 28 3564 21 548 4 9 3390 45 17 502 567 17 408 
11024 11912 164 47 1451 12 
28 2442 18 3210 208 31 28 4213 241 317 151 9973 4 28 2088 31 573 
1365 17 1162 1706 12 
10154 1341 124 9 423 1086 17191 49 10154 45 208 31 28 8866 
434 8116 3570 12 10154 1341 124 200 109 6048 799 45 
4 28 9736 9548 2088 45 306 591 12334 45 10741 45 17 411 
9298 4 28 17192 12 
17193 124 14040 45 371 109 16911 12 
6382 548 8818 1403 12 
81 13 9 17018 17 9 216 849 215 9145 74 240 143 628 45 4 654 219 21 2 
14104 10158 143 2528 240 143 628 2 17186 302 10154 12 1217 
10154 1341 45 53 143 891 1068 2 4014 143 17187 143 17194 
638 17195 2642 51 2 4014 143 17187 143 17188 
17196 3969 17197 143 17198 2739 2 1050 2 397 397 2377 12 10154 12 1217 397 763 2506 397 17186 12 1056 