Subject: 3397 143 110 2 3372 2381 23 16536 2261 150 204 20 1086 317 1136 1524 
3372 2381 23 
16536 2261 150 204 20 1086 317 1136 1524 215 20 241 317 151 219 
13910 45 1632 
16536 2261 150 204 20 241 317 151 1524 3341 31 7778 255 213 164 17684 21 
3076 2033 1086 548 17 21 655 1086 1508 921 4077 
6567 49 16536 2261 12 
670 1524 124 14177 4 28 8238 2445 259 34 670 215 15711 219 
1202 164 1370 195 17685 17 236 17686 31 16536 
2261 12 226 670 1524 124 70 15711 504 17687 28 17688 31 
5820 1524 1825 1833 21 3799 4 12814 306 670 2003 1202 17 
21 36 4 12814 306 294 1202 12 
959 430 109 670 1524 35 77 2008 23 
1050 2 397 397 1086 12 17689 12 1630 
419 164 8956 2413 306 3076 424 16911 213 482 
21 10877 2033 1086 306 3549 45 1136 143 1918 548 12 
2413 1906 77 374 5890 213 164 65 3390 17690 17 164 
6399 564 28 10055 12 2350 1527 49 16556 1833 45 251 
164 107 864 21 2 
1162 1153 397 3995 17691 
8996 2692 17 11024 
1162 1163 17 2006 384 
2231 384 
430 1149 397 549 17 2298 1365 
2233 2234 574 
561 84 77 102 21 215 9145 4 1158 1519 219 2 
14425 14426 
16536 2261 
20 1086 17 1136 
3672 
1630 143 17692 13910 
1068 12 2 141 843 143 648 143 17693 17694 45 51 2 141 843 143 648 143 4027 17694 
273 2 14425 12 14426 302 17689 12 1630 
41 41 41 17695 397 16536 2261 143 1824 3830 17696 12 3080 