Subject: 1642 1082 
1257 5399 141 5400 617 4225 3876 5401 729 5402 617 240 397 2461 617 5403 248 5404 0 141 240 0 5405 0 5406 143 606 607 608 135 2 636 2 782 335 
611 143 612 2 1642 1082 
293 2 215 125 1642 1082 302 614 219 74 615 215 616 143 617 12 448 397 617 12 448 12 618 219 619 4714 5407 49 613 158 332 45 343 229 335 1259 2 892 2 338 141 624 
293 2 125 320 12 350 215 1784 648 12 320 12 350 470 1785 12 1786 12 248 12 848 472 219 74 615 215 616 143 617 12 448 397 617 12 448 12 618 219 306 1251 619 3227 5408 49 158 1015 45 618 229 335 618 2 338 2 623 141 624 
293 2 125 5362 12 2508 12 5363 215 5364 12 5362 12 2508 12 5363 470 3362 12 5365 12 2117 12 1257 472 219 
74 320 12 350 215 617 12 1257 12 144 397 617 12 1257 12 144 219 306 1793 619 3227 5409 
49 158 1015 45 618 229 335 618 2 1529 2 390 141 624 215 633 634 219 
293 2 125 5367 74 5362 12 2508 12 5363 215 616 143 617 12 448 397 616 143 3788 644 219 
619 1787 5410 158 1015 45 618 229 335 336 2 1970 2 1973 141 1017 
293 2 74 5367 306 1966 628 
619 158 1015 45 618 229 335 336 2 637 2 623 141 339 
626 143 619 2 
125 2 5369 5370 5371 
21 2 231 150 1642 1082 302 1243 12 320 12 350 150 231 
627 2 1642 1082 387 
632 2 1015 45 618 229 335 336 2 637 2 333 141 339 
647 143 30 2 648 12 0 
649 143 650 2 549 397 651 158 652 653 231 434 143 654 231 
183 2 1642 1082 
649 143 447 2 5411 
659 2 660 
641 143 661 143 659 2 855 
641 143 661 143 659 144 2 663 
641 143 664 2 665 666 952 240 4690 240 827 
42 315 12 1220 2 
130 38 256 45 132 387 486 58 9 5412 12 7 207 985 21 1125 132 358 4 
570 1531 144 12 2182 21 68 45 132 387 650 124 1446 203 17 107 
373 143 517 936 45 17 28 5374 1865 58 21 8 9 834 64 31 
5413 5380 12 
7 8 274 102 38 28 5414 387 17 7 925 38 21 13 14 28 
5415 1865 130 1028 130 261 12 
46 38 120 2 
3723 5370 5371 
5385 302 5362 12 2508 12 5363 
5386 1095 5416 1433 12 2508 12 
5390 12 1095 5391 1342 4198 0 12 438 12 5392 5393 
5394 5395 5396 5397 12 5398 12 2509 12 