Subject: 4731 2 4732 1269 12 4733 1642 150 1082 
515 220 38 2937 138 
2409 
315 12 2409 3081 
2032 31 4282 17 4607 
4608 4609 
4610 1490 
4611 3847 
1068 2 4612 4613 
4656 2 4734 4735 4736 
51 2 4612 4614 
1050 2 397 397 1051 12 4615 12 1217 
143 143 143 143 143 546 626 143 143 143 143 143 
125 2 4737 4733 470 1793 2 2141 1775 4738 302 4739 12 1217 472 
102 2 2366 45 134 608 45 335 617 2 2995 640 
21 2 3081 45 2409 215 3082 3083 219 
627 2 4732 1269 12 4733 1642 150 1082 
42 2409 45 81 82 15 4740 161 124 9 
30 7 221 378 23 1517 143 1082 4741 4742 12 
1038 136 45 1164 2636 4 28 1166 760 12 
82 14 83 179 38 150 938 221 9 4743 3196 3357 21 12 
4744 
4732 