Subject: 1 2 14594 143 2414 2 144 322 5572 14595 1651 3761 3762 
15144 15145 
3185 4318 15146 15147 4318 11780 6943 14634 4318 4309 4311 6919 15148 6758 15149 12 
6927 12 15150 
98 99 101 2 
41 11169 7093 45 
41 
41 3185 4318 11185 45 6789 7528 3182 6906 14623 6786 4309 11705 45 4315 14624 3185 3186 
41 14625 14626 14627 45 8686 3186 8689 
41 11710 6865 14628 8685 8822 4318 14629 14630 7468 14631 
41 6887 14632 6758 2414 12 
41 
41 6789 7078 14633 6988 4309 14634 4318 6776 6906 6919 7072 14635 
41 6758 11174 12 
41 
41 6751 6906 14636 45 7100 11307 3185 6762 3182 6906 11747 
41 6919 11784 11187 6758 11174 4317 6789 14637 7070 6792 7517 12 
41 
41 8683 8684 6865 14638 10586 45 
41 
41 6810 11310 
41 
41 143 143 143 143 143 143 143 143 143 143 143 143 143 143 143 143 143 143 143 143 143 143 143 143 143 143 143 143 143 143 143 143 143 143 143 143 143 143 143 143 143 143 143 143 143 143 143 143 143 143 143 143 143 143 143 143 143 143 143 143 143 143 143 143 143 143 143 143 143 143 143 143 143 
41 
41 1643 1644 45 
41 
41 14 6404 45 1645 1646 684 691 7670 704 747 1654 734 4457 14 21 
41 14639 14640 14641 45 14642 21 8650 
41 5572 2310 14595 1651 3761 3762 2297 14643 
41 687 14644 689 2414 12 
41 
41 1645 685 14645 2775 747 3146 691 5005 14646 14647 
41 689 4901 12 
41 
41 70 691 2774 45 909 3117 14 5214 684 691 14648 
41 5005 4989 14649 689 4901 1676 1645 14650 2720 2294 8468 12 
41 
41 727 14651 2310 2311 2301 45 
41 
41 1301 99 