Subject: 548 23 3314 317 481 990 483 193 
220 38 8 9 41082 9987 21 6164 28 819 31 15 2261 138 
187 38 435 21 11416 28 2261 34 757 445 38048 67 138 
164 38 9579 1027 21 481 959 483 45 1960 28 954 38 518 45 528 9118 143 5980 138 
164 38 7136 49 9 3314 143 371 1166 306 1342 4561 20616 45 306 9 13720 6608 13594 34 58 205 15269 848 741 21 390 741 2606 76 347 959 138 
28 2177 124 419 8 591 255 4 68 9130 34 19653 125 848 741 21 390 741 2606 76 125 28 9657 31 769 2745 3314 17 164 12555 4561 19609 4 144 143 827 1010 45 54065 17 3312 2901 17 4561 3389 12 
164 38 34991 34 1319 4 9 53402 1129 124 148 1457 23 38 138 
50192 757 8 2619 769 18418 23 28 361 445 21 933 182 1010 1892 17 13521 26 84 150 938 86 26 90 150 938 12 
72 38 2937 68 124 531 502 21 77 6548 347 164 40118 111 68 229 107 77 49 38 12 12 12 591 8 205 9191 21 2892 20 1906 77 43882 45 54120 347 54121 21 1355 19653 184 1342 52963 125 670 9177 12 
251 45 74 2916 28 139 140 1905 45 38 18 861 499 67 9 1367 35331 2692 10741 839 17 9 12992 3199 2343 12 
359 2596 124 829 12 419 18 1211 38 306 195 28 865 17 2901 1947 38 18 87 21 7812 15 2487 193 
259 1324 369 193 648 143 6255 143 6014 143 54122 215 298 45 952 4087 45 144 5889 11809 626 219 
231 28 3315 38 19871 17 18566 16544 182 45 195 9717 31 14592 17294 45 3588 17 1979 5926 18 37237 964 21 95 38 12 28 4572 12447 31 10498 124 9 1367 33630 49 95 12 231 143 20658 17417 
21 77 6617 125 460 8364 45 2858 6460 149 317 13 12 