Subject: 1 2 14594 3080 4307 
4962 3628 5239 
3654 5562 1753 4933 902 3641 2812 5145 899 0 15661 707 15627 732 3132 
15662 5268 718 3153 12 15663 2297 15664 746 15665 707 3115 8468 
3014 705 7416 15666 898 3142 1727 4538 746 4422 2804 4996 
14 21 240 143 628 3748 15667 12 
15668 45 
625 12 
41 4962 4484 45 
41 
41 1298 8698 2780 14 21 14594 45 707 21 4387 5092 5562 2804 215 4488 219 15621 
41 707 15624 12 1645 15625 734 909 684 15626 704 14994 8568 
41 732 15621 746 705 2754 5061 14 2294 15627 158 
41 
41 3006 701 746 3638 3721 714 4521 685 45 
41 
41 625 