Subject: 1 2 15 61 
64237 317 4118 9546 158 1241 
1656 64238 317 4118 360 158 747 64239 317 4118 5365 158 1241 317 4118 2117 158 64240 4509 317 4118 142 158 12 
64241 359 64242 317 4118 793 158 1241 
64243 39219 317 4118 1876 158 64244 
64245 64246 317 4118 360 158 
64247 317 4118 5365 158 322 64248 20394 317 4118 792 158 6010 322 317 4118 142 158 64249 
64250 317 4118 793 158 1241 23095 
781 1221 440 317 4118 5365 158 27422 64251 317 4118 360 158 64252 317 4118 142 158 
5363 317 4118 1792 158 64253 317 4118 792 158 64254 317 4118 1792 158 499 64255 
64256 317 4118 795 158 240 17049 317 4118 786 158 64257 8819 317 4118 1622 158 24627 64258 150 204 1269 
64259 317 4118 1514 158 64260 317 4118 794 158 64261 317 4118 1514 158 64262 
1200 282 317 4118 795 158 43093 64263 317 4118 1514 158 64264 55294 193 
4278 63859 215 63860 219 6834 43402 63861 653 827 151 5052 12 20553 12 63861 158 72 215 63861 12 57471 215 231 63862 231 219 41 0 219 6834 72 215 363 12 3591 653 827 151 653 827 151 144 219 6834 5299 215 231 107 583 408 4215 21 5680 6605 12 231 219 158 611 19337 158 6835 6835 3191 6834 72 215 63860 12 540 653 827 151 653 827 151 827 219 6834 5299 215 231 107 583 408 4215 21 5680 6605 12 231 219 158 611 19337 158 6835 6835 6835 2743 12 63863 653 827 151 63859 158 