Subject: 990 109 143 1479 11048 193 
439 45 8440 2 
7 2852 7 46142 38 5933 1533 12 213 187 8 968 
28 47945 187 18585 41164 9856 193 193 65054 193 
226 38 5933 164 259 41637 179 20 479 21 4780 
8385 6463 38 84 4322 499 28 294 109 143 1479 
53082 17 11048 7 275 193 
4322 20 499 193 
6460 487 
38 35 7971 109 68 3205 150 204 2050 17 
28840 19547 347 3539 53077 45 53076 45 53078 45 
3796 347 53079 4 28 11048 12 
5933 45 542 52960 12 161 150 204 359 1237 
21 6456 17 38 35 198 15 55416 
74 3852 347 765 28 1971 193 193 
4618 20 499 12 26 150 587 432 38 964 109 143 1479 23 2 
1050 2 397 397 1051 12 65055 12 1217 
347 1324 132 852 45 231 2481 63711 231 23 2 
648 143 6255 143 9805 143 65056 
12021 
321 12 204 12 1324 14 19698 5933 45 251 7 545 7971 
109 28 47945 17 869 765 392 2117 12 1529 12 192 
49 28 33627 193 193 
65057 61840 240 