Subject: 1 2 14594 143 2414 2 144 322 5572 14595 1651 3761 3762 
3093 2289 45 
204 150 7488 707 21 3007 746 1656 14788 684 9168 1755 5583 
1659 689 4901 718 1654 12 14789 1656 14788 746 1645 14790 684 
14791 898 5572 734 358 6602 70 4487 12 
3777 45 
6149 
143 143 143 143 143 143 143 143 143 143 143 
6149 3997 
3831 14792 1617 31 1225 340 
14793 7595 400 176 31 5574 45 
31 8443 45 448 9815 150 204 2050 2287 12 
3362 9856 3083 12 45 336 902 2370 45 5574 45 14794 
14795 198 45 321 12 322 12 323 2862 6744 282 729 204 648 9 644 
5574 45 14794 
6744 282 729 2461 144 204 617 
139 2 215 14796 219 14797 143 14798 
51 2 215 14796 219 14797 143 14799 
240 143 628 2 6149 12 3997 302 14618 12 3815 
143 143 143 143 143 546 626 143 143 143 143 143 
125 2 98 99 470 2723 2 613 302 1243 12 320 12 350 472 
102 2 3079 45 134 623 45 7284 448 2 454 207 
21 2 14605 302 2062 12 14606 12 350 158 14607 302 14608 12 14606 12 350 158 321 12 9 12 282 12 14609 302 14610 12 853 12 590 158 
5726 12 4007 302 7397 12 1105 158 913 12 3000 302 8288 12 2545 12 350 158 14611 302 3276 12 350 158 
3723 302 14612 12 1217 158 2543 302 1052 12 1053 12 350 158 14613 302 4685 12 13299 12 853 12 590 158 
14614 302 14615 12 630 12 631 12 350 158 10751 302 1243 12 320 12 350 158 4530 302 2545 12 350 158 
10723 8291 158 1241 12 4011 302 2536 12 2537 12 350 158 14616 302 4526 12 350 158 14617 302 14618 12 3815 158 
11293 302 629 12 630 12 631 12 350 158 14619 302 14620 12 6568 12 14621 12 350 158 
10709 302 851 12 10644 12 853 12 10645 158 2534 302 2535 12 2536 12 2537 12 350 158 4617 302 14622 12 5913 12 853 12 590 158 14 
627 2 14594 143 2414 2 144 322 5572 14595 1651 3761 3762 
11169 7093 45 
3185 4318 11185 45 6789 7528 3182 6906 14623 6786 4309 11705 45 4315 14624 3185 3186 
14625 14626 14627 45 8686 3186 8689 
11710 6865 14628 8685 8822 4318 14629 14630 7468 14631 
6887 14632 6758 2414 12 
6789 7078 14633 6988 4309 14634 4318 6776 6906 6919 7072 14635 
6758 11174 12 
6751 6906 14636 45 7100 11307 3185 6762 3182 6906 11747 
6919 11784 11187 6758 11174 4317 6789 14637 7070 6792 7517 12 
8683 8684 6865 14638 10586 45 
6810 11310 
1643 1644 45 
14 6404 45 1645 1646 684 691 7670 704 747 1654 734 4457 14 21 
14639 14640 14641 45 14642 21 8650 
5572 2310 14595 1651 3761 3762 2297 14643 
687 14644 689 2414 12 
1645 685 14645 2775 747 3146 691 5005 14646 14647 
689 4901 12 
70 691 2774 45 909 3117 14 5214 684 691 14648 
5005 4989 14649 689 4901 1676 1645 14650 2720 2294 8468 12 
727 14651 2310 2311 2301 45 
1301 99 