Subject: 4425 12 12 12 2620 53647 231 30919 231 6237 
41 125 28 977 933 23 670 2404 419 2937 34 68 
294 53647 80 110 18 8163 38 837 959 483 12 
419 1383 8 28 6482 53810 109 294 53647 10395 53648 
49 34862 45 45513 17 3339 31 757 12 12 12 
41 41 41 41 5247 23 4242 
4322 28 20770 499 2 6460 3979 
1050 2 397 397 49669 12 1217 397 64989 
391 12 12 12 12 12 12 12 12 12 12 12 12 12 12 28 30919 930 12 12 12 12 12 12 12 12 12 12 12 12 12 391 
139 10030 143 64990 143 64991 
332 143 4106 1257 207 143 248 640 
143 143 2977 124 392 644 12 390 2606 73 215 419 7789 3526 391 130 505 219 
143 419 3357 6337 45 4578 17 53474 12 
143 208 1209 42980 109 195 3867 18431 12 
143 195 34862 317 45 45513 53648 164 294 34774 12 
41 41 41 41 21 77 6617 125 460 2529 572 3979 1905 
41 41 41 41 41 41 41 41 41 41 41 41 41 41 41 41 21 5247 125 110 