Subject: 257 628 2 1170 5141 
28 546 626 112 293 23 606 45 617 334 7284 336 2 3884 2 894 141 339 215 633 219 
125 470 1785 12 1786 12 827 12 806 472 
143 143 143 143 143 28 235 2588 777 6622 14806 4347 143 143 143 143 143 
143 143 143 143 143 14807 31 1531 1528 143 143 143 143 143 
12 12 12 1427 3311 21 10765 12 16221 12 350 12 2 
41 41 41 16222 21 2 
12 12 12 1170 5141 
6245 12 12 12 1170 5141 
12 12 12 1427 3311 21 16223 12 20 12 16224 12 350 12 2 
41 41 41 16222 21 2 
12 12 12 1170 5141 
6245 12 12 12 1170 5141 