Subject: 298 1058 143 64992 
72 38 8 984 1058 68 626 90 2671 15 2261 193 
72 38 220 107 8 984 1058 45 359 87 21 13 434 9 626 21 5247 38 125 670 133 110 45 49 68 
3359 18 445 77 102 1319 45 259 72 38 164 107 1891 45 274 6631 12 
419 164 2162 9 9489 110 31 135 1025 45 1141 2587 45 2588 17 139 4118 150 204 45 213 3359 
54272 4578 17 64993 143 12147 359 10820 823 193 49 1510 306 984 1058 12 419 65 
8 448 139 4118 150 204 17 144 2588 31 3602 213 3359 7482 45 1166 45 17 2901 49470 74 
628 45 306 5054 359 63041 193 359 774 143 64994 193 443 49470 6224 125 130 3547 130 392 2862 21 
392 646 45 1857 49 7482 17 2901 49470 17 392 729 45 1857 21 392 648 45 1857 45 1857 49 1166 49470 12 26 
164 2484 23 14040 4222 306 1913 64896 7721 1351 49 255 306 984 1058 12 
4 2001 45 419 65 8 827 139 4118 150 204 49 984 1058 715 17877 45 9 110 31 639 1025 213 3359 2620 
1543 45 2620 823 45 15063 12143 17 248 17505 139 4118 150 204 49 1510 306 359 1058 45 984 1058 45 347 837 
4960 12 17 72 34 3794 150 440 583 45 9 110 31 248 53898 213 3359 385 21 255 306 
4960 347 359 1058 306 359 483 3192 12 977 251 107 1557 45 419 150 587 1833 53590 125 1510 
213 8 777 2487 13689 13669 306 28 516 41316 8225 12 
68 298 12831 430 124 195 13226 1370 670 231 9175 964 15 1058 3586 231 12 670 3586 124 9 
2974 3040 74 3040 8028 109 2473 21 3812 15 1058 45 274 435 28 2490 220 45 445 419 
8163 38 12440 31 7804 21 220 20 12 670 3586 18 95 38 53992 15 1058 259 34 38 229 1319 
120 857 9 3314 45 7690 9 11602 45 347 521 109 34 7798 38 150 938 3559 59049 67 12 
670 3586 35 77 11314 49 392 1535 12 1529 215 392 648 12 1529 31 540 18 77 41140 21 20950 397 12206 3254 219 12 
28 3586 18 77 102 1461 240 143 628 49 68 441 12 215 64995 1316 17 1058 1059 11013 1383 1853 
49 392 2449 21 392 1877 49 445 9 1084 31 28 430 419 8 540 1931 150 440 837 5855 2473 21 9175 964 
15 1058 143 68 430 18 64 38 23 1557 392 3920 72 506 74 9 8198 219 
72 28 3586 1906 77 102 74 3536 628 45 51 45 347 4322 74 51 45 4322 74 3852 45 28 64 124 392 639 12 1529 
86 31 28 4148 4155 12 
419 164 15269 68 430 64996 86 419 199 1319 4 15 12260 17 83 2473 38 767 143 
3835 45 419 1906 1211 49 670 4360 874 45 419 1906 676 68 430 49 483 12 
53481 419 925 21 3359 20 49 7289 12 
77 474 21 1039 2473 38 187 435 21 128 15 430 143 273 16 45 51 140 45 3314 
16 45 409 12 12 12 12 12 
72 38 164 4 9 20776 49 28 430 17 8 9 9722 61 81 2424 434 74 139 306 15 
105 45 16 17 139 4118 21 648 143 11568 143 27803 143 64997 17 419 35 85 15 430 765 28 139 347 74 
51 45 41419 39426 670 1058 3586 21 38 10446 407 273 12 81 19 443 3592 109 21 648 143 
11568 143 27803 143 64997 68 1617 4270 443 3592 445 193 1074 68 1362 18 77 70 416 
392 729 12 1529 86 31 28 4148 64 28 400 10945 434 21 368 68 1381 12 
419 23 64998 3979 8 64999 13124 306 195 3570 3804 4 670 3586 45 12147 
419 8 28 1457 21 1844 499 769 139 4118 150 204 17 2588 12 874 45 419 8 
6169 21 2890 37 130 231 12831 430 231 4 670 231 9175 964 15 1058 3586 231 12 
4606 38 11403 28 310 13124 419 152 38 2937 9533 67 18432 68 
430 49 9 4149 347 3801 20 497 12 1510 1383 18432 28 430 
308 222 6169 18 77 2601 3838 31 769 14806 5412 193 
1534 430 
81 13 5634 45 4322 347 483 73 21 430 1905 12 34918 21 2 64998 3979 13 21 2 64998 3979 
22017 4118 144 9832 30047 143 9 65000 45 8011 65001 12 
63 367 2 
392 1535 12 1529 269 15198 215 12147 38 13 434 28 483 429 7 12 240 12 5634 45 4322 347 483 73 219 111 419 
18 240 143 628 28 3586 21 38 12 439 150 440 458 21 1844 434 15 273 16 193 
392 639 12 1529 269 15198 215 12147 419 3357 15 9722 61 430 74 51 347 74 139 219 
111 419 273 38 670 3586 12 38 1906 66 434 23 648 143 11568 143 27803 143 64997 21 220 68 193 
392 639 12 1529 269 15198 215 12147 38 13 28 483 429 219 111 419 51 347 13 38 28 3586 12 439 150 440 
458 21 1844 434 15 133 16 347 51 139 4118 193 
392 646 12 1529 269 15198 215 12147 419 3357 15 9722 61 430 74 51 347 139 45 1324 648 143 
11568 143 27803 143 64997 219 111 419 51 347 13 15 670 3586 1461 3133 628 12 
53516 177 107 14217 74 1190 12 419 164 107 8198 4561 10899 12 419 164 107 9 1058 7656 
347 3921 504 12 874 45 419 35 107 3359 9 3921 347 9 1479 31 1058 21 38 12 515 38 164 189 434 49 124 
9 3586 540 9397 670 1381 31 2487 109 4426 964 670 1058 6215 12 195 1928 21 9175 964 
1058 229 9636 4150 109 28 9177 17 12911 31 1320 7558 12 195 1025 17 3921 74 628 
1184 164 2134 17 7813 52627 49 769 2745 2901 52661 45 419 164 107 12 72 38 
3807 21 220 1166 306 184 31 28 3804 1025 347 3921 8225 74 628 45 38 4758 21 19 195 
463 63071 21 769 1184 21 37 17 107 21 434 12 419 35 17 18 445 270 463 
63071 21 28 3586 540 65002 670 2745 2901 1058 4426 1926 12 195 411 2377 
2170 231 12831 430 231 419 164 107 52627 49 12 
419 164 13618 443 1198 31 1031 86 31 28 12592 3793 21 270 463 
540 419 8 359 1162 347 10700 21 270 12 
28 1441 21 73 124 117 143 195 419 83 124 28 430 12655 434 12 
72 38 8 984 1058 17 38 164 148 49 70 941 6048 21 54427 4091 3191 499 31 483 45 222 130 
9 400 347 3921 213 926 38 9 10090 143 81 220 107 73 125 434 143 419 164 65003 21 9260 
255 143 107 65004 255 21 481 984 13491 4550 12 184 1162 31 222 50506 347 
430 7833 21 54494 18 77 7824 3923 12 259 72 38 8 777 9 984 2596 109 28 
1971 143 82 434 83 193 419 164 2778 143 3868 1413 21 9604 222 8443 109 28 
1971 12 4 2177 45 2949 434 15 960 45 419 8 274 4077 9 294 976 21 670 3586 52 45 231 4430 77 
65005 120 231 45 306 28 255 150 204 6169 45 419 164 1141 2901 13689 31 984 1496 347 
231 54494 231 26 150 938 777 109 28 1971 12 259 837 72 38 439 150 440 15198 45 23 1557 1844 434 15 960 21 95 7954 
222 3602 109 28 1971 17 19880 28 14209 12 
419 18 270 130 591 463 130 419 35 45 259 439 150 440 464 21 3832 4 4244 12 
184 6842 347 2684 430 124 12063 17 18 77 4556 12 215 50185 13717 17 
65006 23 670 35290 219 
130 419 8 9694 1397 45 68 124 9 208 92 3359 17 18 445 77 8218 21 38 1319 193 
259 73 369 193 392 1535 90 2671 15 2261 54219 130 20 58 2854 12 
192 49 16378 143 925 21 1522 21 38 1028 12 
502 1980 17 19404 28854 38 17 15 599 12 
64998 3979 
22017 4118 144 
9832 30047 143 9 
65000 45 8011 65001 
1620 6538 
648 143 11568 143 27803 143 64997 
321 12 204 12 118 670 611 273 16 181 124 499 31 1114 86 259 591 
11614 1166 6363 65007 67 670 626 17 439 150 440 435 21 450 28 532 
1166 852 95 28 55103 193 874 45 38 1906 1553 3047 434 347 1324 28 140 
414 12 
192 120 17 85 2940 193 