Subject: 8054 52708 8360 2404 12 12 12 
6460 487 369 21 4322 20 499 193 
1050 2 397 397 1051 12 64365 12 3519 397 8054 
68 124 959 1032 274 52708 8360 12 12 12 12 12 
38 18 8 48719 1379 952 954 9 517 21 28 508 6476 
6185 31 729 11416 52893 8360 11066 45 848 45 1857 19592 19450 45 19788 294 19592 
2607 13689 45 52707 8360 45 9135 53490 12 12 12 44077 12 12 12 44076 12 12 12 17 454 
411 6345 31 6457 47656 12 161 164 359 2606 5889 10945 49 
2423 193 
38 35 837 329 28 37478 31 36095 4435 17 50167 4435 312 28 
35773 193 193 193 
64366 12 12 12 12 68 2404 124 107 8809 3863 137 21 28 3557 
649 193 
6460 487 369 21 8066 
1050 2 397 397 1051 12 64365 12 3519 397 8054 