Subject: 536 48672 109 59344 1232 
536 48672 109 59344 193 
12893 45 161 143 
72 38 150 938 8095 2473 990 20 124 21 329 19450 109 22375 45 111 
38 87 21 8438 208 959 3203 2 63768 12 1217 12 
487 164 9 2351 3385 21 1916 179 11068 23 63768 12 
143 143 419 5697 3312 28 7883 834 80 49 59344 6230 193 
143 143 419 3559 3359 298 2977 193 
143 143 15 13813 124 13388 193 
130 70 3521 31 91 31 28 60978 1357 
23 63768 12 1217 45 4322 499 443 990 6237 
109 294 13389 17 1405 143 4157 2 
515 5706 41181 392 343 12 556 
63769 392 639 12 5661 
55731 150 204 28 16268 392 608 12 784 
2564 28 4582 392 264 12 343 
51191 150 204 48733 392 264 12 343 
17 439 150 440 458 12 12 12 2977 124 298 193 
259 521 3388 143 143 5738 921 63768 12 1217 
49 28 2276 143 3192 96 22375 2404 109 28 2298 193 
116 45 
63768 12 1217 
21 9253 125 68 133 81 13 273 21 
44130 302 63768 12 1217 