Subject: 392 35102 9 76 49 3344 639 2661 143 
21 48796 21 481 392 35102 9 76 49 3344 639 2661 45 81 273 
64908 891 302 39508 12 1217 
306 2 194 7 482 21 481 392 35102 12 12 12 12 
4 28 627 1479 
17 38 18 128 70 273 306 4441 109 515 21 220 21 481 392 35102 49 3344 639 2661 193 193 193 
482 21 128 28 508 60425 8054 109 28 1971 138 
482 21 2188 2473 21 481 392 7848 70 4087 125 3314 109 28 1971 138 193 193 193 
20 18 64909 38 306 2473 1367 68 4572 45 35229 45 2473 21 12140 18 548 49 38 12 
487 150 204 2473 38 18 128 28 508 60425 8054 109 28 1971 193 
273 2 
64910 891 302 39508 12 1217 
306 2 2949 14 15 35229 8054 4 28 627 1479 17 38 18 77 8218 182 306 28 2377 45 4782 193 193 193 
120 21 128 68 19689 12140 45 1022 2949 14 15 35229 8054 4 28 627 1479 17 273 21 2 
64910 891 302 39508 12 1217 
3054 12 439 150 440 458 45 21 481 392 35102 49 3344 639 2661 45 
273 2 
64908 891 302 39508 12 1217 
306 2 194 7 482 21 481 392 35102 12 12 12 12 12 4 28 627 1479 17 38 18 36 68 513 430 12 12 12 12 4782 193 
54459 21 38 74 28 183 31 150 68 150 273 18 77 19787 21350 74 50 70 240 143 628 306 231 5247 231 4 28 627 1479 12 2858 18467 149 17 13 17 419 18 5247 38 125 670 10099 12 81 817 143 68 124 9 208 92 133 12 46 38 12 