Subject: 1 2 1893 2474 49 5549 5550 5551 2628 
673 
143 143 143 143 143 546 626 143 143 143 143 143 
125 2 98 99 470 2723 2 613 302 1243 12 320 12 350 472 
102 2 3797 45 229 1254 45 335 618 2 637 207 
21 2 5552 302 5549 12 2426 
627 2 1 2 1893 2474 49 5549 5550 5551 2628 
42 43 12 5552 45 
419 187 77 5553 45 72 38 90 1833 9 1893 1083 
49 1642 150 1082 4 28 648 3083 421 31 5550 5551 12 20 90 
933 130 1528 2 
243 203 109 1610 1611 335 215 1642 150 1082 219 
1329 3 17 561 
1884 45 268 45 729 143 609 1038 
2739 2 1050 2 397 397 1051 12 1243 12 320 12 350 397 2478 397 1654 397 1642 1082 
192 4 269 12 
98 99 