Subject: 54243 968 38 150 151 77 1891 4 68 12 12 12 12 12 
42 18794 45 
7 8 230 639 475 4 28 977 454 2660 12 7 934 34 121 419 150 151 4140 259 
48 92 17 18581 9 356 31 483 109 33599 34223 3867 34 38 150 151 54244 21 914 67 132 2487 12 7 150 938 2209 8095 9 990 8366 17 20 93 
1930 435 20 970 20 150 204 985 21 193 68 513 34223 12474 124 52 54245 833 12 
20 124 47 7746 7747 17 20 124 9926 2233 259 419 3050 150 440 16596 125 184 31 
28 35773 6219 9605 419 150 938 6106 4 28 1335 12 28 1119 54246 9 34971 193 
9 3547 8997 150 519 54247 34971 45 2473 48 959 2233 90 54248 193 193 193 
259 591 31 28 34223 3867 481 54249 1031 17 419 150 938 4140 964 21 392 1876 12 1529 
109 274 9 19799 31 454 193 68 8366 124 259 143 322 218 12 38 274 85 9 3547 
53711 1397 36461 306 9 35477 31 11054 17 54250 28 53153 124 5865 
552 17 20 54251 2354 28 416 19581 15 6290 58 13859 12 81 4618 68 
8366 45 7 83 20 18 548 49 38 531 12 7 933 17 767 259 54252 17 
38 274 8 21 2596 68 49 1897 12 85 2940 17 502 1980 12 
54243 4 54253 
6460 487 49 959 2377 
68 626 124 6187 21 38 74 54245 45018 4118 827 3827 13649 167 1529 1095 21884 9 12 
419 6060 49 184 273 38 229 8 54254 293 12 
81 6460 487 21 77 6617 125 460 8364 12 