Subject: 2543 55 17 2354 24 53 2353 1919 2355 7 3378 7 3379 
2451 45 2354 24 53 219 
390 478 40 1863 313 585 2543 55 17 1036 2353 76 585 
127 7 14 7 3380 1423 199 24 354 5 333 19 390 151 21 595 
3303 15 2464 91 313 1899 24 259 1775 2254 
91 390 34 613 1466 178 313 1715 928 625 91 313 
406 215 928 40 3381 522 3275 24 
150 22 3382 12 1052 19 390 34 1221 313 28 286 40 199 
17 3383 14 15 2465 14 15 2464 24 313 413 414 15 147 
14 17 2354 24 53 2365 354 432 333 28 194 15 217 17 1946 217 
351 354 15 1824 14 522 85 106 24 
31 313 406 3384 91 390 3381 522 1423 19 313 569 2372 432 
3385 868 910 15 217 17 1946 217 351 24 423 350 55 15 
351 19 666 17 286 86 20 372 19 20 1463 40 217 1946 
3386 24 217 902 19 313 34 35 450 40 2333 17 2353 1368 20 
2372 17 2353 230 432 2464 91 415 21 595 2452 24 
230 17 1840 19 902 12 22 3387 14 17 2353 46 
344 14 3388 19 1110 24 3389 217 3390 3391 217 
127 14 3380 213 3392 3393 
31 313 151 432 375 19 259 1221 928 605 102 7 18 19 280 19 87 
2482 46 
102 7 18 46 2365 51 2354 24 53 
280 46 344 7 2479 7 2480 7 2481 
2482 46 344 7 380 7 2483 7 2484 230 928 2485 
344 7 2479 7 2480 7 2486 230 2487 2485 
1610 313 230 2384 354 2354 24 53 24 
2354 24 53 
2448 2 96 2449 2450 
880 51 2354 24 53 295 46 187 187 267 24 2354 24 53 187 
