Subject: 390 4954 313 1824 345 3523 219 219 219 
1824 3545 482 230 17 723 
390 413 885 17 2603 71 221 654 1423 1444 20 4258 
1824 345 3523 24 3061 219 
313 2473 249 1279 1629 80 11315 40 313 24 
21 249 390 2529 87 3429 17 723 19 
390 4954 313 1824 345 3523 24 
31 1050 399 683 17 2030 71 15 208 
552 5760 14 22 1423 19 112 896 20 12938 17 723 130 
22 11881 14 333 19 3650 20 6390 24 
1192 3749 10610 2352 939 230 313 219 
1192 17 10610 2352 80 1314 17994 219 
1192 17995 34 1463 40 17 85 106 24 390 312 21 400 432 
1365 3091 24 
390 1062 55 221 654 1423 1444 76 14 581 19 314 219 
420 19 313 2473 249 1279 1629 80 11315 40 313 24 
230 630 203 286 928 46 17996 9200 51 17997 24 1442 
313 569 383 46 
17998 17999 
16593 7 18000 7 18001 
387 7 388 45 2282 46 335 244 40 491 46 335 340 3714 333 
40 35 7604 45 5 885 19 259 18 40 46 
18002 349 51 17997 24 1442 38 2 4458 2 71 
54 878 20 313 34 35 7604 45 522 885 24 