Subject: 877 352 3785 4893 71 352 2133 24 24 24 24 24 24 24 24 24 24 24 24 24 24 24 24 24 24 24 24 24 24 24 24 24 24 24 24 24 24 24 24 24 24 24 24 
4804 4910 173 
6002 219 
313 151 1499 1052 15 1177 313 
151 416 229 230 219 
15 4910 71 5 1856 16788 12 3829 
15554 219 
390 4954 25 20 522 6721 9386 25 219 
313 151 1499 1052 500 313 151 416 
917 230 7 585 221 5739 19 7137 19 20 3061 16589 3636 1177 219 
31 313 151 409 7759 20 
18585 19 20 569 35 1367 5 12 1499 641 1177 1943 
10930 6392 46 390 2990 313 19 25 12 21 24 
390 464 13464 40 6041 
20 156 7591 5 15554 16589 3636 1177 237 130 1595 
71 3250 24 1594 112 390 151 7143 422 344 14327 18586 40 18587 20 
6703 2485 71 15 961 20 422 22 18588 3268 4991 24 25 415 
6630 5899 522 10970 20 15 10970 14 940 24 
4804 16589 3636 
15 4910 18589 
4910 173 12 1984 91 19 4804 24 
313 80 1488 40 3989 1362 22 3973 19 17 5453 12 18590 
18591 20 17 8940 80 1488 40 16559 215 15189 24 17 7066 
6459 34 1725 20 17 5793 14 3158 34 35 4264 215 18592 
21 140 219 
4804 4910 173 
12 585 221 5739 16589 3636 20 5453 18593 13284 
91 1886 219 549 24 184 2793 6392 19 184 3666 18594 24 5 1177 
3829 241 500 25 228 25 241 24 
1 2 3 1715 15 
943 230 22 157 313 407 313 28 
312 21 40 1715 18594 45 
15 1908 856 313 45 
1569 
1243 1277 40 2353 4804 4910 173 
24 
313 34 2152 16967 16589 3636 38 5 1177 24 31 390 
1235 21 140 71 25 19 390 406 21 1317 313 22 
3112 19 
3650 149 4954 24 1529 19 1322 458 4624 1317 7628 19 220 
141 80 249 552 1702 237 12 1274 28 1492 24 3198 14 206 3344 40 1317 22 
3112 4954 215 390 312 219 
1303 1210 19 1303 
15904 7 221 5739 
38 
4804 4910 
173 19 313 34 21 1499 6266 16589 20 18595 19 38 16589 
3636 313 34 100 2152 458 15904 1460 8077 213 8693 16629 19 
18596 16628 4234 19 20 630 24 17 34 156 17904 17 6459 
20 313 34 1303 25 219 
258 80 15 1629 568 6543 20 568 
10617 239 233 567 18597 71 4804 
4910 173 12 221 5739 24 25 12 18598 38 249 15 
404 5739 320 19 3109 40 104 18599 40 18600 1794 16623 219 
350 
902 40 125 15 10150 20 904 141 260 313 6266 16589 219 
184 5553 18601 87 
18602 15287 219 
5 12 21 215 458 320 91 1286 
7149 20 112 165 313 40 2370 17 18603 20 15287 18604 24 
4804 
4910 173 6139 55 537 1685 24 313 312 21 151 40 2370 17 
18603 19 4558 18604 19 87 15287 40 1303 15 2597 14 
4804 
4910 173 24 1529 19 4558 1301 20 16663 12 1301 17233 
20 34 249 260 17 16589 3636 19 220 25 12 21 1274 40 18605 4910 173 505 24 220 19 313 625 500 7 38 15 16589 
3636 20 5453 313 6697 45 136 4804 4910 173 19 313 413 2 3 18606 
1303 1301 19 20 313 34 151 15 6626 20 5453 40 35 630 4248 
20 4552 18607 19 91 12 1499 641 942 20 1460 2597 14 5 
15554 1177 219 
3112 4954 
477 31 313 151 416 18608 
347 19 1 2 3 313 16288 25 40 868 40 665 5 15554 19 3778 1177 354 
3829 184 4204 239 313 151 22 872 3112 40 1929 31 390 3683 593 
40 522 2990 24 5 328 5867 313 91 
4804 
4910 173 12 230 23 20 34 2370 17 3158 15 18609 
1615 25 24 
350 902 40 2353 17 
4804 4910 173 1243 1277 19 230 249 1920 447 24 2425 19 1529 91 12 1243 249 
1920 447 24 2425 313 413 6266 221 15 16589 313 643 20 312 25 1277 24 
1920 447 24 2425 7 3112 19 3650 149 4954 7 221 5739 7 17693 18610 
13284 
500 80 313 229 
230 239 5 12 17 536 7 1505 25 20 2353 1243 1277 219 
350 902 24 
211 18611 336 4390 7 221 6261 
6413 24 5 6 12 585 11741 445 40 313 28 585 1572 3484 
1827 24 
5 6 34 249 35 445 421 24 390 146 522 102 7 18 71 6462 18612 2776 
438 20 5942 5071 24 
350 902 40 35 7604 
45 522 884 885 24 
230 203 133 
522 102 7 18 3484 2070 19 259 1221 928 605 102 7 18 24 
350 
902 40 199 203 24 