Subject: 902 12 17 536 
211 211 211 211 211 211 211 211 211 211 211 211 211 211 211 211 211 211 211 211 211 211 211 211 211 211 211 211 211 211 211 211 211 211 211 211 211 211 211 211 211 211 211 211 211 211 211 211 211 211 211 211 211 211 211 211 211 488 40 15 269 4142 20 15 1276 19 
313 413 35 22 16351 547 22 1193 219 219 
211 211 211 211 211 211 211 211 211 211 211 211 211 211 211 211 211 211 211 211 211 211 211 211 211 211 211 211 211 211 211 211 211 211 211 211 211 211 211 211 211 211 211 211 211 211 211 211 211 211 211 211 211 211 211 211 211 217 2003 1943 422 4538 22 14327 3606 567 364 40 63 
1909 45 17 85 230 585 4591 14 249 1920 1171 1421 24 96 24 
3606 24 217 
347 313 1564 217 16269 217 19 259 644 15 194 24 5 12 
15 3176 313 151 416 3033 133 55 15 3029 3630 24 
4548 40 15 12017 14 5 3176 55 15 1276 19 22 
1133 10145 3029 930 131 7767 585 2754 1639 
40 15 14322 14 5 930 19 40 125 31 25 519 413 
1286 1050 3650 24 
15 1639 100 16353 455 87 21 15 930 130 
4009 24 1120 14125 16354 421 20 230 221 91 129 80 
217 3829 184 2430 16355 15 393 71 15 
930 20 31 1050 413 2454 15 1633 3413 19 
141 80 9531 40 1286 409 7671 16356 38 249 1920 1171 127 14 
15643 3649 217 24 
4548 40 15 1036 104 14 12017 833 3278 5 
930 415 16357 19 25 12 2804 1299 1301 631 
4284 24 
5 12 500 869 135 1209 40 1564 46 
217 1 2 3 407 593 5 15604 943 219 217 139 130 5954 
1322 2962 347 139 2672 13751 1499 40 125 500 869 518 
566 71 427 230 15 3352 3802 20 3650 1274 24 
40 226 16358 19 139 1121 2398 1920 16359 19 16360 24 335 71 275 2133 19 
38 3650 618 1233 71 217 24 16361 16362 19 16363 8258 19 157 
16364 24 
902 12 641 16365 46 
217 5 930 415 416 1382 230 22 152 333 220 139 1267 
16366 71 25 24 220 869 2549 150 139 1121 5 558 71 
15 18 139 501 40 16367 226 1920 1171 55 25 24 139 8280 15 
1633 3413 20 16368 24 24 24 24 24 352 2133 1635 15 3650 
916 40 592 71 24 208 3175 139 249 939 1920 5600 24 335 220 15 
2126 349 1909 1279 91 139 939 22 2398 14 1920 16369 19 2742 24 335 24 568 
1486 19 71 15 1908 334 1909 28 37 7 5810 15 18278 19 139 151 192 939 422 1920 16370 19 2742 24 335 20 139 244 2987 25 558 24 15 1062 40 
3400 71 5 930 12 40 2454 15 1633 9693 20 192 21 2370 1614 24 217 
630 16371 1635 220 208 19 
1192 1192 1192 1192 1192 1192 3380 5 1277 230 17 3655 1840 1192 1192 1192 1192 1192 1192 1192 
31 313 406 215 40 1286 354 559 1920 3503 19 2742 567 364 40 63 
1909 1596 20 16372 19 259 644 15 
194 24 24 24 112 644 25 558 20 558 219 219 219 
1499 2454 15 1633 3413 490 20 17 4626 
12790 34 592 425 19 3061 219 
3413 46 
221 313 151 40 312 12 2353 6407 2379 3200 45 15 
6407 1050 3906 490 24 936 3200 34 530 313 
38 16382 3484 203 133 904 40 146 16383 
102 7 18 6280 19 240 40 683 3605 14 1468 6623 
7164 20 571 630 24 
230 1573 3201 19 146 1920 63 12894 19 15 370 833 573 14 15 
3201 313 80 2358 20 17 102 7 18 86 40 15 
135 622 370 253 55 15 885 2126 40 1573 3201 24 
1286 1240 17 427 86 12 55 17 14582 1824 4157 
2375 71 542 14 6350 504 24 
3201 1919 344 217 15 12815 2 96 4850 40 200 16383 102 7 18 55 15 
1276 217 
2353 3201 1919 344 45 46 
5011 18279 
18280 18281 18282 1919 1171 
12681 484 24 18283 
3201 1919 349 217 15 18284 4850 40 2615 230 1468 55 15 
1276 217 
2353 3201 1919 349 45 
4061 18285 
18286 18287 4197 24 
18288 484 24 18289 
3201 1919 352 217 15 8404 40 16395 3484 55 15 
1276 217 
2353 3201 1919 352 45 46 
18290 18291 
475 24 968 24 1146 3438 
18292 19 18190 192 18293 
3201 1919 364 217 904 40 1634 22 16351 18294 15 4910 
14 841 2237 3484 20 15 1276 217 
2353 3201 1919 364 45 46 
720 24 102 24 2704 
475 24 968 24 1146 18295 
12681 19 484 
18283 
3201 1919 63 217 904 40 146 344 19 2742 19 2742 102 7 1814 230 1468 217 
2353 3201 1919 63 45 46 
18296 22 24 18297 
18298 4229 24 18299 275 
18300 19 18192 
18301 
150 313 1709 17 2353 19 1286 1240 313 2353 1573 14 
15 63 3200 24 313 34 433 221 63 3200 568 91 313 413 192 1384 206 55 17 269 20 15947 206 24 17 2398 3649 
34 35 1920 63 2687 63 211 1920 1171 24 335 24 
547 22 1892 1702 313 34 1615 19 605 102 7 18 19 1573 14 
15 63 3200 45 936 63 1626 1788 24 1384 206 
55 17 269 568 141 34 35 1953 230 313 40 146 
40 15 344 19 2742 2 96 14 1050 553 34 2353 206 45 313 24 100 
1286 22 16374 14 936 3200 20 856 25 55 17 5401 71 
542 1292 1489 40 17 269 24 
40 234 313 916 19 20 590 55 17 405 40 4626 13324 19 
146 585 1555 1920 63 24 335 40 15 86 490 20 1615 63 19 2742 
469 102 7 18 3405 24 35 1240 40 289 17 370 19 102 7 18 
86 20 17 2353 55 22 13414 1217 14 1122 24 
5011 18279 
18280 18281 18282 24 1919 1171 
12681 19 484 18283 
33 7 312 21 3718 15 401 14 15 1050 553 
80 3906 2126 40 1573 3201 19 87 1120 7744 55 15 
885 19 71 432 405 458 631 500 12 16375 490 71 
9693 344 910 892 87 313 34 3618 127 55 4479 14 17 
16376 24 421 313 1247 15 405 5 1886 19 313 34 
100 125 904 25 241 21 505 31 313 2370 25 24 
420 19 5 251 415 416 2262 19 20 31 313 3718 19 25 
34 21 505 219 219 219 1050 151 255 40 168 1120 316 187 16377 
401 55 221 6407 1367 141 518 234 
221 15 3650 24 220 25 241 21 505 5 405 24 140 928 19 390 
221 151 255 40 35 16378 20 112 3693 2081 24 568 312 
21 665 40 2370 1614 458 631 500 12 16375 24 
233 31 313 312 19 25 34 21 505 230 313 24 420 19 
16379 16380 15 8177 219 219 219 
344 24 1279 313 151 2377 221 63 3200 19 1505 5 
11741 20 4458 15 370 833 86 14 15 135 71 
3201 1919 63 24 5 135 415 939 25 910 15 7964 20 12 
184 3060 16381 1120 3525 24 
349 24 24 24 24 1931 15 370 833 86 71 3201 1919 364 905 40 3201 1919 63 24 
352 24 24 24 24 1931 15 370 833 86 71 3201 1919 352 905 40 3201 1919 364 24 
364 24 24 24 24 1931 15 370 833 86 71 3201 1919 349 905 40 3201 1919 352 24 
63 24 24 24 24 1931 15 370 833 86 71 3201 1919 344 905 40 3201 1919 349 
892 24 24 24 24 3316 17 370 833 86 71 15 3201 1919 344 3545 24 
259 1286 1240 313 3985 567 370 833 86 11145 219 
1505 5 2754 3176 19 38 15 6876 885 14 401 19 
20 1384 25 55 17 269 24 312 21 1286 432 458 2361 24 
1384 5 55 22 11669 84 590 1499 71 542 31 313 3618 432 
10 24 
211 211 211 211 211 211 211 211 211 211 211 211 211 211 211 211 211 211 211 211 211 211 211 211 211 211 211 211 211 211 211 211 211 211 211 211 211 211 211 211 211 211 211 211 211 211 211 211 211 211 211 211 211 211 211 211 129 80 349 6719 1480 40 234 5 4644 1488 46 
211 211 211 211 211 211 211 211 211 211 211 211 211 211 211 211 211 211 211 211 211 211 211 211 211 211 211 211 211 211 211 211 211 211 211 211 211 211 211 211 211 211 211 211 211 211 211 211 211 211 211 211 211 211 211 211 211 192 
251 1919 344 46 28 200 16383 102 7 18 6280 
211 211 211 211 211 211 211 211 211 211 211 211 211 211 211 211 211 211 211 211 211 211 211 211 211 211 211 211 211 211 211 211 211 211 211 211 211 211 211 211 211 211 211 211 211 211 211 211 211 211 211 211 211 211 211 211 211 192 
1715 2 96 1564 91 313 1929 40 156 1503 19 1499 40 125 904 
25 1880 19 20 390 34 1484 313 20 1642 1289 146 127 
249 63 19 2742 102 7 1814 1573 24 1715 2 96 100 1484 91 15 884 
1615 249 22 0 24 349 1413 128 56 15 128 518 35 571 
1301 220 2363 1499 1564 25 12 249 0 24 349 1413 24 100 1322 1050 
34 146 127 2743 14 3605 102 7 1814 3229 14 249 
63 19 2742 1573 60 24 
3011 38 5 1295 19 313 146 127 249 63 19 2742 102 7 
1814 24 38 22 0 24 349 1413 128 19 91 12 249 345 2365 230 
3201 1919 344 24 1642 345 1050 11059 28 200 127 63 19 2742 
102 7 18 1573 230 22 2398 14 1982 19 2742 24 127 14 1642 1982 19 2742 102 7 
1814 249 0 24 349 1413 11059 38 2365 24 91 2 96 211 578 1050 
11059 20 2377 3201 1919 349 24 1642 578 1050 18 127 
63 19 2742 102 7 1814 1573 230 22 2398 14 3503 19 2742 102 7 1814 24 15 0 24 349 1413 
128 40 91 12 3526 2365 230 3201 1919 352 24 1642 3526 
1050 146 127 63 19 2742 102 7 1814 1573 230 22 2398 14 63 14327 
102 7 1814 445 127 24 15 0 24 349 1413 128 40 91 12 345 19 2742 2365 
230 3201 1919 364 24 1642 345 19 2742 1050 146 127 63 19 2742 102 7 1814 
1573 230 22 2398 14 1982 19 2742 19 2742 56 1982 14327 60 102 7 1814 24 15 
0 24 349 1413 128 40 91 12 578 19 2742 2365 230 3201 1919 63 24 
91 2 96 578 19 2742 2365 2962 1920 63 1573 211 1920 3503 19 2742 24 335 56 4538 
14327 60 24 
17 2398 88 71 5 1295 12 46 
344 24 24 24 24 24 1920 1982 273 
349 24 24 24 24 24 1920 3503 273 
352 24 24 24 24 24 1920 63 19 2742 273 
364 24 24 24 24 24 1920 1982 19 2742 273 
63 24 24 24 24 24 1920 3503 19 2742 24 24 24 24 24 24 24 24 24 7717 2398 211 1920 15040 19 11351 24 335 
2478 312 21 11861 24 234 22 16384 833 1122 20 5783 127 15 
1485 397 11150 20 184 3765 904 313 16386 25 19 
313 34 618 1286 22 564 14 3650 219 
420 3614 19 5 12 1592 249 345 1050 2358 
127 14 63 19 2742 313 8266 40 24 3344 40 402 230 22 5291 500 
406 1489 31 2836 19 87 4538 87 477 869 364 403 14 1642 
1050 8266 578 19 2742 102 7 1814 1573 87 630 239 129 80 422 
3534 14327 1050 55 15 1276 3501 20 16381 24 
140 682 19 1322 1050 34 312 1499 91 19 20 630 219 
211 211 211 211 211 211 211 211 211 211 211 211 211 211 211 211 211 211 211 211 211 211 211 211 211 211 211 211 211 211 211 211 211 211 211 211 211 211 211 211 211 211 211 211 211 211 211 211 211 211 211 211 211 211 211 211 251 1919 349 46 28 8706 1468 7164 55 15 1276 
211 211 211 211 211 211 211 211 211 211 211 211 211 211 211 211 211 211 211 211 211 211 211 211 211 211 211 211 211 211 211 211 211 211 211 211 211 211 211 211 211 211 211 211 211 211 211 211 211 211 211 211 211 211 211 211 2615 55 15 1442 12 589 9522 20 129 
80 2743 14 1468 5664 40 11394 24 8706 22 564 14 
1468 7164 55 15 1276 34 1596 234 22 7146 128 24 
390 1812 602 313 156 38 251 1919 344 20 1402 251 
1919 349 84 313 1463 1891 24 
230 567 1920 63 313 1615 19 221 313 1515 312 12 102 7 18 206 15 
3201 141 2377 24 91 2 96 25 24 1254 530 419 2549 
250 55 221 2365 24 5 34 4954 91 15 102 7 18 
141 146 127 19 38 17 370 20 86 55 25 19 34 35 
2657 233 141 413 21 11394 178 141 1615 15 
3201 24 
129 80 2804 630 631 3534 19 2742 19 2742 1050 317 
3501 219 
1920 1920 1920 1920 1920 1920 1920 1920 1920 17 3400 6493 1920 1920 1920 1920 1920 1920 1920 1920 1920 1920 1920 
2454 936 6493 40 4954 17 3400 46 
31 313 312 21 1615 354 559 345 2365 230 3201 1919 344 
547 349 2133 19 613 200 102 7 1814 178 313 312 24 
1279 313 151 1121 345 2365 19 349 40 352 2133 1279 91 
313 328 1615 578 2365 87 630 230 3201 1919 349 24 31 313 
1235 21 19 613 2615 87 200 102 7 1814 178 313 
312 24 
421 313 151 1121 578 87 630 2365 230 3201 1919 349 19 
313 413 5454 19 233 15 29 12 437 1299 230 313 
20 15 12894 34 613 40 15500 71 219 
5 12 33 40 420 46 567 333 17 370 12 
2084 905 55 15 885 19 313 80 3113 71 5378 14 22 
1626 3201 24 313 413 856 2367 14 17 147 28 
5439 237 3201 1050 80 2358 45 313 24 31 313 
643 40 1165 630 88 146 641 16411 14 102 7 1814 
20 156 15 872 154 558 24 129 12 184 7827 40 15 
88 313 413 1165 45 5 2030 219 219 219 
194 12 22 934 45 15 16412 14 5 930 46 
313 151 1499 1121 203 91 413 1863 313 
4626 13324 230 15 1775 14 17 3158 19 38 184 4204 
20 1499 22 1856 600 14 3802 24 313 413 1286 630 3650 71 
15 2126 1892 2133 20 1909 631 313 151 4284 16413 24 
2454 15 930 1984 84 16375 24 312 21 2370 25 
71 432 405 24 25 1886 16414 590 84 25 12 1277 24 420 
40 102 7 18 22 3985 14 5 4075 3201 1279 313 151 168 
17 370 20 86 71 3201 1919 344 20 2084 940 40 
1919 349 24 24 24 24 24 24 24 24 24 24 24 1919 63 84 16375 1805 24 869 14 15 1050 313 
146 5 40 569 146 127 578 19 2742 87 630 102 7 1814 20 17 
370 34 35 55 2836 14 206 24 420 138 19 15 630 
313 146 127 15 630 4633 2485 313 34 1496 24 
568 226 3614 19 139 151 462 313 15 472 19 203 19 
1649 20 943 40 1634 16415 1572 24 
25 12 593 40 313 1277 219 
1192 1192 1192 1192 1192 1192 1192 1192 1192 1192 1192 1192 1192 1192 630 16371 1192 1192 1192 1192 1192 1192 1192 1192 1192 1192 1192 1192 1192 1192 1192 1192 
217 226 370 12 7025 24 226 2132 19 16416 20 139 3683 71 3509 24 
139 244 585 16417 38 22 654 1421 24 96 24 3540 20 139 1286 192 1253 1210 3650 24 150 139 1121 5 930 139 16418 
40 16416 133 1749 2 2 16419 18 2 2 24 139 939 10017 14 15 
872 642 19 16420 226 116 14 15 14953 20 
14078 1289 24 139 2 2 6395 2 2 25 640 2 3 505 24 16416 
12821 5380 226 3663 1799 20 1892 1702 1635 
3108 16421 71 38 1935 5982 24 139 939 16422 10017 14 557 19 
20 130 1546 40 9949 15 435 2 2 139 1898 313 568 2 2 55 557 150 
15 642 1579 2 3 505 24 590 19 15 16423 130 55 682 219 547 352 
2133 3108 1209 1121 1982 11150 24 547 15 2126 5671 1702 
3108 1209 1121 22 2398 14 1920 12508 19 7483 24 335 221 12894 219 139 130 
16424 24 139 151 13751 16416 71 557 2 2 16425 2 2 24 217 7025 
14386 19 3509 19 7300 
217 21 541 15 16426 369 19 25 3121 682 1739 2133 40 
1286 593 226 653 40 5616 71 5 4319 24 220 
16427 91 139 244 19 139 501 91 15 41 
4591 130 568 1856 91 129 130 1499 184 405 91 139 
640 2 3 234 1066 2365 40 354 559 234 226 3650 149 24 
139 130 11398 150 139 1052 226 11001 1968 132 5412 1146 
16428 38 2365 24 139 939 1920 16429 19 9762 24 335 71 15 208 447 
2133 24 15 2329 642 133 5 5248 12 91 25 241 21 
3765 240 1050 3683 24 129 423 3144 2 3 22 1301 
4591 38 22 4838 427 20 568 3524 24 217 68 16430 19 
10060 19 5234 
217 139 1209 1121 5 930 347 24 139 32 25 19 220 1635 
139 3342 31 139 328 151 462 25 22 665 24 14 581 19 139 1209 
184 1354 553 40 1221 40 234 641 3985 19 568 139 1209 40 366 
178 139 130 102 7 8266 558 28 1176 612 24 24 24 24 24 24 24 24 24 2282 1909 
915 112 25 11222 2628 558 24 24 24 24 24 24 139 1235 21 4 
5 869 219 139 939 630 631 1920 16431 19 2742 55 226 208 665 20 221 
15 3650 2628 547 2286 2133 217 24 16432 2166 16433 19 157 4389 19 
1565 24 6984 24 
217 25 519 12 22 498 943 40 1286 1339 1797 
3650 38 1856 3649 40 313 24 139 8280 15 1633 
3413 5543 20 547 345 1702 15 3650 916 
40 592 71 24 226 208 3175 139 939 1920 767 19 8580 24 335 20 28 15 2249 
14 3482 3175 226 2398 12894 16434 130 1920 16435 19 16436 24 335 24 3158 12 
9425 19 261 40 1276 217 24 9595 16437 19 16438 19 157 
10251 
2353 17 3200 323 20 234 916 55 17 8933 40 
4626 13324 219 
211 211 211 211 211 211 211 211 211 211 211 211 211 211 211 211 211 211 211 211 211 211 211 211 211 211 211 211 211 211 211 211 211 211 211 211 211 211 211 211 211 211 211 211 211 211 211 211 211 211 211 211 211 211 31 313 151 432 375 14 15 16439 14 5 930 19 
1221 15 5412 14 830 480 230 3484 
9736 19 7660 4350 4024 19 16440 14 5055 
4980 19 3521 19 763 24 768 24 
1291 10494 96 24 14087 3385 3017 915 28 15 8725 403 928 2969 
5 3176 399 35 543 4367 84 152 84 15 2310 
2695 1221 203 20 22 251 14 15626 24 5 
12 869 333 102 7 18 9548 24 184 199 230 15626 12 
1271 24 
5 6 12 445 71 6462 14 15 157 286 10494 9423 
16445 24 1291 10494 9423 16445 915 28 15 1979 403 928 2969 55 
569 2308 19 3377 19 5 6 399 35 543 4367 84 152 
84 390 289 15 405 40 35 7604 24 108 4441 9423 16445 19 
5 12 22 869 333 884 24 1673 184 199 230 15626 
12 1274 219 192 