Subject: 37 46 2336 2055 24 16223 
80 313 596 25 2361 15 1336 7 369 479 149 479 40 298 19 477 31 
313 151 1292 215 5 354 15 4316 14 15 106 313 80 
1525 46 
239 
7 12804 
55 62 19 345 569 59 19 890 16180 191 46 
192 
192 193 139 665 40 312 22 2336 40 22 106 55 641 1162 56 568 184 2261 
192 1158 413 35 3620 60 
192 139 255 1935 
192 
192 128 24 4214 56 16224 60 213 
192 217 187 192 
192 
192 71 15 208 542 15 1336 369 445 40 15 98 12 1254 298 
192 20 21 1207 56 16225 40 312 22 16226 46 2397 234 295 99 24 24 24 3740 295 60 
192 71 15 1624 542 3693 4284 2081 19 
192 415 1419 432 472 14 904 40 312 22 2336 239 
192 488 
192 890 16180 
192 