Subject: 37 46 1207 833 2220 
55 1866 19 1171 569 59 19 2795 16254 191 46 
192 354 3469 46 1855 340 352 187 334 187 1115 273 1431 19 16251 191 46 
192 192 139 244 1299 55 1208 24 139 406 215 40 625 904 1207 833 1207 1926 20 35 
192 192 4921 71 2220 24 31 397 518 1421 146 682 22 3789 412 
192 192 16251 
192 
192 390 1579 2 3 312 432 1207 1926 19 220 313 92 683 25 3750 2174 40 
192 665 13008 479 3600 1187 479 19 1499 127 19 3368 658 46 217 542 3722 46 6084 
192 38 1187 19 1206 19 20 1208 217 24 31 313 151 432 504 19 165 682 24 24 24 139 312 
192 1277 625 904 40 1725 2923 14 15 1206 1692 56 1204 
192 6474 860 3077 246 608 16252 71 217 16253 217 1621 24 60 15 
192 412 328 35 5222 45 13008 19 220 139 1868 2 3 2041 24 
192 
192 2795 16254 56 2050 1919 491 2010 15 16255 4358 55 15 1452 46 7 60 60 
902 2 96 585 1295 91 1523 1207 249 46 
239 1188 1462 211 2 344 24 0 2 239 
219 15147 1207 1389 217 7 187 187 16133 187 187 2029 1207 344 24 344 187 187 5097 217 217 295 46 187 187 267 24 16133 24 1583 187 2029 187 1207 479 344 24 344 24 1188 217 
2395 497 217 192 
551 1322 2374 1052 56 60 259 530 630 1266 1423 6039 40 4471 17 1423 24 
0 217 192 
1423 1629 56 60 46 
184 2374 1052 
129 12 22 1187 106 91 1523 16040 2 96 1337 4894 1424 40 
383 585 1188 2022 2255 91 13052 1188 10 45 22 860 24 15 
16256 27 1740 5 2220 4894 38 15 1188 10 24 24 24 
1234 230 15 2542 1266 880 220 869 639 1438 22 1856 
4071 4235 5 24 
7 12804 
16115 24 8769 16116 56 12804 60 
16040 30 19 483 24 
14692 24 648 3451 3531 