Subject: 18114 5632 494 352 18115 497 
904 40 17061 104 1311 46 
1596 3698 654 4924 3319 1243 5435 219 
18114 167 34 260 313 104 1311 28 585 
16967 1982 1413 40 578 1413 24 1495 18116 6110 1311 219 
38 869 2482 383 313 413 35 46 
5477 221 654 4924 3319 219 
5477 12340 422 15 1442 87 28 280 219 
5477 23 333 224 230 3403 2246 219 
18117 18118 16897 20 15586 219 
1506 15 13895 1277 24 184 630 2080 31 217 15 414 
12 71 15 18 217 
390 18119 71 1981 11165 553 
80 1499 4735 127 38 184 4924 19 4429 4924 19 87 
477 31 313 151 498 4924 24 
3688 2836 12 2523 219 
423 2529 17 
370 46 
18120 46 
20 404 333 40 383 46 
1610 313 230 17 333 
40 35 7604 45 522 8719 259 231 38 217 4458 217 71 15 54 878 24 