Subject: 94 1629 
488 40 2836 553 4370 127 22 94 219 
390 1209 1982 87 568 11150 24 902 80 15 1629 24 24 24 24 
7 2604 
2604 2886 
197 2887 833 43 288 
288 30 690 19 264 2888 
2604 24 2886 51 1224 24 264 24 53 
1208 94 1629 
344 60 80 313 2804 1064 22 1208 523 239 
184 2027 1413 
1529 12781 1413 
14 1642 553 2643 1529 19 5 12 904 25 1680 905 46 7 
2491 5918 1413 
7862 230 3610 2287 1413 
71 3610 1277 337 1413 
349 60 80 313 136 1187 2 96 87 327 40 1165 1207 1336 239 
1529 7844 1413 
184 334 1413 
551 2059 40 1564 2286 1413 
352 60 237 1208 5787 187 295 43 1162 80 313 2491 87 136 40 159 17 523 239 
22 1090 14 16126 902 24 4139 344 187 352 1579 2 3 2202 22 5787 19 639 233 141 80 354 15 2059 
5128 2524 24 15 1093 349 187 352 2202 22 5787 187 43 1162 616 24 
5873 
133 344 187 349 10149 5873 400 15 2482 24 53 593 24 351 5787 4022 354 267 24 2482 24 53 24 
133 344 187 349 10149 5873 400 15 4666 1208 1162 45 267 24 4666 24 53 24 
22 1892 1050 80 136 15 847 848 16127 5787 45 267 24 16127 24 1583 19 494 869 230 23 9026 497 24 
458 16128 390 230 2801 4822 648 20 15 16129 1208 12308 24 
43 1590 20 1187 187 197 1444 56 5692 849 1590 60 
1584 43 1162 20 1578 1187 197 1424 87 2816 1187 187 197 1424 
3304 12271 38 3729 1187 197 1424 87 12096 7949 197 1424 
1563 918 1162 352 24 892 187 16130 84 364 24 0 
16130 56 12273 24 24 24 1903 1563 60 38 12096 
16130 523 1162 364 24 0 
264 288 43 1162 349 24 0 
16131 273 12096 87 1563 918 1162 273 12096 
12523 849 1162 
6870 7 892 24 344 187 1584 19 2816 187 16132 230 1187 187 327 
1563 918 1162 352 24 892 
364 60 500 12 17 4944 1208 723 56 96 60 239 
71 184 1095 2353 24 24 24 
267 24 2482 24 53 
267 24 16133 24 1583 
267 24 16134 24 53 
267 24 16135 24 53 
267 24 16136 24 53 56 230 15 1208 13 7 1463 40 16137 0 24 16138 24 53 46 11430 187 1207 187 1952 24 1207 60 
267 24 4666 24 53 56 3105 4819 354 46 295 46 187 187 267 24 4592 24 4666 24 53 187 1208 479 3105 187 1952 24 298 60 
267 24 16139 24 53 187 1952 24 4948 
267 24 16140 24 1583 187 16042 187 
267 24 7971 24 53 187 16141 187 
267 24 16142 24 53 56 40 35 1595 460 60 
267 24 16127 24 1583 
267 24 16134 24 53 
267 24 16143 24 53 
267 24 16144 24 53 
267 24 1208 24 53 24 3481 
267 24 16145 24 1583 
267 24 16146 24 53 56 1733 12603 14 1208 2246 60 
63 60 1235 313 87 80 313 3786 458 1216 631 1208 187 2835 187 327 239 
133 344 187 352 2643 184 40 5 24 458 1216 91 1050 1209 543 87 464 917 354 2461 46 7 
1188 187 2342 56 125 1188 24 1584 24 1583 60 
6567 12794 
768 187 768 273 273 482 230 1208 20 16147 38 1162 1832 
139 7 6589 187 12023 
4248 1162 1328 56 10481 60 38 1208 
1446 
12932 
1449 
3304 4309 10897 38 3417 91 6542 373 298 
10592 187 3150 
1188 
16148 
16149 273 16150 2058 
4887 
