Subject: 3670 2396 14 327 24 
193 19 
470 415 432 2152 38 2396 3670 1727 45 22 1208 2482 19 
2975 4666 16042 24 230 1295 15 166 2 96 2482 3194 230 3685 12 
12647 4551 24 
139 151 550 327 19 869 197 34 1165 1207 91 34 2657 166 230 
1727 136 15 1079 2497 20 112 407 15 1079 55 40 15 2126 197 
71 22 16242 14 22 1463 2497 38 449 22 132 87 234 251 24 
550 599 34 1489 19 869 12 15 2482 34 1615 585 5896 1162 
128 6 20 15 458 12 15 197 15779 22 
659 56 513 71 348 1183 60 24 
22 431 40 934 46 327 505 150 136 22 1208 98 16093 215 4666 
2581 20 16243 87 150 139 545 15 2482 40 1770 6589 24 230 16244 19 139 
1209 40 3694 15679 15 1385 162 84 22 1556 1594 16244 
1 2 3 379 3670 3671 215 12647 4551 24 
124 139 532 46 4666 16042 2482 91 6542 12647 4551 19 1039 
4551 20 1770 24 4666 1208 1162 24 1584 43 1162 24 12096 197 
1424 24 10718 7 334 3623 24 
470 1545 500 2 96 583 239 
404 684 24 
16183 9336 8242 
16245 24 16183 51 16246 7 3481 24 53 
1149 46 56 3573 60 16247 16248 280 46 56 3573 60 16247 16249 
1235 46 56 3573 60 16247 16250 
15 43 864 295 46 187 187 267 24 16246 7 3473 24 53 
1645 9549 7 3617 482 