Subject: 5 2991 354 15592 59 24 53 
2781 2282 19 59 
925 3403 19 
902 80 5 2991 2 96 11856 14 5147 3029 20 617 46 
1192 15592 59 24 53 1451 14 15 2991 7 2652 59 1162 2770 
1192 15595 24 53 723 10504 7 15984 24 53 
1192 15592 59 24 53 317 617 
1192 15592 59 24 53 15597 7 2535 
1192 15592 59 24 53 404 43 2088 7 2535 
1192 15592 59 24 53 4805 7 2535 
1192 15592 59 24 53 94 7 4390 4496 20 4233 
1192 15592 59 24 53 1057 11909 10504 
15592 59 24 53 1451 14 15 2991 7 
5 2991 2 96 2965 11209 15592 59 24 53 1451 14 15 2991 12 
217 3539 2652 59 1162 2770 4159 217 28 3539 24 5 
6605 19 7659 545 525 71 7 3845 20 5969 8685 608 
5 3421 2030 1162 1194 45 1642 553 625 15 
648 404 7 15 2652 59 1177 690 24 15 4159 4895 4830 
3380 1604 46 217 1742 187 1743 1585 3537 4850 19 9026 5279 
4850 19 4028 2419 4850 19 15985 4850 19 1276 
203 2070 2770 4850 217 19 20 15 217 1276 3434 
2770 4159 217 24 
15595 24 53 723 10504 7 
151 313 2771 3516 14 15984 24 53 19 15 25 7 1266 5848 239 
5 12 22 6110 2770 2046 14 904 217 14547 217 313 80 7 6054 593 
230 15 4251 14 15 2549 20 400 15 723 84 22 1822 20 5576 1840 24 
295 46 187 187 15984 24 15595 24 53 187 
15592 59 24 53 317 617 7 
6041 15 1691 14 15789 24 1442 20 904 25 1886 71 15 23 333 
2542 864 217 2364 17 1854 187 59 3640 38 585 15787 217 55 
1170 19 2781 447 403 354 352 46 552 8052 56 767 46 552 341 60 24 1 2 3 4204 3080 5 
2972 317 535 38 15 1854 1502 2516 45 15789 24 
5 23 333 2542 864 12 8919 40 313 28 15789 24 
295 46 187 187 267 24 15789 24 53 187 14563 349 15790 
5279 17 2535 59 6108 239 927 928 446 19 2781 
332 403 354 352 46 335 475 24 1338 24 8052 56 767 46 335 341 60 230 15 3683 2518 3059 833 22 217 2333 45 15 
15807 46 500 313 433 40 625 133 3416 349 761 347 313 4319 17 
2535 59 6108 217 24 877 28 522 1057 886 150 9646 11345 
20 11345 15986 597 1120 2518 6169 55 22 13748 6108 24 
5 3683 2518 3059 833 22 12 3414 28 15627 24 
40 295 46 187 187 267 24 15627 24 53 187 9998 187 3677 24 10481 239 1127 
15592 59 24 53 15597 7 
15987 40 2652 59 151 592 40 15988 374 15989 14 
4440 24 6302 15987 80 543 15990 20 10966 
15987 15991 15992 24 15592 59 1129 4299 94 
526 6749 91 1443 3275 19 15993 561 14 541 4990 7 71 
15 7 1141 19 80 22 1486 14385 45 3755 15994 24 
15592 59 24 53 404 43 2088 7 2535 
84 4068 3311 5929 19 102 7 18 415 1634 15 15995 230 3341 
3451 24 902 2 96 240 40 3311 31 313 151 1614 40 312 38 
2535 20 7415 19 11146 4206 20 11147 19 10653 15996 87 
1276 18 24 5 4905 4441 12 869 91 313 2 1278 643 40 9024 
15592 59 24 53 4805 7 
2535 46 136 15997 230 2535 7 150 313 151 507 
2535 1590 3303 71 1626 5664 19 313 433 15997 40 
4512 9548 627 206 24 5 4798 11870 15 400 14 
15997 24 40 644 630 350 490 24 
230 22 10644 14 221 522 2535 4805 350 490 24 
15592 59 24 53 94 7 4390 4496 20 4233 
15592 59 24 53 12 1189 71 1726 17 4390 4496 
20 4233 24 1505 522 94 20 390 2 1278 597 15 1629 55 500 313 
20 17 15606 80 5279 71 5147 1783 20 
15592 59 24 53 4895 24 
15592 59 24 53 1057 11909 10504 7 
829 20 4545 320 45 409 14 15 4042 9303 71 15 
3416 59 1056 19 71 15595 24 53 2 96 1057 4350 1639 24 2362 15 
847 30 4724 10563 24 15998 525 30 117 
20 9026 482 230 2651 14542 19 20 15 15802 
20 102 7 250 4408 91 379 206 24 
15592 59 24 53 3403 526 7 
390 643 40 625 500 313 402 219 3403 526 12 2972 71 1981 
928 1823 20 1725 15 723 24 286 17 5904 20 489 40 
15625 51 15595 24 53 24 390 391 392 40 3033 45 313 24 
488 2836 230 221 15 379 219 
15592 59 24 53 12 22 15595 24 53 2525 723 24 40 1634 
22 3403 14 432 87 221 14 522 1423 1424 2246 19 1499 350 55 15 217 11275 
17 4614 217 351 354 15 1824 14 15592 59 24 53 20 2543 84 313 215 24 
5 6 12 541 445 40 313 28 295 46 187 187 267 24 15592 59 24 53 
234 2732 1423 1629 45 8366 2652 1854 187 59 7 1266 43 
2246 6691 28 522 5191 394 230 5793 20 1244 24 
31 313 406 3384 21 40 1615 879 164 45 5 2310 19 259 350 55 15 194 102 7 18 351 20 146 22 6 38 87 908 432 11 46 
313 34 1615 869 1555 102 7 18 6 10051 17 15626 