Subject: 37 46 5773 4545 6122 
18009 5466 4304 
475 763 768 139 
344 187 364 56 1920 24 1171 187 597 60 
15 1072 12808 7966 648 1182 
3201 14 18010 19 484 415 6397 475 763 768 139 22 
217 1213 4545 217 38 585 41 2465 1063 14 
1920 349 24 1171 187 597 24 
475 763 768 139 415 931 4392 3610 14 1120 
2047 18011 7 18012 59 237 18013 7966 
18014 17076 24 
15 3201 3107 217 3688 15935 3766 71 15 
1310 1709 230 5 14029 6180 7 5304 7966 
4899 217 24 230 630 203 55 475 763 768 139 1463 40 46 
295 46 187 187 6073 24 314 24 53 187 
18015 