Subject: 56 16571 219 219 219 60 2037 17429 8404 93 219 219 56 18559 60 
1192 1192 1192 15626 3413 80 354 15 4818 14 5 6 1192 1192 1192 
15554 157 30 2363 313 683 127 
1614 133 470 219 219 
350 55 1158 490 40 2362 522 2603 20 2629 30 46 
295 46 187 187 18560 24 18561 24 53 
683 127 1481 313 4284 478 40 625 133 46 
17 316 
17 5256 
17 16563 
17 3427 
868 7 12 1176 136 17 4878 239 
477 17 3366 219 
1235 313 625 313 413 1423 230 470 19 3422 19 576 19 1243 55 15 
1276 24 24 
5 18562 3370 14 1276 18563 124 833 829 
2246 34 530 313 38 14604 10575 18564 1423 294 
40 1763 203 55 46 
1050 313 15586 
8362 157 18565 87 18566 
18567 
456 87 1908 6460 
1050 313 505 38 
2042 13882 573 38 370 20 86 
16579 2482 2478 
152 36 316 
1763 102 7 1814 19 2482 2478 19 87 3405 
234 22 3985 14 17 14365 1183 24 
234 22 3985 14 18568 3256 1183 24 
683 18569 20 1763 1554 13544 24 
414 8907 3543 20 5444 5799 24 
11713 18570 18571 1368 24 
1763 435 18572 19 3080 5256 3403 19 87 22 152 36 2427 24 
312 4071 12340 55 3427 347 313 2959 206 24 
9024 17 5256 1368 19 6716 19 14280 20 5227 855 5799 219 
6041 904 16579 2482 2478 80 3303 24 
414 127 17 157 87 435 2427 292 24 
2553 17 1685 4924 3200 568 313 413 232 583 203 24 
2367 470 2 96 1276 5623 213 125 15 2246 141 2362 19 20 500 141 
80 
15999 24 
2995 4866 43 2246 91 6596 1423 1444 151 1267 1052 24 
6041 1856 7 2776 2667 40 1286 16573 2482 1921 24 
414 14558 5799 213 1763 3080 4989 87 16377 24 
15427 593 203 55 17 316 19 7709 19 87 3366 219 
6041 6460 1191 45 1382 15 1049 219 
1763 18573 20 4469 2365 45 221 1982 1132 24 
18574 17 286 568 17 425 86 413 2 3 35 6632 
683 127 904 571 18575 17 14314 12 15754 24 
6041 904 40 414 17 10631 230 18576 24 
87 414 868 127 19 20 313 34 35 16424 354 500 313 683 219 219 
936 80 249 22 1892 599 313 413 312 19 129 12 184 7827 
40 15 4910 14 5 30 219 219 
350 55 1158 490 40 2362 522 2603 20 2629 30 46 
295 46 187 187 18560 24 18561 24 53 
18577 