Subject: 406 313 215 585 5665 88 908 329 15 505 219 
925 8797 479 9843 51 1544 24 53 19 
350 55 5 351 230 15 404 3650 1943 930 219 
500 12 15 614 38 841 2237 3484 56 16401 60 20 1747 3484 239 
1050 24527 7745 219 
1050 24527 3779 219 
1050 80 24528 9918 316 20 5256 219 
1050 80 1779 14 5007 3267 219 
1050 80 1779 14 24529 18524 71 1120 4662 20 24530 219 
6758 12 22 1827 91 2346 2792 14 5 230 313 24 
129 1329 12 40 1286 313 585 5665 344 19 3503 24 335 22 3175 18047 24 139 13751 6758 133 22 3175 2114 20 141 80 324 226 18066 589 590 230 682 24 139 130 16639 24 902 12 15 351 40 414 25 127 24 
5 12 22 869 333 286 219 219 
488 19 
15938 