Subject: 55 7 878 1311 1675 
80 313 917 230 4812 7 13369 1311 1675 239 
312 313 643 40 104 17 1311 908 3821 22 3525 55 2615 
91 247 10191 3 505 19 87 14255 868 5981 7 1525 239 
15 5467 10142 19 354 267 24 18180 24 53 415 23 1311 1675 91 413 
260 313 5299 17 2030 24 
15 5467 10142 12 21 22 884 885 19 138 19 87 409 1709 40 11881 
17 13551 2615 3606 24 1878 19 15 5467 10142 12 22 16818 
157 317 250 91 1903 11894 23 19 575 7 5793 1311 1675 
230 17 2030 24 
184 3765 500 313 10191 37 3779 19 15 5467 10142 413 260 313 683 
13369 4082 553 80 1546 19 4037 20 450 40 4545 15593 2308 2411 22 2549 24 
313 1384 333 20 3650 213 7021 5981 7 1525 19 2615 19 18181 19 
20 221 14 15 16447 19 3649 20 3802 91 1880 38 3779 24 
104 17 1311 19 683 157 7612 19 452 157 4082 19 20 104 
17 1310 597 660 313 7021 17 3779 6142 19 6144 17 
11638 7 7964 20 11881 2907 333 20 3650 55 18182 4082 24 20 15 
630 313 400 15 29 19 15 630 1675 313 10191 1278 234 24 
40 683 127 630 19 2756 17 43 98 40 295 46 187 187 267 24 18180 24 53 
55 7 878 1311 1675 45 15 5467 10142 24 25 10191 96 215 587 1176 312 221 
15 505 230 313 219 
10155 