Subject: 18018 1182 55 15 1931 
16335 1182 2259 2 96 303 550 15598 46 
18019 45 1920 24 2295 40 1920 349 24 1982 71 345 1702 230 22 6697 14 422 10575 1413 219 219 219 
18020 45 1920 24 2270 40 1920 344 24 11168 71 491 1702 230 22 6697 14 422 9173 1413 219 219 219 
902 12 522 2126 6805 1182 1296 46 
7294 4688 19 483 24 56 16335 46 18021 60 
4545 354 1920 344 24 2397 
11638 676 1920 63 24 1171 211 18022 1829 219 219 219 219 
654 6411 3546 20 4503 3395 4881 
2126 2991 230 18021 219 219 219 
16340 230 18021 19 22 3128 7 5029 19 841 7 18023 4626 
2070 9919 19 151 16341 3503 1413 6279 5 1193 4548 40 336 
7660 5681 292 5225 9241 19 8706 3461 354 1120 
6658 5194 71 3688 364 14325 24 
18021 12 18024 6721 3002 14881 6806 19 23 17865 
1311 19 20 17920 18025 84 15 9529 12 55 38 3461 
587 15864 40 16590 18026 5194 24 
390 80 3142 6263 3029 2126 2991 4992 7057 
7099 20 6263 18027 19 3431 15 4818 878 230 
8343 7099 3603 24 15 1182 415 437 16350 11479 45 
537 2619 7 2991 895 20 34 613 3281 593 3989 24 390 402 
15 1182 518 1596 18028 1805 1920 892 71 2907 631 22 3175 24 
390 80 18029 6721 6806 20 2465 14026 84 18021 569 
589 590 35 869 14 15 1443 17853 15045 55 15 16335 219 219 219 
3001 46 16335 1182 2259 12 22 4626 5259 1747 
5160 55 575 7 3603 4624 38 15 14066 40 1317 537 
4969 22 498 4591 8177 24 25 415 15 2472 40 15601 
438 1503 4829 19 12 21 2921 38 432 1826 87 
3783 20 12 21 22 610 4591 2988 24 15 203 
2318 71 5 3601 12 230 4950 4951 249 
20 12 3018 585 1317 40 11638 3019 22 14051 14 432 1317 40 
4545 4656 24 4591 71 18030 4624 12 543 
3054 14059 20 569 516 71 15 3636 14 409 87 221 14 
432 4591 939 71 936 4624 24 4625 328 400 15 
203 2318 71 5 3601 84 22 4735 431 230 
3822 1555 829 55 15 2493 1827 71 2353 40 
1623 15 14057 40 1621 1120 1685 582 4992 15 2493 
1827 24 16335 1182 2259 415 1121 6407 9545 1468 14012 
12923 45 22 3482 3710 84 17665 230 15 6101 14 
5 1182 4614 24 1594 390 151 22 3545 71 18021 129 12 585 
10616 14049 14 292 71 522 13234 20 3992 20 
1673 83 13234 20 3992 399 35 543 
1572 24 390 34 942 45 432 104 71 2465 230 18021 24 
390 569 18031 522 3545 354 432 333 213 347 19 223 87 1279 
15 6101 14 5 1182 2259 24 