Subject: 11001 6545 4596 18477 230 18478 45 15 961 24 24 
11001 6545 4596 18477 230 18478 45 15 961 
45 46 18479 345 51 1544 24 53 
13218 46 
427 7 2973 46 18479 345 51 1544 24 53 
61 46 983 4499 59 447 46 1172 46 893 7 18480 
18481 5197 292 3461 71 1443 3268 4991 
1486 2457 1642 123 910 522 18482 1747 24 936 
18477 80 373 45 1824 961 5197 14855 40 13369 
3268 11896 71 3268 4991 24 
15 3180 6048 4596 14 15 1131 1132 4782 
56 5607 7 4596 60 525 22 589 8059 930 230 3268 
4624 40 8652 22 895 292 11001 6545 14881 230 
18483 928 18484 7692 87 18485 24 
15 5284 2914 1968 12 1920 3534 19 2742 3606 24 
5642 1413 18486 12 123 24 
1790 10057 46 
344 24 313 1515 1685 22 1827 91 12 352 1037 333 71 2030 24 
349 24 15 14881 2458 413 21 2457 2395 1413 14 15 1827 10191 96 1442 3604 24 
352 24 15 18487 14881 2371 40 35 2907 631 1827 10191 96 3464 16376 24 
1691 46 
344 24 15 10054 80 567 4830 1909 24 
349 24 390 1317 22 18488 549 14 4830 1909 40 869 1193 24 
352 24 15 292 3461 354 9311 491 24 63 1413 40 336 24 63 1413 
364 24 15 5607 4596 34 18489 15 14881 40 15 4078 928 4596 24 
63 24 221 14 15 8020 80 18490 24 56 7830 4596 529 3649 60 
892 24 129 12 184 4812 7 2371 18491 24 
491 24 15 14881 12 5943 84 1633 292 24 
334 24 390 1083 15 13568 20 6415 15 2914 24 
336 24 15 3777 80 593 40 63 1037 24 
230 180 2224 28 286 259 6572 15 194 213 
1827 370 46 
1221 135 46 
3385 46 
86 46 
1149 46 
280 46 
286 86 46 
43 723 46 
259 1303 1468 40 151 17 5756 87 4000 71 15 
1131 1132 1221 928 230 1604 24 
1610 313 230 17 333 24 
14606 18492 
952 
283 18493 4626 1478 24 
2483 4982 4601 
14416 15398 19 7922 18494 961 
1149 46 4339 7 14709 7 18495 
280 46 4339 7 14709 7 18496 
390 938 17 333 20 390 391 392 40 3033 
45 313 460 24 
259 231 38 4 71 15 54 1146 40 35 32 45 
522 3029 3176 24 
11001 6545 4596 18477 230 18478 45 15 961 
18481 5197 292 3461 71 1443 3268 4991 