Subject: 1102 22 15645 3655 71 15646 239 683 127 71 15 2126 3683 2518 3059 833 22 219 
500 80 15 1691 14 10982 505 2055 24 17 1284 7 333 25 3545 239 80 313 1546 40 1286 630 3650 13739 127 55 17 1685 87 328 313 4808 38 15 855 14 17 456 3545 239 683 127 500 25 2346 40 35 22 6302 15647 15593 20 15 15648 313 328 3283 347 313 1286 22 1931 15593 223 15 3683 2518 3059 833 22 10175 6781 833 6782 14 15 10982 1310 24 10176 1499 348 71 55 1170 19 2781 63 354 336 46 552 22 24 1338 24 8052 56 2027 46 552 341 60 40 15592 59 24 53 295 46 187 187 15592 59 24 15595 24 53 187 15592 59 479 2630 479 1420 479 106 187 344 19 7005 19 19 335 24 298 
234 198 1225 45 2023 15649 19 952 20 4598 14 10982 24 53 19 585 5466 317 3600 2070 12645 91 11405 10982 6781 38 3525 3526 4624 24 2766 24 15649 525 2518 4104 55 15 10982 1310 20 15 15648 187 2847 91 15072 313 24 313 234 15650 116 45 1935 5680 14 15 15651 56 1896 40 1113 10982 24 53 19 2766 24 15649 5629 339 1037 354 2801 240 72 3474 22 573 14 4093 3523 19 76 3535 19 2030 1885 377 2070 19 20 3535 19 3484 20 3437 377 2345 9546 60 24 
1499 2362 295 46 187 187 15592 59 24 15595 24 53 187 15592 59 479 2630 479 1420 479 106 187 344 19 7005 19 19 335 24 298 5 1170 19 2781 63 354 336 46 552 22 24 1338 24 8052 56 2027 46 552 341 60 40 927 15 3683 317 535 219 
5 3683 2518 3059 833 22 12 3414 28 15652 373 24 
3416 22 15653 13253 15654 13073 3017 1552 219 
3416 15 269 14 17 12790 24 5 575 7 4941 15653 15654 3017 269 38 10228 10046 7219 415 221 15 4910 313 433 230 153 15 2360 30 20 1276 1054 24 2695 46 305 15655 3683 19 15656 3787 19 1284 2418 38 1645 4687 19 3963 761 15657 19 20 571 630 24 350 902 295 46 187 187 267 24 15652 24 53 187 3677 24 10481 239 2203 211 15658 
5 6 12 541 445 40 313 28 295 46 187 187 267 24 15592 59 24 53 
234 2732 1423 1629 45 8366 2652 1854 187 59 7 1266 43 
2246 6691 28 522 5191 394 230 5793 20 1244 24 
31 313 406 3384 21 40 1615 879 164 45 5 2310 19 259 350 55 15 194 102 7 18 351 20 146 22 6 38 87 908 432 11 46 
313 34 1615 869 1555 102 7 18 6 10051 17 15626 