Subject: 1468 15656 219 833 1468 86 8638 219 519 219 219 219 
1468 15656 219 
1468 86 8638 219 
230 313 219 219 219 519 219 219 219 
40 234 17 1468 15656 219 
354 184 14067 19 2454 936 1633 3413 46 
344 24 1463 40 15 267 24 18325 24 53 
8807 
347 2135 552 403 19 20 15855 230 15 
6174 15656 12589 354 15 404 8032 55 15 43 24 
349 24 1286 1240 313 80 22 610 18325 24 53 2385 24 31 313 80 21 595 610 19 313 1515 3429 40 17416 230 15 1468 15656 219 24 
352 24 150 313 1286 22 5284 2359 14 1920 337 24 1125 19 666 18326 349 
71 15 16519 11393 187 17714 1146 55 15 111 106 14 15 18327 24 
364 24 313 34 625 91 15 16519 11393 1886 233 1920 344 24 335 34 35 17519 45 17 2359 24 
63 24 1279 17 2359 19 18325 24 53 34 146 313 585 286 38 22 16519 
11393 573 1210 2248 22 1468 15656 219 56 3604 1920 767 60 354 18325 24 53 24 
892 24 927 18328 17716 20 1771 904 40 234 550 630 
1468 18329 219 
40 234 17 1468 86 8638 219 
354 184 14067 19 2454 936 1633 3413 46 
344 24 1463 40 267 24 18330 24 53 
349 24 350 55 15 1468 86 8638 3697 24 
352 24 6877 127 221 1271 203 20 17 
10494 34 592 127 40 1920 0 24 335 56 173 1920 344 24 5671 230 2369 60 
364 24 927 18328 
17716 20 1771 904 40 234 630 1468 1551 219 219 
3407 46 4533 87 12297 46 
4533 46 1920 1171 7 3407 230 869 
1193 24 4048 
102 7 18 38 17716 219 
12297 46 1920 1982 7 3407 230 869 1193 24 249 1210 230 15 208 3526 1728 24 
4048 102 7 18 38 17716 219 20 3100 17716 56 208 592 208 2215 24 83 84 46 
2 208 3526 17716 234 213 1468 5610 2 24 60 213 22 414 230 1920 1171 34 181 40 313 31 313 80 
312 21 1634 22 12297 3403 24 1 2 3 3145 19 
313 34 35 22 4533 3403 27 24 
40 927 46 259 1286 414 87 3650 2353 8029 40 18328 
20 18 40 46 213 
18328 17716 
475 24 968 24 1146 18331 
18332 4526 19 14429 18333 
961 
500 5245 14 2444 34 139 
683 354 18328 17716 239 
2804 19 313 34 1615 2444 230 
8882 19 5412 13133 19 271 13212 19 3269 19 7498 19 20 630 24 354 5 333 19 1443 14 522 
17716 80 230 1174 7 17715 11910 20 14740 9551 19 220 390 80 
1299 2957 40 2763 17715 17716 40 18328 17716 460 24 390 80 100 1299 2957 40 6714 15 2450 20 573 14 458 2444 
123 40 522 1728 24 
4008 3377 18328 19 483 24 12 22 610 
4946 24 221 6261 6413 24 
5 6 12 445 71 6462 14 
15 157 102 7 18 10494 46 
4441 2391 24 108 4441 2391 19 2247 56 22 60 56 349 60 56 768 60 14 96 24 
14087 19 
5 102 7 18 130 249 445 127 421 24 
1 2 3 3145 133 209 641 869 24 