Subject: 494 2715 46 7845 59 7 349 2541 383 230 1242 497 
7 7 7 7 7 7 7 7 443 6 7 7 7 7 7 7 7 7 
54 46 7845 59 7 349 2541 383 230 1242 
61 46 1866 19 552 6926 3377 332 46 2064 46 2326 7 7846 
45 46 217 7847 7848 217 
40 46 
259 683 490 203 55 15 2487 7026 55 
3252 59 2443 4739 461 24 25 12 33 40 934 91 
15 4637 230 4490 14 1242 12 4775 337 19 3377 24 313 80 
1455 40 1603 5 286 40 17 926 24 
1624 383 230 1242 
1429 1656 2487 7026 55 3252 
569 2027 7 2348 19 59 
7849 2107 7850 239 96 19 7851 239 2423 19 7852 239 7853 19 5234 
15 7845 59 374 930 2155 950 7 951 19 4502 47 
7854 20 7855 7856 19 80 4478 40 1936 91 15 194 
2443 4739 461 151 416 7352 24 1573 109 12 541 
5376 7095 20 34 2368 2231 45 1204 
4686 7857 84 590 84 2231 3305 910 5 383 
230 1242 24 
1122 7573 230 2443 4739 461 1515 2454 15 419 
6493 84 3982 71 15 41 383 230 1242 20 15 4637 
230 7573 12 100 15 419 46 4775 337 19 3377 24 503 19 259 
934 91 150 6428 22 1122 1260 230 22 2443 4739 
109 19 25 12 33 40 934 5 2197 55 15 3385 106 24 
1065 7858 7859 
5 109 12 7860 40 15 1885 14 22 4905 3251 
6326 1065 7858 7859 4312 7861 7862 354 
3436 1249 7859 1740 71 15 4023 4630 24 
5376 28 46 7863 7864 19 278 14 6950 19 
5234 56 286 46 7865 51 7866 24 7867 24 484 60 
7868 1058 
7868 1058 12 22 5999 14 15 2036 4242 
7636 7869 240 15 1089 20 15 4482 532 71 15 
7870 1049 80 1960 45 1849 7871 20 203 
3255 2419 24 15 4897 4242 7636 5748 354 585 1199 
7751 14 15 23 1049 875 230 1045 1046 7741 19 
7872 19 1847 1612 19 20 6551 203 5753 24 71 5 
5459 19 390 34 3719 15 170 14 15 6079 71 5 157 2196 20 904 
40 400 5 648 230 23 3158 1054 24 
5376 28 46 7873 7874 19 1133 829 4774 5234 
56 286 46 7873 24 7874 51 840 24 7875 24 484 60 
4297 7 7876 1060 7753 2419 46 1054 20 7877 
15 616 14 22 1060 7753 7876 55 22 4312 7878 
4899 56 7879 87 4309 60 525 22 3421 2035 24 5 109 
34 2995 157 523 2160 20 7877 71 2776 1054 14 
4297 7 7876 1060 7753 2419 19 38 1095 5826 3113 55 
15 224 1480 91 7880 309 83 2419 585 3483 1103 
14 7881 20 7882 24 
5376 28 46 4112 22 24 7883 19 1133 829 4774 5234 20 
1110 24 7884 7885 19 2208 7886 278 56 286 46 
4112 24 7883 51 7875 24 484 20 7884 51 263 24 7887 24 484 60 
1054 40 3447 71 7888 7889 1051 
5 109 34 35 7767 40 1054 14 6326 87 
7890 2419 40 3447 71 7888 5739 1051 83 84 
7891 20 7892 7893 19 6451 6452 19 7894 20 7895 2246 24 
7573 80 4686 55 1266 1238 1175 40 7609 19 1612 19 
3812 187 1737 3353 20 7066 29 1904 24 
5376 28 46 2719 7896 19 239 7897 7898 2166 7851 239 2423 19 5234 
56 286 46 7896 51 2180 24 7899 24 484 60 
1080 3252 
5 109 34 289 1242 55 3252 1238 1175 40 15 
2487 1080 7900 930 20 4309 7901 7902 24 
5376 28 46 7903 1080 7045 20 7904 3252 56 286 46 1221 
203 40 35 3997 55 7845 43 723 60 
31 313 80 1189 71 6428 22 1122 230 432 869 14 15 
1805 7 2596 2443 4739 461 20 903 630 203 
133 15 3114 20 5158 14 15 109 19 259 1303 1468 40 
3131 1225 38 15 7905 28 286 24 
230 203 133 7845 59 19 259 2333 522 43 723 354 
267 24 7906 24 484 187 7845 59 7847 7907 59 
1149 46 56 7908 60 2275 7 7909 280 46 56 7908 60 7910 7 7911 