Subject: 37 46 203 
383 230 2159 
2129 59 7 15 7919 2179 343 55 829 20 
3483 648 230 1645 1677 
3290 7 767 2135 59 7 8739 19 5006 
4637 230 221 15 2159 46 344 569 59 
869 654 1329 14 15 2129 2417 14 3398 12 40 
2763 2764 5659 19 4044 1728 19 
3613 19 166 3550 20 3983 4128 19 
7248 25 84 22 1840 4592 230 886 14 157 
1038 1238 19 4069 19 2159 19 4485 20 
482 24 
219 219 71 5 1915 19 2129 59 7075 40 2944 40 2763 
219 219 608 1076 5 1091 1521 19 7248 
219 219 1191 230 15 2535 14 472 20 116 
219 219 627 221 15 1626 5048 20 3550 
219 219 2732 230 1645 1677 24 
383 230 1242 20 2149 
2159 230 1242 20 2149 1175 40 1645 1677 
328 86 6106 15 194 3123 46 
7 1645 852 4069 19 1047 19 2419 20 2058 
56 4131 213 1043 213 1465 20 5290 213 166 
2605 213 116 7751 213 4765 20 
6101 213 1646 213 99 24 60 213 
7 1261 6846 20 6514 1238 56 157 6846 833 
6514 1047 213 3777 20 2147 230 467 20 400 213 
3557 6660 20 6261 117 213 99 24 60 213 
7 3537 20 7591 1238 56 6578 213 
8740 213 8741 2770 4904 213 1426 20 
8742 8743 213 1426 20 8742 
294 117 213 99 24 60 213 
7 5227 4847 20 1238 56 166 2 96 1047 213 2487 
5374 213 1645 1677 20 8744 213 
8745 20 5702 1238 213 157 1038 1238 213 
99 24 60 24 
383 230 5371 20 6740 
15 343 8746 7650 2159 230 5371 
14 5466 1629 19 1198 20 320 19 84 100 230 575 
5793 6740 38 303 8747 1629 20 2159 24 22 
4072 1080 230 1642 4951 34 35 123 223 
221 15 343 333 24 
383 230 2139 
2732 132 7 343 2139 569 35 4612 223 15 
275 2135 59 24 2139 80 3663 40 35 2903 55 
5788 374 19 6363 87 8748 1238 19 20 
6863 28 1266 3550 19 1198 19 8749 19 99 
383 230 2151 
575 5793 4812 7 343 2151 55 3115 87 
3483 1238 569 35 4612 223 15 2348 2135 59 24 
2151 80 1260 40 35 33 1191 230 
2746 20 8750 40 1221 38 4994 71 
3115 1238 19 84 100 230 8751 4999 40 
1771 630 133 157 1038 1238 24 
7573 
7 259 414 15 2224 230 7573 14 2159 230 
1242 19 2149 19 5371 19 6740 19 2151 20 
2139 354 
7 15 6362 34 35 2778 28 7037 71 15 2417 
14 967 4206 71 269 270 19 1935 71 2244 20 
1645 2435 56 295 46 187 187 267 24 7037 24 2166 187 8054 187 7033 187 1952 24 298 60 19 
7 4623 1242 569 35 2778 71 15 2487 2206 
55 1645 1677 
33 5557 
4637 230 221 15 2159 46 344 569 59 
8375 14 7361 46 337 2999 59 
7353 1546 2124 14 1242 46 344 3491 59 
1315 211 64 
2129 59 12 22 950 7 1315 14 15 1133 852 14 
5006 19 8752 56 7967 2166 8038 2166 8753 102 
8754 60 19 20 3023 56 7967 7968 3 211 102 336 7969 7 
5764 3 211 102 336 8755 2166 8756 60 24 15 343 12 100 
4301 28 8310 56 15 2179 829 5542 230 
832 20 1652 60 19 20 15 8757 
1747 14 8758 56 4301 28 15 2179 4024 60 24 
7 7 7 7 7 443 6 7 7 7 7 7 
45 46 761 24 674 24 762 494 262 46 839 51 840 24 836 24 689 497 
445 46 8870 7 2165 19 352 2166 2167 2166 59 339 46 447 
40 46 2129 59 7 8738 
54 46 203 
3069 24 1402 682 40 17 884 1227 24 
1610 313 19 
827 
828 762 19 
829 830 19 
831 14 832 833 834 
835 836 
4702 24 5315 
8871 658 837 19 838 
1149 273 2391 8872 
839 51 840 24 836 24 689 