Subject: 8690 7 59 
925 1552 3403 230 8690 7 3377 46 
84 5258 14 15 7749 20 7747 8691 343 
56 8690 7 59 60 19 139 244 1277 565 40 168 2764 15 930 2155 
230 15 59 343 19 237 34 35 3474 71 3486 3487 19 3491 334 7 447 24 
1715 682 156 28 8692 15 2957 505 313 221 1235 230 15 
3377 8690 343 24 129 464 1322 4074 1242 354 15 
343 20 313 328 35 5422 14 17 5820 24 139 440 
390 413 505 2764 40 1286 8690 7 59 585 477 6000 343 24 
390 558 566 22 2651 573 14 1242 40 35 3305 40 8690 7 59 19 
20 390 566 7361 3461 40 35 8693 631 15 2620 8694 
7361 5225 71 3377 24 568 25 12 33 91 15 2156 154 
35 14 575 5793 24 
1387 55 526 45 1041 951 19 946 8695 19 20 15 489 
91 1849 1788 151 1508 38 682 19 25 679 91 869 405 
390 413 5619 15 2156 154 12 40 234 1301 203 593 
5378 133 500 15 2160 71 237 6177 151 5000 24 
208 19 71 2353 40 1301 3382 6177 40 1122 19 139 406 215 
40 3005 15 194 203 24 71 237 2160 12 17 
5000 15 8696 239 1296 184 630 631 349 2160 20 259 
6394 206 24 934 91 6496 34 35 1897 40 2529 1242 136 
15 419 1041 8697 24 15 630 1094 8697 
248 208 19 568 1286 1240 313 1296 409 14 15 630 1266 1674 24 
7749 1034 
7749 1272 
8698 4787 
8210 
1117 5875 14 7747 1034 
23 1049 1054 
7749 2897 273 8699 
7569 7563 
7747 3252 
8700 2419 
4730 3489 
7747 1272 
8701 20 8702 6359 
6997 3158 187 6601 6699 187 4128 
2592 
8703 8704 8705 
4023 20 1865 
834 
10 44 
100 19 390 151 1052 71 15 1908 91 390 151 1209 551 1322 
6177 71 409 2160 19 20 21 1066 71 940 24 8706 
6177 608 1041 1674 34 260 19 220 390 618 2249 593 
38 551 1322 6177 71 409 2160 24 40 35 543 
84 22 8707 230 8690 7 59 19 259 6069 593 40 352 1036 
1750 7 3806 1242 313 151 2778 91 8708 40 15 6691 2160 24 
230 8709 2160 19 390 566 6177 92 151 8710 631 352 1242 213 
91 12 2550 24 100 1303 1468 40 885 1175 505 71 7747 
7630 19 1423 87 1737 2918 24 6177 34 112 35 
4623 1387 55 15 433 40 1452 1626 2160 24 
259 1715 682 625 31 313 80 4037 40 35 543 84 22 8707 
230 8690 7 59 24 31 568 19 259 146 18 40 8711 51 263 24 8712 38 
15 54 878 46 8690 7 1552 24 112 530 15 194 203 46 
56 344 60 15 1199 405 313 643 17 370 3906 19 
56 349 60 15 8713 7350 56 31 432 60 313 643 3906 38 17 370 19 
56 352 60 17 1048 884 86 71 5762 331 59 19 
56 364 60 17 2482 573 56 230 15 6486 86 8714 60 24 
56 63 60 1041 344 
56 892 60 1041 349 
56 491 60 8715 352 1175 3462 24 
100 19 31 17 1048 884 86 87 102 7 18 86 2361 627 1277 
20 331 59 19 259 1715 682 625 24 
17 393 55 15 930 2155 34 35 6162 55 15 
343 2603 20 71 15 343 6362 24 
390 440 40 151 15 930 2155 71 1709 422 15 2126 1892 2133 24 
1610 313 558 19 
8716 8717 19 1094 5258 8690 7 59 