Subject: 5 12 230 313 24 
336 8135 3815 561 1158 1492 20780 345 7 345 
20781 15 20782 14 17 269 219 156 
1943 3650 71 17 8425 333 24 24 24 1243 
45 15 14701 14 17 1685 85 219 
3311 15 1276 608 22 3421 848 14 5665 1920 1920 1920 1920 1920 7 
1277 219 
925 3614 19 
31 313 2 37 215 1443 
1050 323 19 313 2 37 21 16814 1066 40 4286 17 
4626 19159 1573 3175 7 1715 5304 1384 3650 230 
16821 19 654 13466 87 16913 24 1715 2 96 3633 25 46 313 
518 400 630 3650 219 
10603 608 15 6574 7 324 4910 14 15 1276 7 323 219 
184 2152 1271 24 184 3779 24 184 18524 24 25 2 96 215 
2258 17 88 55 9071 7 6586 219 
5 12 15 
5247 20 15 6192 317 2030 323 219 
12902 84 15 1919 344 317 2030 71 22 654 
2030 5180 219 4623 1827 14 15 3175 12338 71 641 
654 3601 219 20 25 2 96 517 847 230 2860 1050 215 
313 40 1505 3516 14 1243 1277 24 
414 127 
226 723 323 230 630 2224 46 
295 46 187 187 267 24 20783 24 53 
25 2346 249 552 562 40 683 127 24 313 34 35 5265 91 313 
1235 219 
1610 313 20 151 22 2329 2549 219 24 24 24 24 24 24 10155 
475 24 96 24 15 
1827 1746 313 22 1468 10094 20 12938 24 5 5304 518 
1384 313 2743 40 3605 14 3606 24 2362 20 927 
323 219 
295 46 187 187 267 24 20783 24 53 
943 12 20784 46 
847 15 4520 219 
5 3815 12 541 445 71 
6462 38 16991 10494 46 14087 19 3385 352 19 4441 2391 24 
879 14089 40 313 28 15 2310 14 
5 286 569 35 14091 354 184 
3649 40 313 28 200 22 231 40 5 286 
86 38 15 4251 217 4458 217 71 
15 54 878 19 87 28 6290 15 2603 
3906 20 194 15 15626 3413 