Subject: 350 902 20 234 22 1468 349 7 405 11838 12021 24 
1468 349 7 405 11838 12021 157 349 7 405 11838 12021 230 1468 219 
184 152 6545 6411 
184 12958 2495 
184 3524 20015 14 20016 
184 4924 414 
20017 363 12 1488 40 1863 313 3829 1468 15 4532 157 
349 7 405 11838 12021 24 5 1824 14 15 878 12021 34 477 
1615 17 349 7 405 24 2461 38 17 157 12021 12 15 648 
91 1637 313 40 3110 40 349 7 2667 313 1615 24 
1 2 3 407 5 1317 593 219 383 380 7 15715 7 20445 323 660 13133 303 
258 2473 1920 7386 24 335 354 22 14948 603 150 390 2 37 1861 313 5 12021 
3829 1468 24 17 157 12021 34 592 38 537 1685 102 7 18 
86 568 313 413 1615 17 102 7 1814 84 590 84 6125 7 8095 
20 8095 164 14899 240 4284 313 80 24 
17 157 550 7 405 12021 415 4895 215 1982 19 2742 3622 606 19 
6 333 20020 19 3853 17675 6 3859 19 20021 
87 20022 19 20023 20024 19 11821 6 8 19 22 410 
1267 127 14 1060 3082 91 1637 17 12021 40 3837 
164 445 1236 150 17 12021 130 127 14 1060 87 10880 
1314 1794 24 313 413 100 1615 6084 19 3029 20 15003 24 
5 11838 12021 12 1503 20 3810 16589 24 221 390 1265 347 
390 2 1278 2402 313 17 157 1468 12021 12 230 313 40 1623 928 40 
530 409 20016 230 313 24 129 12 184 152 6545 6411 87 
4924 414 24 20016 12 3175 40 3175 20 413 35 13460 354 
432 333 24 
5 12021 34 592 4812 7 11862 38 537 1685 102 7 18 86 84 
590 84 22 1994 2390 573 40 1615 8095 1328 24 5 
12021 175 38 22 180 552 2549 3650 149 4954 19 31 1279 
1749 5 12021 313 2 37 21 1314 1871 19 146 25 149 20 
1615 22 1284 16786 24 
230 10617 3984 383 20017 363 354 380 7 15715 7 20445 
40 35 7604 146 286 40 20446 3963 51 314 24 53 