Subject: 37 46 2111 
192 45 46 2112 2113 
1751 2114 19 1176 1897 904 40 611 22 2111 1183 1220 197 19 
192 1243 239 
192 
192 902 12 500 139 1499 1052 46 
192 295 46 187 187 267 24 2115 24 1583 24 2116 187 2111 187 
192 
192 2112 
192 56 1907 46 139 1579 2 3 665 25 219 60 
139 1235 20 25 2117 2 3 2118 230 226 1258 24 
568 139 191 22 2111 852 1273 24 
139 244 2119 15 352 403 1462 14 
5 852 55 2027 187 1755 187 59 19 
220 313 413 683 22 2120 1462 902 46 
295 46 187 187 267 24 2121 24 53 187 2122 187 
56 87 313 413 400 869 14 15 2123 2124 60 
347 470 2125 46 
71 15 2126 1462 139 34 379 
1246 24 15 2127 2128 61 
14 5 1462 12 46 337 187 1855 187 59 24 
234 17 2037 19 1468 286 354 295 46 187 187 267 24 2038 24 53 
40 285 19 146 286 40 287 51 288 24 264 24 53 20 289 71 15 290 
14 15 6 217 291 197 7 292 217 24 
293 46 295 46 187 187 293 24 288 24 264 24 53 187 293 187 197 7 292 24 298 
294 46 295 46 187 187 288 24 264 24 53 187 320 187 197 187 321 7 294 24 298 
287 260 46 295 46 187 187 267 24 296 24 53 187 297 187 166 187 166 24 298 