Subject: 494 7553 497 8046 59 
5 569 292 409 14 928 24 
8047 
211 211 211 211 211 211 211 211 211 211 211 211 211 211 211 211 211 211 211 211 211 211 211 211 211 211 211 211 211 211 211 211 211 211 211 211 211 211 211 211 211 211 211 211 211 211 211 211 211 211 211 211 211 211 211 211 211 211 211 211 211 211 211 211 211 211 211 211 211 211 211 211 211 45 8048 51 8049 24 8050 24 4144 7 8051 24 2166 62 6908 334 3469 46 893 46 65 8052 3377 
2203 46 8053 14 8054 24 3252 24 829 
45 46 8055 8056 
3715 46 8054 24 3252 24 829 
54 46 494 7553 497 8046 59 
2250 7 40 46 8054 24 3252 24 829 
61 46 552 7917 3377 339 46 2064 46 1755 341 
2143 46 271 14 269 270 
7 7 7 7 7 7 7 7 7 383 230 1242 7 7 7 7 7 7 7 7 7 7 7 7 7 7 7 7 7 7 7 7 7 
1624 2487 2144 
219 219 219 219 219 219 219 219 219 219 219 219 219 219 219 219 219 219 8046 59 219 219 219 219 219 219 219 219 219 219 219 219 219 219 219 219 219 219 219 219 219 219 219 219 219 219 219 
6940 2319 230 15 
1724 7 7 1352 7964 
4809 71 6940 2189 14 1865 
20 2235 14 6997 6326 2419 
71 115 38 8057 102 24 674 24 
8051 19 1350 19 2135 345 7 7 2282 19 59 
2804 129 12 22 5235 292 71 1726 6326 
1343 14 8058 2419 20 71 896 6326 
6997 2419 24 15 8059 5975 14 6326 
2419 6859 71 23 1049 1051 80 8060 71 15 
568 540 1724 7 1352 7964 56 8061 60 24 40 6697 29 
2554 83 84 8062 20 8063 19 8064 
151 40 35 8065 24 515 19 15 1865 14 1343 1387 2419 
1387 55 22 8066 14 8067 1921 230 8068 1040 
83 84 269 1003 19 8069 531 3674 19 3252 
20 7569 6359 71 22 2892 1117 5479 24 5 5479 
415 40 35 14 6940 1071 19 5242 1066 40 8070 87 40 
1701 15 2596 1040 19 40 4954 8071 
6603 19 20 40 6697 23 7 333 4041 24 21 249 80 
15 8072 1040 935 595 38 3278 40 5 
8073 6849 19 220 141 80 100 935 38 3278 40 
1053 2189 14 7751 83 84 6279 2353 6775 19 
6279 2353 8074 19 1174 7 8075 19 99 24 15 8068 
14 1175 2912 71 3421 6940 2319 1629 71 
5161 8076 83 84 7568 467 40 6279 2353 
8077 19 6603 14 7751 19 8078 8079 
1069 19 20 4104 40 2335 1554 8080 24 
8046 59 12 15 1624 2144 7860 40 15 614 
14 6940 8068 2069 2912 14 
1865 20 2235 14 6326 2419 24 15 208 
2144 56 8046 2 6813 60 130 5376 354 15 419 2178 71 1115 
56 125 7033 19 2436 24 8081 19 7037 19 1115 60 24 194 5 8059 
535 19 15 614 14 6940 8068 415 416 8082 593 28 
1739 2519 24 515 19 15 1329 14 15 2144 8046 59 12 
40 2763 2764 1189 4733 45 1626 1040 
40 3201 55 1120 3400 20 40 2535 472 71 585 
847 7 7 8083 8084 24 
3123 14 292 289 19 220 80 21 935 40 46 
7 4257 3900 230 2059 4242 1740 
7 7751 14 1086 71 531 3674 20 7569 7563 
7 8085 1387 8068 
7 6555 1086 230 1003 20 3252 
7 8086 1038 45 15 1724 7 1352 7964 
7 8087 71 4242 7244 20 1352 
7 690 6941 2319 71 3252 19 1003 20 8088 
7 6279 2353 7041 20 8089 8074 
7 1174 7 7 7568 4911 20 8090 
7 4911 19 2588 20 8091 71 1048 20 8092 
1080 7 333 
7 6556 8093 14 4242 1724 20 1352 
7 8079 8094 8095 1069 71 8061 5847 
2144 950 7 951 
103 24 8096 19 1350 
6984 24 6984 24 8097 19 8098 
930 2155 
6984 24 7267 19 961 
922 24 8099 19 15 7974 
1415 24 968 24 7292 19 6477 
968 24 8100 19 6953 
103 24 1338 24 8003 19 6477 
763 24 8101 19 961 
1415 24 1415 24 8102 19 15 7974 
674 24 8103 19 8104 
1415 24 8105 19 2116 
720 24 8106 19 8107 4928 
720 24 8108 19 1350 
1415 24 1338 24 8109 19 2116 
720 24 3 24 8110 19 8098 
103 24 8096 19 1350 
6984 24 6984 24 8097 19 8098 
5357 2155 
1565 24 4349 217 8111 56 930 60 
766 24 8112 56 5311 60 
768 24 8113 56 4688 60 
560 24 8114 56 1994 2539 60 
103 24 8096 56 5258 60 
4490 14 1242 
6639 4959 14 1284 7 1394 1242 328 35 1121 28 
3769 1429 19 59 354 15 86 14 103 24 8096 24 15 1122 4316 
38 3385 19 6496 19 7350 19 1025 20 6569 328 
35 184 630 631 345 1328 56 447 7 431 8115 60 76 11 19 
5815 19 20 1604 24 1573 1122 34 35 3806 28 550 
1728 14 15 930 2155 24 
5557 354 22 8116 
1429 24 352 24 59 4490 14 1284 1242 
658 24 63 24 59 2894 14 7361 
336 24 892 24 59 4490 14 3026 7353 7 7 1546 1242 
345 24 7 7 2282 24 336 24 59 8046 59 
332 24 7 7 337 24 336 24 59 8057 59 
617 14 15 2144 
15 6351 930 14 15 2144 34 6892 14 7826 
20 3817 2231 84 590 84 22 8117 109 24 15 
1888 3685 14 15 343 12 1770 24 15 7352 
1242 34 35 2778 71 22 6362 6806 20 4028 
354 15 343 24 
15 8046 59 2144 34 35 8118 28 15 8057 59 19 
15 2286 24 7026 766 217 621 8119 14 15 3289 3368 
14 7239 24 22 2379 383 230 15 8057 59 34 35 8120 
56 125 100 15 2443 267 7 106 490 60 24 
2040 20 333 14 15 343 
15 2178 14 15 8046 59 2144 20 15 8057 59 343 
34 35 8051 24 8051 12 15 3558 14 8121 7 7 8122 19 15 
1443 8123 170 14 15 7660 282 14 1350 24 8051 12 
3303 354 15 8124 8125 20 12 590 7 2776 45 15 2487 
8126 8127 6547 3605 14 8128 567 1193 24 15 
6084 71 8051 71 2135 12 1878 8129 38 8130 
337 7 767 768 20 22 3261 8131 8132 24 15 2144 34 1505 
1709 354 15 8133 7 8134 7 278 8051 45 387 19 
8135 24 345 5275 1170 19 8135 24 2282 19 59 24 8051 413 35 1596 8136 
28 4305 87 4544 45 8137 71 133 869 8138 87 28 8139 45 
8140 19 5615 19 87 1656 2 8141 24 1133 8142 2688 
8143 19 8144 19 20 3013 38 8051 24 15 8145 
2487 7674 12 71 8137 20 12 1225 2697 
38 8051 28 15 7674 8146 8147 8147 8148 2 2 24 
2494 2495 20 8030 
129 34 100 35 1739 3767 230 8149 14 
4999 38 7352 1242 20 3590 230 393 
71 1935 3267 8046 59 20 8057 59 24 2746 45 432 
2977 38 7352 1242 569 1215 230 4626 379 84 
460 84 141 1615 15 2894 14 7361 24 15 
7598 572 4319 40 379 393 14 3714 
20 2982 2179 4991 24 15 3026 2472 14 
2494 8020 20 593 7 40 7 61 203 55 15 
343 413 35 1052 71 15 8046 7 267 7 106 24 
86 
4116 24 1110 24 8150 8096 
7253 766 217 621 8050 
8133 7 8134 8151 217 354 8051 
102 7 18 46 8046 59 51 8049 24 8050 24 4144 7 8051 24 2166 
8152 24 344 7 336 
8153 8051 19 1350 
1149 46 273 2270 8154 8155 
280 46 273 2270 8154 8156 
267 7 8046 46 295 46 187 187 267 24 8049 24 8050 24 4144 7 8051 24 2166 187 268 8046 59 187 
267 7 8057 46 295 46 187 187 267 24 8049 24 8050 24 4144 7 8051 24 2166 187 268 8057 59 187 
1192 1192 1192 1192 1192 1192 1192 1192 1192 1192 1192 1192 1192 1192 8054 24 3252 24 829 56 8157 60 1192 1192 1192 1192 1192 1192 1192 1192 1192 1192 1192 1192 1192 1192 
3387 46 3071 19 4782 833 1056 829 71 3252 24 
293 20 203 46 295 46 187 187 267 24 8158 24 53 187 8159 
8160 46 295 46 187 187 267 24 8158 24 53 187 8159 187 8160 
1958 7 3629 187 203 46 8159 7 199 51 8158 24 53 