Subject: 37 46 1139 2 59 
925 4116 24 7914 19 
1610 313 230 17 1323 6 24 354 5 431 15 157 2182 139 505 38 
56 831 14 832 833 834 19 835 2 836 2 60 12 
2897 3655 343 4672 20 139 2170 40 2763 5 
343 40 15 3367 14 226 926 24 
71 15 2175 19 139 406 35 1871 31 139 518 2184 38 15 2156 
154 19 869 405 87 641 24 
462 22 1933 19 139 406 2910 40 2184 71 15 4689 46 
192 1192 203 2419 1885 
192 1192 203 2419 117 
192 1192 1230 19 7915 19 5045 20 531 224 56 7916 55 2188 60 
1610 313 558 19 
827 
828 762 19 
829 830 19 
831 14 832 833 834 
835 836 
837 19 838 
839 51 840 24 836 24 689 
55 1983 19 447 7917 3377 19 7918 7914 191 46 
192 925 1110 24 828 762 46 
192 
192 55 889 14 15 1139 2 59 5357 2155 139 406 215 40 5121 313 
192 40 5616 
192 71 15 7919 343 14 15 1139 56 7920 19 7043 20 
192 832 60 40 35 
192 3474 71 7921 19 7922 19 961 19 45 3491 2072 7 1172 59 24 7923 19 139 244 
192 200 313 
192 15 7924 383 230 1242 24 
192 
192 390 80 565 40 7925 15 1041 14 1426 7926 237 
192 7927 40 17 857 14 5000 24 
192 
494 24 24 497 