Subject: 17920 3461 15864 219 2757 1277 833 1384 219 20284 
14881 4994 
390 80 14881 4994 24 24 24 24 24 4909 608 522 
4503 1747 14 18678 219 
230 1421 24 96 24 22 24 
19674 249 
292 3461 151 15864 24 24 24 24 156 10869 
1277 219 
390 34 15855 15 404 14881 230 313 219 
390 530 22 578 1413 1468 250 
237 2363 313 15855 230 22 14881 19675 20 19676 45 15 14701 
14 17 85 24 4909 608 522 4503 1747 14 18678 646 15 1421 24 96 24 38 
1626 19677 230 1626 90 14 4924 187 4648 5856 24 
477 31 313 2 37 2804 1299 38 641 19438 87 151 416 10880 
905 347 19 390 413 618 260 20 2034 22 930 91 569 1499 1286 409 1915 
40 313 24 
522 14881 1298 
413 234 313 15 12894 313 433 230 46 
15209 10567 
349 2541 17920 
17109 
4924 18702 
85 12992 
157 4544 
5443 7676 
8943 19678 
40 156 22 157 2030 
24 24 20 
571 19 571 630 219 
4078 19679 
38 2907 631 3660 4924 12 522 19680 219 
390 413 234 313 15 14881 313 433 24 
2046 14 455 313 151 1210 87 3089 
4924 19 390 413 260 313 24 
1546 40 234 916 239 
423 6877 127 15 522 2295 1624 1621 19 20 390 2 1278 9862 2384 230 17 14881 24 
25 2 96 91 1797 219 
390 1286 15 18678 12252 230 17 2030 219 
211 
350 902 230 22 1468 17920 
6073 
15626 
3413 46 5 286 130 
445 40 313 28 585 1276 3484 2070 950 24 71 1284 20274 
221 438 20 5942 286 5071 24 313 569 27 
4458 868 45 432 
3655 8719 28 1569 902 24 15 231 86 55 5 286 130 4248 
354 15 333 5 286 130 445 24 