Subject: 494 2715 46 8562 59 497 
7 7 7 7 7 7 7 7 443 6 7 7 7 7 7 7 7 7 
54 46 8562 59 
61 46 62 19 447 58 59 447 46 2620 46 2620 7 67 56 99 187 341 60 
45 46 8562 59 
40 46 8276 51 8277 24 8278 24 703 
522 1774 31 313 1615 507 4959 14 5 183 24 
259 5536 5 183 40 17 316 20 458 
5659 24 
1786 343 55 269 1003 19 1002 20 
1230 224 
6908 767 7 2286 19 59 
8563 19 8564 
286 46 8562 51 8565 24 3753 24 71 
1158 46 295 46 187 187 267 24 8565 24 3753 24 71 187 268 8562 
2482 46 273 3438 2397 8566 8567 280 46 273 3438 2397 8025 8568 
383 230 393 
7 7 7 7 7 7 7 7 7 7 7 7 7 7 7 7 7 7 7 7 7 7 
3011 71 15 878 14 8569 2 2425 3474 354 840 19 8570 20 
8562 2 4168 3474 354 840 19 8571 19 8562 59 34 35 5376 28 15 
3259 230 6997 1799 833 3252 354 8563 223 
2781 767 7 2286 19 59 24 15 343 12 1260 40 2763 2764 
15 1003 19 1002 19 20 1230 224 3550 2764 38 
22 2443 5826 55 8564 24 22 575 5793 374 2367 34 35 
6851 28 2231 45 1849 3876 833 763 5541 71 15 
2977 20 15 1056 24 
33 5557 46 
7 7 7 7 7 7 7 7 7 7 7 7 7 7 7 7 
7573 4548 46 569 337 19 59 
8572 14 7361 46 6926 1430 19 59 
3026 1242 4548 46 6913 337 19 59 
343 5557 46 6908 767 7 2286 19 59 
3123 46 
7 7 7 7 7 7 7 
390 8573 40 2627 22 575 5793 343 71 8564 24 585 1555 
1329 556 40 2763 15 2525 14 1786 7559 14 936 
2160 2764 354 22 512 4592 24 390 1212 1242 1175 40 
29 1885 19 5466 1054 99 24 19 71 1694 40 
829 1242 24 390 572 1212 1242 28 3935 24 15 
3123 14 292 289 19 220 80 21 935 40 19 15 194 46 
269 1003 1230 224 
269 1002 531 224 
1057 1058 2418 
2022 5833 7243 7244 833 3869 
1054 1230 224 4029 
8574 1865 30 833 4787 124 
7573 46 
7 7 7 7 7 7 7 7 7 7 7 7 
1261 7573 80 1072 4456 24 7644 2800 
80 46 8575 2111 19 2036 6771 19 3602 7 2318 7357 38 
8576 19 20 4251 491 24 0 24 414 15 1888 43 106 230 2224 55 
1261 4490 24 1648 328 21 2457 767 
7704 7 8016 1328 76 5815 20 5808 24 15 4490 
328 289 22 1452 106 38 15 3385 19 15 6496 2 401 19 
1025 20 6569 24 1642 6428 2957 7 3985 1648 
328 146 6639 4959 40 15 194 86 46 
8562 59 7374 
3259 230 6997 1799 833 3252 56 8565 60 
8577 8578 8579 19 575 8423 
8563 19 8580 5396 24 8564 
879 203 46 
7 7 7 7 7 7 7 7 7 7 7 7 7 7 7 7 7 7 7 7 
286 86 46 8562 51 8565 24 3753 24 71 
1158 46 295 46 187 187 267 24 8565 24 3753 24 71 187 268 8562 
280 46 273 3438 2397 8025 8568 56 4756 46 8562 59 60 
8581 46 
7 7 7 7 7 7 7 7 
4116 24 1338 24 8582 19 8565 
4116 24 3876 24 8583 19 8584 
1094 5258 46 
7 7 7 7 7 7 7 7 7 7 7 7 7 7 
1110 24 475 24 1415 24 8585 19 8565 8586 51 8565 24 3753 24 71 
930 950 7 951 46 
7 7 7 7 7 7 7 7 7 7 7 7 7 7 7 7 7 7 
4116 24 8587 8588 19 4466 8588 51 4466 24 4178 
4116 24 8589 8590 19 840 19 8591 8592 51 8593 24 8594 24 8595 24 71 
5357 5258 46 
7 7 7 7 7 7 7 7 7 7 7 7 7 7 7 7 7 
4116 24 8596 8597 19 8598 8597 51 8599 24 8598 24 8595 24 71 
8117 5258 46 
7 7 7 7 7 7 7 7 7 7 7 7 7 7 
1110 24 475 24 8600 19 3539 8600 51 3539 24 53 
3462 5258 46 
7 7 7 7 7 7 7 7 7 7 7 7 7 7 7 7 7 7 7 
1110 24 768 24 674 24 8601 19 8565 8601 51 8565 24 3753 24 71 
8602 46 
7 7 7 7 7 7 7 7 7 7 
1110 24 8603 8604 19 8565 8603 51 8565 24 3753 24 71 
5376 28 3259 230 6997 1799 20 3252 56 8565 60 
