Subject: 37 46 6453 7 22 352 1621 
211 763 334 5480 5483 
3259 230 5470 5298 
6479 6480 6481 211 767 
6482 5615 
5554 
4601 86 46 6483 2064 56 15 1133 852 324 60 
2482 573 56 6484 60 46 5554 2286 5642 3438 2620 211 767 
211 349 102 24 24 91 328 35 221 313 433 19 139 6485 239 
211 763 334 5480 
55 1866 19 364 569 59 19 761 24 674 24 762 191 46 
192 5595 19 
192 211 767 
192 259 2012 682 55 15 370 187 86 187 1149 40 400 230 15 6486 91 34 
192 3005 15 22 352 1621 14 836 24 211 767 
192 211 767 
192 25 12 1546 20 6423 219 
192 211 767 
192 827 
192 211 767 
192 211 767 
192 211 767 