Subject: 904 15 5242 1634 5149 24 
925 316 833 3655 13742 46 
84 2201 55 1133 5610 46 
1943 422 4538 22 14327 3606 567 364 40 63 1909 
45 17 85 230 585 4591 14 249 1920 1171 1421 24 96 24 
3606 13404 869 333 
488 40 15 269 4142 20 15 1276 219 
211 211 211 211 211 211 211 211 211 211 211 211 211 211 211 211 211 211 211 211 211 211 211 211 211 211 211 211 211 211 211 211 211 211 211 211 211 211 211 211 211 211 211 211 211 211 211 211 211 35 22 16351 215 940 547 22 1193 219 219 219 
347 313 1564 2 2 16269 2 2 19 259 644 15 194 24 
5 12 15 3176 313 151 416 3033 133 55 15 
3029 3630 24 4548 40 15 12017 14 5 3176 55 
15 1276 19 22 1133 10145 3029 930 131 
7767 585 2754 1639 40 15 14322 14 5 
930 2528 490 19 40 125 31 25 519 413 1286 
1050 3650 24 15 1639 100 16353 455 87 
21 15 930 130 4009 24 1120 14125 16354 421 
20 230 221 91 129 80 2 2 3829 184 2430 
16355 15 393 71 15 930 24 4548 40 
15 1036 104 14 12017 833 3278 5 
930 415 16357 19 25 12 
2804 1299 1301 631 4284 24 
211 211 211 211 211 211 211 211 211 211 211 211 211 211 211 211 211 211 211 211 211 211 211 211 211 211 211 211 211 211 211 211 211 211 211 211 211 211 211 211 211 211 211 211 211 211 211 211 211 211 3380 5 1277 230 17 3655 1840 
31 313 406 215 40 1286 354 559 1920 3503 19 2742 567 892 40 
447 1909 1596 20 16372 19 259 644 15 
194 24 24 24 112 644 25 558 20 558 219 219 219 
2454 15 1633 3413 490 20 17 
4626 12790 34 592 425 19 3061 219 
3413 46 
211 211 211 211 211 2353 221 63 3200 11315 55 15 885 490 211 211 211 211 230 1573 3201 19 146 1920 63 12894 19 15 370 833 573 14 
15 3201 313 80 2358 20 17 102 7 18 86 40 
15 135 622 370 253 55 91 885 2126 40 15 
3201 24 1286 1240 17 427 86 12 55 17 
14582 1824 4157 2375 71 542 14 432 18 504 24 
211 211 211 150 313 1709 17 2353 19 1286 1240 313 2353 
1573 14 15 63 3200 24 
313 34 433 221 63 3200 568 91 313 413 1384 206 
55 17 269 20 15947 206 24 
547 22 1892 1702 313 34 1615 19 605 
102 7 18 19 1573 14 15 63 3200 45 936 63 1626 
1788 24 1384 206 55 17 269 568 141 34 
35 1953 230 313 40 146 40 15 344 19 2742 2 96 14 1050 
553 34 2353 206 45 313 24 100 1286 22 16374 14 
936 3200 20 856 25 55 17 5401 71 542 
1292 2004 40 17 269 24 33 7 312 21 
3718 15 401 14 15 1050 553 80 3906 2126 40 
1573 3201 19 87 1120 7744 55 15 885 19 71 432 405 
458 631 500 12 16375 490 71 9693 217 344 
910 892 217 87 313 34 3618 127 55 22 4479 14 
17 16376 24 421 313 1247 15 405 5 1886 19 
313 34 100 125 904 25 241 21 505 31 313 2370 
25 24 420 19 5 251 415 416 2262 19 20 31 313 
3718 25 19 25 34 21 505 219 219 219 
344 24 24 24 24 1279 313 151 2377 221 63 3200 19 1505 5 
11741 20 4458 15 370 833 86 14 15 
135 71 3201 1919 63 24 5 135 415 939 25 910 
15 7964 20 12 184 3060 16381 1120 3525 24 
349 24 24 24 24 1931 15 370 833 86 71 3201 1919 364 905 40 
3201 1919 63 24 
352 24 24 24 24 1931 15 370 833 86 71 3201 1919 352 905 40 
3201 1919 364 24 
364 24 24 24 24 1931 15 370 833 86 71 3201 1919 349 905 40 
3201 1919 352 24 
63 24 24 24 24 1931 15 370 833 86 71 3201 1919 344 905 40 
3201 1919 349 24 
892 24 24 24 24 3316 17 370 833 86 71 15 3201 1919 344 
3545 24 259 1286 1240 313 3985 567 370 833 
86 11145 219 
211 211 211 211 211 211 211 211 211 211 211 211 211 211 211 211 211 211 211 211 211 211 211 211 211 211 211 211 211 211 211 211 211 211 211 211 211 211 211 211 211 211 211 211 211 211 211 211 211 211 211 211 211 211 211 211 211 40 2184 313 38 3484 17 2030 55 15 
1276 19 15 63 3200 313 2359 34 530 
313 38 16382 3484 203 237 2695 
904 40 146 16383 102 7 1814 6280 19 240 40 683 3605 
14 1468 6623 7164 20 571 630 24 
129 80 349 6719 1480 40 234 5 4644 1488 46 
251 1919 344 46 28 200 16383 102 7 18 6280 
211 211 211 211 211 211 211 211 211 211 211 211 211 211 211 211 211 211 211 211 211 211 211 211 211 211 211 211 211 211 211 211 211 211 211 211 211 211 211 211 211 211 211 211 211 211 211 211 211 211 211 211 211 211 211 211 211 1715 2 96 1564 91 313 1929 40 156 1503 19 1499 40 125 
904 25 1880 19 20 390 34 1484 313 20 1642 1289 
146 127 249 63 19 2742 102 7 1814 1573 24 1715 2 96 100 1484 
91 15 884 17227 249 22 0 24 349 1413 128 56 15 
128 518 35 571 1301 220 2363 1499 1564 25 12 
249 0 24 349 1413 24 100 1322 1050 34 146 127 2743 14 
3605 14 102 7 1814 3229 14 249 63 19 2742 1573 60 24 
3011 38 5 1295 19 313 146 127 249 63 19 2742 
102 7 1814 24 38 22 0 24 349 1413 128 19 91 12 249 345 2365 
230 3201 1919 344 24 1642 345 1050 11059 28 200 
127 63 19 2742 102 7 18 1573 230 22 2398 14 1982 19 2742 24 127 14 
1642 1982 19 2742 102 7 1814 249 0 24 349 1413 11059 38 2365 24 
91 2 96 578 1050 11059 20 2377 3201 1919 349 24 
1642 578 1050 18 127 63 19 2742 102 7 1814 1573 230 22 
2398 14 3503 19 2742 102 7 1814 24 15 0 24 349 1413 128 40 91 12 
3526 2365 230 3201 1919 352 24 1642 3526 1050 146 
127 63 19 2742 102 7 1814 1573 230 22 2398 14 63 14327 
102 7 1814 445 127 24 15 0 24 349 1413 128 40 91 12 345 19 2742 
2365 230 3201 1919 364 24 1642 345 19 2742 1050 146 127 
63 19 2742 102 7 1814 1573 230 22 2398 14 1982 19 2742 19 2742 56 1982 
14327 60 102 7 1814 24 15 0 24 349 1413 128 40 91 12 578 19 2742 
2365 230 3201 1919 63 91 2 96 578 19 2742 2365 2962 1920 63 
1573 211 1920 3503 19 2742 24 335 56 4538 22 14327 60 24 17 2398 88 
71 5 1295 12 46 344 24 24 24 24 24 1920 1982 273 349 24 24 24 24 24 1920 3503 273 352 24 24 24 24 24 
1920 63 19 2742 273 364 24 24 24 24 1920 1982 19 2742 273 63 24 24 24 24 24 1920 3503 19 2742 24 24 24 24 24 24 24 24 
7717 2398 211 1920 15040 19 11351 24 335 2478 312 21 11861 24 234 22 
16384 833 1122 20 5783 127 15 1485 397 
128 20 184 3765 904 313 16386 25 19 313 34 
618 1286 22 564 14 3650 219 
211 211 211 211 211 211 211 211 211 211 211 211 211 211 211 211 211 211 211 211 211 211 211 211 211 211 211 211 211 211 211 211 211 211 211 211 211 211 211 211 211 211 211 211 211 211 211 211 211 211 211 211 211 211 420 3614 19 5 12 1592 249 345 1050 
2358 127 14 63 19 2742 313 8266 40 24 
211 211 211 211 211 211 211 211 211 211 211 211 211 211 211 211 211 211 211 211 211 211 211 211 211 211 211 211 211 211 211 211 211 211 211 211 211 211 211 211 211 211 211 211 211 211 211 211 211 211 211 211 211 211 251 1919 349 46 28 8706 1468 7164 55 15 1276 
211 211 211 211 211 211 211 211 211 211 211 211 211 211 211 211 211 211 211 211 211 211 211 211 211 211 211 211 211 211 211 211 211 211 211 211 211 211 211 211 211 211 211 211 211 211 211 211 211 211 211 211 211 211 2615 55 15 1442 12 589 589 9522 20 
129 80 2743 14 1468 5664 40 11394 24 
8706 22 564 14 1468 7164 55 15 1276 34 1596 
234 22 7146 128 24 390 1812 602 313 156 
38 251 1919 344 20 1402 251 1919 349 84 313 1463 1891 24 
230 567 1920 63 313 1615 19 221 313 1515 312 12 102 7 18 
206 15 3201 141 2377 24 91 2 96 25 24 1254 
530 419 2549 250 55 221 2365 24 5 34 
4954 91 15 102 7 18 141 146 127 19 38 17 
370 20 86 55 25 19 34 35 2657 233 141 
413 21 11394 178 141 1615 15 3201 24 
211 211 211 211 211 211 211 211 211 211 211 123 3200 211 211 211 211 211 211 211 211 211 211 211 211 211 211 211 211 211 211 211 1709 17 2353 230 936 3200 1277 46 
211 211 211 211 211 211 211 211 211 211 211 211 211 211 211 211 211 211 211 211 211 211 211 211 211 211 211 211 211 211 211 211 211 211 211 211 211 211 211 211 211 211 211 211 211 211 211 211 211 211 211 3201 1919 344 46 217 15 12815 2 96 4850 40 2615 230 
1468 55 15 1442 217 
2353 3201 1919 344 45 46 
1565 24 20735 
10227 1146 20736 19 
20737 20738 20739 19 6812 20740 
20741 20742 
3201 1919 349 46 217 15 12815 2 96 4850 40 200 16383 
102 7 18 55 15 1442 217 
2353 3201 1919 349 45 46 
1565 24 720 24 
10227 1146 20743 
20744 19 3513 20745 
961 
479 479 
3201 1919 352 46 217 4866 40 16395 3484 55 15 
1442 217 
2353 3201 1919 352 45 46 
10716 20746 
20747 18299 11698 568 24 564 2072 
20748 431 19 7380 20749 
479 
3201 1919 364 46 217 904 40 1634 22 16351 2784 16401 
833 15 1442 217 
2353 3201 1919 364 45 46 
20578 
12508 20579 1656 24 
20580 19 3513 20581 
961 
479 479 
3201 1919 63 46 217 904 40 146 127 0 16407 14327 102 7 1814 230 
1468 217 
2353 3201 1919 63 45 46 
18039 20750 
19881 20751 4197 24 
20752 19 3513 20753 
961 
1920 1920 1920 1920 1920 1920 1920 1920 1920 17 3400 6493 1920 1920 1920 1920 1920 1920 1920 1920 1920 1920 1920 
2454 936 6493 40 4954 17 3400 46 
211 211 211 31 313 312 21 1615 354 559 345 2365 230 
3201 1919 344 547 349 2133 19 613 200 102 7 1814 
178 313 312 24 
211 211 211 1279 313 151 1121 345 2365 19 349 40 352 2133 
1279 91 313 328 1615 578 2365 87 630 230 
3201 1919 349 24 31 313 1235 21 19 613 2615 87 
200 102 7 1814 178 313 312 24 
211 211 211 421 313 151 1121 578 87 630 2365 230 
3201 1919 349 19 313 413 5454 19 233 15 29 12 
437 1299 230 313 19 20 15 12894 34 613 40 
15500 71 219 5 12 33 40 420 46 
567 333 17 370 12 2084 905 55 15 885 19 313 
80 3113 71 5378 14 22 1626 3201 24 
313 413 856 2367 14 17 147 28 5439 237 
3201 1050 80 2358 45 313 24 31 313 643 40 
1165 630 88 146 641 16411 14 102 7 1814 
20 
156 15 872 154 558 24 129 12 184 7827 40 
15 88 313 413 1165 45 5 2030 219 219 219 
211 211 211 211 211 211 211 211 211 211 211 211 630 16371 211 211 211 211 211 211 211 211 211 211 211 211 211 211 211 217 226 370 12 7025 24 226 2132 19 16416 20 139 3683 71 
3509 24 139 244 585 16417 38 22 654 1421 24 96 24 
3540 20 139 1286 1253 1210 3650 24 150 139 
1121 5 930 139 16418 40 16416 133 
1749 2 2 16419 18 24 2 2 139 939 10017 14 15 872 
642 19 16420 226 116 14 15 14953 20 
14078 1289 24 139 2 2 6395 2 2 25 640 2 3 505 24 
16416 12821 5380 226 3663 1799 20 22 
1892 1702 1635 3108 16421 71 38 1935 5982 24 139 939 
16422 10017 14 557 19 20 130 1546 40 9949 15 435 217 139 
1898 313 568 217 55 557 150 15 642 1579 2 3 505 24 590 19 
15 16423 130 55 682 219 547 352 2133 3108 1209 1121 
1982 11150 24 547 15 2126 5671 1702 3108 1209 1121 
22 2398 14 1920 12508 19 7483 24 335 24 24 24 24 24 24 24 24 24 24 24 221 12894 219 139 130 
16424 24 139 151 13751 16416 71 557 217 16425 24 217 
7025 14386 19 3509 19 7300 
211 211 211 211 211 211 211 211 211 211 211 211 211 211 211 211 211 211 211 211 211 211 211 211 211 211 211 211 211 211 211 211 211 211 211 211 211 211 211 211 211 211 211 211 211 211 211 211 211 211 211 211 211 217 139 1209 1121 5 930 347 24 139 32 25 19 
220 1635 139 3342 31 139 328 151 462 25 22 665 24 
14 581 19 139 1209 184 1354 553 40 1221 40 234 641 
3985 19 568 139 1209 40 366 178 139 130 102 7 8266 558 28 
1176 612 24 24 24 24 24 24 24 24 24 2282 1909 915 112 25 11222 
2628 558 24 24 24 24 24 24 139 1235 21 4 5 869 219 139 939 
630 631 1920 16431 19 2742 55 226 208 665 20 221 15 3650 
2628 547 2286 2133 24 217 
16432 2166 16433 19 157 4389 19 1565 24 6984 24 
211 211 211 211 211 211 211 211 211 211 211 211 211 211 211 211 211 211 211 211 211 211 211 211 211 211 211 211 211 211 211 211 211 211 211 211 211 211 211 211 211 211 211 211 211 211 211 211 211 211 211 211 211 211 217 25 519 12 22 498 943 40 1286 1339 
1797 3650 38 1856 3649 40 313 24 139 8280 15 
1633 3413 5543 20 547 345 1702 15 
3650 916 40 592 71 24 226 208 3175 139 939 
1920 767 19 8580 24 335 20 28 15 2249 14 3482 3175 226 2398 12894 
16434 130 1920 16435 19 16436 24 335 24 3158 12 9425 19 261 40 15 
1276 24 217 
9595 16437 19 16438 19 157 10251 
211 211 211 211 211 211 211 211 211 211 211 211 211 211 211 211 211 211 211 211 211 211 211 211 211 211 211 211 211 211 211 211 211 211 211 211 211 211 211 211 211 211 211 211 211 211 211 211 211 211 211 211 211 211 5 6 12 445 71 6462 14 15 157 102 7 18 10494 46 4441 2391 24 
108 4441 2391 19 2247 56 22 60 56 349 60 56 768 60 14 96 24 14087 19 
211 211 211 211 211 211 211 211 211 211 211 211 211 211 211 211 211 211 211 211 211 211 211 211 211 211 211 211 211 211 211 211 211 211 211 211 211 211 211 211 211 211 211 211 211 211 211 211 211 211 211 211 211 211 211 211 211 211 40 35 7604 45 885 19 369 217 4458 217 71 54 878 20 146 24 