Subject: 5739 20795 20796 24 24 24 1468 880 24 20797 
3605 151 5069 1120 20795 352 7 63 8191 
71 249 2133 136 12520 626 24 
522 20795 20796 930 415 416 
20798 3778 19 1483 19 20 5739 251 14 
20795 20796 237 413 35 225 71 
15 4945 14 17 1685 85 71 22 561 
549 14 333 24 
184 20471 19 20799 19 184 20800 19 5 12 578 1413 221 5739 219 219 
936 80 22 2417 14 20801 7124 313 312 868 
38 522 20802 20 80 2262 19 20 3778 7137 24 
422 19921 19 2742 6703 2485 219 
3936 2262 
578 1413 1483 
3061 1629 
136 522 57 313 34 1771 46 
904 40 259 17 13685 19 
303 2505 71 5993 19 
20 14 581 20469 
17 20795 8191 20 20803 71 1499 349 2133 219 
31 313 80 6630 9923 40 20804 17 20795 19 
234 217 15 4850 547 2133 15 1885 7124 34 
1286 17 20795 2505 19 20805 19 20 6000 219 219 
16584 17 20806 19 260 12337 20807 10225 219 
522 7463 260 5619 17 20808 16675 
20 4480 15904 16628 14862 24 
104 15 6806 14 17 20809 20 15 7134 
14 17 17698 219 125 10611 71 20810 1968 19 20795 20811 19 
20 22 2651 19 15904 20795 5538 219 7704 15 7134 14 
17 20812 71 22 3765 14 1702 24 
522 930 12 422 2397 1413 7137 40 20813 20795 
20814 219 
4811 16490 630 219 683 127 904 40 303 2505 71 5993 24 
522 297 289 7463 40 104 4432 
20815 84 590 84 20816 1502 24 
390 154 2365 2308 2411 22 2549 151 313 1177 20817 
2353 323 219 219 219 219 219 219 219 219 219 219 219 219 219 219 219 219 219 219 219 219 219 219 219 219 219 
2757 1277 20 1615 22 1468 11356 29 219 
100 22 1468 20818 55 20807 6459 219 219 
390 34 289 221 5 84 22 1610 313 230 17 2353 219 219 
249 1920 2287 24 2425 56 2782 2271 24 2425 60 
17 2353 12 2452 15 419 2549 313 34 151 25 71 184 333 
2473 28 4924 10394 87 414 280 87 286 15 4323 2353 1621 87 
4924 203 323 280 14717 7 20819 7 20820 262 46 20821 364 51 13502 24 53 
7 7 7 7 7 7 7 7 7 7 7 7 7 7 7 7 7 7 7 2353 1621 7 7 7 7 7 7 7 7 7 7 7 7 7 7 7 7 7 7 7 7 7 7 7 7 7 7 7 7 7 7 7 7 7 7 7 
2287 24 2425 
56 15 86 91 12 885 55 17 4924 10394 10494 219 219 219 60 
5190 170 1964 479 479 479 479 479 479 479 479 479 479 479 479 479 479 479 479 479 479 479 479 479 479 479 479 479 479 479 479 479 479 479 479 479 479 479 479 479 
286 86 479 479 479 479 479 479 479 479 479 479 479 479 479 479 479 479 479 479 479 479 479 479 479 479 479 479 479 479 479 479 479 479 479 479 479 479 479 479 
4924 10394 573 479 479 479 479 479 479 479 479 479 479 479 479 479 479 479 479 479 479 479 479 479 479 479 479 479 479 479 479 479 479 479 479 479 479 479 412 479 479 479 479 479 479 479 
56 45 149 14 10394 38 352 11526 412 60 2955 20 10395 249 
87 5266 22 3985 14 313 414 490 38 370 20 2482 573 14 
17 4596 24 
7 7 7 7 7 7 7 7 7 7 7 7 7 7 7 7 7 7 7 7 7 7 7 7 1709 414 902 7 7 7 7 7 7 7 7 7 7 7 7 7 7 7 7 7 7 7 7 7 7 7 
14855 370 20 573 479 479 479 479 479 479 479 479 479 479 479 479 479 479 479 479 479 479 479 479 479 479 479 479 479 479 479 479 479 479 479 479 479 479 479 479 479 479 479 479 479 
40 35 7604 262 46 20822 335 51 20823 24 53 