Subject: 10507 2631 4775 552 19 4390 
1415 763 768 560 1421 922 922 102 3 139 1565 
666 13331 2 96 1415 349 682 56 8729 60 3105 8683 
211 211 211 211 211 211 211 211 211 211 211 211 211 211 211 211 211 211 211 211 211 211 211 211 211 211 211 211 211 211 211 211 211 211 211 211 211 211 211 211 211 211 211 211 211 211 211 211 211 211 211 211 211 211 211 211 211 211 211 211 211 211 211 15 13331 918 1415 349 682 3105 8683 12 3109 40 
1212 15 1885 14 13332 288 648 7 3433 
1054 40 4286 15 6604 14 13331 2 96 2030 
4969 24 
847 40 1572 30 9303 56 13333 60 20 3645 19 
13331 2 96 918 1415 349 682 3105 8683 1116 55 918 
1054 230 1062 6018 13334 46 13335 20 
13336 213 4626 20 11144 213 4023 20 
2345 213 4782 187 1389 4630 20 6279 4298 213 20 
11020 24 
1106 1054 1515 35 3305 28 331 1429 19 5030 24 
2191 11173 34 35 4623 40 3719 1120 1054 40 
13331 4453 354 15 2998 56 10508 60 343 19 3769 1171 7 3327 71 
3492 3493 24 11175 34 12252 230 15 12445 14 
217 13331 2 96 918 1415 349 682 523 8683 11127 14 5030 19 217 
1468 343 2219 19 10631 20 458 12895 24 230 585 1967 
523 20 8683 2902 19 125 46 
295 46 187 187 3105 24 13331 24 53 
33 46 259 644 522 3777 14 400 20 4945 8684 46 
295 46 187 187 267 24 264 24 53 187 4945 187 
1192 526 
489 239 146 17 526 55 15 10507 2631 40 46 
10507 7 4757 51 264 24 53 
1192 3409 187 285 
7 40 3409 19 1463 40 15 2447 106 19 
56 295 46 187 187 3105 24 288 24 264 24 53 187 3411 187 60 19 2498 
15 4829 313 643 40 3409 40 20 350 217 2543 217 24 
7 40 285 19 1463 40 15 2447 106 19 
56 295 46 187 187 3105 24 288 24 264 24 53 187 3411 187 60 19 12512 15 
2322 12513 19 20 350 217 2543 217 24 
7 40 400 522 869 7 350 285 2723 19 125 15 351 354 
15 2249 14 5 286 46 
7 4008 
4008 4390 264 2888 19 483 24 221 6261 6413 24 
10583 3492 1574 8933 19 7278 7279 19 3494 10584 961 24 
5 2022 12 3127 28 4008 24 230 630 203 19 125 46 
295 46 187 187 288 24 264 24 53 187 10507 187 4008 24 298 
10507 2631 
4775 552 19 4390 
264 19 264 2888 19 288 19 288 3105 864 19 2998 19 
20 1415 349 682 80 11188 87 610 11188 14 264 
2888 19 483 24 71 15 1131 1132 20 458 4991 24 
40 400 522 869 7 350 285 2723 19 2616 15 194 1158 46 
