Subject: 17 589 1685 12894 22052 1737 22053 
10979 644 5 46 
31 313 433 40 1286 22 1892 9545 3606 519 1504 19 112 259 
1505 22 5291 40 644 5 1633 930 139 244 2252 38 313 24 
313 312 21 151 40 146 1920 63 40 6407 1050 19 4545 1120 3200 87 
5203 87 1614 215 91 24 3019 34 313 151 40 17126 630 
3650 1635 40 234 599 1488 24 
5 12 15 11655 19 5247 930 313 34 4284 312 24 
180 25 71 869 8138 20 313 34 1267 3238 15 2549 313 
208 1121 25 24 
15 194 12 22 4319 40 942 313 20 17 3655 24 
35 4476 40 234 12248 24 24 24 313 1950 2 3 35 18608 219 219 219 
644 15 194 20 313 34 3639 5 12 22 589 4075 
943 24 249 17126 22 1856 600 14 333 19 20 17 8177 
518 1744 3605 14 3606 219 1210 5305 219 
7 7 7 7 7 7 7 7 7 7 7 7 7 7 7 7 7 7 7 7 7 7 7 7 7 7 7 7 7 7 7 7 7 7 7 
7 7 7 7 7 7 7 7 7 7 7 7 7 7 7 7 7 7 7 7 7 7 7 7 7 7 7 7 
25 2 96 21493 219 219 219 38 550 2411 14 505 139 151 939 422 928 1920 2282 19 2742 
71 15 303 2191 2133 24 24 20 226 4591 130 1499 1920 63 219 219 219 139 2427 25 219 
1610 313 
2282 19 2742 2687 2 96 219 
18296 1338 24 1656 24 9207 
7 7 7 7 7 7 7 7 7 7 7 7 7 7 7 7 7 7 7 7 7 7 7 7 7 7 7 7 7 7 7 7 7 7 7 
7 7 7 7 7 7 7 7 7 7 7 7 7 7 7 7 7 7 7 7 7 7 7 7 7 7 7 7 
80 313 71 433 14 3650 1243 1277 239 
904 241 1920 345 19 2742 71 550 2133 305 239 
1 2 3 16423 219 665 5 230 22 2370 660 313 366 230 15 940 40 
156 1299 24 869 8138 14 505 40 234 916 20 184 884 1227 219 
22054 3484 3395 16519 8985 
5 250 12 578 1413 4009 56 2666 40 928 7645 20 17480 2430 19 3385 
3290 19 4441 17478 20 20236 19 87 3385 3290 19 4441 21246 71 15 928 
412 19 100 71 15 412 14 7660 17633 19 6806 339 19 
3720 21248 20 21249 19 237 170 22 1177 87 250 1515 35 
20237 230 3650 1121 60 
902 2 96 904 25 1886 
18162 1322 458 1298 19 5 2191 2237 930 12 630 1046 
20 571 19 571 4838 24 233 25 12 568 1797 19 15 128 5225 230 
5 930 12 589 575 20 589 1504 19 20 313 34 125 1629 71 550 
2133 87 2907 219 1499 71 333 230 2126 3175 2 96 15755 219 
313 249 18 127 767 4959 56 21 7483 87 630 84 71 458 1298 60 24 
313 328 100 146 206 40 1050 553 146 313 1120 1298 
233 141 625 936 1298 505 20 141 80 437 22055 
71 15 29 219 
1591 19 5 930 12 571 19 571 4838 20 415 22 6279 
128 5225 219 
477 31 313 80 437 71 22 930 19 4808 38 25 19 220 312 868 22 
3615 20 312 5 869 84 590 24 156 1243 1277 219 25 2 96 1633 20 2346 
22 589 1503 4591 24 25 34 2473 1794 152 347 458 5540 477 
9862 40 22056 71 219 
1499 1863 869 135 22 1920 63 16519 24 91 2 96 221 219 
2454 15 1633 3413 20 71 550 2133 313 34 151 
928 1920 345 19 2742 71 17 4596 1946 219 233 14 15 895 4591 19 3507 19 
20 575 110 4633 19 5 930 415 22 589 575 128 5225 219 
1499 869 56 344 60 928 1920 63 10494 24 91 2 96 17 4591 219 219 219 
2454 936 1633 3413 
344 60 55 22 3410 4615 14 1122 205 259 1402 682 40 17 884 
885 24 205 17 370 20 86 2197 20 289 17 286 
86 230 3655 8719 20 15703 2454 13741 24 18715 25 1382 
22 928 1920 63 20 146 25 40 15 208 370 55 15 885 56 1919 344 60 24 
249 15 208 135 55 15 885 539 17 370 20 22 6407 14037 16519 24 
349 60 22057 249 15 885 19 11386 15 208 56 1919 344 60 370 45 15 885 24 
1931 15 458 550 401 593 20 1402 17 370 40 15 885 71 15 3482 
56 1919 352 60 3545 24 
352 60 
146 127 767 4959 14 5 3176 24 934 46 28 200 5 3176 
605 286 19 15 128 333 12 571 4838 19 20 313 1384 15 14998 
14 18719 19 17475 19 20 12421 2070 
24 3283 5 19 9547 
14 1050 12611 15 1276 7171 19 221 2549 19 221 422 15 1049 219 
22058 9545 157 1050 234 55 15 1276 567 3175 219 585 
4074 848 14 401 12 15 1050 553 146 313 458 1298 
20 15 401 3906 55 15 3176 141 146 313 24 17 1221 848 
12 4083 219 
25 22059 226 653 40 402 14 221 15 3767 219 18 19 87 22060 1564 286 19 17 3176 323 219 25 2 96 568 1797 24 869 8138 14 17 333 24 
91 2 96 25 219 
40 146 17 3395 28 286 46 
344 60 1463 40 217 11275 217 20 2616 221 
349 60 1463 40 217 11275 217 20 217 3985 217 
352 60 156 56 22061 60 22 157 286 6 
364 60 86 17 286 20 54 5701 
63 60 
1463 40 217 11275 217 20 217 3171 
217 
1279 313 151 22062 5 2203 40 17 157 286 19 4 15 435 
1364 20 22063 56 54 19 61 19 40 19 45 19 22064 24 60 1277 313 413 11275 
15 401 20 3405 38 3711 24 139 5672 4380 15 1824 370 19 
6567 17 370 20 86 40 15 4818 14 15 885 19 112 423 
4081 15 2478 24 
129 2 96 3693 630 40 312 24 150 17 370 4792 15 208 3545 
71 22 1892 1702 19 25 34 35 17 3311 40 3005 17 11720 24 15 11720 
34 35 445 40 313 28 344 19 3503 40 349 19 2742 1050 215 868 19 553 80 
4037 40 17126 928 1920 63 20 869 8138 40 1615 928 1920 345 19 2742 71 12894 24 
91 2 96 221 219 129 34 35 22 2398 14 928 1920 345 19 2742 71 928 1920 63 15755 71 17 
12530 71 550 2133 24 928 1920 345 19 2742 230 869 2411 505 219 
139 402 25 2 96 3604 25 19 1 2 3 313 239 
1463 1753 7 7 665 25 24 25 2 96 928 1920 63 219 477 31 313 1286 1499 352 87 364 
9545 19 640 2 3 91 35 2329 239 31 313 665 25 19 25 34 2473 219 
7 7 7 7 7 7 7 7 7 425 10872 
22065 12786 70 46 139 15835 5 16519 15387 6639 2962 303 1193 24 
15 208 333 139 1121 422 1920 491 19 2742 71 12894 71 2907 631 550 2133 
20 422 1920 345 19 2742 71 12894 71 15 2126 2191 2962 139 15835 25 24 139 413 2 3 
9862 40 165 313 904 498 25 3106 21 40 151 40 3145 133 3650 
1256 219 139 1610 3057 230 15 2549 139 1121 5 3176 219 25 415 
6630 5899 226 3158 219 1 2 3 35 1270 40 1286 11720 40 
22066 7 7 141 2 1278 592 149 40 313 71 3282 7 18715 24 568 19 1715 2 96 
856 25 1488 20 260 1573 458 127 71 936 5303 
20 5905 2962 24 
7 7 7 7 7 7 7 7 7 413 139 312 25 558 239 
14 581 313 413 7 7 5 4319 12 5943 230 2836 40 146 249 
767 5540 1573 24 503 19 313 80 1285 21 935 40 767 24 
18 127 84 1322 84 313 413 24 567 767 5540 313 146 415 22 427 
14 1920 345 19 2742 87 630 24 31 313 413 18 22067 19 20874 19 16839 19 87 
1439 19 1463 230 25 219 
15 630 313 168 608 25 15 630 313 234 127 14 25 24 
1573 333 313 159 5 930 19 1499 2454 9693 344 4099 352 20 
2836 55 17 16519 885 1691 219 1633 1066 239 313 1490 25 12 219 
1591 19 129 80 184 884 1227 40 4545 56 20 366 230 60 19 20 6213 
40 15 10952 87 21823 19 20 313 413 312 25 558 20 558 
38 17 2782 2519 87 22068 19 87 156 593 22 157 690 24 
258 21 239 25 18999 1299 219 1573 333 313 1615 585 16401 
1317 19 3110 38 5 3176 219 
17 370 34 18028 40 15 573 869 3545 354 
22069 3461 24 
2454 15 1633 3413 19 20 1805 221 19 259 1829 1264 24 
91 2 96 15 1062 40 5 1298 3400 24 17 370 1515 159 15 1284 
22070 55 15 885 40 2805 15 2249 1629 24 22071 17 370 
6279 593 55 15 885 34 21 2805 15 1629 313 402 19 20 25 
249 22072 15 458 1050 553 151 1708 2957 20 151 16827 
15 1243 40 35 129 24 568 259 19 1829 28 15 2902 20 15 1920 1920 1920 34 
592 40 313 219 
7 7 7 7 7 7 7 7 7 7 7 7 7 18 17 5540 127 323 219 7 7 7 7 7 
7 7 
1920 1920 1920 2764 390 34 17063 219 1920 1920 1920 
1210 5305 219 219 219 
344 24 3876 24 560 24 
1146 24 22073 19 
9194 22074 
10060 19 3 334 674 7 892 4229 491 
5234 
349 24 560 24 21176 
475 24 968 24 1146 22075 
22076 19 1565 24 560 24 
102 352 22 63 674 334 
352 24 922 24 1338 
20209 19353 
22077 16407 334 403 4601 19 957 560 344 
22078 19 3206 22079 
961 
9653 313 15 404 71 221 313 312 219 
313 639 1 2 3 140 5 34 505 19 220 31 390 1 2 3 665 25 19 390 
34 1267 625 24 