Subject: 37 46 288 574 690 
55 1866 19 767 58 59 19 761 24 674 24 762 191 46 
192 691 772 19 
192 
192 692 773 774 682 737 775 776 777 778 779 723 780 264 
192 774 682 695 781 722 288 166 690 782 783 24 
192 
192 784 785 786 717 787 788 789 790 791 
192 717 792 779 793 24 794 682 795 796 797 19 
192 798 789 799 791 779 800 56 801 19 802 60 
192 803 804 717 805 709 352 806 807 808 696 24 
192 
192 731 809 709 692 810 585 811 737 812 813 717 814 815 
192 706 731 816 709 817 711 712 19 585 818 819 709 
192 820 682 738 739 740 695 821 722 723 19 585 
192 777 822 692 737 725 740 823 824 24 
192 
2106 12065 12066 682 5408 12067 12068 12069 12070 12071 
12072 10664 40 12073 1018 826 8490 717 704 403 755 787 782 
217 12074 217 975 12075 1018 24 5261 12069 814 703 12076 12077 12078 709 787 
12079 10658 12080 24 12072 12081 40 12082 12066 5322 10704 10758 19 
707 10706 12083 727 12084 10670 24 12085 711 682 12086 731 12087 
709 12088 707 8543 288 12089 713 11956 10756 740 742 
10725 782 288 24 5332 12079 12090 703 689 288 166 690 239 
192 825 740 40 826 692 19 
192 
192 827 
192 
192 7 7 7 7 7 7 7 7 7 7 7 7 7 7 7 7 7 7 7 7 7 7 7 7 7 7 7 7 7 7 7 7 7 7 7 7 7 7 7 7 7 7 7 7 7 7 7 7 7 7 7 7 7 7 7 7 7 7 7 7 7 7 7 7 7 7 7 7 7 7 7 
192 828 762 19 
192 829 830 19 
192 831 14 832 833 834 
192 835 836 
192 837 19 838 
192 839 51 840 24 836 24 689 
192 
192 