Subject: 6266 552 8940 71 552 1702 19 3061 219 
1192 1192 1192 1192 1192 15554 22380 5435 16623 22381 22382 1192 1192 1192 1192 1192 
1192 1192 1192 1192 1192 390 4328 2402 40 221 3268 4991 1192 1192 1192 1192 1192 
6266 552 8940 71 552 1702 24 24 24 3061 219 219 219 
221 5739 16589 7 3636 930 19 15662 593 15 18599 12660 
6397 1919 344 71 1935 6488 14 1683 833 21885 71 
56 15 961 323 60 
390 2 1278 260 313 234 18587 71 15745 219 219 219 
390 2 37 1488 40 260 313 391 1210 19 1303 1210 20 1505 1612 71 59 
5 12 15 5247 19 11655 19 20 1443 7137 405 40 6266 1935 
8940 20 8191 12528 219 219 219 5 16589 3636 930 12 
3109 1204 40 217 6513 217 16589 7 3636 3275 28 20489 
290 18599 19 20 1981 15 290 2 96 2366 40 2364 16589 24 
22 3421 19 1483 19 552 2549 930 24 5 12 869 930 313 1950 2 3 
1303 22383 55 24 180 930 230 869 15554 895 2465 219 
930 2695 46 7177 15554 16623 22381 22382 19 552 2549 7 16589 
4639 4319 19 147 3201 19 20 571 630 219 219 219 
2443 7177 24 24 24 217 16623 22384 217 19 84 2201 55 5610 
38 567 2353 24 24 24 15554 22380 5435 16623 22381 22382 38 
6768 56 344 3175 6572 19 3829 1468 60 24 24 24 38 936 22382 
313 413 4552 500 313 4811 19 908 15 3145 14 16623 71 17 18603 24 
349 40 352 22382 337 346 347 4558 87 7697 19 20 15 16623 34 35 
22385 20 915 910 15 290 908 15 22386 14 16623 608 
15 290 24 
313 34 35 18116 28 5539 219 1 2 3 366 19 2362 522 43 
106 490 19 20 927 1277 219 
479 479 479 344 3175 6572 1920 3327 24 2425 19 173 1920 352 24 2296 96 833 720 19 578 15554 22387 
59 22382 24 
479 479 479 349 3175 6572 1920 2077 24 2425 19 173 1920 352 24 2296 96 833 720 19 7483 15554 22387 
59 22382 24 56 22 1920 336 24 2425 16787 60 219 
479 479 479 352 3175 6572 1920 2271 24 2425 19 173 1920 352 24 2296 96 833 720 19 9173 15554 22387 
59 22382 24 56 22 1920 658 24 2470 16787 60 219 
40 2353 28 7645 18 19 259 146 40 15 490 86 24 
1286 8029 40 22387 59 24 
22387 59 1192 22388 22389 18189 24 957 768 1192 22390 19 22391 22392 
56 15424 60 9763 7 22393 
414 479 479 479 479 22394 479 479 479 479 22395 7416 479 479 479 479 2955 479 479 479 479 10395 479 479 479 479 
56 84 25 253 55 414 87 4924 10394 60 
56 84 25 253 55 414 87 4924 10394 60 
5190 19 170 19 1964 56 84 25 253 55 414 87 4924 10394 60 
56 4924 10394 573 60 
544 3175 479 479 479 479 479 1193 479 479 479 479 479 
286 86 56 259 205 14603 60 