Subject: 37 46 1162 12380 11429 7 4760 1509 181 40 2548 239 
12381 
902 12 585 2543 55 500 390 151 225 20 6632 24 390 413 1277 856 15 
1162 153 230 22 1892 1702 347 390 433 40 37 7 156 25 24 
390 151 5899 15 11500 84 2024 46 
8619 578 901 
606 1335 1705 1338 
2255 1509 7 5284 578 19 626 578 19 235 9173 
864 2895 7 856 2083 63 19 235 552 96 
1277 4735 593 38 46 12382 7 12383 768 46 1710 1667 344 24 352 7 12384 217 7 12385 578 1338 
7 12386 578 1338 217 
15 1162 130 12387 11429 150 25 1209 184 2255 1509 24 71 15 
2945 545 593 15 1758 130 1514 1509 84 3790 20 112 3754 
206 40 15 158 2548 150 21 1274 24 503 25 679 40 151 416 
3754 4760 1509 40 15 2548 19 568 91 19 230 1295 19 15 2255 
1509 406 1463 45 2398 46 658 19 123 46 352 213 40 2398 339 123 0 19 354 
237 431 15 1162 406 1495 2951 40 454 24 
28 4081 15 5284 20 626 573 14 1509 40 578 25 2346 2505 
347 15 573 14 4760 1509 181 40 15 2548 12388 15 2548 1968 
40 0 19 220 1573 2549 129 80 8710 123 1509 24 1279 37 7 4735 
15 1162 15 236 348 172 22 573 14 288 24 668 24 12389 3173 24 
139 140 91 15 614 12 541 3643 233 390 80 136 197 
1622 20 139 3678 91 1509 80 12390 7 5451 3895 7 150 19 
230 1295 19 22 1831 98 3243 507 454 230 15 419 19 12391 19 
197 71 1822 12392 7 15 1758 997 40 250 221 14 936 454 
237 19 139 2 1338 3716 19 1675 40 15 2255 158 1064 22 614 24 
1518 
192 7 7 7 7 7 443 6 7 7 7 7 7 
192 45 46 12393 19 12381 494 495 46 12394 51 3165 24 12395 24 53 497 
192 445 46 387 19 332 4775 59 2348 46 983 
192 40 46 2816 7 292 51 288 24 264 24 53 
192 54 46 37 46 1162 12380 11429 
192 
192 1518 19 
192 
192 139 159 22 1758 38 19 
192 1094 46 8619 7483 901 19 606 1335 7 1705 10046 
192 2255 1509 46 5284 345 19 626 7483 19 235 9173 562 
192 864 2895 46 856 2083 63 19 235 552 
192 5284 12396 7 12397 1338 
192 626 12396 7 12397 1338 
192 
192 139 1235 1362 421 150 15 573 14 10932 40 15 723 8180 15 10602 
192 5423 19 568 139 244 5279 40 104 15 1335 40 22 7146 2458 24 
192 139 1738 40 22 142 12396 1968 1387 55 2801 6053 20 139 312 21 
192 151 
192 432 504 38 15 1713 1279 91 24 
192 139 151 21 1708 38 1667 344 24 352 568 406 21 35 450 40 3070 55 91 19 
192 503 19 500 313 1564 133 15 1697 3370 4226 1279 221 15 
192 12396 1968 12 532 12 425 24 
192 139 159 25 38 15 3677 3147 20 151 3352 504 24 
192 259 1715 682 625 150 313 683 22 655 40 17 614 20 258 313 
192 1209 
192 15 614 24 
192 
192 488 19 
192 
192 12381 
192 
192 
192 7 7 7 7 7 443 6 7 7 7 7 7 
192 45 46 12398 19 3876 494 262 46 3876 24 12398 51 2564 24 265 24 2116 497 
192 445 46 387 19 4775 332 19 59 447 46 2282 340 
192 40 46 2816 7 292 51 288 24 264 24 53 
192 54 46 37 46 1162 12380 11429 
192 
192 
192 12381 
192 
192 1610 313 230 2951 24 139 1562 91 15 1335 130 1878 1503 84 139 
192 168 2764 15 286 24 20 1697 5796 12 226 1976 3678 19 220 
192 258 
192 5 328 1254 1505 1709 354 304 12 2755 682 24 100 19 139 1247 
192 91 15 12274 10116 19 237 869 539 38 15 1667 344 24 352 19 241 1697 
192 3370 
192 71 15 4071 20 21 354 22 512 1501 24 139 2 254 1562 91 15 10602 91 
192 175 28 3677 38 15 1758 241 1697 3370 150 221 14 15 12396 
192 12 532 593 20 91 15 1162 12380 2951 243 5 12 3515 
192 1709 
192 56 568 141 5672 3194 22 1503 12396 1968 19 237 12399 15 6169 
192 91 175 38 12274 19 240 141 315 133 1319 15 3677 11007 1338 40 
192 1292 91 5760 15 2627 1162 3146 19 237 12 500 139 151 225 60 24 
192 1757 129 12 585 12400 627 15 1758 20 12274 71 5 
192 2820 91 12 12401 22 614 24 139 2 254 181 40 1758 3677 11500 
192 230 
192 15 333 541 40 125 31 91 3243 432 3973 56 20 151 12402 15 
192 12403 3313 60 24 
192 
192 139 2 1278 1463 20 151 22 391 354 15 2801 723 1277 24 
192 
192 684 
192 
192 1518 
192 
192 192 7 7 7 7 7 443 6 7 7 7 7 7 
192 192 45 46 12393 19 12381 494 495 46 12394 51 3165 24 12395 24 53 497 
192 192 445 46 387 19 332 4775 59 339 46 332 
192 192 40 46 2816 7 292 51 288 24 264 24 53 
192 192 54 46 37 46 1162 12380 11429 
192 192 
192 192 5 12 22 1939 614 19 139 151 21 8751 83 22 614 55 226 
192 192 1162 24 
192 192 503 19 139 406 602 91 313 104 15 1335 606 40 22 12404 
192 192 2458 84 139 125 91 313 151 1066 7219 1080 40 8425 24 
192 192 38 22 5284 12396 1968 545 40 345 1338 20 22 626 14 10575 1338 518 100 
192 1286 
192 192 15 1713 2584 11682 24 5 4136 40 22 1776 20 7146 333 
192 71 
192 192 1697 3370 14 15 1057 1737 24 
192 192 139 1209 416 40 585 2801 723 237 2596 133 10613 15 1057 
192 192 1737 12396 4893 83 84 40 1863 313 15 404 1629 24 15 351 12 19 
192 192 295 46 187 187 267 7 364 24 2801 24 53 187 30 187 3105 187 852 187 4798 7 12396 7 1968 24 298 
192 192 
192 192 440 5 441 24 
192 192 
192 192 12381 
192 192 
192 192 7 7 7 7 7 443 6 7 7 7 7 7 
192 192 45 46 12398 19 3876 494 262 46 3876 24 12398 51 2564 24 265 24 2116 497 
192 192 445 46 388 19 4775 345 19 59 491 46 2077 244 
192 192 40 46 2816 7 292 51 288 24 264 24 53 
192 192 54 46 1162 12380 11429 
192 192 
192 192 
192 192 662 221 
192 192 
192 192 522 1758 1162 12380 2951 40 2696 11430 71 15 2747 14 15 304 
192 192 150 
192 192 25 19 20 537 2627 1854 1146 19 80 1291 12405 368 24 71 15 2549 333 25 
192 12 
192 192 1299 1731 24 15 1758 6619 4237 40 505 20 3947 
192 192 15 
192 192 1758 40 35 593 20 153 19 220 1921 40 2696 11430 4286 38 184 128 24 
192 192 15 
192 192 6619 37 7 554 15 1758 908 432 504 19 150 25 554 
192 192 2951 558 24 129 1593 2 3 432 12406 164 71 15 12407 
192 192 4912 19 
192 192 12408 15 1854 535 4912 24 
192 192 
192 192 432 472 239 
192 192 
192 192 139 2 1338 136 15 194 2653 878 40 156 15 1162 46 
192 192 
192 192 12382 7 12383 768 46 1710 1667 344 24 352 7 12384 217 12385 345 1338 12386 10575 1338 217 7 367 
192 192 
192 192 71 15 6619 19 1291 250 11553 19 15 194 11500 151 
192 192 416 
192 192 5830 46 
192 192 
192 192 1094 46 8619 7483 901 19 606 1335 7 344 10046 
192 192 2255 1509 46 5284 345 19 626 578 19 235 9173 562 
192 192 864 2895 46 856 2083 63 19 235 552 
192 192 
192 192 1322 488 
192 192 
192 192 1518 
192 192 
192 192 
192 211 211 211 211 211 211 211 211 211 211 211 211 211 211 211 211 211 211 211 211 211 211 211 211 211 211 211 211 211 211 211 211 211 211 211 211 211 211 211 211 211 211 211 211 211 211 211 211 211 211 211 211 211 211 211 211 211 211 211 211 211 211 211 211 211 211 211 211 211 211 211 211 211 192 192 192 192 40 285 19 146 286 40 287 51 288 24 264 24 53 20 289 71 15 
192 192 290 
192 192 14 15 6 217 291 2816 7 292 217 24 230 1094 260 19 146 286 
192 40 
192 192 287 51 288 24 264 24 53 20 289 71 15 290 14 15 6 217 260 217 24 
192 192 230 630 203 133 1758 2362 
192 192 295 46 187 187 267 24 264 24 53 187 30 187 2817 187 
192 192 
192 192 
192 211 211 211 211 211 211 211 211 211 211 211 211 211 211 211 211 211 211 211 211 211 211 211 211 211 211 211 211 211 211 211 211 211 211 211 211 211 211 211 211 211 211 211 211 211 211 211 211 211 211 211 211 211 211 211 211 211 211 211 211 211 211 211 211 211 211 211 211 211 211 211 211 211 192 192 192 192 40 285 19 146 286 40 287 51 288 24 264 24 53 20 289 71 15 
192 192 290 
192 192 14 15 6 217 291 2816 7 292 217 24 230 1094 260 19 146 286 
192 40 
192 192 287 51 288 24 264 24 53 20 289 71 15 290 14 15 6 217 260 217 24 
192 192 230 630 203 133 1758 2362 
192 192 295 46 187 187 267 24 264 24 53 187 30 187 2817 187 
192 
192 211 211 211 211 211 211 211 211 211 211 211 211 211 211 211 211 211 211 211 211 211 211 211 211 211 211 211 211 211 211 211 211 211 211 211 211 211 211 211 211 211 211 211 211 211 211 211 211 211 211 211 211 211 211 211 211 211 211 211 211 211 211 211 211 211 211 211 211 211 211 211 211 211 192 192 40 285 19 146 286 40 287 51 288 24 264 24 53 20 289 71 15 
192 290 
192 14 15 6 217 291 2816 7 292 217 24 230 1094 260 19 146 286 40 
192 287 51 288 24 264 24 53 20 289 71 15 290 14 15 6 217 260 217 24 
192 230 630 203 133 1758 2362 
192 295 46 187 187 267 24 264 24 53 187 30 187 2817 187 
192 
192 211 211 211 211 211 211 211 211 211 211 211 211 211 211 211 211 211 211 211 211 211 211 211 211 211 211 211 211 211 211 211 211 211 211 211 211 211 211 211 211 211 211 211 211 211 211 211 211 211 211 211 211 211 211 211 211 211 211 211 211 211 211 211 211 211 211 211 211 211 211 211 211 211 192 192 40 285 19 146 286 40 287 51 288 24 264 24 53 20 289 71 15 
192 290 
192 14 15 6 217 291 2816 7 292 217 24 230 1094 260 19 146 286 40 
192 287 51 288 24 264 24 53 20 289 71 15 290 14 15 6 217 260 217 24 
192 230 630 203 133 1758 2362 
192 295 46 187 187 267 24 264 24 53 187 30 187 2817 187 
211 211 211 211 211 211 211 211 211 211 211 211 211 211 211 211 211 211 211 211 211 211 211 211 211 211 211 211 211 211 211 211 211 211 211 211 211 211 211 211 211 211 211 211 211 211 211 211 211 211 211 211 211 211 211 211 211 211 211 211 211 211 211 211 211 211 211 211 211 211 211 211 211 211 40 285 19 146 286 40 287 51 288 24 264 24 53 20 289 71 15 290 
14 15 6 217 291 2816 7 292 217 24 230 1094 260 19 146 286 40 
287 51 288 24 264 24 53 20 289 71 15 290 14 15 6 217 260 217 24 
230 630 203 133 1758 2362 295 46 187 187 267 24 264 24 53 187 30 187 2817 187 