Subject: 288 3105 864 56 10508 60 2631 7 3401 1172 19 4390 
288 3105 864 56 10508 60 2631 
211 211 211 211 211 211 211 211 211 211 211 211 211 211 211 211 211 211 211 211 211 211 211 211 211 211 211 211 211 211 211 211 211 211 211 211 211 211 288 56 8729 60 343 4390 12 1233 219 
2308 7 1171 569 19 354 9656 13009 13010 71 13011 
5 535 12 240 15 3105 2525 413 234 15 2360 
2543 55 15 8830 20 471 1885 14 157 2030 
1191 24 
3123 34 1452 288 648 20 15 3456 24 
683 127 904 313 413 5148 15 1747 4910 230 2030 
20 5055 1049 71 2398 855 219 
230 630 203 19 1463 40 295 46 187 187 264 24 25 187 13012 187 13013 4390 187 
24 24 24 24 24 24 24 24 24 24 24 24 24 24 24 24 24 24 24 24 24 24 24 24 24 24 24 24 24 24 24 24 24 24 24 24 
7 934 
264 19 264 2888 19 15 264 12687 19 288 19 20 288 3105 864 
80 11188 19 12977 87 610 11188 14 264 2888 19 
483 24 71 15 1131 1132 20 458 4991 24 
7 4008 
4008 4390 264 2888 19 483 24 221 6261 6413 24 
10583 3492 1574 8933 19 7278 7279 19 3494 10584 961 
5 2022 12 3127 28 4008 24 230 630 203 19 125 46 
295 46 187 187 288 24 264 24 53 187 10507 187 4008 24 298 
7 3411 
264 12511 17 317 333 20 4945 24 15 288 3105 
864 56 10507 60 884 1227 80 532 230 9 264 2888 
4951 249 24 313 151 1121 5 286 233 313 3081 40 
3409 24 
40 285 40 10507 13014 19 1463 40 15 2447 106 
295 46 187 187 3105 24 288 24 264 24 53 187 3411 187 19 12512 15 
217 10507 2631 217 12513 19 20 350 217 2543 217 24 
40 3409 40 458 10507 8719 19 1463 40 15 2447 106 
295 46 187 187 3105 24 288 24 264 24 53 187 3411 187 19 2498 15 4829 
313 643 40 3409 19 20 350 217 2543 217 24 
10507 2631 
3401 1172 19 4390 