Subject: 2191 22207 8630 219 
390 2 254 437 13406 127 422 22 2551 14327 3606 40 10523 1499 215 
313 24 
666 15 18256 19 14038 15754 7680 317 
1920 1171 19 2742 10523 80 22208 71 354 522 7680 6852 219 1848 17 
597 14 5 6574 2548 20 847 585 1946 1277 24 390 2 1278 2763 15 18256 19 
1443 2915 19 14038 15754 7680 55 15 1442 1243 40 17 10627 24 
390 3512 15 404 4797 19 215 23 3486 3487 2812 18305 173 10012 
2507 19 10938 19527 20 5417 14 15 22209 19526 1741 313 2 1278 4284 683 24 
313 2 37 1499 22 350 5435 45 575 15754 3617 1352 24 
1468 1920 345 6054 593 230 567 157 11132 219 
350 902 40 666 15 7680 20 3416 3524 1277 219 219 219 
352 763 288 833 841 7 11132 
1829 15 404 317 7680 71 15 1049 1243 1277 24 
184 10654 1271 24 
3424 467 
575 5793 19 12821 2915 20 2037 7680 10017 19 1243 55 17 269 
71 15 14701 20 4945 14 85 24 
1829 38 22 3778 17788 2143 24 
17 4945 12 2771 589 6129 20 12 2254 24 
3416 3524 354 522 1057 5808 20 12894 127 14899 219 
40 35 7604 259 231 38 4458 71 15 54 878 24 