Subject: 2801 2807 494 1584 3955 213 3203 213 3150 352 24 0 7 66 187 2104 187 4390 497 
2801 2807 494 1584 3955 213 3203 213 3150 352 24 0 7 66 187 2104 187 4390 497 
211 211 211 211 211 211 211 211 211 211 211 211 211 211 211 211 211 211 211 211 211 211 211 211 211 211 211 211 211 211 211 211 211 211 211 211 211 211 211 211 211 211 211 211 211 211 211 211 211 211 211 211 2801 2807 3395 
3401 63 19 4390 
2436 24 349 19 134 2027 
124 19 412 19 20 2151 230 847 2768 7 1387 1885 24 
433 25 239 234 25 24 
211 211 211 211 211 211 211 211 211 211 211 211 211 211 211 211 211 211 211 211 211 211 211 211 211 211 211 211 211 211 211 211 211 211 211 211 211 211 211 211 211 211 211 211 211 211 211 211 211 211 211 211 5 2991 390 12765 230 22 5291 14 12766 40 1863 313 19 522 12767 
3627 19 22 536 40 1772 127 24 25 2 96 17 3311 354 15 12768 19 22 536 
40 151 17 1564 19 585 943 40 1317 17 349 12769 24 71 5 589 
1096 19 184 7 12770 94 19 165 928 500 313 402 133 5 
3395 46 
31 15 536 40 1772 17 653 241 21 12771 313 40 3110 19 
259 3283 5 24 208 19 15 94 12 639 15 5247 2497 
313 2 1278 312 221 2549 24 20 1624 19 313 34 1286 869 3395 2433 
589 1871 24 904 1947 312 313 234 40 611 12772 19 20 354 184 3649 239 
15 2801 2807 394 
4815 51 928 24 2801 24 53 
475 24 96 24 3413 55 4816 40 87 4817 45 5 
3395 80 354 15 4818 24 
211 211 211 211 211 211 211 211 211 211 211 211 211 211 211 211 211 211 211 211 211 211 211 211 211 211 211 211 211 211 211 211 211 211 211 211 211 211 211 211 211 211 211 211 211 211 211 211 211 211 211 211 3658 14 3619 
211 211 211 211 211 211 211 211 211 211 211 211 211 211 211 211 211 211 211 211 211 211 211 211 211 211 211 211 211 211 211 211 211 211 211 211 211 211 211 211 211 211 211 211 211 211 211 211 211 211 211 211 2151 14 15 2991 1393 1584 20 1206 
4786 1393 3203 19 12773 19 4917 
288 4819 1393 7704 12774 20 11582 
2801 3105 857 1393 4896 19 12775 19 11630 
845 4819 1393 3150 352 24 0 20 4872 6200 
1188 4819 1393 12776 
2443 3123 1393 855 19 4824 19 43 3130 19 43 2070 
2813 10654 1393 12777 19 8667 19 11691 
133 5 3395 1393 3411 880 20 4825 
211 211 211 211 211 211 211 211 211 211 211 211 211 211 211 211 211 211 211 211 211 211 211 211 211 211 211 211 211 211 211 211 211 211 211 211 211 211 211 211 211 211 211 211 211 211 211 211 211 211 211 211 2151 14 15 2991 1393 1584 20 1206 
46 46 46 1220 15 1584 1733 2034 46 46 46 
1505 5 3955 20 1463 1220 15 1584 1733 2034 40 
683 15 1062 12778 313 433 230 1332 7627 24 
46 46 46 6668 1206 5855 3955 46 46 46 
2695 585 6668 12779 4441 91 10595 4895 20 12780 40 15 
2360 7619 3141 1002 3146 24 
211 211 211 211 211 211 211 211 211 211 211 211 211 211 211 211 211 211 211 211 211 211 211 211 211 211 211 211 211 211 211 211 211 211 211 211 211 211 211 211 211 211 211 211 211 211 211 211 211 211 211 211 4786 1393 3203 19 12773 19 4917 
46 46 46 136 3203 3179 1447 230 2814 325 46 46 46 
400 3203 230 2814 325 17 4786 3450 7 7 25 2 96 1504 19 1797 19 20 
437 2683 219 
46 46 46 11227 7859 230 2687 12781 71 4786 46 46 46 
150 313 643 25 225 1243 19 205 25 868 24 1771 15 12656 14 
7733 11227 7859 71 15 4786 12782 24 
46 46 46 2892 1509 46 12773 28 1295 19 13 352 46 46 46 
15 3026 4918 14 4851 2 96 12773 2417 4990 313 910 245 
22 180 12783 7 3075 930 45 12784 19 10717 313 904 
40 400 12773 2 96 3421 162 3900 24 
46 46 46 5300 4917 46 6688 1272 71 4917 46 46 46 
2995 15 1094 3628 14 6688 1272 19 20 1771 157 
2667 40 1286 630 127 14 17 4944 2315 3685 24 
46 46 46 184 630 10135 71 17 919 46 46 46 
1988 593 55 15 157 3900 20 10618 71 15 847 7 848 1258 7358 
11581 957 24 
211 211 211 211 211 211 211 211 211 211 211 211 211 211 211 211 211 211 211 211 211 211 211 211 211 211 211 211 211 211 211 211 211 211 211 211 211 211 211 211 211 211 211 211 211 211 211 211 211 211 211 211 288 4819 1393 7704 12774 20 11582 
46 46 46 7704 12774 3742 7243 46 46 46 
71 5 4918 14 12534 288 412 19 12785 12786 4237 556 
2417 55 3742 6700 38 22 391 608 670 7 3062 11680 19 
237 1947 6751 660 12441 12787 22 12536 10 
2034 24 683 127 904 1092 15 7704 12774 7243 413 
260 313 12788 670 7 3062 5829 3173 347 141 1634 10135 24 
46 46 46 11582 12789 12790 46 46 46 
11582 12 22 2174 20 10017 2035 230 323 2 96 1276 574 19 20 25 12 
939 221 15 630 568 28 1642 11372 12791 553 1913 55 1590 
229 40 260 127 7 7 15 12792 24 71 5 2203 19 946 12793 
12542 22 1503 19 1633 288 3685 930 91 525 22 589 
1790 11582 12789 24 
211 211 211 211 211 211 211 211 211 211 211 211 211 211 211 211 211 211 211 211 211 211 211 211 211 211 211 211 211 211 211 211 211 211 211 211 211 211 211 211 211 211 211 211 211 211 211 211 211 211 211 211 2801 3105 857 1393 4896 19 12775 19 11630 
46 46 46 4896 43 2070 4592 46 46 46 
46 46 46 4896 20 11147 512 6054 7 55 46 46 46 
46 46 46 12775 20 12794 46 46 46 
46 46 46 853 12570 12795 46 46 46 
211 211 211 211 211 211 211 211 211 211 211 211 211 211 211 211 211 211 211 211 211 211 211 211 211 211 211 211 211 211 211 211 211 211 211 211 211 211 211 211 211 211 211 211 211 211 211 211 211 211 211 211 845 4819 1393 3150 352 24 0 20 4872 6200 
46 46 46 500 2 96 1233 71 3150 352 24 0 239 46 46 46 
683 127 500 40 566 150 15 6195 10519 15 152 7 9528 3150 
352 24 0 3146 20 537 12796 3150 851 1089 56 12797 60 24 
46 46 46 170 14 845 46 46 46 
1771 500 15 12798 14 15 1421 24 96 24 170 14 7724 12 329 40 4480 
217 851 7 1794 7 15 7 12799 30 217 7 7 20 904 72 2 96 1299 40 234 630 
851 7 1387 30 608 630 1132 2 25 4496 24 
46 46 46 4872 6200 46 46 46 
11345 12607 4836 4872 6200 56 244 60 19 22 11610 1865 
2592 12800 28 4804 1272 56 4788 60 24 
211 211 211 211 211 211 211 211 211 211 211 211 211 211 211 211 211 211 211 211 211 211 211 211 211 211 211 211 211 211 211 211 211 211 211 211 211 211 211 211 211 211 211 211 211 211 211 211 211 211 211 211 1188 4819 1393 12776 
46 46 46 1188 4934 71 157 4389 46 46 46 
413 2 3 1286 25 40 157 4389 2126 2991 230 15 1188 4934 239 312 15 
2126 7 404 642 24 1463 40 15 4327 55 15 1188 2234 106 20 3133 17 
8901 230 237 343 461 313 643 928 40 1452 20 112 3301 
15 1188 4819 230 7056 24 
211 211 211 211 211 211 211 211 211 211 211 211 211 211 211 211 211 211 211 211 211 211 211 211 211 211 211 211 211 211 211 211 211 211 211 211 211 211 211 211 211 211 211 211 211 211 211 211 211 211 211 211 2443 3123 1393 855 19 4824 19 43 3130 19 43 2070 
46 46 46 855 7 7 12801 12647 46 46 46 
15 12801 2036 1637 574 40 1580 855 354 15 1743 12802 
2237 24 25 2 96 3421 19 220 25 2 96 100 3054 1091 19 20 31 21 
1241 3749 25 413 1596 35 12803 24 12804 12805 12552 
12801 2 96 8076 7 7 20 4633 12806 24 
46 46 46 4824 7 7 15 12807 166 2346 55 4945 46 46 46 
15 102 7 8350 1056 618 247 2 3 234 25 46 574 643 1120 4945 
12808 19 20 5 12692 38 22 2197 1869 19 7137 4945 
2472 24 12809 4883 12810 3721 313 500 5 12811 24 
46 46 46 43 3130 7 7 3660 17 106 38 2319 46 46 46 
551 1322 3346 618 4103 55 5808 230 43 1336 91 406 
505 1301 38 2319 24 948 12812 4836 15 8076 14 
2319 20 3721 313 904 40 1286 15 1443 14 206 24 
46 46 46 43 2070 7 7 4832 55 12556 46 46 46 
1188 20 43 7 2070 2518 3903 12813 12814 928 38 22 157 7574 19 
15 43 2070 12815 19 22 391 354 15 43 7 2070 1056 45 
4235 15 1084 14 15 3593 20 4624 1064 15 
2537 19 904 1120 1216 3730 19 20 904 141 899 
38 869 641 24 
211 211 211 211 211 211 211 211 211 211 211 211 211 211 211 211 211 211 211 211 211 211 211 211 211 211 211 211 211 211 211 211 211 211 211 211 211 211 211 211 211 211 211 211 211 211 211 211 211 211 211 211 2813 10654 1393 12777 19 8667 19 11691 
46 46 46 12777 46 46 46 
12777 10542 5242 2435 19 237 1637 6099 40 1823 
1054 91 1952 20 3837 1645 4985 24 
46 46 46 8667 7 364 4985 230 10624 46 46 46 
8667 7 364 4985 7732 648 10542 288 3645 40 1383 
20 1630 8667 7 364 71 288 24 
46 46 46 11691 2070 957 46 46 46 
5 1885 2581 12816 71 15 1511 19 4904 19 20 
1904 14 43 2070 24 
211 211 211 211 211 211 211 211 211 211 211 211 211 211 211 211 211 211 211 211 211 211 211 211 211 211 211 211 211 211 211 211 211 211 211 211 211 211 211 211 211 211 211 211 211 211 211 211 211 211 211 211 433 630 239 234 630 219 1393 1175 2088 
46 46 46 2807 2246 46 46 46 
4925 46 295 46 187 187 267 7 1979 24 2801 24 53 187 2807 187 239 1565 7 12817 
4925 2096 46 295 46 187 187 267 24 2801 24 53 187 2807 187 4927 
4925 4928 46 295 46 187 187 267 24 2801 24 53 187 2807 187 4929 
4925 4930 46 295 46 187 187 267 24 2801 24 53 187 2807 187 4931 
46 46 46 1175 2246 46 46 46 
2813 46 295 46 187 187 267 24 2813 24 2801 24 53 187 3836 24 1111 187 239 847 833 12817 4932 
4933 46 295 46 187 187 267 24 3105 24 2801 24 53 187 4934 187 4935 24 2610 
4936 3105 857 46 295 46 187 187 267 491 24 30 24 2801 24 53 187 4937 24 1111 187 
4896 3105 857 46 295 46 187 187 267 491 560 24 4938 24 2801 24 53 187 4939 187 
4940 46 295 46 187 187 267 24 3105 24 2801 24 53 187 
211 211 211 211 211 211 211 211 211 211 211 211 211 211 211 211 211 211 211 211 211 211 211 211 211 211 211 211 211 211 211 211 211 211 211 211 211 211 211 211 211 211 211 211 211 211 211 211 211 211 211 211 133 5 3395 
211 211 211 211 211 211 211 211 211 211 211 211 211 211 211 211 211 211 211 211 211 211 211 211 211 211 211 211 211 211 211 211 211 211 211 211 211 211 211 211 211 211 211 211 211 211 211 211 211 211 211 211 40 3409 19 1463 40 46 
40 285 19 146 585 102 7 18 40 46 
5 3395 4941 28 4942 19 4943 102 7 18 4829 19 
4805 19 20 3629 55 17 4944 3123 24 
295 46 187 187 267 24 4942 24 53 
230 1318 87 375 3028 15 3984 14 5 
3395 19 259 146 102 7 18 40 46 
262 46 4925 7 379 51 234 24 4942 24 53 
390 2 37 1189 71 500 313 151 40 1564 133 15 2807 
723 24 40 2529 22 3070 19 2362 46 
40 2333 2801 2 96 4945 2472 19 2362 46 
295 46 187 187 267 24 2801 24 53 187 4945 187 
40 2333 2801 2 96 4008 20 4946 203 19 2362 46 
295 46 187 187 267 24 2801 24 53 187 4009 187 4947 24 4948 
2032 584 4949 40 5 930 80 230 4950 
4951 249 24 15 203 369 328 21 35 4952 40 35 22 
4953 55 15 13 14 2801 20 2801 399 4954 15 4955 14 
432 203 4857 1279 15 61 14 3601 24 15 166 
4956 15 2754 4204 84 40 15 4955 20 15 400 14 5 
2022 24 15 2807 3395 569 35 4957 20 4028 
54 40 15 194 2147 46 
344 24 221 11 1515 35 4957 908 4958 20 221 1328 1515 35 
2461 24 
349 24 221 4959 1515 4960 2801 2 96 4008 1362 20 432 458 
4961 584 4962 24 
352 24 5 2022 569 21 35 4028 230 110 
156 585 286 885 230 1468 354 4942 24 295 46 187 187 267 24 4942 24 53 187 3429 