Subject: 10593 12517 12518 219 
3769 2212 19 4390 
1192 1192 1192 10593 12517 12518 219 
12519 30 56 2775 12520 690 60 12 4478 40 6798 12517 
12518 19 22 3421 157 288 851 230 12521 71 523 
1162 1051 24 1322 14 313 437 625 20 2427 12517 1180 213 1277 
313 413 12522 221 15 4910 14 12517 1180 71 17 1162 7 1460 1198 
551 219 
2629 17 1468 5128 3985 14 12518 323 
295 46 187 187 267 24 12519 24 53 187 11137 187 12518 
1192 1192 1192 12517 12518 1691 289 46 
1192 6551 10 7342 910 43 508 
1192 11762 19 11610 19 20 1072 11592 1166 
1192 3511 1502 20 7881 14 1415 349 1599 197 833 1187 648 
1192 1904 38 654 1415 349 1599 523 1590 213 2801 
4896 19 11566 12523 19 1584 1578 
1192 5226 45 15 3003 593 230 1162 7 1460 9026 
1192 1192 1192 12517 12518 2443 1317 
2359 12517 12518 347 3769 1429 1656 20 1615 522 2443 
5778 5225 24 230 2224 259 1221 373 51 12519 24 53 24 
684 19 
4112 12524 
12517 1177 3531 
1192 1192 1192 24 53 885 4945 1362 46 
288 3105 2 96 2206 20 2089 7 2090 2435 1192 1192 312 21 12525 17 
4803 203 1192 1192 40 361 2540 1291 432 5293 24 390 312 
1265 313 31 313 80 1189 71 1749 2732 203 87 2444 
45 458 288 9303 605 286 24 313 569 2498 40 1615 5 
203 87 1596 217 285 217 45 15 217 12526 885 217 21 40 
1615 432 11095 45 11137 361 17 4048 3395 24 31 313 2498 
40 1615 1555 203 1591 17 4048 4829 19 5 
203 12 445 40 313 1225 28 11137 24 31 313 2498 40 21 1615 
458 203 45 928 19 5 34 21 2382 17 2782 217 1645 
1262 217 87 217 11137 293 217 2447 24 31 313 2498 40 3381 
17 217 1645 1262 217 87 217 11137 293 217 2447 19 313 569 100 312 
5 28 423 4817 40 217 11137 1645 1262 217 87 217 11137 293 217 
432 333 223 17 3411 549 24 150 313 146 928 17 
217 285 217 199 40 1573 14 522 10832 83 84 217 11137 1645 
1262 19 217 217 11137 293 217 87 217 288 12527 2 96 4850 217 19 17 6721 539 
12528 7604 45 936 1850 84 390 1615 17 4458 
454 24 1610 313 230 17 3011 379 20 259 1715 928 625 904 
390 413 260 40 2215 313 1301 219 
7 7 7 
313 80 2804 11824 40 12526 84 46 839 51 840 24 836 24 689 
40 285 146 22 3410 286 40 75 7 12526 7 12529 102 51 12530 24 2089 7 2090 24 53 