Subject: 17 2354 24 53 13400 
925 827 19 
488 230 245 40 928 354 2354 24 53 219 
15 370 2244 55 15 6068 34 35 15 370 14 15 2385 553 
3113 15 2353 24 390 413 21 11658 5 203 1279 15 
2353 12 3113 24 
31 313 1870 40 151 22 1266 370 55 15 10398 187 6068 19 91 370 
34 151 40 35 2655 84 15 2385 370 55 15 2353 1621 24 
259 1 2 3 4618 40 1221 928 328 313 151 432 879 
375 19 20 488 230 2384 354 2354 24 53 219 
404 684 19 
13401 9616 
2354 24 53 
295 46 187 187 267 24 2354 24 53 187 
2546 19 11162 20 630 24 
192 54 46 370 55 6068 
192 40 46 260 51 2354 24 53 
192 2687 7 5547 46 15 4137 219 56 674 344 24 2027 60 13402 
192 45 46 217 761 24 674 24 762 217 
192 61 46 1760 19 2308 7917 1135 337 46 64 46 767 273 3293 
192 
192 925 316 19 
192 139 406 215 40 13403 55 455 25 12 397 230 682 40 
192 2353 2546 19 1601 206 55 226 4924 10394 20 8652 22 
192 6068 354 22 1626 370 568 91 139 413 4854 2529 
192 5 6068 354 226 13404 1946 24 
192 
192 404 684 19 
192 827 
192 
192 
192 