Subject: 234 15 14881 313 433 1504 219 7 6658 292 3461 219 
17388 2022 
85 16936 1747 
22414 
14 363 2 96 1443 22415 
22416 
292 3461 80 15 6658 141 2 254 416 71 334 1037 219 
7 
15855 578 2 96 14 18678 38 1499 869 350 
7 
1210 
4924 187 3089 4924 7 7 390 151 2443 1298 230 432 369 14 
4924 
1368 
3383 
71 346 7 184 22417 8020 7 184 1554 8020 7 234 12894 
1504 
1439 
17 1438 24 24 24 390 413 260 24 25 2 96 1797 40 17416 20 17 14881 2186 
12 
22418 
38 
522 14881 1298 313 413 234 12894 230 24 24 24 
1192 
15209 10567 
1192 349 2541 
17920 
1192 
17109 
1192 
4924 18702 
1192 
1192 85 
12992 
1192 
5443 7676 
1192 
8943 19678 
1192 
22 157 2030 
1192 
1322 
14 522 157 14881 1298 1317 85 7 16936 15 2366 
40 18818 15755 608 869 895 4048 2371 24 
1555 1691 230 85 7 16936 289 3825 8076 20 
292 
16787 24 
3224 
12 1797 24 
350 
902 
40 1771 630 24 129 12 184 
14067 