Subject: 22 14327 3606 239 349 2667 40 234 25 24 24 24 
268 268 268 268 268 268 268 268 268 268 268 268 268 268 268 268 268 268 268 268 268 268 268 268 268 268 268 268 268 268 268 268 268 268 268 268 268 268 
2910 71 884 885 
268 268 268 268 268 268 268 268 268 268 268 268 268 268 268 268 268 268 268 268 268 268 268 268 268 268 268 268 268 268 268 268 268 268 268 268 268 268 
313 80 21927 5 6 233 313 464 5705 87 1899 1555 203 24 31 313 406 215 40 151 17 86 7604 45 522 2910 7 71 21928 19 125 15 2249 14 5 6 24 
268 268 268 268 268 268 268 268 268 268 268 268 268 268 268 268 268 268 268 268 268 268 268 268 268 268 268 268 268 268 268 268 268 268 268 268 268 268 268 268 
15 1633 1839 12 313 413 3416 25 87 505 230 25 24 24 24 5 102 7 18 413 530 
203 55 1935 1480 19 173 390 34 530 313 38 1468 4803 43 
723 20 1468 3650 1943 3200 219 
125 490 
414 2380 833 280 149 40 56 11925 60 11421 7 21929 
494 497 1639 682 240 40 3429 56 230 1468 60 19 1739 5664 139 413 3416 22 
14327 3606 
494 497 165 682 904 139 413 1286 3650 13 333 71 22 85 1387 2030 38 
1856 87 184 4204 
494 497 146 682 203 55 904 139 413 1615 22 1468 2603 230 3515 2295 
562 40 6877 5 127 
494 497 146 682 17 885 14 1468 2443 3650 1943 3200 55 904 40 1286 
3650 55 22 13 333 4257 56 184 3649 87 14067 7 1499 146 15 885 60 
494 497 139 244 22 1500 8146 21930 13738 19 31 313 151 22 3065 943 230 
10617 88 19 383 682 84 460 84 397 
494 497 370 479 479 479 479 479 479 479 479 479 479 479 479 479 479 479 479 479 479 479 479 479 479 479 479 479 479 479 479 479 
2482 479 479 479 479 479 479 479 479 479 479 479 479 479 479 479 479 479 479 479 479 479 479 479 479 479 479 479 479 
280 479 479 479 479 479 479 479 479 479 479 479 479 479 479 479 479 479 479 479 479 479 479 479 479 479 479 479 479 479 479 479 
102 7 18 479 479 479 479 479 479 479 479 479 479 479 479 479 479 479 479 479 479 479 479 479 479 479 479 479 479 479 479 479 
280 149 40 56 11925 60 11421 7 21929 
40 35 2771 1794 14 5 21928 19 
259 289 15 4251 3876 71 15 54 1364 40 46 
21931 2308 51 21425 24 53 