Subject: 1 2 4231 2 2622 312 2033 8996 1706 407 4231 138 
2256 45 70 8996 124 28 1198 31 9 2207 2019 12 8996 124 
2033 4 1662 17 430 2045 4 70 10851 21 3565 70 3557 
9990 6481 31 2473 21 2427 28 9323 45 1920 17 411 
8292 34 164 4362 21 9301 4 91 2088 31 1543 17 28 
2161 34 4579 1364 37 12 
49 1662 384 45 515 231 5777 231 124 34 540 35 77 2434 12 179 28 
1162 67 9 4342 124 2434 4 9 2271 2234 45 28 432 
31 9323 34 35 77 2434 124 52 28 19473 31 12173 12 419 
35 4268 28 8996 31 9 839 74 1949 9 432 31 
9311 3614 12 7263 2329 28 2587 31 8292 4 28 
19473 31 12173 215 240 12 913 12 2189 45 8447 45 15031 347 411 9323 219 
306 1353 143 11408 549 6143 515 28 2587 2173 45 17 9990 48916 
34 39122 28 10526 17 505 143 12493 572 31 443 3614 12 
28 2055 4356 31 1162 67 3385 74 48917 
37 2182 21 769 2435 215 347 23 1557 1277 17 397 347 2114 219 
37807 12 68 124 70 6475 31 28 272 7826 31 231 8996 231 
215 414 219 540 58 2111 2194 4 1525 67 28 12719 31 
9004 627 11019 12 
4322 499 1050 2 397 397 1051 12 17127 12 1217 397 1959 397 48918 397 
48918 415 124 70 1164 143 371 1036 34 3604 8996 21 
3511 45 18195 45 17 1526 2161 4 8299 573 12 48918 
415 124 1383 576 49 44172 70 48919 36671 1979 10099 45 17 
49 573 1365 31 36995 573 31 28 48920 12 
315 12 29347 17219 34980 
11438 384 45 11044 12 
34934 34935 34936 9818 
2675 45 2676 31628 143 34981 
215 2679 219 34982 143 34983 215 3296 219 
215 2679 219 34982 143 34984 215 51 219 
34985 302 11438 143 384 12 1217 
1050 2 397 397 1051 12 11438 143 384 12 1217 
14040 4214 125 430 
23 1259 2 135 207 729 397 454 397 1529 143 2654 45 38 101 2 
41 515 926 231 8996 231 48921 68 760 138 
41 
41 179 7 227 8996 4 127 20 112 4 12478 12 20 112 28 244 
31 28 
41 12147 31 231 528 231 45 7 12 240 12 45 515 926 20 2173 21 256 34 541 5777 138 
41 1775 1775 1775 1775 1775 1775 1775 1775 1775 1775 1775 1775 1775 1775 1775 1775 1775 1775 1775 1775 149 3823 1775 1775 1775 1775 1775 1775 1775 1775 1775 1775 1775 1775 1775 1775 1775 1775 1775 1775 1775 1775 
41 627 2 4231 2 2622 312 2033 8996 1706 407 4231 138 
41 365 2 
41 632 2 1970 397 246 397 2405 336 2 142 640 
41 
41 
41 124 2622 312 2033 470 393 143 291 472 8996 1706 568 573 397 2298 
41 1365 138 72 259 45 515 1366 17 8996 3031 164 38 568 138 
41 
41 97 45 
41 577 48922 