Subject: 1 2 4231 2 430 1149 
38148 101 2 
41 132 1086 548 124 67 1424 11011 12 
41 7 150 282 3209 21 83 2428 91 451 347 775 4702 573 41 1365 1337 
41 109 430 1149 397 7970 125 549 3864 12 
7750 194 45 161 164 91 45 251 443 255 1394 220 649 17293 31 
549 12 35051 649 3261 31 1971 7203 124 52 2298 649 
1365 12 306 1424 11009 208 35 861 516 2298 8025 45 251 591 
1424 11009 274 368 28 1312 143 12075 4 2032 31 9 2743 45 251 
955 28 6134 48887 12 515 38 93 1906 220 124 21 6456 28 
8025 38 164 1891 4 45 38 35 572 70 36761 143 2632 49 34 45 
65 3454 729 12 641 8112 68 130 2342 130 7 83 12 
7 207 1383 1960 4 68 2018 45 7 101 9 818 36761 143 2632 
7697 48888 34 38456 28 11404 17 48889 37 49 28 
3261 31 132 549 3261 839 48890 12 34 3530 45 20 715 
2570 28 549 921 7210 215 28 1371 2939 219 45 48891 9706 21 
1373 2054 215 240 12 913 12 2939 105 45 632 45 409 219 45 17 11945 3212 4 
208 1371 48892 2939 12 68 124 1403 74 508 17067 3261 1237 45 
86 5535 36761 143 2632 274 39 28 573 2899 306 195 
48893 397 18322 17 769 6215 12 49 959 430 933 23 
1050 2 397 1051 12 48894 12 1095 
97 
35100 10319 
653 653 653 653 653 653 653 653 653 653 653 653 653 653 653 653 653 653 653 653 653 653 653 653 653 653 653 315 12 35100 10319 
1801 340 11909 
48895 618 
48896 48897 
1331 
1068 397 51 2 141 2449 48898 48899 
1051 12 48894 12 1095 
41 3545 45 192 4 428 193 193 
41 
41 97 45 
41 38148 41662 