Subject: 1466 1543 37766 
419 8 274 370 28 429 3040 31 70 10852 1086 2141 
34 7 968 3196 1543 91 109 68 133 110 12 419 164 
148 23 28 36333 2585 1170 2298 11598 3546 215 1466 
1543 219 306 3557 1543 12 419 12269 9 2298 9752 34 5831 
48878 45 1379 92 45 6619 37881 17 6619 34450 45 36228 
1170 9693 306 9 42439 31 13537 45 17 34825 28 7815 573 12 
28 2080 124 1905 12 
28 1446 9534 124 2 
48879 5621 17 36797 14064 45 231 12841 48880 231 45 3986 48881 
2141 23815 143 28214 143 48882 45 1225 340 1617 45 14317 
14076 245 45 8014 2405 215 48883 2 2084 7327 4609 17 
2084 3451 48884 219 12 
28 1446 2385 35 77 275 1461 28 235 2739 2 
1050 2 397 397 1051 12 851 12 23467 12 1309 397 1086 397 459 397 
28 2385 124 67 1876 449 45 251 419 18 77 48885 20 921 959 
48886 13754 12903 49 382 418 347 2942 1028 12 
259 45 72 38 150 151 435 21 450 443 451 179 26 164 1027 274 82 434 
83 12 
2600 164 1530 12 
192 45 
3451 
3451 48884 851 1454 2084 48884 302 851 12 23467 12 1309 
14317 14076 245 1050 2 397 397 1051 12 851 12 23467 12 1309 397 763 48884 
12841 48880 
48879 5621 17 36797 14064 
48883 2 17367 577 1219 12 4609 17 3451 48884 
3986 48881 2141 23815 143 28214 143 48882 
1225 340 1617 45 23467 
3614 29283 335 143 2405 
2080 
4 73 21 1211 7625 535 45 9 10885 408 
1906 8 39394 31 1320 3816 49 1320 1170 12 28 2194 1422 45 
239 3557 39394 150 45 177 1369 2949 28 408 515 26 2937 67 
9 4601 31 430 45 124 505 143 4021 17 2946 1390 12 
534 45 3312 21 7954 21 8066 3557 39394 35 47661 671 
8804 31 11598 17 3344 12 568 239 1466 39394 150 45 9 9820 
2008 74 9 1381 411 1032 11548 20 485 125 28 1170 45 
58 12332 12940 45 1141 13286 28 64 31 28 1170 
9820 45 17 34 5820 1170 2175 306 28 408 35 2897 
21 70 1466 9820 12 
115 8800 384 8802 220 107 572 1466 39394 45 7712 124 
28 3564 31 1466 39394 21 8378 6627 1170 1543 
505 143 4021 12 28 12841 48880 2141 4327 28 36333 
2585 2119 1466 39394 17 28 3557 9820 49 9 1371 
2298 455 12 9 2298 9752 112 2030 21 13594 28 1170 150 204 3546 
215 1466 39394 219 17 28 3557 9820 31 9 455 12 3546 
413 6619 34450 45 6619 37881 45 48878 17 20330 92 12 
68 9752 112 576 74 765 4711 255 34 41716 959 1032 11924 
2298 449 12 
568 28 573 2191 74 28 9752 45 28 7558 1466 
39394 17 91 2190 31 1466 39394 199 34825 17 
9687 306 28 3557 9820 12 419 275 34 28 92 4140 109 9 
455 45 28 441 31 48878 109 9 455 17 28 1372 31 92 
17 48878 777 9 2159 36333 306 3557 1543 45 1427 
7558 48878 1362 17 6619 143 34450 199 39148 4 
13334 3557 1543 12 
143 143 143 143 143 143 143 143 143 
4783 21 28 9595 302 13847 12 9345 12 1309 133 110 12 
21 9253 45 13 70 273 626 21 11091 302 13847 12 9345 12 1309 
306 28 7255 231 9253 9595 231 4 28 6290 31 28 626 12 