Subject: 20326 109 4149 58615 
48883 256 7690 193 
48883 7690 372 193 
49 13433 143 9856 215 8142 2 54756 219 
9 406 4173 13971 45 274 13383 70 4173 6351 9587 13433 143 9856 215 54756 219 2 
12 12 12 130 9 52748 122 143 6196 7690 12 
12 12 12 18 18467 9 80 9465 31 392 144 12 1529 74 2414 17 392 729 12 1529 74 10854 193 
12 12 12 2181 44124 13538 31 438 21 5665 3471 4 28 997 144 1010 12 
12 12 12 2181 44124 31 10669 144 12 729 2606 2176 74 10854 12 
19306 125 28 4173 48883 2 
231 9 678 122 143 6196 4173 1129 5777 306 54756 12 231 
231 419 12813 34 53729 18 7207 130 505 130 9637 74 4148 13008 12 231 
231 28 425 58 2030 9 1484 31 36195 38036 34 164 1351 21 9096 28 425 4 11548 9 21080 3264 2176 12 231 
28 115 3264 4 540 13433 143 9856 39568 124 1383 4558 21 9144 
392 16876 9881 12 37062 2916 49 392 646 21016 4 6165 74 28 1209 10854 12 231 
231 419 1916 28 425 21 2181 20 150 204 115 2195 31 13646 52733 13380 74 28 644 902 
38669 31 7284 12 1319 109 28 9257 676 45 419 12813 34 53729 18 7207 12 231 
231 419 12813 44124 18 10999 23 9 959 2156 11470 1032 36176 130 9 966 31 
10900 3519 6293 130 505 130 28 5030 31 3039 2359 875 34 35 77 9671 
130 9 966 31 28 2697 4012 12 231 
6460 49 4159 317 7690 372 
411 3550 21 2745 28 3263 2 
54756 124 2165 23 9 2156 677 12 44124 2606 2176 124 1356 193 
54756 124 208 31 28 21036 2165 3570 4 2615 4010 17 8985 7748 44354 12 
54756 124 9 35056 425 45 58 359 19605 17 124 109 6608 21 18585 195 44124 37062 12 
54756 58 6222 50096 31 390 3471 16533 193 
54756 124 9 1442 10655 6478 13450 425 34 58 205 4 1166 226 54757 12 
54756 58 70 3076 1153 3390 306 1315 9135 14216 17 70 
3086 1203 110 1141 2 54758 143 54759 45 54760 1493 45 39119 8056 
11474 45 22007 143 11039 317 4010 1086 17 28 1200 12 204 12 5486 12526 12 
6460 49 4159 317 7690 372 
9119 2165 1347 12 
4579 109 490 49 28 8866 10525 17 2233 3360 2157 4 1200 12 204 12 5610 12 6047 49 11039 124 23 542 
37020 1313 3373 37723 17829 109 424 317 1333 54761 3570 435 54756 12 
161 124 2156 2157 4 28 11039 1347 306 28 87 49 959 2168 46515 17 1954 53440 12 
54756 124 9 3986 54762 31 68 2165 87 86 20 47948 12155 231 33720 341 231 54763 
49 1433 561 4 2233 3360 4099 17 13448 12 
535 193 670 977 144 535 54764 45 58616 
58617 17 164 369 964 765 1622 3471 125 28 80 419 7745 4 670 1839 4197 193 366 21 195 670 
4184 34 227 13350 31 443 535 12 
9253 487 
3039 10497 13226 
4 68 514 7925 229 77 19 143 148 10497 1370 28 
12147 31 28 6822 8206 54770 54771 12447 31 
4284 12 443 10497 229 77 7863 74 222 3614 130 231 1916 231 45 
231 2892 231 45 231 229 231 45 231 18 231 45 17 231 5631 231 347 999 3614 12 419 164 107 
9 406 4173 13971 347 9 15346 35684 12 68 124 107 70 
3359 21 7690 347 3616 8206 12 359 372 34 28 
8206 31 28 3570 54772 84 77 11314 45 18431 347 
915 74 6205 347 8292 34 2188 31 28 54772 
3570 12 68 124 70 374 1158 418 34 112 
484 392 246 45 1857 4 5634 74 9 393 143 4695 45 1084 20977 8389 
49 28 1158 15552 31 68 425 430 12 77 19479 34 
36177 4 3570 54772 164 2170 21 77 772 143 4998 17 
572 31 28 430 1866 124 49 3344 2870 445 12 72 
2622 54773 21 12447 130 70 52749 26 164 19479 107 21 36588 
308 28 6382 54774 125 70 54474 347 9 406 
4561 15346 45 72 184 20977 54773 21 436 130 70 52749 
111 20 18 77 34 52749 150 204 7291 4998 12 77 19479 34 28 
15198 31 222 772 143 4998 8206 229 966 4 28 6108 31 91 
347 195 31 28 4173 12 28 54772 3570 
481 359 40151 347 52661 130 21 28 4329 347 28 
4328 31 28 1197 12 17876 84 107 9704 15062 109 
28 430 2712 12 489 45 17876 84 572 28 
430 1866 74 28 54772 3570 130 9 1544 776 
49 312 4148 374 1086 109 28 54772 3570 
4 73 21 3318 28 52749 21 486 2051 347 104 2745 6351 17 1475 
173 54766 4 28 54772 3570 12 54775 10497 
869 74 28 54772 3570 164 869 130 31 28 632 9694 17 
164 627 21 2671 308 4545 12 28 581 31 68 
430 2222 107 6825 45 1389 184 12911 45 184 
7299 34 161 58 205 359 2671 4 28 17105 31 28 
425 54772 226 28 632 31 367 12 54766 4 35695 143 27073 
8206 124 10407 52748 17 38740 70 13825 772 
3269 31 4998 17 54776 12 49 840 277 3932 443 
35850 17 54776 45 450 28 6478 54777 31 54756 1141 28 425 150 204 
508 427 1840 17 3603 1537 12 20 124 261 34 70 52749 150 204 
3509 4173 229 77 230 347 54778 137 21 28 52748 1002 31 28 
3570 54772 12 28 9622 31 68 418 229 314 2745 298 8205 
42819 4 54756 17 229 3923 3616 195 347 9 35910 31 443 42819 921 28 
3558 3264 23 347 67 28 92 68 2385 124 27 12 2029 419 229 
125 92 21 92 7690 347 3616 42819 31 54756 4 28 3558 3264 12 
195 430 1866 109 28 54772 3570 229 1833 430 1866 74 3526 4373 45 222 
130 1086 1537 45 6826 54777 45 2298 8025 347 1225 1738 12 5705 33958 7284 