Subject: 4231 2 2506 13075 2405 573 369 1357 49 10741 17 1086 2870 
28 1162 1706 17 573 1365 8362 68 1209 3869 
240 143 8443 3261 12 28 2298 48998 17 15198 2401 
199 2191 23 38717 12 1217 45 9 38720 34 18431 49036 397 38719 
3867 17 12637 3192 4 1839 2405 12 
28 573 1866 112 2191 485 23 28 13039 74 28 4249 
11134 8424 2175 408 215 1050 2 397 397 1051 12 11136 12 1217 219 45 
540 1128 47 1832 430 67 515 112 109 5820 455 
215 240 12 913 12 45 3867 45 49037 219 45 515 164 28 9666 31 3867 45 
17 515 164 8424 9666 17 4178 21 47647 
215 2901 8424 430 112 6617 347 49038 219 12 
28 1522 6143 28 8362 45 8385 45 17 1508 124 1357 
23 1050 2 397 397 8964 12 8113 12 1309 397 763 34947 397 49039 12 42370 
1508 199 3944 23 28 2506 382 109 6284 639 45 2405 12 
28 573 2166 45 540 199 1357 21 28 196 4 28 
8362 45 164 369 1357 49 393 143 399 10741 347 
1086 2870 568 9 49040 14217 1467 12 
72 38 164 1891 4 509 1379 21 28 573 17 21 28 
3128 430 215 240 12 913 12 45 3199 2950 506 219 45 1981 
1050 2 397 397 1051 12 32052 12 14240 12 1309 397 36178 17 6460 109 28 3979 1389 14217 
1467 12 38 1906 6392 499 28 486 17 9 7627 18 77 240 143 6282 
21 38 12 
72 38 8 463 45 81 481 474 21 933 23 28 19741 1397 
133 434 12 20 58 765 394 463 34 419 4429 1616 28 
8362 12 72 38 8 840 463 347 187 435 21 2176 
9 294 1706 45 81 628 21 36178 2405 302 11136 12 1217 
1011 1365 193 
1074 107 21 572 28 5615 432 531 48 226 38 150 587 77 35064 20 12 
143 143 2506 13075 2405 3390 
36178 2405 302 11136 12 1217 