Subject: 7207 15 3360 47738 74 964 21 246 3471 193 
7207 15 3360 47738 74 964 21 246 3471 193 
9 4572 19646 34 2164 53439 765 15 53440 1479 45 
2622 35 220 20 193 
824 359 1366 1403 193 
824 53441 4 33456 193 
824 33595 2168 
824 39330 11039 
824 33595 47738 
824 33595 53442 
824 13657 11011 
824 50235 11011 
824 5031 41507 74 610 3471 
824 53443 53444 53445 
824 12121 53446 53447 
824 33595 39784 28864 2261 
824 11024 298 
824 491 49 1948 1370 394 2660 193 
18 7207 15 3360 47738 74 964 21 246 3471 193 
13388 193 193 193 193 1446 5495 485 21 184 14209 
213 124 107 7813 39315 306 28 966 1370 
215 827 219 524 125 28 632 31 15198 12 
49 959 277 347 21 73 6230 521 21 2 
21 77 6617 273 53448 556 302 39508 12 1217 