Subject: 1 2 4231 2 1237 11 49 38716 573 1365 138 
4202 13945 101 2 
41 926 2622 8 9 11 49 502 1237 21 12474 
41 4 38716 3261 138 7 150 282 148 49 541 
41 34 7653 6189 28 33602 3261 17 1128 
41 37835 31 34450 45 10602 28 13348 31 4158 
41 74 515 26 12238 21 933 23 12 
41 
41 
4249 11134 1237 1128 38716 3261 
130 386 31 28 35695 143 3199 13215 12 
68 3552 1404 9 33762 23 28 1036 2659 1313 45 
540 1128 7898 4148 430 21 39462 45 
833 28 573 1365 17 10655 34 124 539 12 
1051 12 11136 12 1217 
48763 215 306 48765 219 35145 430 125 39462 
17 74 48779 3682 12 7 450 34 26 1830 314 12 
2209 45 977 1209 23 2506 161 112 9 2298 8009 3261 936 
17 68 1209 161 18 181 77 212 208 109 68 47 1845 12 
143 143 34954 