Subject: 1 2 4231 2 1237 11 49 38716 573 1365 138 
28 368 31 4566 38716 573 124 93 107 218 125 
4566 184 411 48766 6605 31 825 573 12 2705 45 38 
482 
21 9123 9903 215 222 130 8890 219 17 572 68 49 91 9699 31 
8212 
215 8424 143 3989 45 2404 143 9656 45 3199 45 17 259 109 219 12 1319 48767 
164 
13474 125 28 573 45 184 31 28 771 44174 4 573 1365 1366 35 
9180 6 45 86 443 9903 164 274 4148 20422 109 572 
1834 12 
2593 1162 215 1050 2 397 397 1051 12 48768 12 1217 219 124 9 425 34 7 220 
91 
548 306 487 4 294 3273 12 769 1166 124 48769 38716 573 
921 1368 430 23 28 8424 17 9215 1313 12 12 12 1383 
959 
109 28 10655 6219 251 306 9 11949 1543 4 573 1365 12 
769 1166 1325 124 130 70 48770 17687 31 1184 45 259 26 220 
28 
574 17 48771 31 38716 573 12 7 4069 34 769 2298 2404 
124 
107 34 3930 45 259 72 4091 187 435 21 2188 9 657 959 67 
37 
26 35 66 14 215 7 207 107 70 17016 158 26 164 9 11909 1203 219 12 
161 164 9 140 31 411 3570 34 164 4 347 5628 68 3264 
198 12 259 45 72 38 8 9 356 31 483 21 12543 17 164 148 49 9 
1422 45 
38 229 482 21 933 23 35987 215 540 112 2110 11314 74 35986 219 45 
3519 11643 215 540 2110 17590 22559 648 219 45 48763 215 540 2110 
11314 
48765 219 45 48772 45 17 41156 3078 21 188 12 534 45 161 164 4552 31 
3570 4 28 38716 3261 397 240 143 14042 397 240 143 573 143 1365 397 409 12 3264 12 
31 203 45 28 762 2298 8025 164 312 20 7997 12 35988 45 49 
1485 45 
58 2030 4 143 930 1237 49 769 372 11011 17 
38716 
3261 12 46660 49 36027 12 7618 11314 9 425 52 
48773 4 554 136 17 58 9 762 1524 215 4552 31 13008 219 312 
68 650 31 548 12 
17 45 49 4641 306 28 48774 433 31 38716 573 45 7 187 
8100 
1237 125 3570 222 130 10384 48775 347 48776 384 45 226 26 35 
7817 3904 28 762 13869 31 573 109 10096 8223 384 12 
10384 
48775 58 3547 430 109 769 2298 2404 215 1051 12 48777 12 1217 219 45 251 58 28 
959 3086 1203 110 12 72 38 164 5648 17 187 435 21 2188 
959 45 
7 152 3344 2898 618 4 231 34970 573 1365 2 28 2229 17 340 
31 
8424 10827 1153 231 215 34971 17 34972 158 526 45 2405 219 12 347 45 72 
38 
164 5648 45 38 35 66 14 485 215 1319 120 45 7 220 107 548 49 10384 
48775 45 251 26 164 208 31 132 11909 1202 45 1404 485 17 
48778 219 12 
143 143 4789 
4789 204 12 34972 45 11652 
573 34974 45 11044 12 
4789 302 573 143 34974 12 1217 
231 48757 151 12 48758 231 101 2 
41 990 260 193 35 39087 81 417 769 4178 21 28 
41 110 138 7 150 282 474 591 110 4184 187 435 21 450 37 12 
41 
41 4202 45 187 38 9128 184 352 3347 38 36 49 434 17 417 
37 138 
41 
41 192 193 
41 
41 48757 48758 
41 
41 23 1970 2 782 207 3080 397 1255 397 2405 143 3786 45 4202 13945 101 2 
41 41 926 2622 8 9 11 49 502 1237 21 12474 
41 41 4 38716 3261 138 7 150 282 148 49 541 
41 41 34 7653 6189 28 33602 3261 17 1128 
41 41 37835 31 34450 45 10602 28 13348 31 4158 
41 41 74 515 26 12238 21 933 23 12 
41 41 
41 41 192 45 
41 41 4202 13945 
41 12 12 12 
41 143 143 143 143 143 143 143 143 143 143 143 143 143 143 143 143 143 143 143 143 143 143 143 143 143 143 143 143 143 143 143 143 143 
41 48759 2 48757 48758 317 11978 45 1598 12 
41 48760 1248 391 
41 1051 12 48759 12 1217 
41 141 648 48761 23832 143 48762 
41 141 648 48761 23832 143 9884 51 
41 143 143 143 143 143 143 143 143 143 143 143 143 143 143 143 143 143 143 143 143 143 143 143 143 143 143 143 143 143 143 143 143 143 