Subject: 2852 213 138 193 138 143 59090 
1050 2 397 397 1051 12 59091 12 1217 
28 1979 109 68 2659 124 38679 1918 17 397 347 53457 3557 45 17 124 1846 21 1979 31 70 38679 
1002 12 68 2404 1128 1379 21 4074 31 20507 38614 2196 15268 4 37793 13029 12 1379 124 
869 1357 445 21 1510 213 3357 28 3614 31 28 235 1467 2 74 2334 68 
1467 45 7 59092 28 235 2 7 220 107 861 4074 31 20507 38614 45 38614 19326 4 37793 13029 45 347 
411 37793 1979 21 77 43621 347 59093 12 7 207 23 1557 1254 1010 31 962 17 8 28 14217 1457 
21 35851 38679 1979 4 132 1132 12 7 1929 28 3031 17 14459 31 28 1132 45 2404 17 
1225 21 540 7 207 59094 68 1979 45 17 207 15062 2134 49 132 3546 12 7 207 107 45 7712 
8 7 1355 205 5980 74 9 1190 43923 14160 12 7 18 107 10851 21 74 143 6821 184 10820 17 397 347 
1379 6552 23 68 2404 12 72 7 572 443 1184 4 54443 31 28 414 1467 45 7 1929 7 229 
77 4 54443 31 1430 17 397 347 11033 14459 17 207 15062 2134 49 132 3546 12 74 42426 109 45 7 18 
8 13383 17 59095 28 1206 45 9622 17 44016 31 68 2404 125 184 17 195 15558 
540 3196 3525 12 59096 21 9 455 109 68 2659 397 2404 4219 68 3828 455 124 74 143 3854 
2222 9683 70 1466 473 31 28 42840 3614 35805 432 1053 12 
1050 2 397 397 1051 12 59091 12 1217 1050 2 397 397 1051 12 59091 12 1217 397 13462 143 13463 397 11012 12 645 
36 38 298 827 517 1408 2416 369 193 