Subject: 1083 2 49109 5597 1941 
2048 9595 143 110 389 45 
7 150 938 274 13383 49109 45 208 31 1366 34 112 2030 1427 7 112 9 
1825 31 28 13968 1086 1524 23 13221 12 20 124 9 2974 
8998 8800 408 34 112 1351 21 77 49110 17 
1913 12 450 28 1334 1905 49 959 430 12 817 34 20 
1432 70 40080 31 4206 12 
49109 58 205 231 3558 143 49111 231 1389 9 25945 143 435 39113 12 6456 
430 17 959 124 1357 125 28 235 2298 455 2 
1050 2 397 397 49109 12 46958 12 3519 397 
7952 45 
4052 
143 143 143 143 143 143 143 143 143 143 143 143 143 143 143 143 
4052 13839 273 2 13838 302 851 12 13837 12 1309 
1454 2084 139 2 215 13840 219 13841 143 13842 
1617 31 1225 340 51 2 215 13840 219 13841 143 13843 
4253 13844 4433 
10128 2228 176 
13845 45 347 13846 
824 824 824 824 824 824 824 824 824 824 824 824 824 824 824 824 824 824 824 824 824 824 824 824 824 824 824 824 824 824 824 824 824 824 824 824 824 824 824 824 
49109 2397 
824 824 824 824 824 824 824 824 824 824 824 824 824 824 824 824 824 824 824 824 824 824 824 824 824 824 824 824 824 824 824 824 824 824 824 824 824 824 824 824 
49109 124 9 4206 143 371 1941 49 7923 8998 
8800 12 49109 124 9 6185 31 645 397 17594 1285 17 8220 
18538 13860 34 1128 9 1913 17 9116 1381 49 
7923 8998 8800 12 28 408 112 1351 21 8382 
7652 13242 36761 3947 12 28 11446 31 28 3947 
164 10407 49110 12 
1383 28 408 12860 573 4 28 486 31 7736 39394 31 
28 486 2 12 78 9 432 31 39394 17 
9 3214 49 9 2526 45 28 408 18 9204 
1369 306 999 1957 45 17 572 769 39394 21 8378 28 
5141 9820 12 161 164 65 6120 49 2602 28 8147 143 1241 
37020 36345 3897 49 9 78 1170 
49109 926 195 31 542 3947 14578 4206 568 645 397 17594 45 17 
876 70 40080 31 4206 109 7214 124 9 35374 12 49109 58 205 
7811 109 8825 45 251 84 1853 109 184 7214 49 540 4206 124 1357 12 
143 143 143 143 143 143 143 143 143 
4783 21 28 9595 302 13847 12 9345 12 1309 133 110 12 
21 9253 45 13 70 273 626 21 11091 302 13847 12 9345 12 1309 
306 28 7255 231 9253 9595 231 4 28 6290 31 28 626 12 