Subject: 1 2 653 138 1770 143 1771 143 248 138 1772 138 653 151 0 653 1219 729 653 3992 653 1219 729 653 1219 644 138 653 
4962 45 653 639 
4866 150 17201 14 48534 1676 734 18102 898 3007 12 322 2948 2803 704 48535 684 8698 
21 3007 734 149 15082 48536 1298 48537 1312 1721 4395 39 143 37563 718 48538 714 21 653 639 
4388 1298 3007 14 16155 684 4406 9161 8460 1676 48539 322 48540 12 12 12 215 3635 48541 193 219 
705 3654 4798 707 687 48542 718 448 12 827 12 648 1676 40794 12 
1721 707 48543 45976 746 48544 705 2308 8548 4803 12 
1645 4877 684 48545 1194 44873 1656 48546 48543 1674 48547 48548 
48549 14 48544 2 
648 12 4342 1163 
144 12 570 1923 
827 12 4070 1603 
644 12 1170 5322 
1727 4468 1645 4519 684 4973 5214 684 48550 21 6697 21 48551 215 321 12 641 12 48552 9984 219 
746 17356 3107 707 1656 8322 734 15242 48553 734 1342 92 12 
4539 684 1729 1296 138 
3777 45 
3723 
143 143 143 143 143 143 143 143 143 143 
125 2 98 99 
102 2 653 151 644 653 1269 648 653 4523 653 1269 644 653 240 248 45 646 653 635 653 240 648 653 1219 0 653 666 653 1269 729 335 248 2 1764 653 1773 653 1773 
21 2 48554 302 4534 12 350 158 613 302 1243 12 320 12 350 158 2549 302 3276 12 350 158 1230 302 1243 12 320 12 350 
627 2 653 827 151 138 1770 143 1771 143 248 138 1772 138 653 827 5554 0 653 827 1774 729 653 827 29443 653 827 1774 729 653 827 1774 644 138 653 827 151 
41 