Subject: 13383 848 397 337 397 1529 193 36377 3992 3326 636 12447 369 193 
818 2385 37546 28 231 4755 231 
67 3312 9 1349 6230 1166 12 12 12 12 
670 1086 58 275 34 591 255 8 
4080 208 347 959 31 28 235 12 12 12 
298 52957 138 215 439 150 440 548 219 
2298 2404 138 215 12860 35775 31 8064 219 
49457 138 215 5488 17 59703 219 
240 143 55450 138 215 26 10 8 9 4642 110 219 
1424 11009 138 215 2164 43022 306 35775 31 757 219 
204 322 781 747 9 440 151 322 240 204 781 322 241 741 138 
313 1394 34215 45 161 124 208 1381 
34 58 13720 21 18093 92 143 121 143 92 12 
240 143 282 9 7 1193 282 9 241 741 240 440 7 1241 913 193 193 
20 150 204 9 2177 193 72 38 150 1 107 568 15 1225 21 2698 18489 45 
38 150 1 949 483 109 28 5681 12 
487 150 204 515 28 1780 8 21 256 67 240 143 628 3199 2 
231 9 3826 9126 49 1510 213 35 85 13350 31 
6261 240 143 628 2950 231 143 28 294 3273 225 
231 240 143 628 124 70 52760 10055 1603 1470 231 
143 55451 3834 
231 55452 497 5112 133 231 143 3836 962 
487 124 70 3521 31 15 2483 44124 72 38 8 9 8366 34 
3308 38 9 4149 31 559 392 454 12 1074 45 109 28 1971 45 38 35 
481 483 248 2660 9 1867 45 952 954 9 517 12 12 12 837 1427 38 18509 45 4157 
3078 125 195 765 28 423 193 
4157 2606 517 3382 44124 397 16849 44124 397 37450 44124 
648 392 7343 12 1529 392 24646 12 1529 392 848 45 13322 12 1529 
144 392 7523 12 1529 392 648 45 55453 12 1529 392 639 45 6190 12 1529 
827 392 285 12 1529 392 144 45 17068 12 1529 392 454 45 37715 12 1529 
729 392 648 45 23824 12 1529 392 644 45 438 12 1529 392 390 45 1862 12 1529 
848 392 144 45 1876 12 1529 392 617 45 1862 12 1529 392 1876 45 1857 12 1529 
1535 392 827 45 766 12 1529 392 618 45 4229 12 1529 392 12354 45 438 12 1529 
28 260 124 12 12 12 2473 220 38 2698 1510 4157 138 
670 945 317 2612 124 274 13383 193 
28 36377 3992 143 7536 12 636 
41 41 41 1535 9881 294 2588 143 274 13383 193 