Subject: 151 240 9 151 1193 7 1241 240 124 68 3891 58318 
74 28 92 38 3043 3344 670 298 35229 
2385 45 38 18 8438 2 
2473 21 3042 9 13720 3314 1166 1370 788 
954 568 28 2612 1166 8054 31 195 
92 
2473 21 36 9 392 766 1166 2692 3992 8032 
49 298 
2473 21 10446 6526 390 4170 921 392 390 74 20901 
9 3591 
2473 21 36 9 298 6240 455 1971 3199 
32 306 298 42838 17 51049 13124 
2473 21 36 392 58319 9713 31 298 1237 
38 1906 3214 68 2385 74 3891 4 73 21 128 20 193 
38 229 3214 68 2385 74 6635 109 28 3979 1905 2 
347 
13 70 273 21 58320 302 608 2989 12 1217 
306 231 10401 6255 231 130 28 627 12 
321 12 204 12 
12447 369 193 143 143 445 28 429 7848 3592 18 77 5691 21 128 68 818 2385 49 824 298 824 12 
12831 2385 78 21 28 429 667 255 21 3820 1370 28 997 952 954 12 
15 298 2385 3214 18 77 52954 4 28 73 4 540 20 112 293 12 12 12 46 38 12 
653 653 653 653 653 653 653 653 653 653 653 653 653 653 653 653 653 653 653 653 653 653 653 653 653 653 653 653 653 653 653 653 653 653 653 653 653 653 653 653 653 653 653 653 653 653 653 653 653 653 653 653 653 653 653 653 653 653 653 653 653 653 653 653 653 653 653 653 653 653 653 653 653 653 653 653 653 653 653 653 653 653 653 653 653 653 653 653 653 653 653 653 653 653 653 653 653 653 653 653 653 653 653 653 653 653 817 2 38 8 293 68 273 86 38 8 1553 102 434 15 3359 347 870 430 125 434 4 28 1335 41419 2927 1897 109 670 4 143 930 133 110 12 419 220 107 3616 670 110 21 2622 12 
4572 21112 4441 2 
21 77 6617 125 670 4 143 930 110 2858 6460 1905 
41 41 2723 2 58321 302 5568 12 1217 12 2989 138 627 653 5247 