Subject: 1 2 4231 2 2298 1365 
669 45 
46 11701 49 4223 2600 67 34988 12 
7 8 275 65 9 47 530 2144 969 
231 2298 1365 2 430 17 1990 1706 109 28 423 759 2298 231 
74 1562 9738 45 10551 10552 45 317 11647 11648 12 
20 124 107 259 294 45 251 3545 28 2144 124 47 530 12 
116 45 
48860 12 
41 143 143 143 143 143 546 626 143 143 143 143 143 
41 125 2 231 440 12 204 12 14291 231 
41 21 2 
41 635 2 
41 102 2 2366 45 229 1267 45 2405 336 2 667 640 
41 627 2 1 2 4231 2 2298 1365 
41 
41 41 
41 41 
41 41 161 150 204 28 32 231 573 1365 15 3981 231 12 49 399 1237 45 
41 161 150 204 48869 540 124 371 109 28 48781 1400 12 2113 164 
1357 
41 23 
41 41 
41 41 1050 2 397 397 1051 12 38430 12 1217 
41 41 
41 41 
41 41 
41 41 
41 41 143 143 
41 41 440 12 204 12 14291 
41 41 38472 302 12266 143 37923 12 1217 
41 41 1051 12 12266 143 37923 12 1217 
41 41 
41 41 
41 41 
41 41 143 143 143 143 143 143 143 143 143 143 143 143 143 143 143 143 143 143 143 143 143 143 143 143 143 143 143 143 143 143 143 143 143 143 143 143 143 143 143 143 143 143 143 143 143 143 143 143 143 143 143 143 143 143 143 143 143 143 143 143 
41 41 36 484 21 3047 367 193 1050 2 397 397 12266 143 37923 12 38473 12 1217 
41 41 
41 41 
41 
41 
41 41 41 125 2 231 48860 48861 231 
41 41 41 21 2 
41 41 41 635 2 231 48860 231 
41 41 41 627 2 4231 2 2298 1365 
41 41 41 632 2 1015 45 827 229 2405 1535 2 646 2 337 141 624 
41 41 41 149 143 21 2 11437 143 1193 302 11438 143 10124 12 1217 
41 41 41 
41 41 41 42 42841 45 
41 41 41 
41 41 41 7 207 1960 4 28 2088 31 573 1365 215 28 1845 31 132 10658 41 41 41 2417 124 
41 41 41 231 3535 1145 31 573 1365 1362 231 219 12 
41 41 41 7 482 21 83 959 67 2298 1365 215 456 2488 45 2076 21 41 41 41 4373 
41 41 41 4 1971 45 422 45 5703 45 409 12 219 
41 41 41 90 38 81 4439 21 14 177 7 35 861 91 2377 67 2298 41 41 41 1365 45 347 653 639 
41 41 41 229 77 274 3123 2473 28 2298 1365 35108 21 2194 573 1365 12 
41 41 41 
41 41 41 192 4 269 49 15 4223 15555 45 
41 41 41 
41 41 41 116 45 
41 41 41 48860 48861 12 
41 41 41 1775 1775 1775 1775 1775 1775 1775 1775 1775 1775 1775 1775 1775 1775 1775 1775 1775 1775 1775 1775 1775 1775 1775 1775 1775 1775 1775 1775 1775 1775 1775 1775 1775 1775 1775 1775 1775 1775 1775 1775 1775 1775 1775 1775 1775 1775 1775 1775 1775 1775 1775 1775 1775 1775 1775 1775 1775 1775 1775 1775 1775 1775 1775 1775 1775 1775 1775 
41 41 41 48860 48861 45 1234 1617 31 851 317 124 
41 41 41 240 143 628 2 48860 302 48862 12 48863 12 3420 176 31 48864 
41 41 41 139 2 141 46018 135 48865 321 12 322 12 323 667 
41 41 41 51 2 141 46018 135 48866 8402 143 48867 45 48864 
41 41 41 16378 16 2 48868 151 26528 9381 
41 41 41 1775 1775 1775 1775 1775 1775 1775 1775 1775 1775 1775 1775 1775 1775 1775 1775 1775 1775 1775 1775 1775 1775 1775 1775 1775 1775 1775 1775 1775 1775 1775 1775 1775 1775 1775 1775 1775 1775 1775 1775 1775 1775 1775 1775 1775 1775 1775 1775 1775 1775 1775 1775 1775 1775 1775 1775 1775 1775 1775 1775 1775 1775 1775 1775 1775 1775 1775 