Subject: 4688 2405 143 1085 96 1961 1511 8110 109 8391 
594 21 4688 2405 2 
264 143 608 1886 2405 
1085 96 1961 1511 
333 143 623 1886 2405 
8110 109 3348 1611 17 3 
8358 45 268 
4688 124 9 1085 1113 8392 31 28 2116 1504 31 2139 
3515 45 3516 45 3397 45 17 3518 12 542 1436 124 21 2867 774 143 7554 
2585 28 8393 1503 31 2089 1506 45 3517 2636 45 1329 
3 17 237 1504 12 
208 31 28 3544 21 6288 28 2483 8394 31 4569 28 
218 2220 124 4688 2405 45 540 3341 31 
653 167 248 28 1085 96 1961 1511 125 264 143 608 1886 2405 17 
653 167 248 28 8110 109 3348 1611 125 333 143 623 1886 2405 12 
20 18 3359 9 2974 8395 109 3348 1611 17 3 
17 16 1086 17 561 4 28 218 1503 12 818 3989 
18 77 109 1307 384 4569 28 218 1473 12 
4688 2405 18 85 198 109 8358 45 268 12 68 8396 143 8397 2545 2481 
18 77 70 8398 1110 49 3312 8399 1525 45 8400 
1496 45 17 4569 1166 306 8401 4 9 6398 2565 193 
9 1893 1919 21 4688 2405 35 77 275 1905 12 28 594 1116 
130 505 130 387 430 17 277 67 28 382 2404 35 
77 275 23 28 4688 2405 3981 2 
1050 2 397 397 1051 12 3515 12 1095 397 4688 2405 
419 164 148 19 21 1841 38 109 8358 193 81 1981 28 414 
1076 3981 49 15 387 347 13 70 273 21 8402 302 4682 12 1095 
72 38 187 435 21 128 28 1116 74 5535 628 193 
96 97 45 
8403 8404 
4688 2405 382 469 
1219 397 322 8405 2140 
8406 1257 
8407 3695 
1331 
1068 12 2 141 2449 215 0 219 8408 8409 
51 2 141 2449 215 0 219 8408 8410 
273 2 8402 302 4682 12 1095 
1050 2 397 397 1051 12 3515 12 1095 397 4688 2405 
1919 21 4688 2405 
4688 2405 18 85 198 125 264 143 623 1886 2405 109 8358 45 268 12 20 124 
1847 74 4688 143 28 3511 31 28 2116 1085 1504 31 2139 
3515 45 3516 45 3397 17 3518 12 20 2216 96 1961 1511 17 
9 8110 109 3348 1611 21 3359 196 9 2974 
8395 109 3348 1611 17 3 12 28 363 18 16 
1148 17 561 31 3517 2636 45 2089 1506 45 1329 3 
17 237 1504 143 130 505 130 1307 384 4569 9 140 31 218 
1473 12 
1085 96 1961 1511 45 264 143 608 1886 2405 
4688 2405 18 3558 306 28 1085 96 1961 1511 109 264 1886 12 
765 754 2660 45 6106 775 18 1125 28 1119 3229 2636 
17 1329 3 2106 45 1122 306 1349 1307 1473 12 
196 18 77 6200 21 9 140 31 3521 561 17 18 8 
70 1129 21 2974 1315 3549 2277 4 28 2276 143 109 1849 
252 12 28 420 17 649 31 28 1511 124 2214 1905 45 
1832 1836 35 77 275 109 1050 2 397 397 1051 12 3515 12 1095 397 4688 2405 2 
936 7 2 264 1886 2405 
7970 31 2097 125 573 2 1362 17 561 4 3028 45 2526 
17 4649 
1562 8411 45 8412 176 31 341 45 28 351 
3267 8413 45 176 31 8414 45 1331 
936 415 2 639 1886 2405 
1329 3 17 4344 143 2089 573 3261 
8415 8416 45 176 31 8417 45 1331 
8418 8419 45 176 31 8417 45 1331 
8420 8421 45 3935 8422 8423 45 1620 1621 
1587 3487 45 176 31 8417 45 1331 
936 5021 2 608 1886 2405 
8424 4649 49 1166 561 
1004 8425 45 24 1153 8426 8427 2447 45 1331 
8428 8429 45 1333 176 31 8430 45 1331 
8110 109 3348 1611 17 3 45 333 143 623 1886 2405 
28 1511 18 77 3923 5038 74 9 8110 109 3348 
1611 17 3 12 28 3989 31 28 8110 18 77 109 561 
150 31 1307 1473 12 6472 1780 4 28 1503 2891 74 28 363 
18 1125 28 945 1086 8431 17 561 45 17 16 91 31 
28 1148 34 3525 125 4569 218 1337 12 9 8334 17 9 3304 
1224 78 74 43 12 315 12 8432 8433 8434 18 2974 28 1116 12 
81 1981 1050 2 397 397 1051 12 3515 12 1095 397 4688 2405 49 959 430 193 
4688 2405 124 3587 23 
143 2569 213 482 21 8435 294 17 10 1438 31 8436 769 1440 
306 818 3989 109 1307 384 17 2190 31 2231 1337 
143 6106 775 213 1207 9 8437 49 28 676 31 1162 17 2568 45 
143 6205 213 482 21 3832 964 21 632 306 427 3387 4 28 2018 12 
953 1548 138 
4688 2405 1128 38 306 28 1129 21 2 
143 85 386 4 28 1085 8437 49 3348 1611 17 3 
143 2188 67 218 2106 17 3521 561 
143 8438 2473 443 1127 164 528 8439 143 8440 4 218 8441 17 
8442 9 294 8395 109 769 4648 21 8443 17 1347 
143 676 1496 17 2568 306 411 8444 143 8445 45 2223 261 
561 17 8446 460 1086 1440 
143 7691 1166 347 1086 8447 17 861 8448 49 460 3514 
4688 2405 382 469 
1219 397 322 8405 2140 
8406 1257 
8407 3695 
1331 
1068 12 2 141 2449 215 0 219 8408 8409 
51 2 141 2449 215 0 219 8408 8410 
273 2 8402 302 4682 12 1095 
1050 2 397 397 1051 12 3515 12 1095 397 4688 2405 
