Subject: 1 2 4231 2 7895 31 8998 8800 1708 
192 
7 275 28 235 144 451 109 15 2298 2404 2 
824 913 12 99 45 1219 12 1218 45 1221 12 1220 45 321 12 8008 17 
1219 12 151 12 1222 45 231 762 143 4073 1365 31 8009 573 109 2298 8025 45 231 
1517 8014 8110 109 362 1170 1171 45 2405 12 
824 913 12 99 45 1219 12 1218 45 1221 12 1220 45 1219 12 151 12 1222 
17 321 12 8008 45 231 125 2298 8009 4282 21 2298 8009 3261 45 231 
401 31 28 5565 236 382 109 384 852 17 
8010 45 1221 12 415 45 286 12 7547 143 7765 45 335 12 
7 90 107 861 28 757 12 
143 143 36495 
23 1259 2 646 207 248 397 512 397 1529 141 624 45 38 101 2 
41 36495 45 
41 
41 419 8 506 8944 9715 31 2527 215 1325 143 371 9595 
41 8800 219 
41 1708 12 38 3196 482 21 8 9 933 23 28 235 451 2 
41 
41 824 913 12 99 45 1219 12 1218 45 1221 12 1220 17 1219 12 151 12 1222 45 
41 231 2527 28 1369 31 762 2298 8025 921 1182 45 231 401 
41 31 28 236 382 109 1329 3 45 2405 45 286 12 11734 143 11735 12 
41 
41 824 913 12 99 45 1219 12 1218 45 1221 12 1220 45 1219 12 151 12 1222 
41 17 1221 12 1223 45 231 3 1170 1182 49 1183 
41 28 1184 31 430 1206 45 231 401 31 28 
41 1085 382 4 1087 18047 215 1081 150 171 219 45 1224 174 
41 4 1225 340 45 1241 12 1227 45 286 12 1228 143 1229 45 553 143 1179 45 136 12 
41 
41 824 913 12 99 45 1219 12 1218 45 1221 12 1220 45 321 12 8008 17 
41 1219 12 151 12 1222 45 231 762 143 4073 1365 31 8009 573 109 2298 8025 45 231 
41 1517 8014 8110 109 362 1170 1171 45 2405 12 
41 
41 824 913 12 99 45 1219 12 1218 45 1221 12 1220 45 1219 12 151 12 1222 
41 17 321 12 8008 45 231 125 2298 8009 4282 21 2298 8009 3261 45 231 
41 401 31 28 5565 236 382 109 384 852 17 
41 8010 45 1221 12 415 45 286 12 7547 143 7765 45 335 12 
41 
41 824 913 12 99 45 1221 12 1220 45 1219 12 1218 17 1219 12 151 12 1222 45 
41 231 2167 3 1337 49 28 928 31 1170 8004 
41 17 1182 45 231 401 31 28 236 382 109 1170 
41 1923 215 4375 150 1082 219 45 8005 1837 17 234 45 1241 12 8006 45 286 12 3224 143 811 45 
41 553 143 1179 45 335 12 
41 
41 82 14 83 72 38 8 2896 509 184 31 443 12 
41 
41 98 99 
41 
41 
41 36495 48927 101 2 
41 41 
41 41 4425 
41 41 
41 41 164 161 184 451 4 28 1086 2717 34 2743 28 
41 41 7895 31 8998 8800 1708 9687 21 411 
41 41 3101 1473 215 3918 15420 1473 219 138 7 207 5984 306 9746 45 
41 41 10141 45 17 48928 150 204 358 231 8944 3261 31 17189 1708 
41 41 49 8998 8800 12 231 4 2259 45 48929 1346 3038 
41 41 34 8998 8800 1708 220 107 4073 12 164 161 184 
41 3361 
41 41 34 2482 68 21 77 28 279 138 
41 41 
41 41 192 
41 41 36495 48927 