Subject: 282 143 47623 1537 17 1841 
3430 56 2 
41 28 48401 149 21 28 375 12 58 20 205 102 138 124 161 184 
41 838 30 21 77 4283 138 419 164 47 45 47 554 109 68 12 
7 274 777 9 4553 1841 306 22267 328 21 4322 109 68 17 411 
3508 143 28 149 983 150 440 477 6389 45 251 84 77 506 109 3079 
215 827 2287 219 12 
41 28 36189 109 1742 48402 12 419 2626 1979 91 
41 225 2663 215 1397 267 1841 219 12 124 28 838 30 1027 138 
3901 102 14 9 498 328 45 17 34 150 204 369 487 2 
28 431 455 124 3045 48403 964 23 28 3315 130 161 150 204 9 
1021 306 28 6496 7267 4152 143 7 150 587 4618 21 9493 34 68 
1186 12 7 56 4 28 48404 2385 34 20 187 77 
34746 4 274 765 9 1867 45 259 81 82 434 8 2600 500 12 
41 28 977 45 48405 1153 2385 12 515 124 542 659 138 
22267 1931 150 440 8 92 21 2974 68 45 259 214 150 204 50 14 28 1979 
109 3079 45 17 7 150 587 21339 9 498 500 121 34 12 
41 28 977 48404 2406 2385 12 58 20 205 34746 138 
7 439 150 440 8 195 28 430 125 8448 49 34 779 45 251 7 150 938 
48406 9 2385 540 124 369 109 2298 449 12 7 274 19611 28 1519 
125 28 272 2385 45 17 7 90 220 306 91 4070 67 515 
21 1907 21 28 7558 2404 2086 4644 12 7 150 282 65 107 474 
2428 195 28 430 109 28 42950 124 3812 143 7 150 151 77 
5693 49 2600 12 28 2939 124 487 2 
132 1321 4 269 72 7 150 282 48407 2622 143 7 150 282 474 
38 150 587 82 14 83 12 4 2001 21 3430 150 204 110 45 28 1840 2385 124 
369 554 531 45 251 28 1979 49 34 124 3554 28 310 130 49 
28 48405 17 48404 1537 45 259 7 150 587 3042 109 34 130 1028 
130 7 35 12 
369 45 67 28 997 1841 45 3430 56 2 
41 1412 45 161 229 77 28 87 21 2223 277 31 47971 12 259 45 72 
41 28 445 185 21 220 68 124 21 8 28 1841 4 2014 45 111 77 20 
41 259 12 
17 8792 5829 2 
41 515 124 12899 49 28 1841 124 21 8 9 2364 125 2014 
41 213 18 77 159 21 5883 434 109 28 877 2406 306 47971 
130 28 445 185 68 124 261 124 21 8 9 1841 487 34 22267 35 
1548 45 20 217 435 161 150 204 359 1416 12 7 6527 21 3430 120 
49 68 130 7 83 20 1375 2051 1061 1043 4 3595 47 
48408 12 534 45 20 369 217 435 419 150 1 44802 49 28 135 902 17 1535 902 
31 3595 487 130 28 997 2141 1841 143 81 82 14 83 500 
72 38 8 184 1440 306 34 12 7 83 47634 164 673 306 68 12 
3430 65 56 2 
41 534 45 7 207 6470 41610 67 28 5688 34 359 208 
41 18 77 1357 49 47971 4 3595 12 9716 45 548 18 3989 
41 4 34 1909 109 48409 28 429 9590 215 28 2298 408 219 45 
41 17 1947 49 47971 1906 77 15063 12 213 18 220 68 138 
22267 124 1357 49 15603 395 28 75 31 28 2141 45 130 214 
56 4 267 12 132 1743 31 28 600 124 34 28 456 
2691 548 109 47971 18 77 370 74 111 45 48410 12850 
47947 17 259 109 540 22267 35 95 306 45 121 540 20 124 964 21 
7558 8448 21 39246 3385 130 1403 143 28 10108 
49 28 3387 49 7558 1924 7817 9825 21 
28 1277 8025 45 17 14773 18 77 4 299 31 28 1103 
1603 6219 12 259 419 150 1 195 2134 49 47971 74 111 45 4 
411 4778 143 8 7 221 68 20879 6459 138 
1595 