Subject: 481 483 306 28 400 150 204 483 
1221 4089 2 824 6834 9462 2 2739 215 4118 7928 4118 54276 219 158 6835 
322 4089 2 824 6834 9462 2 2739 215 4118 7928 4118 54276 219 158 6835 
781 4089 2 824 6834 9462 2 2739 215 4118 7928 4118 54276 219 158 6835 
12 8169 6834 9462 2 2739 215 4118 7928 4118 54276 219 158 6835 
35459 46981 
35459 46981 
827 
1304 
2405 143 847 143 892 440 333 2 3884 2 1529 5149 
2405 143 847 143 892 440 623 2 338 2 1529 5149 
827 
58868 
58869 
786 
609 
58870 
1257 12 58871 
644 12 729 3424 
144 
144 
5247 8028 
23 28 4242 
7 2666 15 2377 306 48 1543 45 7 
207 6281 4 10090 2 481 483 306 28 400 7303 204 483 12 
4553 5634 8054 6128 
408 45 28 52975 31 28 11614 9894 19399 23 977 193 193 193 
481 483 306 28 38581 31 28 400 7303 204 483 
392 392 392 392 392 392 392 392 392 392 392 392 392 392 392 392 392 392 392 392 392 392 392 392 392 392 392 392 392 392 392 392 392 392 392 392 392 392 392 392 392 392 392 392 392 392 392 392 392 392 392 392 392 392 392 
4553 5634 8054 6128 408 
124 28 21036 
17 28 38417 483 1476 408 328 4 28 423 45 576 74 195 
1711 143 53483 21 3384 964 5634 45 308 184 58872 17 58873 
193 
653 653 653 653 653 653 653 653 653 653 653 653 653 653 653 653 653 653 653 653 653 653 653 653 653 653 653 653 653 653 653 653 653 653 653 653 653 653 653 653 653 653 653 653 653 653 653 653 653 20 124 1876 3471 14217 45 941 45 3260 
17 28913 193 161 124 359 54427 347 58874 825 193 20 
1930 4 184 2476 4 28 423 34 58 400 215 204 219 17 1128 28 13977 21 
3558 9722 61 215 204 219 12 
7 5697 34 125 68 3315 109 15 2261 18 4430 77 28 310 120 12 
38 18 77 49967 23 2473 48 483 38 18 77 2966 31 3312 4 274 9 
2351 2660 45 1457 125 15 11033 6354 1829 12 
81 45 955 28 58875 4 28 1335 12 72 38 164 40118 45 68 18 
107 548 347 2423 3191 4 2261 49 34 1384 45 86 38 18 107 
2892 12 53666 53666 72 38 199 6364 
392 729 45 1857 45 1857 21 12892 499 31 70 17290 308 9 34838 45 187 38 220 20 138 72 
38 4429 359 38 4429 6459 193 435 28 8367 
31 28 255 45 38 869 9 1475 1397 38 777 195 28 12208 12 777 38 
4639 840 45 38 187 8 275 499 34 28 19809 112 109 28 
2369 12 220 107 82 28 2612 1129 31 15 2261 6821 38 74 86 
38 199 259 18077 21 12892 921 9629 34 38 106 107 36 195 28 12208 12 
81 45 2666 109 17 4618 21 36 28 2343 31 515 7 35 1844 38 487 17 369 45 
1397 38 486 184 9684 12 
673 45 7 2937 34 38 164 1027 21 1014 369 12 
53666 7 482 38 21 6482 1318 28 4441 34 38 164 67 
21 2666 12 82 14 77 15 1460 11004 28 3509 10930 12 
53666 20 124 4561 9826 38 164 148 49 
17 7 474 83 2473 38 35 36 20 12 259 45 6482 132 4441 12 
481 483 306 28 
400 7303 204 483 
1616 9 448 143 76 1909 38 18 77 159 21 823 390 45 1857 7804 4 15 
2901 400 8673 45 308 312 2423 23 195 193 
53666 82 14 12852 274 9 3547 12 
53666 7296 38 220 107 220 2423 9502 21 1121 
4 68 331 31 483 193 7301 53666 28 400 
926 195 28 548 49 38 23 15 1213 45 17 130 122 130 38 3832 15 
61 7296 3558 7301 26 5865 8 359 1441 193 
53666 7 18 2482 38 2473 21 481 9 4781 31 392 729 45 1857 9 76 74 
274 2381 9 400 61 12 53666 251 
34 124 274 28 33627 31 28 53051 193 53666 74 
2381 9 400 61 45 7 18 12511 38 2473 21 8 34 331 31 483 
821 921 15 400 61 8808 45 3320 9 12269 143 4 
5788 368 34 7 18 6061 2482 38 12 
53666 34 124 28 14173 31 28 392 58876 6128 392 58877 193 
53666 3084 1476 392 729 45 1857 9 76 49 1320 400 
61 38 7296 3558 7301 12 53666 17 12874 125 
2381 28 61 45 20 926 107 64 38 2423 193 
53666 274 208 400 61 35 481 38 35903 374 49 
2261 193 
369 2937 536 12 53666 2937 31 28 310 605 
109 9 6266 9257 4073 45 435 373 347 754 400 8673 1960 23 28 310 
92 1320 2602 9 13388 16849 18489 31 392 729 45 1857 1320 12 
53666 130 31 328 45 7 8 636 2567 61 
302 392 729 45 1857 653 392 785 45 1857 2606 76 45 5820 76 45 618 524 9 1209 12 
53666 7 10452 38 45 161 124 359 3990 1409 12 
53666 7 56 785 9911 7804 2606 76 193 
4 1534 68 124 2473 28 13511 1930 2 53666 
38 7786 921 9 400 45 3558 9 400 61 45 6482 28 4441 435 
9 43278 4 9 58878 45 17 454 2660 1892 38 18 481 392 729 45 1857 12 
53666 17 208 31 28 508 14343 54825 31 28 
392 58876 6128 392 58877 124 34 38 35 1014 306 53383 392 0 45 12086 483 12 
53666 4 28 392 58876 6128 392 58877 3586 45 4 70 
941 21 11440 130 9 432 31 7296 34884 7301 45 38 18 861 499 49 1897 
177 195 28 483 479 125 17 2473 20 124 4077 964 49 38 12 
7 4069 
515 7 207 6192 21 38 229 1157 9962 45 251 7 4782 38 45 20 124 
261 45 39477 17 4572 12 53666 161 124 
107 50056 31 483 45 28 11033 6354 1829 2158 483 14023 251 508 
31 20 1906 6821 1461 17 21339 4 28 1025 765 17 765 120 12 
53666 34 124 2473 1025 1853 12 
53666 34 124 177 68 58879 392 58876 6128 
392 58877 479 4 12 53666 195 38 87 124 28 392 58876 
6128 392 58877 3586 21 3042 1476 536 483 12 
53666 72 38 73 328 419 2222 1907 23 359 416 64 21 38 45 
28 9894 
9546 772 4149 3602 38 35 3042 6230 49 3547 347 
359 483 45 833 648 45 1857 45 1857 208 9881 44129 143 4 2588 143 298 193 193 
34 38 3305 15 47 2745 39 31 28 392 58876 6128 392 58877 17 28 
414 1076 45 85 28 429 3040 17 36588 445 392 2449 434 49 541 34 
124 9713 542 19695 4 3826 12 53666 39 17 
628 143 13 9 483 73 17 3133 483 73 1906 77 236 12 
53666 38 35 65 13 9 1035 215 419 3357 5634 219 
21 2 
195 58880 
54863 9816 
2464 5919 4118 58881 
5574 45 14794 45 6744 
282 644 282 648 2461 0 
1775 1775 1775 1775 1775 1775 1775 1775 1775 1775 1775 
73 486 
105 
53666 53666 53666 53666 53666 53666 53666 53666 53666 1775 1775 1775 1775 1775 1775 1775 1775 1775 1775 1775 1775 1775 1775 1775 1775 1775 1775 1775 1775 1775 1775 1775 1775 1775 1775 1775 1775 1775 1775 1775 1775 1775 1775 1775 1775 1775 1775 1775 1775 1775 1775 1775 1775 1775 1775 1775 1775 
16 
53666 53666 53666 53666 53666 53666 1775 1775 1775 1775 1775 1775 1775 1775 1775 1775 1775 1775 1775 1775 1775 1775 1775 1775 1775 1775 1775 1775 1775 1775 1775 1775 1775 1775 1775 1775 1775 1775 1775 1775 1775 1775 1775 1775 1775 1775 1775 1775 1775 1775 1775 1775 
5913 53666 53666 1775 1775 1775 1775 1775 1775 1775 1775 1775 1775 1775 1775 1775 1775 1775 1775 1775 1775 1775 1775 1775 
53666 53666 53666 53666 53666 53666 53666 2228 1775 1775 1775 1775 1775 1775 1775 1775 1775 
53666 53666 1284 1775 1775 1775 1775 1775 143 1775 1775 1775 1775 1775 1775 1775 1775 
51 
53666 53666 53666 215 1775 1775 1775 1775 1775 219 1775 1775 1775 1775 1775 143 1775 1775 1775 1775 1775 1775 
240 143 628 16 
53666 53666 53666 53666 53666 1775 1775 1775 1775 1775 1775 1775 1775 1775 1775 1775 1775 1775 1775 1775 1775 1775 1775 1775 1775 1775 1775 1775 1775 1775 1775 1775 1775 1775 1775 1775 1775 1775 1775 1775 1775 1775 1775 1775 1775 1775 
13 14 28 392 58876 6128 392 58877 1457 369 45 
81 12 53666 487 124 28 392 2449 434 12 
3133 483 73 1906 77 236 
3047 8088 81 
1775 1775 1775 1775 1775 1775 1775 1775 17 4322 487 49 
21036 504 72 38 187 435 21 128 68 430 74 240 143 628 130 70 
2859 17 8163 28 392 729 12 1529 2977 17 2513 578 12 
72 38 73 328 
419 2222 1907 23 359 416 
64 21 38 45 
28 9894 
9546 772 
4149 3602 38 35 3042 6230 49 3547 347 359 483 45 833 208 
9881 44129 143 4 2588 143 298 193 193 
3133 483 
4157 1906 77 236 143 
143 
72 107 45 68 18 107 77 58882 3526 28 391 17 18 77 
257 12 
72 38 4069 34 38 164 109 68 110 
4 1409 347 8 5046 15 188 347 72 38 220 107 482 68 650 31 
430 45 81 149 21 68 240 143 628 306 5247 4 28 627 
2018 17 38 18 77 6617 3923 193 7 6060 49 184 5412 45 
19729 347 2670 45 72 184 12 53666 
1389 580 53012 361 5365 3854 74 28 793 902 1200 12 204 12 6286 45 68 
626 35 107 77 2170 8797 130 122 130 419 1833 9 185 49 20 21 77 
6617 125 460 8364 
3254 31 35331 
72 38 467 21 2188 959 11491 11491 81 2666 109 
9 2351 1010 2663 7 11610 34 7 93 777 21 548 584 21 481 483 12 7 
968 34 28 959 7 2023 45 28 959 483 7 112 985 21 481 12 251 121 9 
1427 7 3313 34 7 112 107 509 19798 12 7 112 1960 435 9 58883 
17 7 112 107 5120 184 12867 1508 12 7 50087 953 7 3794 150 440 86 
7 474 112 1398 28 92 17 28 2954 12 
7 3313 34 7 539 21 481 9 2671 12 49 524 7 4080 21 861 34 
818 270 34 7 539 12 7 4080 218 3385 45 251 410 31 37 
2023 12 7 112 230 12 2209 45 7 112 1027 21 1844 964 132 28892 17 7227 
8012 34 5535 2261 34 7 112 576 21 8012 12 38 83 45 34 18510 964 45 521 
21 548 45 3078 3314 45 8 9902 45 17 521 21 1870 9699 31 2261 12 34 331 31 2261 
34 7 207 47 474 38 164 576 21 8012 12 251 359 193 7 777 21 1844 20 208 959 
5491 12 7 90 107 18566 34 2164 12 259 45 70 605 3378 21 132 188 17 7 3919 2 
72 7 482 21 77 2111 13825 54065 45 953 439 150 440 7 244 255 213 
314 164 13825 54065 17 10948 515 26 164 312 138 259 34 
124 515 7 106 12 121 9 2351 524 45 7 3313 34 28 8367 31 28 
13825 54065 255 106 107 548 34 584 12 65 45 28 8367 31 37 107 
445 777 583 483 21 7690 212 19537 45 251 26 65 777 28 92 17 28 
3389 21 7952 20 12 34 124 515 7 3088 6548 35331 45 17 34 124 1318 
515 392 58876 6128 392 58877 124 195 67 12 28 3564 21 8 298 92 17 77 
159 21 220 515 38 518 45 179 38 518 20 12 7 2937 34 124 177 28 
8367 31 28 255 36 3803 109 28 2107 31 35331 12 35331 124 107 
274 483 12 35331 124 65 28 3564 21 12543 20 28 185 38 518 21 220 45 
179 38 482 21 220 259 12 
3312 20653 132 3590 45 132 2918 369 124 21 95 1510 34 164 4 
28 600 7 112 4 158 132 2918 124 21 6526 38 921 9 6548 
54065 160 158 7 482 38 21 8 990 13869 31 483 45 17 990 13869 31 
298 92 21 7952 20 12 369 45 28 429 3040 21 13640 68 124 28 208 34 9 
356 31 255 220 107 63 34 48 442 21 45 779 20 124 208 31 28 508 
2340 2210 31 6548 35331 12 7 207 3311 67 28 12156 2696 31 6548 
35331 12 558 109 193 53666 7 83 38 164 20714 
31 49946 28 310 5608 20655 765 17 765 12 220 107 6402 193 
53666 28 12156 2696 31 6548 35331 124 545 
47 4572 17 941 21 4702 12 20 124 545 435 9 110 31 3052 34 38 
8 21 36 921 15 188 1397 419 93 36 921 28 
52975 31 1476 483 306 28 400 7303 204 483 34 7 8 205 
3311 67 259 48 12 1319 38 83 195 443 3052 17 164 1027 21 4702 
37 45 111 38 18 93 77 1027 21 3042 28 20440 12 
81 193 220 107 12892 68 976 2493 34 38 220 107 87 184 12156 
4442 12 20 124 47 2340 193 1074 45 6482 132 4441 17 38 
90 77 41605 109 3826 4 274 2660 12 
220 38 1074 28 754 13377 21 2487 34 7 3053 109 
28 2298 2404 138 72 38 5854 45 28 754 13377 21 2487 164 2 
11862 2 528 23 28 1457 198 23 
28 1457 92 12 
3312 5566 2 5120 2483 4 
515 124 528 2712 12 3312 28 3564 21 450 2487 12 
564 2135 2 985 208 3040 
840 1032 28 6134 12 312 3915 31 9712 12 
443 
754 13377 164 2435 21 10068 2487 45 17 21 481 20 9 
386 31 15 2261 12 369 45 1319 38 8 869 28 1475 21 85 
2135 45 15 997 1382 124 21 6482 515 7 1324 28 2978 3052 21 
2487 12 130 7 56 1397 45 26 164 47 4572 45 251 13825 2340 
72 15 2918 124 21 2181 6548 35331 12 7 187 3090 1844 37 21 38 130 
386 31 28 865 7 1211 179 38 3305 28 392 58876 6128 392 58877 12 
53666 36 15 39 328 193 