Subject: 9604 9847 17 2698 392 848 45 1857 397 8741 
38 199 2110 13384 21 14 130 4091 213 112 1027 
49 9 4561 17 215 5810 219 35229 259 7 150 587 36 1457 21 28 776 12 
68 9130 124 59530 4772 
4 247 2405 52982 45 
1839 2405 59531 17 
1839 2405 54151 3834 12 
653 653 653 653 41 220 38 8 9 41082 9987 21 2671 28 819 31 15 2003 2261 138 
653 653 653 653 41 187 38 435 21 11416 28 2261 34 757 445 38048 67 138 
653 653 653 653 41 28 2177 124 419 8 591 255 4 670 9130 34 19653 765 390 741 2606 76 
125 28 9657 31 769 2745 3314 17 164 59532 4 144 143 827 1010 12 
653 653 653 653 41 2111 54065 17 3312 834 3389 1404 2901 17 4561 12 
2666 109 193 2666 109 193 2666 109 193 2666 109 193 2666 109 193 2666 109 193 2666 109 193 193 193 
2473 187 38 435 21 2 215 34204 317 57509 219 
648 12 3832 508 31 15 5810 7804 440 
144 12 54219 1425 2901 45 1166 17 7462 41191 9847 138 
827 12 19880 195 49144 125 184 486 31 54579 45 53808 45 347 13723 138 
644 12 6825 9 2041 4946 18489 5820 644 524 138 
729 12 59533 17 35375 2974 2901 17 4561 9657 138 
448 12 6825 17 59534 2901 35331 45 59535 20 17 19880 20 138 
248 12 4069 9 827 21 448 225 9736 7212 109 15 483 138 
617 12 34204 481 1897 17 15 49144 7813 44111 143 822 45 
54579 143 59536 45 58183 143 59537 45 55113 143 59537 45 54474 143 59537 45 36277 143 59537 
215 215 215 215 215 215 215 215 215 215 215 215 215 215 215 215 215 215 215 215 2111 7813 54344 219 219 219 219 219 219 219 219 219 219 219 219 219 219 219 219 219 219 219 219 219 219 219 219 
215 215 215 215 215 215 215 215 215 215 215 215 215 215 215 215 215 215 215 215 215 215 215 215 215 95 255 220 28 310 219 219 219 219 219 219 219 219 219 219 219 219 219 219 219 219 219 219 219 219 219 219 219 219 219 219 
653 653 653 41 164 38 9 35852 45 17 9 160 34 20843 26 6186 21 8 28 96 4 2261 138 
653 653 653 41 164 38 2966 31 34991 9 1319 4 9 53402 1129 179 
20 150 204 148 1457 23 38 138 
653 653 653 41 50192 757 8 2619 769 18418 12 439 150 440 933 182 1010 1892 
17 467 38 869 28 3619 12 
653 653 653 41 20 150 204 21 132 2489 21 7730 38 49 2487 12 
653 653 653 41 4 2177 45 7 150 282 259 474 34 7 35 220 259 45 
7 150 282 8161 21 1022 132 483 177 132 18171 124 193 
653 653 653 41 6125 2334 38 130 9 1825 109 132 3390 45 7 18 1211 38 306 
2974 8198 865 130 505 130 44008 48793 13967 21 1022 
38 3923 109 28 2642 21 2487 12 
72 38 164 40118 34 150 204 673 251 439 150 440 82 34 7954 38 
125 509 195 28 430 38 87 12 
3567 28 6619 653 653 653 653 653 41 17 1324 6255 143 878 143 54471 641 59538 