Subject: 4731 2 2649 1237 
4380 4797 19266 684 1298 21 3644 12 12 12 
143 143 143 143 143 143 143 143 143 143 
41 6934 215 125 219 2 13476 240 12 40143 
41 7027 215 21 219 2 19736 302 44566 12 1265 12 1266 143 440 12 350 
41 7186 215 627 219 2 1 2 2649 1237 
41 15727 215 632 219 2 7156 45 827 43418 136 448 2 390 11753 
41 
41 
41 98 2 
41 
41 194 45 7 4758 3454 17 13584 164 9980 8889 49 935 12 419 164 509 9 356 
41 31 38459 487 49 28 6196 150 549 1365 150 130 505 12 
41 
41 130 2342 130 2473 21 36 9 39 31 3511 7 187 66 6483 6484 23 
41 2649 215 6484 302 10086 12 2649 12 1309 219 12 214 124 4 4244 48 959 1032 4202 17 45 
6163 
41 14 45 58 10700 21 7925 1285 12 7 150 587 82 1456 83 31 15 
41 1516 3214 4 7716 31 1356 2051 10478 3793 45 251 38 
41 84 273 1456 306 277 31 15 3214 12 
41 
41 419 164 148 23 549 2527 487 130 505 40160 313 419 164 
41 959 1891 4 47 4572 45 47 3260 1362 12 670 945 3765 124 
41 21 107 3511 28 3509 1462 45 251 274 933 49 9 2351 2159 7994 12 
41 
41 7 150 282 501 21 914 38 164 3842 21 10442 91 1086 3544 
41 1427 312 15 10088 4019 12 
41 
41 143 13476 
125 143 606 607 608 135 2 4303 2 142 335 
611 143 612 2 
293 2 74 34435 12 1243 12 1265 12 1266 143 440 12 350 215 644 12 648 397 616 143 644 12 648 219 
619 345 48976 158 332 45 609 1303 171 609 2 147 2 336 141 339 
125 2 613 215 625 99 219 
626 143 619 2 
627 2 4 87 31 28 3511 1237 
21 2 6484 302 10086 12 2649 12 1309 
632 2 332 45 609 1303 136 609 2 147 2 848 141 339 215 633 219 
635 2 613 215 625 99 219 
641 143 642 2 643 470 30 144 12 644 645 333 472 
647 143 30 2 648 12 0 
649 143 650 2 549 397 651 158 652 653 434 143 654 
649 143 655 143 656 2 248 657 
649 143 447 2 48977 
659 2 660 
641 143 661 143 659 2 855 
641 143 661 143 659 144 2 663 
641 143 664 2 665 48978 48979 9 
42 6483 45 
7 207 148 23 28 1021 31 2527 1369 2182 21 769 
1957 17 4 68 760 7 150 282 9986 218 2714 
2527 1708 12 7 187 435 21 1833 3511 4 28 244 45 
130 20 58 205 47 18051 4 2714 2527 548 12 
187 20 77 261 21 36 4579 31 28 1237 138 7 8 129 
13476 48980 45 213 58 10870 14 21 38 12 
192 4 269 49 15 95 12 
97 45 
98 99 