Subject: 53663 143 124 20 44523 15 2261 138 
53663 143 124 20 44523 15 2261 138 
20714 31 56972 964 23 195 954 138 
20714 31 107 509 9 502 9844 18509 138 
20714 31 56972 964 5820 1850 21 914 2473 
38 58853 28 4496 1397 138 
20714 31 18485 4 3272 1889 138 
274 20714 31 528 20714 138 
20 124 107 15 11260 45 161 124 9 1422 193 
53664 143 29787 124 487 193 193 
53664 143 29787 124 9 9971 45 2233 1422 21 15 53663 
1021 
824 1930 429 92 45 5820 92 
824 195 2233 
824 359 6219 9605 
824 13388 1508 
49 959 430 109 15 818 34487 1971 
3359 2 
1324 41409 298 215 21884 219 30166 143 58854 369 
3529 15 1021 45 481 28 1324 317 2671 15 2261 49 
28 10 12 
68 626 124 102 4 10821 31 28 1464 
580 2 976 2625 12 
2606 976 2625 45 7135 215 9 219 215 144 219 215 1219 219 31 204 12 53012 45 
840 54459 21 38 74 28 183 31 68 
273 229 77 19787 23 359 64 21 38 74 50 9 
149 21 68 273 16 306 28 2744 5247 4 
28 627 1479 12 68 626 124 107 1471 49 
16569 4 28 2228 31 8021 45 41456 31 
2588 58 205 506 21 28 96 31 670 1333 
3564 12 72 38 164 9 8021 45 35922 45 347 
9835 34199 347 602 467 21 77 6617 
125 68 110 45 840 54459 21 38 74 28 
183 31 68 273 229 77 19787 23 359 64 21 38 
74 50 9 149 21 58855 302 58856 12 2426 
306 28 2744 5247 4 28 627 1479 12 