Subject: 53016 45 53717 45 54913 45 53718 12 
53016 124 3532 13720 21 95 397 33634 53707 12 38 150 938 3870 20 9893 2 13619 45 13620 45 10329 45 17 58610 12 
53016 124 49 8139 12 16588 639 143 1250 138 53016 35 95 12 
369 38 35 36 53016 407 6230 53217 12 
38 35 445 36 20 23 240 143 58611 12 450 28 3979 1905 12 
161 124 359 92 435 28 1125 12 450 515 53016 35 220 
49 38 12 38 18 107 77 58612 12 3212 38 150 938 
211 124 6548 12 1844 20 9 4618 45 17 38 150 587 450 12 
28 240 143 58611 6230 47865 58 20 195 12 0 96 31 195 45 419 8 
53016 12 28 514 124 1342 158 28 58613 164 6548 12 53016 124 28 
4345 143 4156 53707 1422 49 28 294 51753 12 359 
1384 515 15 962 45 20417 45 347 962 45 53016 35 2489 15 8360 
2261 12 1844 20 9 4618 158 450 515 8139 124 3311 67 12 87 
2423 3191 138 54913 45 53718 45 53716 45 53717 138 419 8 20 12 
410 0 
6460 487 49 53016 12 
68 626 124 102 4 10821 31 28 294 240 143 628 580 2 976 2625 12 
2606 976 2625 45 7135 215 9 219 215 144 219 215 1219 219 31 204 12 53012 45 840 54459 
21 38 74 28 183 31 68 273 229 77 19787 23 359 64 21 38 12 
33634 6261 58614 125 133 38 4 28 460 12 2858 149 21 68 
273 306 15 273 16 4 28 6290 45 17 38 18 77 6617 12 