Subject: 1 2 282 143 47623 282 952 42950 
1595 48423 101 2 
41 4425 8139 143 130 38 181 195 83 45 161 164 477 9 2351 282 143 47623 
41 42950 137 23 28 75 31 68 76 12 21 77 1390 45 648 12 644 45 144 12 827 45 
41 827 12 827 17 644 12 644 12 207 7 1457 34 28 1119 3316 49 1510 164 
41 306 8832 143 8831 45 42711 45 319 17 47634 4078 138 
41 
41 41 125 2014 150 204 776 31 3620 45 5505 125 144 12 827 45 7 6132 34 670 1119 
41 466 124 4 648 12 644 109 28 1922 31 47971 12 34 150 204 
41 5678 515 419 150 1 1960 109 1457 369 12 
41 
41 81 82 14 83 500 72 7 150 938 221 184 31 68 6459 45 17 65 
41 2428 38 1916 3385 21 77 109 92 12 
41 
41 1595 
41 
4425 1595 45 
7 220 2892 161 124 347 6463 959 109 2014 150 204 6219 12 
443 164 28 3590 7 8 49 151 644 12 644 9 12 1925 12 28 282 952 35475 
143 21 77 371 109 28 294 1603 11011 
143 21 8383 1603 4 195 754 1924 
143 21 572 28 1170 1923 5322 17 2179 
143 21 572 9 294 549 47832 17 47833 4427 
143 21 8 9 294 150 282 143 47623 150 17327 49 2298 2531 
143 21 18096 1742 49 23 1557 1103 
47971 58 21 548 306 28 40142 48424 5322 12 58 34 205 
506 138 
21 14 20 1465 34 195 31 28 3590 49 28 35475 164 4 91 
185 9601 109 47971 12 
28 463 34 7 2575 309 38 17 22267 229 77 274 86 31 
1360 31 1922 17 34 28 1922 18 2603 37 964 45 
251 125 148 23 28 1171 20 1931 150 440 933 21 14 435 28 539 
9451 124 161 12 4 2259 7 439 150 440 450 2473 28 455 17 
1846 1171 90 1211 184 185 21 48425 3845 
47971 306 28 1362 26 35128 12 72 34 983 150 440 274 9 
12333 109 132 386 7 187 256 34 959 1285 18 77 539 
125 2014 12 
192 45 
48384 