Subject: 7912 1897 7913 53967 
187 38 77 159 21 7912 1897 72 59672 109 28 2464 138 138 138 
669 143 508 255 10266 150 440 270 34 260 
306 184 33450 12 306 56796 28786 677 17 10046 35768 1021 45 20 150 204 9 
260 34 8139 571 21 672 7997 12 
28786 4282 125 28 14154 31 34474 2228 34 2 
143 646 3471 31 59673 59674 2219 23 347 4241 28 33708 150 204 3314 
143 135 3471 23 127 17 618 3471 23 399 16550 215 9899 219 
143 9 21346 124 59675 5820 144 1614 4 8873 
143 648 499 31 5820 644 59676 12860 198 4 9 6826 2088 347 9 9930 
37518 12 
143 623 3471 7824 528 3869 306 9 8401 2086 23 28 
92 26 199 59677 12 
143 608 3471 7824 26 199 23 548 347 1861 21 347 125 548 
179 28 28786 9540 12 
130 38 35 450 45 9 59673 28786 35 13339 21 2622 23 184 92 12869 
31 177 38 11416 347 548 12 443 59674 59678 31 59679 45 59134 45 
18499 45 18501 17 18466 12 371 109 443 4282 45 20 150 204 5865 
13388 34 38 18 77 28 33708 31 9 59673 28786 23 91 776 
4 15 2261 12 
18 38 10427 138 138 138 138 
7 150 938 205 178 28 54924 35333 49 14482 1010 17 8 205 70 
28848 49 20588 31 37 12 7 150 938 205 582 583 21 8 4327 
1389 91 31 28 96 37052 4 28 2476 12 7 1383 8 9 3955 
55435 4 59680 54002 17 8 4327 41293 59681 220 45 21400 9745 17 7 207 
1383 178 59682 17 59683 59684 12 
132 1156 45 231 9 5491 21 40818 231 45 18 2482 38 2473 21 7912 1897 7913 
28 7778 508 2194 4786 31 44023 109 28 2464 12 7 18 2482 38 
9118 11443 1337 34 2622 125 9038 2973 21 54149 35 2188 
17 572 21 7912 7997 12 443 1337 164 4553 17 941 21 2188 
17 35 77 28 2923 2585 2261 347 19865 72 38 164 59672 109 
28 2464 12 
132 1156 1348 941 21 1929 3614 49 53987 4061 12 68 1156 124 
9 1906 49 184 2050 570 215 6829 347 20428 219 12 28 1337 4 68 
1156 164 107 445 502 49 9118 11443 251 49 2692 33450 179 
499 4 6826 12 987 16934 17 4605 962 38614 18 8442 28 508 
2489 125 68 1156 12 20 18 65 1844 38 2597 3319 109 2473 21 
6147 19975 17 59685 259 26 3050 150 440 36 1838 45 2473 21 3522 148 
435 9 33708 45 17 2473 21 572 2194 9323 130 59686 21 58003 2354 
837 28 508 34213 59687 12 
306 259 591 9118 11443 37478 109 28 3264 45 20 124 67 92 34 
161 112 208 869 49 255 213 482 208 4572 17 6238 259 26 
35 545 572 28 1337 1370 1614 31 3 37 12 28 96 
386 124 34 38 3050 150 440 8 21 244 54002 49 14482 1010 4 73 
21 220 443 1337 12 274 9 2351 1893 1614 17 38 18 1929 
2473 6238 38 35 77 12 179 20 479 1457 3192 21 20 45 38 164 15 
2745 96 4194 130 21 2428 38 767 9971 347 107 12 132 1156 18 95 38 
21 767 34 38 8 70 4214 109 2622 213 229 4618 21 18537 38 12 
20 150 204 9962 21 83 179 347 177 9 59673 28786 18 13339 17 
28 977 3203 38 482 21 77 124 28 33708 12 68 1156 2258 38 28 
5491 38 87 21 10427 17 3522 3309 9 33708 12 195 38 93 
87 124 231 9 5491 21 40818 12 231 
21 73 132 1156 231 9 5491 21 40818 231 13 4322 347 483 73 4 
1200 12 204 12 4747 445 49 392 264 12 1512 141 215 392 644 12 1512 204 397 747 219 21 2 
40818 14214 15226 
321 12 322 12 323 59688 
59689 45 22742 12 59690 
118 45 359 54730 150 204 12 81 3318 144 143 827 1910 49 2531 12 
439 150 440 77 9 33708 143 20734 182 
741 