Subject: 1 2 427 2144 109 8998 8800 
3344 2 1050 2 397 397 1051 12 39544 12 1217 397 39450 397 49101 12 1056 
9 110 31 451 67 8998 8800 45 306 6987 17 
2113 21 28 1446 451 12 
8432 36108 
24 2298 2079 298 6230 215 38332 329 45 249 2405 219 
143 143 41 1050 2 397 397 1051 12 39544 12 1217 397 49102 397 49103 12 1056 
143 143 143 143 143 143 143 143 143 
4783 21 28 9595 302 13847 12 9345 12 1309 133 110 12 
21 9253 45 13 70 273 626 21 11091 302 13847 12 9345 12 1309 
306 28 7255 231 9253 9595 231 4 28 6290 31 28 626 12 