Subject: 5597 317 321 144 321 2 1122 23 977 138 
4 247 7 7824 34 1364 2119 294 1166 6 
1464 109 49124 12 1217 28 8147 143 17493 605 215 125 49125 49126 219 112 28 572 
31 5597 12 226 111 34 2404 1465 21 8 49127 17 28 2739 49128 21 
5506 12 1217 45 521 4946 193 
369 487 150 204 68 530 969 125 35991 45 12398 67 
49129 9177 23 49130 21 10877 13441 143 21 143 13441 2939 9141 306 
8998 8800 49 9 261 2914 143 17 107 298 143 30 31 
49131 215 130 7 11378 45 49130 112 208 31 3519 11643 150 429 
1085 4158 219 12 
306 1321 21 549 143 445 240 143 628 6287 7 150 282 50 20 4 1056 
1519 21 2904 28 11020 12 
28 3979 7703 21 2444 2234 156 13967 21 70 969 
4 2444 3027 231 49130 150 204 8054 49132 7851 231 540 1537 
28 235 2 
35706 49133 45 13973 31 49134 213 369 1930 49 49130 
4204 143 1524 215 49135 219 27 1315 451 109 8998 8800 
17 2231 2232 179 214 112 23 28 176 31 49136 215 3804 109 2051 
3981 1051 12 39547 12 1095 397 35706 45 313 7 10266 150 440 6456 28 49137 219 45 91 
774 143 2115 74 100 49138 45 9 8389 49 49130 7634 384 
213 124 65 6572 306 49134 12 
28 969 49139 34 231 419 84 107 77 3800 72 91 517 
49130 9892 109 28 3264 9 1152 1424 1164 306 8998 
8800 15031 17 9 321 144 321 2899 143 2030 74 49140 45 45535 74 
49133 17 49138 45 1113 74 49130 12 231 
13569 12 12 12 72 184 31 443 255 4196 21 68 110 45 3198 26 150 151 
435 21 2911 138 
36495 
49131 2 28 997 1603 
74 5580 49141 
818 21 35991 514 
1551 623 45 7284 618 2 454 640 3424 
28 39558 31 9 294 49131 34 20495 1369 515 21 5506 21 45 107 
274 177 21 861 20 45 164 7999 8986 12 
4 28 49142 31 9 9818 49143 869 836 68 1867 45 49131 56 
20 777 37199 70 1467 74 540 20 229 7690 28 49144 31 49145 45 9 
5113 143 372 504 49146 21 3799 49147 12 
109 28 411 6219 31 28 14256 45 49131 3830 49130 
10998 21 10442 9 45553 49148 231 49134 45 231 540 23 208 92 777 
13383 542 2745 13441 143 21 143 13441 2939 143 9141 1424 11011 12 34 839 58 
226 49127 45 251 1315 31 28 1388 17430 23 28 45553 8 9 
3128 4 9129 1237 34 35 231 2188 231 125 542 1369 150 9462 12 
20 150 204 107 779 2603 34 184 31 443 4773 18 12424 861 769 
185 921 28 49131 143 49130 4221 5113 504 49149 21 
1455 328 150 204 2939 143 49150 298 143 49 143 195 45 347 837 2428 68 
4221 504 18 450 28 12020 31 517 12 251 28 372 
341 369 49151 559 542 49152 90 4700 9 10822 185 49 
28 13594 3570 21 481 9 484 49131 959 1368 45 17 959 3324 
21 49153 1032 298 7959 1184 45 13008 256 12 
231 7 2937 68 124 70 2435 9677 31 184 4221 504 45 231 
56 49154 1086 28843 49155 49156 12 231 386 31 28 6567 31 184 484 
504 124 34 20 18 95 11475 5489 28 13023 1135 31 5113 
26 187 18511 8 1379 21 12 231 
28 5113 143 372 1166 58 35337 9 49157 31 5113 
8025 765 28 1335 2351 1010 12 28 508 13364 143 143 17 2620 143 8172 143 143 31 443 124 
181 5506 12 1217 45 540 1348 9 5182 31 6627 41614 17 5113 
20331 21 5506 21 6230 5113 21 1131 6345 17 535 12 
933 21 35988 12 1217 
508 31 28 6134 45 1141 49145 45 49158 12 1217 45 17 757 45 572 
341 17 5089 125 1369 21 4192 515 294 5113 49153 
3196 435 12 591 31 28 536 8443 8025 8 205 1891 4 68 650 
31 341 49 1010 12 35988 12 1217 58 122 777 1315 218 6843 
31 68 650 31 504 21 8100 422 21 49159 371 109 1335 
6204 12 977 1209 45 1966 6221 49160 5113 45 208 31 49145 150 204 
12937 12 
49131 3794 150 440 3923 1357 21 2911 109 28 11862 347 4073 
31 542 10827 306 49145 12 251 4 9 9818 2743 1199 2366 45 
28 425 56 20 777 869 9 1987 34 187 82 20 7690 91 31 28 
425 150 204 49144 12 
231 49131 58 4692 7702 921 70 1467 4219 20 229 4 
28 460 11403 3039 49144 31 49145 45 231 28 2743 2666 12 
49145 58 205 49161 21 77 109 28 9834 49 91 92 12 28 
425 58 47911 21 256 2423 1402 67 49159 45 411 1032 21 
4782 231 541 530 21 256 4 28 4241 460 12 231 
28 49134 3979 124 959 49162 12 28 425 45 540 49130 58 
56 124 2858 70 374 430 143 341 342 31 542 
49163 45 112 36159 7823 9 13441 143 21 143 13441 1424 11011 2532 68 1209 12 
208 31 28 7917 31 34 1237 45 9 3451 49140 45 65 58 2023 
109 1237 34 124 1351 21 2188 125 28 2596 31 542 1170 45 17 
125 542 2745 3546 4 9 13441 143 21 143 13441 1484 12 591 31 443 2113 199 
201 12734 499 74 1315 2444 2234 156 12 
49130 970 49134 369 58 231 5054 359 10827 231 306 
49131 17 34 28 13441 143 21 143 13441 2141 58 205 1442 12637 3192 12 
231 161 124 7289 985 109 998 1510 1000 23 68 3315 45 231 56 
49130 240 143 8443 1524 49164 49165 36461 12 
1960 184 31 443 1127 921 49131 124 49166 109 28 
504 545 3207 6603 122 583 21 6380 45 31 203 12 
49130 17 49131 49167 8 56 26 2563 21 4130 769 
4221 504 4 1038 45 306 195 143 38 143 35 143 18516 388 36572 2585 
392 729 12 1512 17 392 1257 12 1512 9 76 12 251 28 6215 49168 1461 28 504 187 
7877 77 4 9 294 45 16319 1519 371 109 341 7548 74 49130 
45553 1087 423 1184 45 28 3570 8 56 12 
28 2487 31 68 4221 1325 124 49169 109 411 13594 
7209 3343 45 534 12 21 632 45 410 31 28 49170 3526 31 49130 
58 1838 68 3040 12 