Subject: 11416 28 941 2261 58837 
548 125 3314 45 13388 4781 16849 18489 193 
8 15 53497 12269 1397 
38 12543 184 483 193 
68 839 837 2529 38 
9 16849 13388 4781 
18489 193 
13388 53497 45 13388 18489 193 
439 150 440 8901 499 109 68 990 1129 
21 16319 1897 9 
13388 16849 4781 18489 193 
1981 1050 2 397 397 27035 12 9547 12 2243 12 147 397 4553 797 17 6392 499 28 486 49 959 2377 193 
20 150 204 298 21 3210 670 417 4130 839 193 
15 298 2416 4118 18 65 77 7702 
921 9 47855 7993 
21 6113 392 1876 21 2964 6230 193 
195 294 389 213 3210 121 
38 18 77 10440 4 208 496 1479 
3192 1389 38 12 
38 35 2164 36 2862 143 648 45 1857 389 
1389 38 4 9 76 193 
161 124 5054 359 4998 21 36 
3869 17 359 64 
21 3210 670 417 4130 839 12 
21 5912 964 2858 
1981 1050 2 397 397 27035 12 9547 12 2243 12 147 397 4553 797 
17 6392 499 28 486 49 959 2377 
195 430 479 306 15 298 2416 193 
38 8 7289 21 13260 17 11966 9 356 21 8442 12 
3210 328 193 193 193 
419 18 1075 15 2439 17 13 38 15 
1825 140 17 9 818 2385 
130 1028 130 261 12 
21 7954 460 8364 
2723 2 7954 17466 302 39508 12 1217 138 627 653 7954 