Subject: 1 2 498 3623 
4425 45 
591 192 49 15 1832 2600 12 7 8 1468 5865 195 
31 37 12 487 150 204 9 224 31 4178 109 277 2 
1 5289 2 7 150 151 47 48 435 47694 21 85 68 548 109 12 26 1029 21 
77 28 96 3577 49 222 1950 12 7 150 282 3311 306 37 23 28 3315 
67 68 12 7 439 150 440 2937 419 35 9493 9 548 2563 1397 7 83 515 
26 150 1 8161 21 220 12 
41 41 151 648 12 827 282 1254 350 12 1603 9677 
41 
41 68 776 124 9 657 4636 12 9 429 30 31 28 674 1603 
41 9677 112 34746 130 386 31 28 282 618 12984 45 17 419 18 
41 7227 21 6054 28 674 4427 215 17864 12 294 12507 
41 9677 219 12 78 34 28 282 1254 12984 18 1947 445 1103 45 
41 20 150 204 181 9713 36569 34 23 282 1254 28 674 36411 18 77 
41 1449 371 109 28 282 618 12984 12 259 45 231 151 648 12 827 282 1254 350 12 1603 
41 9677 231 90 2111 231 151 648 12 827 282 1254 2914 674 1603 9677 
41 215 371 109 282 618 12984 219 215 319 219 231 12 
68 112 93 4 161 21 43616 964 28 2177 34 9 2385 18 77 137 
111 12 419 35 6816 68 109 515 150 204 4 151 648 12 144 314 12 7 150 938 538 28 
1277 1479 21 
41 151 648 12 827 282 1254 350 12 1603 9677 215 2385 219 
1034 45 
143 143 22267 