Subject: 1 2 4231 2 2298 2404 4649 
35233 45 
7 207 107 474 72 68 3940 15 260 251 38 229 482 21 4322 499 653 639 
68 358 
231 9 3989 141 760 12140 371 109 49181 33645 49 9658 653 639 
762 2519 231 
17 46319 150 204 2298 2404 12 31 2259 1543 124 769 49181 2514 653 3356 653 639 
2659 144 12 0 45 1237 1136 5684 215 49182 219 17 411 2298 1136 653 639 
2057 1088 12 
315 12 29347 17219 34980 
11438 384 45 11044 12 
34934 34935 34936 9818 
2675 45 2676 31628 143 34981 
215 2679 219 34982 143 34983 
1050 2 397 397 1051 12 11438 143 384 12 1217 
419 1211 670 1202 306 9 
14040 4214 125 430 
23 1267 2 2243 640 644 397 609 397 338 45 38 101 2 
41 926 2622 8 9 9083 347 184 3949 21 430 109 2298 
41 2404 4649 138 7 8 9 2351 451 251 7 112 3209 72 2622 
41 777 9 502 9083 35232 45 347 72 2622 124 3868 1960 4 68 
41 2088 369 12 
41 
41 7 207 1891 4 1404 2404 4649 215 3454 45 1966 12 1217 143 143 41 
41 1237 425 219 17 2739 4649 215 3454 45 
41 1051 12 49178 12 1217 397 990 1775 49179 12 1056 143 143 41 231 34209 7431 231 219 12 2423 109 
41 2692 2343 2519 49 2298 8025 347 449 187 77 990 12 
41 
41 1012 2597 187 77 1086 34 4138 306 1494 
41 2900 3950 17 2473 21 3904 1510 12 65 7 187 94 72 
41 2622 58 451 34 1522 67 2473 584 68 1021 124 143 143 124 20 837 
41 261 21 9180 10245 49 3950 138 
41 
41 2209 45 515 124 28 6382 6196 49 68 331 31 4649 138 7 8 
41 205 568 28 6196 231 2404 4649 231 17 231 2739 4649 231 251 7 
41 112 3209 72 7 187 8 10 1980 4 7136 72 7 199 568 
41 212 6196 49 20 12 
41 
41 192 49 184 95 38 35 1211 143 7 207 107 576 21 309 49 95 
41 306 1086 435 68 45 251 7 93 2937 7 207 568 28 6459 3614 
41 347 541 12 28 1424 49 430 124 9 356 7836 306 68 1845 
41 1032 771 49 91 311 193 3545 45 192 4 269 12 
41 
41 143 35233 
41 
41 35233 42691 
41 6036 35976 176 
41 49180 4207 
41 35233 302 42857 12 3519 