Subject: 14343 45 2233 1422 21 15 10028 18446 
487 164 28 12208 12 12 12 220 107 2111 9 21134 12 12 12 220 541 369 21 7954 10028 12 12 
143 765 1877 45 1857 54175 16449 5820 1209 125 10028 1846 1148 
143 765 638 9881 54175 53747 
143 394 3471 31 53545 187 435 21 18566 10028 251 164 107 38400 92 121 92 
161 124 9 9971 45 2233 1422 21 15 10028 18446 2 
824 195 2233 8366 
824 359 6219 9605 
824 13388 1508 
824 3076 58820 58821 12 12 12 9 6548 52813 
824 483 182 5697 
7949 82 10028 42703 15 2261 347 9 19338 208 150 204 2261 12 12 
1844 68 8366 9 4618 12 12 20 479 306 9 483 182 5697 12 12 12 7289 21 13260 
68 35229 8366 112 13383 445 644 524 2663 12 12 12 77 208 31 28 429 21 
7952 28 10898 31 68 8366 12 12 12 179 28 8366 1930 49 38 12 12 12 195 7 187 
435 124 15 53400 4 305 21 417 109 670 3981 193 
49 959 430 1981 670 2404 2 
824 824 72 670 2404 124 3192 824 824 
231 39 231 28 870 2377 1905 45 
231 6460 231 28 273 41192 3979 1905 45 231 37563 231 
17 650 4 15 2377 997 21 28 2018 17 
1446 105 
5913 
2228 
2476 
139 140 
96 92 21 1324 
240 143 628 16 
861 499 2473 38 35 7954 117 347 9 19338 2267 53663 1021 328 193 
824 824 824 824 1891 4 9260 434 36 28 2744 499 109 58282 138 824 824 824 824 824 824 824 
824 824 824 419 164 58283 306 1166 17 90 572 15 95 824 824 824 824 824 824 824 
1355 226 53545 1740 112 6200 45 419 8 777 70 
13885 3793 17 20 124 369 58284 765 921 670 1862 411 
3867 17 1184 12 72 38 164 1891 4 3 2473 21 2 
143 3264 443 3867 568 15 58285 1225 
143 481 964 21 638 3471 4149 
143 107 8 184 11964 215 670 55776 10101 35000 20 195 193 219 
143 36 484 5820 2059 
231 39 231 28 870 2377 1905 45 
231 6460 231 28 273 41192 3979 1905 45 231 37563 231 
17 650 4 15 2377 997 21 28 2018 17 
1446 105 
5913 
2228 
2476 
139 140 
96 92 21 1324 
240 143 628 16 
215 58286 3592 308 139 140 18 107 77 3572 219 
21 77 6617 125 670 133 110 2858 6460 28 3979 1905 17 650 5247 4 28 627 1479 12 81 481 474 5247 124 4 28 627 1479 12 