Subject: 53666 33948 33943 59336 53666 33929 33943 52873 33929 33938 138 36209 16549 33939 17958 143 4559 16549 33958 
46580 33938 33918 18094 11180 59337 33929 33938 33942 33933 6956 54536 33920 52873 46580 33921 
11180 11312 54261 59338 6190 14674 33939 33929 33924 33952 6776 397 33933 6776 33952 6776 52878 46580 14674 33939 6956 7091 33953 6770 
52874 33922 6776 33940 33952 6795 54261 44500 6795 53414 4318 33947 6956 7091 33953 6770 16549 33939 47664 18418 16549 33958 45 4318 52873 33920 4318 50120 397 3976 397 59339 33918 138 53666 33947 
33947 7303 33933 18094 53414 11180 6190 641 2117 4318 52882 19738 641 9014 53666 33921 454 3177 54489 397 33942 33916 4318 52879 11180 11312 6795 53666 
29052 138 56343 7303 4318 33942 11934 33947 33929 14393 33931 14393 33941 52878 46580 
4318 6776 33941 33952 55538 33953 33936 6956 33944 14393 33954 55538 53666 33929 33947 33931 33953 14393 
1156 628 33929 33938 33927 6958 33929 53666 52873 33950 4318 54261 4318 43221 
4318 54261 4318 43221 53414 6795 33942 33947 59340 7296 33918 5757 46580 59341 33921 33939 46580 6956 33947 14674 52878 52873 4318 53666 52882 33952 
52882 33949 33954 54488 33924 33943 55902 53666 54489 16549 33945 
46580 54536 55846 11180 11312 33947 7303 33943 33916 
46580 54536 33936 54536 33936 52873 33943 52873 33929 33938 
46580 54536 53666 33921 6956 7303 54261 33947 33927 54261 
46580 54536 33927 16549 14393 138 33943 52873 33929 33938 
46580 54536 33945 15473 7303 33927 16549 14393 138 6956 138 138 36209 
46580 54536 33927 6958 33929 33938 15157 44500 6795 33947 
33952 7296 33918 33944 33938 33943 54261 4318 14674 138 6956 36209 52873 53666 55538 4318 33929 33929 33924 33952 55863 11312 54492 33941 6927 33944 33931 33938 3177 53666 33943 33954 7091 
33941 6927 33944 33931 33920 44500 33942 33947 56068 54261 56069 33937 11491 6956 33929 33924 33952 55863 11312 54492 
55538 138 33938 16549 33945 54853 143 56070 56071 56072 
53666 4318 138 36209 16549 33945 59342 59343 
1050 2 397 397 1051 12 56074 12 1217 