Subject: 470 9792 472 14487 67 1170 143 1531 2598 
7 8 2110 3078 1495 373 109 143 1479 5703 109 2298 143 8009 3261 34 
12774 9 356 31 1450 109 28 11265 31 12365 21 1526 1170 
1849 125 28 650 31 573 34 124 1383 11809 4 2298 2659 
5188 12 1170 143 1531 826 124 869 1376 74 9 140 31 9492 45 
1141 14220 45 8057 9001 215 540 7846 1123 3688 2588 
1616 28 310 1170 1531 219 45 17 28 572 31 11016 12 208 31 443 
10822 5703 124 74 3488 49564 215 2046 176 219 470 648 472 45 28 
411 124 125 4788 49565 17 49566 49567 215 883 1135 31 6744 219 
470 144 472 12 
49565 317 49567 8 2214 1170 143 1531 49568 130 231 23 96 45 14752 
37062 231 12 20 1465 21 14 34 515 124 539 124 9 1361 7893 
31 28 39017 31 28 2119 2298 143 3261 1708 1383 1357 12 
68 90 77 506 74 12842 5193 143 2939 573 125 1992 2401 17 
9986 2473 505 70 1400 124 159 21 6140 28 2401 125 
28 573 12 68 84 77 37985 568 9 759 6224 31 49569 
8973 45 222 130 47 7847 8057 9001 215 130 9517 4 4169 306 
5990 1369 219 12 
926 2622 83 72 222 9 7893 58 205 506 138 
9099 
2076 
143 143 143 143 143 143 143 143 143 143 143 143 143 143 143 
470 648 472 204 12 49564 12 231 35422 729 12 1267 2 2473 28 2298 1930 231 12 
1050 2 397 397 1051 12 35422 12 22551 397 14350 397 49570 12 1056 470 248 1038 7284 472 
470 144 472 204 12 49565 45 2461 12 49567 12 231 14043 2298 2404 8009 2 5193 2939 3261 231 12 
1050 2 397 397 1051 12 49571 143 13120 12 3815 397 1257 397 648 397 321 648 143 18548 143 240 12 1056 470 644 1839 136 472 
143 143 143 143 143 143 143 143 143 143 143 143 143 143 143 143 143 143 143 143 143 143 143 143 143 143 143 143 143 143 143 
9099 35983 45 1785 5902 185 45 49543 45 2638 5879 729 729 345 45 590 
1068 215 4656 219 2 21903 5626 646 1529 2082 