Subject: 315 12 54643 204 12 59468 45 42837 3958 28796 45 1051 12 59469 12 1217 
68 124 9 208 92 133 45 72 38 164 107 1891 45 2858 18467 
231 6631 12 231 
28 2435 
1460 21 42837 3958 28796 2 6460 487 12 
54643 204 12 59468 45 282 12 151 12 124 28 13962 1762 31 28 8021 
245 31 59470 3958 28796 12 55 124 9 1956 4 
59471 23 16538 3999 127 17 35223 1454 
2084 31 59471 17 59472 23 10081 176 
3999 2445 12 4726 130 208 31 28 20900 150 204 4213 
2569 31 59470 3958 28796 45 4 68 32 55 
37546 28 19689 294 185 21 51310 53750 45 962 27860 45 
59473 45 59474 45 59475 17 59476 143 143 17 2473 107 21 36 59477 
4 28 368 12 9 1906 2666 49 2622 991 42837 
3958 28796 12 
6460 487 12 
46 38 49 15 92 12 
100 747 12 59478 
430 341 8389 
8021 245 31 59470 3958 28796 