Subject: 1 2 1742 11451 1145 12 
109 622 45 248 948 7284 45 16107 8558 101 2 
41 534 45 419 429 8 21 432 28 9209 31 68 231 1742 
41 35458 231 45 130 20 1465 34 161 84 77 91 13645 3508 31 
41 35923 215 240 12 913 12 48437 143 231 7 150 938 506 45 13 28 997 549 231 45 28827 
41 15031 409 219 12 419 48438 87 21 21339 9 48439 306 9 1832 
41 6481 17 111 21 450 540 1422 124 28 508 9695 12 
7 150 938 205 148 23 28 47754 1203 7203 12 20 217 435 20 124 9 502 
198 21 3042 12 130 2342 130 6481 7653 7 2937 28 1742 35458 
84 38835 1211 9 4278 540 12860 648 9139 2939 17 2158 648 
48440 45 17 7212 9 6567 21 256 72 20 2023 347 107 12 72 419 450 28 
87 21 10042 3385 1892 111 259 77 20 215 3918 50 182 1123 
1742 6215 409 12 
132 11 124 7 4618 21 36 541 1960 306 47754 74 28 
4605 31 997 1867 45 259 16107 35 933 23 28 674 6219 31 3385 
1397 28 997 1841 12 
41 173 28 48441 31 28 1285 21 218 37246 45 7 4758 
41 306 48384 34 28 1174 35055 21 9 1371 10260 12 48442 
41 3050 150 440 1853 3545 21 411 37246 4606 419 481 70 416 2954 21 
41 2181 68 12 
7 150 587 4618 21 6161 2423 499 7 2937 124 7214 1402 347 47754 
1402 21 481 20 13144 21 9180 9 1852 8694 30 12 132 925 
187 77 34 68 9677 35 77 4572 583 373 8 1123 
30 4 218 1924 72 829 12 7 65 925 34 983 150 440 
829 12 
132 115 605 31 515 28 9677 18 220 124 2 
3558 48443 21 2659 
13 8856 
128 48444 
611 48444 
7 150 282 4177 9 2939 408 124 1125 130 48443 2939 124 2705 48 
13144 1032 48443 4215 4 7214 45 1012 306 9478 573 12 
7 65 2937 28 38183 1948 84 181 1987 306 48445 489 
1032 9139 17 11056 9323 485 12 
2600 215 4133 173 48416 31 68 1988 306 
48442 219 1530 12 
97 45 
3901 12 
143 143 
1232 1775 1775 1775 1775 1775 1775 1775 1775 1775 1232 3901 19661 1232 
1232 397 1775 397 397 1775 397 397 397 1232 2035 49 1742 341 1086 45 1232 
1232 397 4089 12 397 397 12 1775 397 12 397 1775 1775 39135 1232 176 31 2014 12 1232 
430 124 107 1162 12 
143 143 11213 48417 