Subject: 4425 
4425 45 33953 36209 33945 33942 16549 46580 
33933 33927 33942 11178 52874 33953 11180 11312 52879 33938 11180 55867 33950 54848 33929 33924 33927 33936 33952 33943 14674 138 52874 7296 2 
46580 11177 53666 6956 33929 33942 56685 33922 45 6795 138 33924 15158 11180 33933 33945 33933 4318 33939 33927 56065 53666 54489 52873 33954 14393 33941 6776 54261 33933 6776 
46580 11177 6795 33946 4318 43221 56047 33927 4318 16549 44500 33933 6776 33924 15158 33952 33943 33936 138 11180 33933 33945 33933 11180 55867 33950 52873 33954 14393 33941 6956 33944 33941 15157 
46580 11177 6956 33945 33943 52881 33945 54488 33942 7303 11491 52878 52874 33942 52874 33947 33918 33942 11180 55867 33950 52874 33953 33941 33948 52873 53414 33938 5757 33921 52879 
46580 11177 33942 7303 11491 52878 55902 53666 54489 33940 6795 52878 52874 16549 44500 6776 54261 33933 6776 33940 33953 33941 7296 55902 11178 33941 
231 6956 33944 52879 33938 4318 33939 52873 33927 231 648 12 0 53666 33944 52873 33944 16549 33945 58845 33936 33937 11180 10274 33942 138 33921 33927 
231 138 11491 53666 33929 4318 33939 52873 33927 231 144 12 0 53666 33944 52873 33944 16549 33945 56695 33936 33937 11180 10274 33942 138 33921 33927 
4318 33941 52878 14393 11180 11180 33952 6776 44307 143 57483 4318 33937 36879 57484 33943 33947 33952 11180 33941 36209 33940 15156 33924 46580 33947 7296 
6165 302 57485 12 1217 
33952 7650 11178 15155 11178 56681 33951 1050 2 397 397 1051 12 1219 143 22455 12 1217 1050 2 397 397 1051 12 57485 12 1217 