Subject: 20714 31 13351 28 7810 9984 138 
36 484 21 2188 3263 8205 193 193 193 193 
653 653 41 220 38 83 2622 213 187 12543 392 1082 369 45 
49 392 827 45 1857 21 392 729 45 1857 2606 76 9 3547 1892 138 
653 653 41 220 38 83 2622 213 187 12543 392 48826 369 45 
49 392 729 45 1857 21 392 848 45 1857 2606 76 9 3547 1892 138 
653 653 41 220 38 83 2622 213 187 435 21 2188 2473 
21 1022 769 483 21 548 4 28 3263 3264 
49 445 392 390 2606 76 138 
653 653 41 220 38 83 2622 23 195 4059 21 481 959 138 
653 653 41 72 38 4429 194 45 21 184 347 195 31 443 
463 45 111 38 87 21 36 182 306 14 
3260 12 7 18 95 1510 4 73 26 3078 21 
14 49 95 429 12 
18036 
111 6354 15 198 45 1324 369 653 653 653 653 653 653 653 41 648 143 6255 143 878 143 54471 641 59467 
321 12 204 12 28 2589 414 164 185 2620 12 7 83 45 
255 164 1476 48 959 12 
321 12 204 12 204 12 49 28 429 848 255 213 5912 964 23 28 35318 1313 
7 18 63 21 8 827 9881 240 143 4756 102 499 109 15 1842 
298 193 193 193 193 193 193 31 299 143 9 392 4171 12 1529 6567 
321 12 204 12 204 12 34 5865 52661 34 38 18 77 4 28 483 15 429 76 12 
111 6354 15 198 369 653 653 653 653 653 653 653 41 648 143 6255 143 878 143 54471 641 59467 