Subject: 55844 35331 193 193 193 193 193 
4425 45 
11204 7 274 482 38 21 85 9 4553 933 23 68 54137 45 208 31 
9 331 45 1876 3471 14217 143 6822 55844 35331 2692 839 12 
11204 20 150 204 9 6822 74 143 594 143 445 9827 45 177 591 31 434 
164 2164 53431 392 2862 21 392 827 45 2862 2606 517 193 
11204 419 36 484 74 143 28 143 5889 352 21 670 2745 6822 55844 
8876 9 400 8673 45 952 954 9 517 143 248 2660 9 1867 130 255 
3210 193 419 164 3311 67 91 5648 483 487 12 38 18 482 
21 840 8435 68 1129 12 
11204 26 150 1 3343 434 3260 17 38 19653 392 2862 1320 12 12 12 34 150 204 274 
125 208 18489 10160 12 12 12 17 161 164 827 959 193 591 164 1476 
392 4711 45 1857 21 392 1876 45 1857 4 274 848 21 618 1910 12 194 143 20 124 93 6548 193 
11204 91 255 164 314 1476 729 4167 2606 1867 125 274 208 
31 28 411 18489 35203 540 1432 359 3866 193 
34 150 204 1457 45 68 839 1930 49 8139 12 12 12 12 12 
6165 3564 124 107 1403 12 
164 38 1891 4 3 959 12 12 12 12 12 12 
11204 72 38 435 515 38 8 3870 259 2342 45 17 482 21 2188 67 1342 
255 213 164 1476 959 483 1032 26 8 1355 869 1397 12 
7 150 587 13 4441 21 132 2404 306 144 14343 1342 2607 461 193 
11204 38 35 5506 49 298 765 15 1225 45 20 18 46685 38 497 12 
11204 68 839 1930 10 17 18595 1032 184 7 150 938 205 4 17 20 150 204 
1960 49 1510 213 8 205 49075 23 411 2950 12 
38 3210 274 1319 45 251 28 5634 13097 20566 4 193 
7 6582 68 839 2 143 219 
502 514 49 236 17876 12 12 12 12 
68 14343 55844 6822 35331 2692 839 1930 49 
255 8012 4 5820 2476 4 28 423 12 12 12 12 
391 45 5692 45 6744 45 8031 45 10954 45 7785 8873 45 6372 45 
12620 45 284 45 1331 45 1090 45 17 959 12 12 12 12 
215 21132 13538 143 353 8067 4 135 1910 219 
68 124 9 6822 74 143 594 143 445 9827 12 12 12 12 
11204 130 9 1825 31 68 9135 6822 55844 4173 9827 45 
38 128 15 2745 14217 6822 55844 8876 9 400 61 12 
833 14023 352 868 4 434 7804 921 15 6822 55844 
400 61 12 
11204 38 150 587 65 128 15 2745 6822 236 56801 1059 34 
38 35 572 21 36835 15 5634 125 400 2000 195 559 
28 423 12 12 12 306 359 14023 9081 12 
11204 833 45 15 2745 6822 52781 6128 1237 839 21 
5237 15 6822 55844 400 61 125 19798 4 28 
423 17 15 2745 12 12 12 12 12 12 12 12 
16319 6822 52781 273 61 45 195 125 15 2387 12 
11204 1379 21 28 389 445 231 109 143 1479 231 17389 31 28 945 
59221 35056 45 6579 60425 236 4173 
4787 12 215 636 34225 31 28 48052 772 9598 219 
11204 389 35 65 41435 7997 21 9 140 31 236 
1184 23 818 6237 5836 49 389 445 143 7 12 240 12 55844 
59791 45 215 57518 150 204 219 236 1166 3570 45 55844 
42901 17 591 411 4561 59176 45 23 36275 38441 12 
11204 195 236 504 1206 8 205 60426 49 6608 
5831 17 4639 74 68 6822 9827 49 28 14210 
31 20 150 204 389 12 
306 28 12236 31 28 1971 143 55844 6128 45 55844 59791 
17 236 35331 2692 4787 8 369 2111 
9292 17 53146 49 274 67 2622 4 28 423 328 12 
11204 55844 6128 17 55844 59791 199 1319 5836 445 49 
28 5455 11614 17 762 42901 21 19880 769 49144 12 251 369 
28 13351 2018 58 205 60042 45 17 1510 310 4561 1366 
164 369 1357 21 28 6134 31 434 192 21 28 1971 12 38 35 
369 1740 15 4561 55090 17 49144 306 10107 9657 12 
11204 68 124 9 1876 3471 13271 17 14217 1166 1129 17 20 18 
481 38 959 483 1032 38 150 938 1355 869 4 15 2261 12 274 130 20 
58 49 434 143 17 591 411 1011 17 1349 9827 389 12 
91 44549 389 31 68 6822 9827 8 53496 4 274 
2117 2660 12 
11204 359 53266 143 68 124 49 1342 12 439 150 440 38 1355 4060 2473 28 11614 
2031 11614 17 18533 11614 138 12099 150 440 38 435 21 8438 2473 21 
220 28 310 49 1897 138 38 164 67 21 861 499 12 
21 2188 2473 38 35 2111 9 1825 12 12 12 12 
17 8438 2473 38 35 65 128 12 12 12 12 
195 31 443 4561 10898 369 12 12 12 12 
49 132 3981 306 2607 
274 13 70 273 21 2 
347 49 5990 
6460 487 193 
653 653 653 653 653 653 653 653 653 653 653 653 653 653 653 653 653 653 653 653 653 653 653 653 653 653 653 653 653 653 653 653 653 653 653 653 653 653 653 653 653 653 653 653 653 653 653 653 653 653 653 653 653 653 653 653 653 653 653 817 2 38 8 293 68 273 86 38 8 1553 
102 434 15 3359 347 870 430 125 434 4 28 
1335 41419 2927 1897 109 670 4 143 930 133 110 12 
419 220 107 3616 670 110 21 2622 12 
4572 21112 4441 2 
21 77 6617 125 670 4 143 930 110 2858 6460 487 12 12 12 
2723 2 1508 2405 302 608 2989 12 1217 138 627 653 5247 347 
13 8086 273 21 1508 2405 302 608 2989 12 1217 306 
231 5247 231 4 28 824 627 824 2018 12 12 12 
347 18467 149 306 231 5247 231 4 28 824 627 824 2018 12 