Subject: 1 2 20325 30 31 2231 4560 
669 98 45 
7 439 150 440 2937 38 84 8 184 1021 23 195 8168 215 450 1905 219 49 28 
8075 144 11904 839 45 226 15 17853 164 21 572 28 1237 49 
1086 12 419 439 150 440 8 70 10741 30 45 28 30 419 13 499 124 28 
1446 30 45 251 7 187 87 9 133 16 45 17 66 139 140 21 
13 20 21 38 12 68 124 208 31 28 3550 34 8168 124 9 502 605 12 12 12 
3554 45 28 8075 144 11904 839 124 70 3358 21 10252 8225 21 
1211 37 306 298 1237 45 1958 1979 45 409 215 450 195 28 430 
23 1050 2 397 397 1051 12 1237 12 3696 12 1217 397 573 397 51036 219 12 
28 1391 109 28 3358 164 2 
143 1906 77 70 10252 7656 
143 1237 1906 77 576 49 1958 215 19371 219 2870 347 1086 
143 1616 387 38 4758 21 70 51048 39113 1467 215 107 49 51049 219 12 
72 443 1391 4702 21 38 45 81 4292 23 2 
111 38 35 13 840 273 1141 9 1446 133 16 45 17 66 
139 140 21 3214 
4148 3867 222 130 2231 4560 45 347 184 31 28 411 8075 144 599 31 
3867 12 
1034 45 
6653 9815 
8075 144 11904 839 
49 5926 66 51043 51044 23 215 14796 219 48977 143 51045 347 6653 9815 23 215 14796 219 
48977 143 51046 12 
273 2 8075 144 51022 302 3815 12 3696 12 1217 
2298 2404 2 1050 2 397 397 1051 12 1237 12 3696 12 1217 397 573 397 51036 
98 99 109 1970 397 637 397 1082 848 2 1064 2 2249 207 
81 3820 21 98 99 
21 2 8075 144 51022 397 5574 397 3696 302 51047 
635 2 
627 2 20325 30 31 2231 4560 
42 859 397 2472 45 
419 164 9 1086 245 17 419 164 1891 4 1439 
2231 4560 49 9 1086 2141 109 573 1365 12 
220 419 48796 49 28 20325 30 138 
124 68 9 2974 30 31 28 1237 138 
515 124 28 3536 80 31 2231 4560 138 
192 4 269 49 15 95 12 
97 45 
98 99 