Subject: 1 2 50266 1537 
41 632 2 1015 45 892 334 1512 336 2 454 2 608 4051 
41 125 2 98 99 215 2012 151 12 204 12 866 219 
41 21 2 50267 302 1135 12 10087 12 10088 12 10089 
41 627 2 50266 1537 
41 635 2 613 302 851 12 852 12 853 12 590 
41 42 2847 12 10212 45 
41 
41 7 207 1891 4 9 224 31 28 50266 1537 109 11878 10884 4649 
41 215 49 3521 45 359 12 280 143 648 219 12 90 38 2949 14 81 2428 17 2473 7 35 11403 
41 37 17 13122 2428 9 110 31 28 1537 31 50266 124 1357 138 
41 
41 46 38 4 269 49 15 95 12 
41 
648 219 419 8 14054 28 820 31 2116 1537 1841 15 50268 
2584 21 50269 38347 23 28 157 31 403 1086 45 215 2679 219 
23285 143 50270 12 
144 219 28 157 31 403 1086 215 50266 219 1148 47 2351 31 542 2745 
1537 45 251 13029 130 70 3247 14160 2479 1086 
23 11905 17 1341 11004 28 1620 6538 12 
827 219 49 70 877 1424 31 2385 2717 109 184 1845 45 1424 28 
10099 31 28 883 1333 430 504 12 68 1424 
18 9204 1979 109 184 1845 215 240 12 913 12 11878 11286 219 12869 
31 28 14160 347 176 540 106 28 548 12 28 2689 157 
31 28 883 1333 430 504 124 50280 45 50281 2741 
7739 2642 45 50282 45 2676 50283 45 3852 215 2679 219 6234 143 50284 12 591 
11905 11004 28 423 65 8 1379 21 28 50280 
10099 45 1553 109 143 1479 347 407 3992 143 8032 12 50280 65 58 8063 
21174 158 28 208 4 28 590 124 50285 864 45 50280 342 45 321 12 322 12 
323 827 45 50286 45 50287 13824 1795 144 21802 45 990 16573 45 3852 7523 143 50288 45 51 
891 143 7523 143 50289 12 
644 219 72 38 164 159 21 3078 964 306 9 2669 9534 45 347 411 
1402 430 215 2933 365 45 361 45 409 219 45 82 434 83 17 419 
18 1424 840 49 28 1402 2385 38 9987 12 
41 117 116 45 
41 
41 98 99 
41 
9900 1193 12 10212 
50267 302 1135 12 10087 12 10088 12 10089 
403 1086 2022 
1285 50182 
8021 45 1774 35647 143 50276 
3296 2 215 27035 219 50277 143 50278 
51 2 215 27035 219 5034 143 50279 