Subject: 2 
46 38 49 15 427 1981 21 208 31 670 11032 3916 12 
419 187 435 21 1843 38 21 7894 9 19788 294 298 1971 1424 
11011 504 2 
28 60941 1424 2035 200 487 2 
6744 143 1050 2 397 397 1051 827 12 16075 12 60942 12 3815 397 60943 397 
391 143 1050 2 397 397 1051 12 60944 12 1217 397 389 397 60945 397 
391 143 1050 2 397 397 1051 12 49669 12 1217 397 60946 397 8185 397 60947 397 11012 12 5051 
72 38 8 107 275 515 38 164 148 49 38 8 107 205 487 193 
195 28 96 45 
60941 1424 2035 3390 
817 2 81 5201 184 1322 31 68 626 38 229 128 