Subject: 653 138 1770 143 1771 143 248 138 167 138 41969 448 50382 0 913 729 50383 644 30469 729 3420 653 138 653 
3187 45 7438 12 
3181 45 15328 15571 45 3182 4311 7588 6766 42415 4312 3183 6984 12 7036 
4317 6790 3182 6766 7588 7188 4318 7189 3180 7115 343 2 1529 12 
6899 4318 50384 
143 143 143 143 143 546 626 143 143 143 143 143 
125 2 98 99 470 2723 2 613 302 1243 12 320 12 350 472 
102 2 3079 45 3595 618 45 7284 827 2 512 640 
21 2 20430 12 50385 302 3276 12 350 
635 2 14 
627 2 1 2 50386 143 15361 
6899 4318 50387 45 
6857 7317 7043 4318 15306 16250 3173 6774 33980 6921 6771 4318 6993 7646 11723 4317 3182 
45315 50388 48345 6789 11725 12 7031 3182 11343 50389 11328 12 
6810 11310 
20430 50385 101 2 
41 
41 11169 7093 45 
41 7100 3182 4311 16133 3180 3186 6883 6865 50378 4317 6789 50379 
41 6774 15951 6758 50380 12 10624 50381 6795 4318 6772 15656 4315 45261 
41 14810 45 6971 8788 3173 6774 6883 11834 6758 11832 12 
41 7029 
41 6899 12 50375 