Subject: 17827 143 17828 2975 4118 50548 
2975 
143 143 143 143 143 143 143 143 143 143 
140 2 50548 
361 2 50549 741 143 3530 17 50550 2 9 12615 3261 
143 143 143 143 143 143 143 143 143 143 
42 315 12 99 45 
7 8 293 15 367 49 28 414 6732 358 49 5565 
2401 109 1162 17 573 1238 12 
109 1842 31 2329 258 11113 11114 45 7 46 38 49 7923 68 
2340 504 21 670 8198 1132 12 419 9733 94 
15 832 4 28 367 368 45 49 20 124 445 74 222 9177 
34 419 164 159 21 10442 28 772 3031 419 8 432 49 5565 
1162 17 573 1238 12 
120 45 46 38 49 15 2186 17 1947 12 
116 45 
28776 50553 17816 
45 17827 143 17828 