Subject: 1 2 4649 31 34446 41534 
98 45 
4 1895 3793 21 15 626 45 82 14 2949 38 34 7 8082 23 
8037 143 7558 36301 4 12927 2899 12 7 49915 23 448 7210 125 848 
34451 1616 9 648 1867 1909 45 1616 540 7 4362 34 161 187 77 
359 20655 2899 2671 12 
144 463 2 
2473 18 38 1987 306 28 20998 2671 1370 215 17 2585 219 1010 
2473 18 38 1987 306 28 150 17794 150 11876 17 28 1823 9664 45 
540 164 47 1376 21 4268 138 
7 150 151 8100 1544 306 2391 17 49916 40820 150 204 2015 32 45 1826 
17 9462 4 34451 45 17 769 39258 358 4 49917 49918 
49919 45 3932 28 264 1209 3261 31 20655 12 72 38 150 938 49920 
23 443 17 87 959 45 767 298 21 3047 182 12 
925 68 2971 45 
4164 
4164 204 12 49741 45 1272 12 151 12 29373 448 302 10137 12 1309 
34437 1086 839 3296 2 11587 143 9024 143 49780 
10137 2022 31 49781 51 2 11587 143 9024 143 49782 
7547 49783 34936 2287 
11585 45 3170 49784 