Subject: 3081 397 99 2 231 4649 6 4 3085 231 
42 2084 3081 17 2084 99 45 
502 1850 397 1186 12 7 112 3209 2473 38 199 40088 
306 28 4442 31 28 1556 143 1027 143 39 2975 49 15 
32 138 7 4767 4 15 977 273 1041 306 50073 
34 28 294 1550 632 124 49 3391 2414 12 
81 220 107 7560 68 273 130 528 50086 143 274 50087 
2473 38 1404 199 312 193 81 82 14 83 72 7 35 77 31 184 
5926 12 46 38 47 48 12 
116 45 
13877 
306 96 97 45 
824 824 824 824 824 824 824 824 824 824 824 824 824 824 824 824 824 824 824 824 824 824 824 824 824 824 824 824 824 824 824 824 824 
290 291 292 
9548 342 
53 12 13877 1193 12 50077 
1454 21 
53 12 50073 9 12 1600 50074 
276 258 
1166 17 3085 
352 139 2 141 337 215 0 219 353 7853 50088 
352 51 2 141 337 215 0 219 353 7853 50083 
273 2 
290 3981 2 
133 16 2 
321 12 322 12 323 343 
344 345 346 
28 351 
16378 347 4634 575 2531 2 
348 390 
349 350 346 
28 351 