Subject: 215 21012 193 193 193 219 6822 53688 52975 19399 193 193 215 44502 219 
824 824 824 21112 4441 164 23 28 4242 31 68 626 824 824 824 
14343 294 1237 7977 38 861 499 
2423 67 2622 193 193 
6460 109 2739 1905 21 1981 670 3981 17 6456 1237 2 
1050 2 397 397 61182 12 61183 12 1217 
861 499 3212 38 1355 4428 21 83 67 2 
15 17894 
15 599 
15 53684 
15 36232 
1897 143 124 4091 568 15 13191 138 
837 15 54136 193 
106 38 83 38 35 1424 49 2622 45 14444 45 19798 45 1457 109 28 
1971 12 12 
68 59053 6185 31 1971 59054 1366 317 1086 
8025 18 1211 38 306 9490 1862 57236 1424 4427 
21 9204 430 109 2 
255 38 14030 
6613 294 59055 347 59056 
59057 
115 347 1335 12322 
255 38 548 306 
39113 53685 140 306 105 17 16 
53686 139 2589 
122 230 17894 
9204 240 143 4756 45 139 2589 45 347 2588 
36 9 39 31 15 53575 2939 12 
36 9 39 31 41649 503 2939 12 
861 56382 17 9204 1994 49144 12 
4322 34979 10046 17 11078 5831 12 
13004 58281 59058 5610 12 
9204 972 59059 45 3087 599 1825 45 347 9 122 230 6582 12 
220 3128 4190 109 36232 1397 38 16318 37 12 
8435 15 599 5610 45 7550 45 19865 17 1801 10820 5831 193 
8438 2473 53686 139 2589 164 200 12 
4322 499 15 294 347 972 6582 1543 12 
3345 15 2745 1058 1537 259 38 35 3812 6459 430 12 
6608 2622 150 204 1971 2086 158 450 28 8025 26 1981 45 17 515 26 
164 
11311 12 
1437 8054 2298 8025 34 4341 1424 11009 8 4430 275 12 
8438 3547 143 1992 1438 21 481 53687 139 3625 12 
4322 13219 5831 158 9204 3087 4061 347 34459 12 
53689 964 430 109 15 17894 45 11074 45 347 54136 193 
8438 12322 4787 125 559 28 423 193 
9204 14385 17 9818 4157 125 195 390 6538 12 
59061 15 273 259 15 6548 16 35 150 440 77 8095 
861 499 2473 48 59062 15 37064 124 189 12 
8438 2473 21 4322 15 36581 49 59063 12 
347 4322 1897 499 45 17 38 18 77 36224 23 515 38 861 193 193 
443 164 445 9 2351 3385 38 35 220 45 161 124 359 9081 
21 28 2168 31 68 1237 193 193 
6460 109 2739 1905 21 1981 670 3981 17 6456 1237 2 
1050 2 397 397 61182 12 61183 12 1217 
61184 