Subject: 470 471 2 2132 2405 144 380 1324 49 832 470 1535 902 31 1886 2532 
143 143 143 143 143 143 143 143 546 626 143 143 143 143 143 143 143 143 
125 2 231 2132 2405 4146 470 8857 8858 472 231 
627 2 2132 2405 144 380 1324 49 832 470 1535 902 31 1886 2532 
387 488 472 
21 2 8859 302 3399 12 5105 143 3498 12 1095 
470 81 3357 670 1321 49 1123 1322 31 68 1324 12 472 
143 143 143 143 143 143 143 143 143 143 143 143 143 143 143 144 380 1324 49 832 143 143 143 143 143 143 143 143 143 143 143 143 143 143 143 143 143 143 143 143 143 143 
2132 2405 397 8860 2405 
135 902 1085 382 109 1610 1611 
1109 561 31 2231 384 
3498 45 5096 176 
1839 639 143 646 45 2405 
1050 2 397 397 1051 12 2132 2405 12 5105 143 3498 12 1095 
2532 387 488 1535 902 31 1886 2405 
1091 74 
2444 316 1816 215 1726 219 17 
1085 2479 756 49 1610 1611 215 1757 219 
6016 74 
5096 176 3498 
4 68 818 6526 31 28 8861 419 1843 38 21 8862 
2132 2405 4 3498 12 528 28 8863 4 9 47 1349 
155 31 1085 1111 109 1610 1611 45 
2132 2405 18 3359 9 4160 1129 21 1121 1347 17 
8864 1122 21 1437 28 1446 8865 31 1610 
1611 45 125 2019 17 1518 21 542 1036 4 
399 384 12 
3820 21 28 1324 31 28 2444 316 1816 215 1726 219 17 
28 1085 2479 756 49 1610 1611 45 
28 423 150 204 8866 6160 2072 49 1662 45 17 2564 505 143 
1992 1662 1780 23 5096 176 3498 45 9 176 34 
35 8867 933 182 109 5865 438 1010 31 8868 17 892 
2621 8869 2418 8385 12 
226 28 1209 2405 124 9 818 1209 45 419 18 481 2132 2405 9 
47 818 382 12 2132 2405 7815 8870 764 125 
540 45 534 45 445 8871 8 205 378 49 379 12 
313 28 8367 31 451 479 125 1133 45 161 124 9 
7898 140 31 451 125 5692 45 8872 45 17 8396 
8873 45 4213 21 9 834 31 2243 6390 8067 12 
1851 45 2132 2405 8874 2041 1521 2495 833 208 
6826 1522 78 74 2486 1130 45 8875 143 8876 8877 143 
8878 4 848 1139 17 5648 1525 31 4365 294 1086 
1142 4 454 1511 12 
28 1342 2487 31 1610 1611 18 77 8879 74 
28 561 34 572 28 341 489 1032 28 8880 143 
8881 1948 12 49 28 429 92 45 2132 8874 28 1109 
561 31 2231 384 1420 143 382 215 8860 2405 219 45 
540 124 28 429 3986 1085 8882 31 8883 8884 143 
8885 49 1347 17 8443 371 109 1662 1127 12 
2132 17 8860 164 2440 74 70 8886 2343 34 1 143 
8887 1662 150 204 5610 45 542 8888 8889 4 28 639 902 8861 17 
542 2406 8890 8891 921 28 608 3083 8861 12 419 65 2563 
21 8 9 489 8892 8893 8894 21 3032 8895 222 
34 2132 2405 7835 70 363 4 3498 17 107 445 208 31 
8896 424 8897 8898 4767 74 28 6826 12 4 259 
2342 45 419 1436 23 3197 1662 109 2132 2405 4 9 47 1478 1435 
4 73 21 2482 542 3256 21 411 4281 17 243 
20 1142 12 
4 28 235 419 18 1125 9 1893 4554 23 28 839 
31 2132 2405 12 419 18 65 1211 91 430 109 8899 143 
8900 2618 17 388 12 959 1832 430 124 1357 
109 28 382 3314 455 23 
1050 2 397 397 1051 12 2132 2405 12 5105 143 3498 12 1095 
220 107 8901 68 1129 12 4292 369 17 77 3840 
1530 23 2132 2405 4 3498 193 
143 143 143 143 143 143 143 143 143 143 143 143 143 143 143 
2340 1915 
143 143 143 143 143 143 143 143 143 143 143 143 143 143 143 
1535 730 2405 2532 387 488 
648 6284 2405 554 387 488 
639 143 646 6284 2405 2132 397 8860 2405 
143 143 143 143 143 143 143 143 143 143 143 143 143 
1521 2495 
143 143 143 143 143 143 143 143 143 143 143 143 143 
8236 321 12 8237 
597 4002 45 391 
8238 1086 17 1136 
231 1307 3229 2636 2 177 164 419 985 138 231 
8902 8903 
8904 176 45 7742 
1610 1611 17 
1468 1225 384 342 
231 9 8905 150 204 143 8906 3620 31 28 
8907 8908 8909 918 2141 231 
8910 8911 
5840 2062 8912 231 5392 8913 231 45 284 
1610 1611 1086 1524 
231 1610 1611 4 7938 231 
8914 8915 
5779 143 5780 143 4667 5778 45 1331 
1610 1611 1086 1524 
231 1162 1163 17 2101 143 
28 2013 6219 31 1662 231 
2251 8916 
8917 1225 340 2022 1089 45 1090 
17 
8918 5656 3896 45 170 
1610 1611 2022 
231 28 8919 31 6138 4 
8920 1962 8921 2232 231 
3451 8922 
7595 2050 45 590 
8923 17 8924 143 8925 
231 8926 1507 143 
561 45 1708 45 1924 231 
143 143 143 143 143 143 143 143 143 143 143 
6826 1522 
143 143 143 143 143 143 143 143 143 143 143 
747 12 1600 8927 8928 
4010 1086 245 31 8929 45 391 
2445 49 1158 8443 
231 8930 1610 2421 2 
3087 4773 17 2893 143 765 3510 231 
143 143 143 143 143 143 143 143 143 
1139 
143 143 143 143 143 143 143 143 143 
440 648 2 8931 1708 17 8932 1611 2 70 1919 
282 12 8933 
1050 2 397 397 8934 12 3465 12 853 12 77 397 763 3464 
440 144 2 8935 1424 1708 
747 12 747 12 8936 45 440 12 8937 
440 827 2 1662 1337 49 1162 1153 
204 12 8938 45 204 12 8939 
1050 2 397 397 8940 12 8941 12 3400 143 1564 12 1095 
440 644 2 8436 17 1507 306 3229 2275 2 
2019 17 3996 
1269 12 8942 45 321 12 8943 
440 729 2 8944 1362 49 1225 340 
321 12 8945 45 7 12 8946 45 440 12 8947 
440 448 2 1162 8948 1337 
747 12 8949 45 204 12 8938 45 282 12 8950 
440 248 2 1398 5788 549 1603 
282 12 8951 45 1193 12 8952 
440 617 2 8953 2135 4 1962 2232 
204 12 8954 45 282 12 8955 
440 1257 2 8956 430 2 1362 125 430 1149 17 
1610 1611 
151 12 1566 45 282 12 8957 
440 848 2 237 1504 17 2484 1162 
1269 12 8958 
143 143 143 143 143 143 143 143 143 
1511 
143 143 143 143 143 143 143 143 143 
781 648 2 135 902 936 109 2576 17 8959 215 8960 2405 219 
781 144 2 8959 
1050 2 397 397 1051 12 851 12 8961 12 3420 397 1200 397 8962 397 2132 2405 1288 
781 827 2 1164 143 1918 1237 1153 215 8963 219 
781 644 2 2114 8964 
781 729 2 115 1148 4 4008 143 2206 2101 
781 448 2 1430 1424 49 2576 317 8965 
781 248 2 144 380 2132 936 109 8966 4010 2045 17 
1610 1611 215 8967 2405 219 
781 617 2 424 2101 4 1662 17 5609 31 340 
1050 2 397 397 1051 12 8968 12 2426 397 1511 397 2132 
781 1257 2 1036 31 8969 17 1021 8436 1362 
781 848 2 1238 2421 4 28 2232 150 423 215 8970 1529 219 
1050 2 397 397 3462 12 5306 12 8971 12 20 397 8972 397 8970 1529 
781 336 2 1162 1153 17 3995 4215 
781 636 2 1164 1127 17 769 1036 8973 4 7246 
1050 2 397 397 1051 12 8974 12 1095 397 2132 1529 143 685 
781 1535 2 3254 31 8975 143 1483 1145 2 
1163 45 2220 45 17 1708 
1050 2 397 397 1051 12 8976 12 8977 12 20 397 763 8978 397 2132 2405 
781 609 2 1329 3 49 430 7970 
781 1254 2 1162 1163 8979 1738 215 8980 143 2405 219 
781 264 2 2033 8981 2 1740 1440 215 8982 2405 219 
1050 2 397 397 1051 12 8983 12 8984 397 8982 2405 
781 639 2 504 8964 143 561 17 8985 1148 4 70 8986 
3264 
781 608 2 936 109 1710 17 8987 1504 2 125 2006 21 573 
1365 
781 333 2 3348 8988 2 
6 31 8989 45 8990 17 1475 1476 
1050 2 397 397 1051 12 8991 12 8992 12 304 397 763 8993 397 3992 2405 
781 623 2 2231 573 3261 4 1741 17 8994 215 8995 143 2405 219 
781 952 2 8996 3 
1050 2 397 397 8997 2405 12 8941 12 3400 143 1564 12 1095 
781 646 2 1923 17 8436 1440 306 2275 
1050 2 397 397 1051 12 7364 12 2508 12 5363 397 2132 2405 
781 512 2 3261 17 1923 31 8998 3 2184 
781 246 2 1329 3 4 1225 5566 215 8999 219 
781 1304 2 1923 1610 2421 17 1307 9000 
781 892 2 9001 9002 17 1801 9003 4 1711 143 1164 384 
781 454 2 1913 2099 49 9004 1162 9005 
1050 2 397 397 1051 12 2132 2405 12 5105 143 3498 12 1095 397 9006 143 1288 
781 337 2 1162 143 371 384 49 1325 143 371 1238 
781 142 2 1610 1611 4 4656 384 215 1491 2405 219 
1050 2 397 397 1051 12 9007 12 2426 397 1491 2405 
781 1795 2 8944 1362 4 1610 1611 
143 143 143 143 143 143 143 143 143 143 143 143 
387 
143 143 143 143 143 143 143 143 143 143 143 143 
28 277 78 487 164 49 15 430 445 12 21 1 143 
9008 49 2132 2405 45 542 1139 17 1511 17 21 32 9 
1055 81 572 28 2707 1866 109 670 3314 455 12 
6237 164 78 4 3914 215 8450 219 17 9009 3451 215 4231 219 12 21 1 143 
9010 28 79 578 130 9 1825 31 70 1757 1825 1816 347 
528 9 1825 31 1726 45 81 1211 1346 31 2416 215 240 12 913 12 
2416 1059 219 17 13 20 1122 306 15 387 
486 12 72 38 164 9 570 45 81 1211 822 109 15 659 12 
2132 2405 382 215 8860 2405 413 219 
2532 554 109 143 2404 
215 395 1886 1535 902 219 215 395 1839 648 3083 219 215 121 
1839 648 3083 219 
1825 8450 6240 397 4231 9011 12 894 8450 9012 397 4231 9013 12 280 8450 9014 397 
4231 9015 12 1259 
393 143 1825 8450 6242 397 4231 9016 12 618 8450 9017 397 4231 7109 12 1783 8450 9018 397 
4231 9019 12 172 
570 397 1825 8450 2117 397 4231 9020 12 1255 8450 801 397 4231 9021 12 1973 8450 9022 397 
4231 9023 12 7107 
570 397 393 143 1825 8450 2065 397 4231 9024 12 512 8450 9025 397 4231 9026 12 1535 8450 438 397 
4231 9027 12 343 
1139 215 1320 219 
2532 554 109 143 2404 
215 395 1886 1535 902 219 215 395 1839 648 3083 219 215 121 
1839 648 3083 219 
1825 8450 438 397 4231 9027 12 343 8450 6565 397 4231 9028 12 1304 8450 478 397 
4231 9029 12 782 
393 143 1825 8450 5665 397 4231 9030 12 3876 8450 9031 397 4231 4181 12 1255 8450 9032 397 
4231 9033 12 337 
570 397 1825 8450 4711 397 4231 9034 12 1783 8450 6246 397 4231 3885 12 135 8450 8871 397 
4231 9035 12 172 
570 397 393 143 1825 8450 4114 397 4231 810 12 3080 8450 2117 397 4231 9020 12 1250 8450 766 397 
4231 9036 12 1808 
1511 215 1320 219 
161 124 9 9037 578 49 1320 936 2 8450 390 397 4231 1514 12 5661 
936 196 1906 4292 49 28 1119 2132 382 12 
359 416 299 49 554 936 1080 12 
231 23 28 2671 31 9038 419 18 481 2132 2405 4 3498 9 818 
382 231 
143 143 
1232 8857 8858 1051 12 429 12 3458 12 1095 397 763 9039 1232 
1232 2873 12 143 1983 12 45 1086 2048 9039 302 429 12 3458 12 1095 1232 
1232 1232 
1232 1086 245 49 1225 1487 1232 
1232 17 1237 341 215 429 219 1232 
1232 139 2 141 2449 143 454 143 9040 2082 1254 146 1232 
1232 2444 883 1086 2445 9041 12 321 12 2 141 2449 143 9042 143 9043 610 394 1232 
1232 49 430 341 215 3458 219 51 2 141 2449 143 454 143 9040 2082 1254 1970 1232 
1232 6187 21 38 74 28 9044 133 110 12 1050 2 397 397 1051 12 3054 12 3400 143 3875 12 1095 397 9044 397 
1232 
