Subject: 470 1654 472 1314 2 1611 317 2175 4 1132 143 371 384 
1324 49 451 2 
1611 317 2175 4 1132 143 371 384 
9 818 421 31 
18085 306 385 12 
1132 143 371 384 229 40346 77 13250 28 508 11029 
17 34528 530 627 1527 31 1136 328 12 26 
164 5678 28 508 50127 7898 12 222 384 12447 130 28 
294 39363 50128 31 9 9277 13148 31 50129 143 9970 1182 12 
443 1182 35 9636 20926 4 4073 45 1404 4 1489 17 
15204 3590 143 3590 540 35 9636 125 50130 50131 34219 
50132 21 11285 36824 1826 12 
26 164 12506 1918 2098 12178 1170 143 1536 17 8 21 
35343 1430 16283 3257 34 6224 2585 28 9990 
17 28 13825 592 12 769 460 9681 70 530 
8363 21 1404 1086 317 1136 12 
21 2385 68 8363 45 9 818 421 31 28 10095 
1181 231 18085 306 385 231 124 3944 45 3312 28 361 45 
231 1611 317 2175 4 1132 143 371 384 231 12 68 818 
421 18 12447 130 9 8437 49 28 508 1418 1086 4 243 
2175 17 3348 1611 45 540 58 50133 
1036 4 28 997 1603 31 1132 143 371 384 12 
627 1384 4 68 818 421 18 4244 6125 1510 1478 
1142 34 1039 1342 4782 21 50134 28 460 6230 16283 45 
347 2867 1801 50135 4 28 1132 347 45 4 597 18 776 
21 28 2483 31 243 548 4 430 17 1826 
1127 21 2489 1816 12 451 164 1521 540 229 1526 
68 2483 125 28 7394 31 45 50136 45 1353 10995 45 
3947 17 1153 45 13250 757 12 
1142 229 1833 208 347 959 31 28 235 2 
1170 1148 2 28 6230 16283 17 28 6572 1132 158 1170 
9142 17 1170 1923 158 1170 2175 17 10809 158 1170 
3606 4 28 1527 31 14030 45 9657 17 10820 12 
1801 1148 2 1801 50135 158 21115 50137 158 35210 50138 
17691 12 
3348 1142 2 1711 143 1164 384 158 2231 21168 17 
362 1127 12 
28 594 21 436 4 68 818 421 31 18085 306 
385 124 3044 74 28 597 2120 17 1153 1829 31 
28 1181 12 752 451 84 77 2591 4 28 429 1485 
21 28 3342 6212 10807 17 18090 12 840 277 17 6150 
1357 23 2 
1050 2 397 397 46267 12 14622 12 5913 12 853 12 590 397 18084 397 1314 12 5051 12 
226 419 1916 9 7972 3793 21 68 1324 17 21 11001 434 21 
2563 28 421 45 419 672 34 412 1471 21 1549 84 2424 28 
3342 6212 74 28 337 3083 31 1551 306 9 361 12 
3342 6212 2 
315 4617 10807 
1617 31 2636 
127 31 316 
5913 176 
14977 3908 
2643 1773 648 1221 0 14978 590 
273 2 4617 302 14622 12 5913 12 853 12 590 
2739 2 1050 2 397 397 1051 12 14622 12 5913 12 853 12 590 397 763 4617 
2084 8902 18090 
2231 317 1932 384 1524 
1617 31 4729 17 1158 1238 
7595 2050 31 340 45 341 317 1741 
2643 5541 248 144 3681 590 
273 2 18090 302 8924 12 853 12 590 
2739 2 1050 2 397 397 1051 12 2536 12 8924 12 853 12 590 397 3440 397 5182 397 18090 12 1056 
68 626 112 2475 74 28 231 1654 231 110 12 
21 13 9 626 21 28 110 389 45 273 1654 302 1243 12 320 12 350 12 
445 110 389 35 13 461 21 411 389 1461 28 110 12 
49 7657 347 1440 45 273 5338 143 1654 302 1243 12 320 12 350 