Subject: 60767 12 1217 58 9 17388 1129 49 38 
60767 12 1217 215 28 4514 143 3372 1829 219 124 312 6476 17100 31 
2413 306 12157 2166 222 130 117 12 419 8 9982 3372 
16993 4 15 2088 12 419 8 7863 15 17018 17 3128 
21 77 9 7990 9206 49 9 294 17388 1129 12 419 187 435 21 
83 72 38 8 70 2684 17018 21 19 21 434 138 824 824 81 149 21 
68 273 72 38 164 1891 17 1903 294 39 31 15 17018 12 824 824 
1905 164 91 4148 10898 670 5054 298 504 58 21 
3359 38 12 12 12 
60767 12 1217 143 143 28 4514 143 3372 1829 2 
419 1549 15 17018 21 445 3570 306 4787 12452 15 
12157 12 
419 23 60767 12 1217 2940 67 38 12 
60767 12 1217 124 60768 306 28 60769 12 1217 45 28 4118 648 17388 
10895 6605 109 28 2298 12 72 38 149 347 13 9 294 17018 45 419 
18 9180 9 2298 455 49 15 17018 215 306 4160 2739 219 17 13 38 1876 
2669 60770 298 193 
60769 12 1217 10898 2 
11204 298 7625 60770 49 10895 
11204 298 34766 31 15 17018 125 28 2298 
11204 298 17018 2298 455 49 2261 
11204 298 1366 21 9180 45 5883 17 2867 15 17018 2298 455 193 
72 38 8 184 463 45 81 82 434 83 12 
347 1981 434 109 28 2298 2 
1050 2 397 397 1051 12 60767 12 1217 
1050 2 397 397 1051 12 60769 12 1217 
824 72 38 220 107 467 21 128 184 959 31 443 2661 45 81 149 
21 68 273 306 5247 4 28 627 1479 12 