Subject: 1 2 9 14391 260 
7 439 150 440 1929 515 38 2173 12 2423 540 35 77 52 9 239 4278 150 
4430 49934 2585 542 3580 143 143 26 195 8 9500 659 12 
3198 515 38 8 124 541 34 7463 150 440 77 52 9 239 4278 150 45 
347 3198 20 150 204 9 6185 31 15031 540 9610 2180 21 
8382 28 12466 12 
212 49935 124 34 38 8 9 4278 540 12860 1315 
12837 251 20 1931 150 440 1384 4 540 73 443 12837 164 
14054 12 49 373 143 12675 15031 443 164 52 231 49936 231 45 251 7 
439 150 440 83 9 105 49 15031 306 959 12837 215 6133 3198 
231 48642 231 4 91 13491 219 12 
9 218 49935 124 34 38 8 9 4278 540 12860 9 1371 
12675 251 34 12675 124 9 110 31 10239 45 17 28 11799 124 222 
34 28 6567 257 179 9 110 124 14054 215 130 70 12675 219 124 28 
310 130 28 6567 257 179 184 49937 31 34 110 124 
14054 12 28 41634 4278 124 435 68 12 7 439 150 440 83 9 105 49 68 
331 31 4278 45 251 120 7 187 77 49938 21 1324 20 231 48642 231 12 
14518 41211 