Subject: 298 5113 45 2607 422 45 514 45 17 1237 
5506 964 193 
5820 517 35775 31 5113 36122 45 514 60721 45 32 60722 17 
430 60723 164 7273 298 2607 765 28 1971 12 20 150 204 
3260 45 941 17 9926 298 193 187 38 435 21 3210 37 138 
6460 9 6629 3979 1905 21 4322 20 499 49 1897 193 
215 72 15 628 2632 926 107 1947 53694 2113 45 39 28 2739 921 
15 2298 9752 12 219 
4322 499 443 28913 17 3930 298 2607 60724 34 164 445 
208 143 6460 497 12 
143 143 143 143 143 143 143 143 143 143 143 143 143 143 143 143 143 143 143 143 143 143 143 143 143 143 143 143 143 143 143 143 143 143 143 143 143 
5113 2 
6460 109 28 6629 2739 1905 21 521 161 369 193 
306 9 834 31 848 5113 6345 45 1141 2 
7357 45 294 962 45 60725 45 550 45 4281 45 17 12414 317 52988 143 143 38 150 587 77 
474 21 861 541 21 12559 15 6619 21 12 
60726 4435 37422 
143 143 8 38 211 104 779 138 4322 499 28 231 60727 60728 231 2088 31 28 5113 
976 21 6061 8438 328 150 204 964 143 17 143 963 39465 12 
143 143 143 143 143 143 143 143 143 143 143 143 143 143 143 143 143 143 143 143 143 143 143 143 143 143 143 143 143 143 143 143 143 143 143 143 143 
2607 422 2 
6460 109 28 6629 2739 1905 21 521 161 369 193 
6456 17 5506 21 9 759 6224 31 7431 45 393 7431 45 96 54868 
17 60729 195 298 12 
328 150 204 6552 2607 32 124 231 440 12 20910 17 28 60730 31 60731 231 12 
3210 9345 60732 1599 60733 45 130 214 20495 28 20494 31 70 60734 
9257 1032 12467 12 60735 34 60736 921 28 21027 45 12581 28 60737 
39323 31 60738 125 670 19537 12 
143 143 143 143 143 143 143 143 143 143 143 143 143 143 143 143 143 143 143 143 143 143 143 143 143 143 143 143 143 143 143 143 143 143 143 143 143 
2607 60739 2 
6460 109 28 6629 2739 1905 21 521 161 369 193 
481 9 14023 60740 31 7273 28913 17 3930 60724 435 2 
972 92 19652 
143 143 2596 28 19652 59583 31 972 435 231 60741 231 45 231 28 59719 
60742 231 45 17 231 4291 641 231 130 26 611 21 2261 306 28 310 60743 
17 60744 34 13510 28 56539 31 70 3509 1603 12 
9819 632 
143 143 36 21 83 15 19473 9 3547 10 306 60745 143 9 2177 9774 
1460 21 28 4496 39073 125 28 42920 35259 16068 12 
143 143 143 143 143 143 143 143 143 143 143 143 143 143 143 143 143 143 143 143 143 143 143 143 143 143 143 143 143 143 143 143 143 143 143 143 143 
2607 514 2 
6460 109 28 6629 2739 1905 21 521 161 369 193 
60746 150 204 1850 437 
143 143 3832 307 306 231 1850 437 231 125 883 6826 19652 12 3490 
16320 36867 68 550 14023 514 2482 34 2529 4 143 4200 10655 
17 3261 31 28 2660 514 17 2578 12 
439 150 440 458 21 4322 499 60747 45 5168 45 36032 19652 45 17 952 143 4087 10662 
514 143 143 195 298 12 
143 143 143 143 143 143 143 143 143 143 143 143 143 143 143 143 143 143 143 143 143 143 143 143 143 143 143 143 143 143 143 143 143 143 143 143 143 
298 60748 1237 
5506 13671 38 482 
60748 18 82 38 93 85 1740 31 15 2607 423 12 28 3992 143 435 
5322 17 28 1371 143 6460 6456 9903 18 8 38 964 17 
916 4 359 92 12 20 150 204 1342 3260 45 17 20 150 204 298 193 
6460 9 6629 3979 1905 21 36 60748 49 298 45 17 21 4322 499 
195 31 28 990 298 2607 12 
215 72 15 628 2632 926 107 1947 53694 2113 45 39 28 2739 921 
15 2298 9752 12 219 
321 12 204 12 28 2607 1326 13097 2165 
106 419 5855 298 514 109 28 4087 138 28 945 45 52705 1166 17 
883 514 143 143 352 125 670 10662 13262 21 15 43043 407 298 
60748 1237 12 
321 12 321 12 204 12 2 106 419 5855 34 195 31 443 10478 45 2494 45 17 10407 
1277 1087 2607 60724 164 3559 117 21 6456 49 298 138 
6460 9 6629 3979 1905 21 4322 20 499 369 193 
215 72 15 628 2632 926 107 1947 53694 2113 45 81 39 28 2739 
921 15 2298 9752 12 219 
824 60748 65 1432 609 6110 1594 45 848 6110 1357 584 19855 1462 45 53 
1971 9754 827 12 0 347 4766 20553 827 12 0 45 17 9 2387 306 2607 
2690 12 
72 38 293 68 626 4 1409 45 347 220 107 467 21 
128 840 13742 17 2529 45 81 2 
6460 1905 21 5247 1897 125 68 133 12 
347 149 407 273 306 231 5247 231 130 28 627 12 
5705 136 8207 2734 