Subject: 1 2 41540 31 17783 34446 41534 
7 2937 34 68 124 70 530 260 17 1946 12 226 20655 
49932 36306 765 92 45 20 187 77 47 530 21 450 2428 
17 2473 28 1325 17584 21 6608 28 2671 12 7 207 65 1891 4 70 
1120 12140 21 41997 1320 12927 31 28 20655 45 86 7 
2892 34 161 164 10239 31 20655 2899 1032 62 77 37418 
130 429 73 9664 45 251 87 9 2055 1325 12 
7 220 107 8 28 508 6476 1135 31 41534 12 508 31 132 41540 
164 38777 4 2391 40820 150 204 1239 4 20609 3969 391 12 214 12982 4 2643 
3320 45 259 20 229 107 77 12562 48408 21 588 91 655 12 28 
12483 164 1553 3691 49829 347 49830 21 49830 12 3198 28 96 185 
49 38 21 220 68 187 77 21 1981 49 9 2351 1910 17 49905 515 38 
87 12 602 419 3196 36 4091 21 220 20 161 45 251 7 150 151 2937 208 
187 8 21 5733 49 92 12 7 150 587 66 2391 21 450 515 214 3033 
1319 38 36 182 21 14 306 2473 48 573 38 87 17 515 38 2937 124 
28 508 3549 655 12 
96 
3267 49906 