Subject: 20714 31 1960 49 4091 3191 138 
933 45 419 439 150 440 482 21 8373 15 92 12 12 12 347 2854 
38 1906 77 2581 21 19653 9 20607 
4781 31 392 848 45 1857 4 28 997 454 143 1064 2660 45 
17 21 1131 9 3519 9713 31 765 648 9881 7804 
4 28 997 952 143 147 524 12 132 3611 124 21 95 
411 255 1131 769 2261 122 28892 12 
386 31 515 7 150 282 148 49 164 1510 255 213 164 
17684 21 34 536 31 9 2941 17 164 107 585 21 548 49 
20 12 
419 35 95 38 2 
12869 31 15 115 962 
347 15 19605 8057 193 
107 23352 347 54363 
439 150 440 7874 21 1324 4606 38 164 5648 12 
2188 28 12208 1324 648 143 6255 143 878 143 54471 17067 12 58997 
392 848 45 1857 4 454 143 1064 2660 
52996 4 827 143 729 1010 
824 824 824 824 824 824 824 824 824 824 824 
824 824 824 824 824 824 824 824 824 824 824 
195 5247 3592 8808 54349 6125 581 12 
2723 2 60939 59517 302 7618 12 1217 
81 1929 34 184 2954 21 53730 45 1276 347 9834 68 
5247 
61 35 445 966 4 4076 49 757 4059 21 77 
6617 
54273 133 110 130 20 18 77 9962 21 85 2622 2354 
28 110 72 
28 
5247 8028 35 107 77 293 12 