Subject: 1 2 17783 34446 20655 41540 17 40816 
669 98 45 
194 45 419 8 255 1960 487 4 28 1239 68 1821 213 90 95 38 
499 4 509 1322 869 31 28 49939 12 38 187 87 21 49940 
434 1461 3977 3198 130 55 8082 23 28 39468 179 55 112 487 9 
2351 2660 2663 1960 2146 214 1239 45 540 39468 87 586 12 419 164 47 
1893 109 4747 23 28 3315 12 35 38 63 21 8 28 39468 869 17 
6282 21 38 12 7 18 1086 2473 48 20 18 64 2606 16274 17 8 
28 570 213 124 1960 306 434 971 499 2473 591 39468 187 87 21 
77 19611 12 7 207 474 28 2492 215 435 195 2492 219 187 93 
94 528 484 49 28 3372 12 26 164 13458 4 28 1239 259 
90 77 114 21 220 20 49 298 251 7 207 474 187 94 
49914 12 28 508 2340 466 31 4747 49941 77 21 
216 586 17 2977 12 
7 18 1916 21 914 125 38 347 956 21 861 499 540 39468 164 3869 12 
49832 49833 