Subject: 1 2 17783 34446 20655 41540 17 40816 
669 98 45 
194 45 2209 956 52 17 6336 434 540 39468 38 164 1891 4 12 
28 160 213 18 548 306 38 109 68 124 49857 49907 12 104 273 
16 124 49908 788 302 5990 12 1217 12 55 229 13 38 212 16 540 419 548 
1461 23 28 1239 45 4 540 279 3047 21 104 1461 34 12 55 18 77 
1960 23 28 1239 4 247 17 28 47749 31 1839 12 55 124 
13458 104 92 17 55 18 77 8012 4 9 775 21171 
1427 28 1234 124 4 49909 86 55 58 359 49910 21 63 49911 
49 104 2745 21171 12 72 20 187 77 261 49 38 21 63 104 49 104 
92 45 7 3084 20 18 85 359 959 1032 848 954 21 1410 28 39468 45 
5489 9 502 80 49 49912 45 85 37 21 28 49913 45 5383 37 964 
17 17719 17 7789 37 21 38 45 49914 187 77 9733 12063 12 
502 1980 4 15 548 12 7 36455 3193 21 3845 125 9548 21 11076 215 644 
2660 219 17 111 109 13540 644 1461 607 448 7 18 77 4 49909 12 72 38 
8 840 463 66 14 23 132 273 16 17 7 18 149 
2585 10677 12 
49832 49833 