Subject: 6363 2 35 419 1522 67 2215 15 37793 7895 138 
6363 2 35 419 1522 67 2215 15 37793 7895 138 
3835 45 130 419 962 45 670 53456 10461 20326 17 34 2961 434 
53457 45 251 
515 72 38 90 138 
53458 15 37793 53024 17 9987 193 
9604 184 53459 347 53460 67 15 3564 21 8382 193 
8 28 37793 4214 17 2700 15 19331 837 959 193 
369 38 35 193 
446 966 150 204 18478 143 1221 124 28 8147 45 195 2233 37793 7895 53461 
109 28 3264 328 12 18478 143 1221 3894 6304 52760 195 2233 
9906 34 35 95 38 8382 3806 45 7836 17 10 1032 1355 
1397 45 7207 15 37793 9987 45 1947 37793 9826 17 1844 38 28 
52850 4214 38 150 938 205 148 49 12 96 31 195 45 18478 143 1221 124 9 9971 195 
2233 8366 306 359 6219 9605 12 
17 18478 143 1221 124 4572 21 572 193 274 144 53462 1389 15 20740 45 9 2351 225 
2606 517 12 20 12860 67 144 33456 17 1931 150 440 1207 184 34894 347 837 184 
11054 12 
4781 43865 45 446 966 193 
215 6255 219 6252 143 53463 
18478 143 1221 124 53464 2182 21 9432 53465 17 8985 3031 23 
208 31 28 445 17 8866 32131 406 53466 3683 4 28 391 45 17 
479 306 9 454 517 483 182 5697 259 38 35 4618 670 8366 306 
33450 12 77 474 21 672 67 670 1971 818 12 
215 6255 219 6252 143 53463 
670 16168 8424 504 3555 164 1357 952 954 45 248 2660 
2606 1867 21 270 184 463 38 229 8 12 
439 150 440 4293 45 1324 670 446 7895 1479 1457 369 23 
215 6255 219 6252 143 53463 
17 2671 15 2261 49 28 10 193 