Subject: 1966 150 204 61020 1166 37826 193 
28 4755 124 2209 19399 12 12 12 12 
3210 28 37020 484 45018 839 12 12 12 392 13685 12 1529 141 1114 193 
824 298 824 3523 17 3199 13124 21 1257 141 1237 2950 193 
824 298 824 2298 33387 17 1535 141 55146 7548 2298 449 193 
824 298 824 969 37546 1966 150 204 61020 43278 49 3314 371 
1166 17 1971 2487 193 
1981 2 
1050 2 397 397 1051 12 61021 12 3519 397 763 61022 
941 208 3040 21112 4441 12 12 
653 653 653 653 653 653 653 653 653 653 653 653 653 653 653 653 653 653 653 653 653 653 653 653 653 653 653 653 653 653 653 653 653 653 653 21 77 6617 125 840 8364 
2858 6460 28 3979 1905 68 1479 
6834 72 15 9752 926 107 4130 28 414 21112 2739 
2858 13208 17 37563 28 414 3979 921 15 9752 6835 
632 397 61023 2 454 397 1973 397 2405 608 2 637 2 2248 