Subject: 17827 143 17828 2975 4118 50548 
2975 
143 143 143 143 143 143 143 143 143 143 
140 2 50548 
361 2 50549 741 143 3530 17 50550 2 9 12615 3261 
143 143 143 143 143 143 143 143 143 143 
42 315 12 99 45 
28 367 368 49 28 414 6732 1550 21 28 5565 
2401 109 1162 17 573 1238 124 369 2974 12 1322 31 
28 4551 2600 18 77 102 21 38 4 9 3272 240 143 628 12 
109 28 6280 31 28 367 1537 45 2329 258 11113 50619 3919 
21 4374 28 358 12 
419 164 3524 31 28 2954 34 58 552 921 15 7807 2600 45 17 
46 38 49 15 832 4 68 2340 504 21 5565 
2401 109 1162 17 573 1238 12 
116 45 
28776 50553 17816 
45 17827 143 17828 