Subject: 861 34 122 230 6582 193 
68 294 14343 1237 1470 2971 
38 861 499 5865 2423 67 2622 143 
6460 109 2739 1905 21 1981 670 3981 
1050 2 397 397 1051 12 61043 12 1217 397 61044 397 
861 499 5865 3212 38 1355 4428 21 83 67 2 
15 17894 
15 599 
15 53684 
15 36232 
1897 143 124 4091 568 15 13191 138 
837 15 54136 193 
106 38 83 38 35 1424 49 2622 45 14444 45 19798 45 1457 109 28 
1971 12 12 
68 59181 6185 31 1971 59054 1366 317 1086 
8025 18 1211 38 306 9490 1862 57236 1424 4427 
21 9204 430 109 2 
255 38 14030 
6613 294 59055 347 59056 
59057 
115 347 1335 12322 
255 38 548 306 
39113 53685 140 306 105 17 16 
53686 139 2589 
122 230 17894 
9 294 347 972 6582 1543 
38 35 837 3345 15 2745 1058 1537 
259 38 35 3812 6459 430 
443 164 445 9 2351 3385 38 35 220 45 161 124 359 9081 
21 28 2168 31 68 430 1470 193 193 
6460 109 2739 1905 21 1981 670 3981 
1050 2 397 397 1051 12 61043 12 1217 397 61044 397 
21 77 6617 125 670 133 110 45 13 9 626 21 61045 302 61046 12 1217 306 28 
2744 231 5247 231 4 28 627 12 
2723 2 61047 302 34880 12 1217 138 627 653 5247 