Subject: 1 143 144 2 15 358 4 231 428 4 3348 1611 17 1193 
8729 21 8586 193 
41 4907 3150 684 6416 3742 12 
231 5016 4 8730 231 1676 8731 746 2315 1644 3293 
41 1298 3654 8724 8250 204 150 715 21 273 1298 45 8725 158 
3773 
21 358 691 8594 3775 1180 746 617 9 8732 617 4509 1755 8733 1329 3 17 573 1365 
617 9 1298 3711 215 4907 4908 219 21 8084 689 290 707 684 21 8734 8735 684 3757 5266 8736 8737 
8738 12 2812 1676 617 9 1722 4468 684 8739 736 6697 8740 617 8741 4932 2 4395 3115 8742 714 4688 2405 1519 734 
290 1519 746 21 4179 700 648 2 648 12 729 12 8743 8744 704 21 358 691 734 290 1519 70 8745 1288 1713 700 763 135 
906 12 8476 322 45 1291 8746 617 8747 1722 684 2325 14 715 687 8748 12 
41 3057 7416 8726 3282 273 714 687 1604 707 21 294 7607 12 
41 1645 4413 8727 8728 158 
3635 8749 8750 617 8751 707 737 689 2022 8405 1676 700 322 8752 8753 707 21 1484 12 
8743 617 9 8754 617 781 1692 5000 3471 14 21 4978 1484 12 
5093 897 70 746 1676 617 9 617 8755 684 8756 8757 6448 12 
4477 70 617 5363 746 5016 5438 8758 684 2303 3711 12 
8350 8759 707 8760 617 8761 684 700 732 2567 3556 1676 617 9 8762 732 1950 1674 8763 12 2754 1721 746 
8764 8765 14 2415 707 8766 1382 8767 2784 734 2291 617 8768 1676 8769 14 3071 8770 689 1484 12 8654 
617 8771 684 8772 684 8773 617 8774 732 3075 734 8775 3588 746 8776 734 8777 8778 1676 617 9 827 8779 14 
8780 3071 732 3064 732 3556 12 
617 9 5080 617 5127 2836 746 8781 714 732 8782 685 138 
322 1301 617 9 5080 617 4509 3151 689 8783 1676 2308 1172 1755 8784 
3777 45 
625 
143 143 143 143 143 143 143 143 143 143 143 143 143 143 143 143 143 143 143 143 143 143 143 143 143 143 
315 12 4718 262 8359 
24 2447 
8406 1257 
3695 8407 
1331 
1068 2 141 2449 8408 8693 
51 2 141 2449 8408 8410 
240 143 51 2 141 648 8696 8697 
1051 12 4682 12 1095 
143 143 143 143 143 143 143 143 143 143 143 143 143 143 143 143 143 143 143 143 143 143 143 143 143 
231 2854 124 28 962 540 124 8785 31 2000 34 2937 45 17 8786 31 6363 213 4618 21 231 
143 24 1956 