Subject: 470 9470 302 50168 12 8113 12 1309 2 470 98 99 
8610 215 7 439 150 440 83 72 38 521 68 219 2 
143 143 143 143 143 143 143 143 143 143 143 143 143 143 143 
293 2 125 50168 12 8113 12 1309 215 50168 12 8113 12 1309 470 4182 12 6817 12 333 12 9547 472 219 
74 50169 12 13999 12 1309 215 617 12 617 12 617 397 617 12 617 12 617 219 306 1251 619 3227 50170 
49 158 606 45 264 607 2405 618 2 2992 2 1529 143 2654 215 2655 219 
125 2 9470 302 50168 12 8113 12 1309 
293 2 215 125 9470 302 614 219 
74 50168 12 8113 12 1309 215 617 12 1257 12 648 397 617 12 1257 12 648 219 619 844 50171 158 
606 45 264 607 2405 847 2 1304 2 638 143 1974 215 36439 219 
647 143 30 2 648 12 0 
649 143 650 2 549 397 651 158 652 653 434 143 654 
649 143 655 143 656 2 248 657 
626 143 619 2 
632 2 606 45 264 607 2405 847 2 1304 2 638 143 1974 215 36439 219 
21 2 9785 9786 
635 2 9470 302 50168 12 8113 12 1309 
627 2 470 98 99 2 8171 818 421 472 
4 143 149 143 21 2 
2076 2 
641 143 642 2 21721 448 12 7783 1389 639 12 0 50172 50173 215 36159 1304 219 
659 2 660 
641 143 659 2 
641 143 8816 2 
641 143 41730 2 448 
4425 98 45 
118 49 28 2896 12 2517 150 204 1484 17687 58 205 2354 
28 3519 49 28 1335 373 1910 12 7 62 1379 28 15711 
385 125 177 7 207 45 251 7 2892 7 106 4545 15 358 4 28 
7559 12 72 49 184 311 20 124 230 45 7 18 66 38 17 672 49 
212 39 12 192 49 15 1543 12 143 143 9469 
98 99 11945 2 
41 
41 7 207 44332 67 28 818 421 34 38 164 774 143 6176 306 
41 9469 9470 17 8111 8122 12 
41 419 8 752 9 358 23 8171 302 2517 12 2426 
41 313 7 8 107 293 70 1409 626 49 34 273 45 226 
41 111 7 8 205 2255 21 66 2517 12 2426 45 1553 74 273 
41 215 21 3790 2516 17 21 9469 9470 219 347 1461 28 2298 12 