Subject: 51164 109 28 1086 4342 143 143 2671 31 30 
68 626 124 31 1543 445 72 38 
824 164 70 51164 1170 
824 8 70 61 109 28 1086 4342 
824 572 9 1329 916 34775 644 
7 5631 21 2671 28 7928 30 31 51164 125 264 12 1304 21 264 12 454 4 
28 34775 644 2194 397 13463 23 623 2 1529 7226 12 68 3530 34 72 38 47839 
51164 2858 74 11311 51164 45 38 18 36 9 218 30 
3193 12 20 65 3530 34 38 84 12637 3192 15 51164 1397 
949 68 6005 45 226 20 18 602 16449 3545 12 28 294 
30 124 314 1357 130 51164 264 12 454 45 72 38 482 21 51247 28 
3230 12 
68 2671 926 107 2686 1369 213 164 314 568 264 12 454 143 143 68 
3552 195 8825 144 1369 12 
7 439 150 440 12813 215 9894 977 4778 219 68 2671 7221 531 591 
1440 12 359 1450 542 1119 6832 18 77 21 51248 28 7925 31 
264 12 337 12 72 38 482 21 861 499 28 294 9903 31 264 12 454 215 540 
591 255 8 205 568 49 1315 524 369 219 650 1219 143 747 1241 12 
14132 