Subject: 1 2 19323 17 2000 32 367 50080 471 41 
98 17 50200 45 
6182 45 28 367 4 260 112 27 4 19323 
17 2000 448 397 144 215 229 250 219 45 286 12 13756 143 36462 12 926 34 
95 138 
35497 
109 1015 45 1535 1016 335 45 50200 36094 101 2 
41 42 315 12 99 45 
41 
41 38 870 6311 430 49 9 32 367 74 38 17 315 12 
41 100 4609 12 
41 
41 2182 21 670 408 45 28 367 31 2391 50199 150 204 231 14578 279 
41 371 6827 231 112 27 4 3326 448 215 144 219 45 286 12 13756 143 36462 12 
41 
41 3835 7 62 77 474 31 68 86 7 220 107 8 1379 21 
41 9 39 31 28 421 49 17496 45 259 7 207 635 150 4718 28 258 45 213 
41 3196 77 31 840 5926 12 
41 
41 306 331 97 45 
41 50200 36094 
41 
41 143 143 143 143 143 143 143 143 143 143 143 143 143 143 143 143 143 143 143 143 143 143 
41 50200 36094 
41 2120 1617 
41 
41 290 291 292 
41 50201 7491 
41 321 12 322 12 323 50202 
41 344 22445 346 
41 28 351 
41 
41 1068 12 215 352 219 2 141 337 215 0 219 353 50203 
41 51 2 141 337 215 0 219 353 50204 
41 
41 
41 
41 
41 