Subject: 1 2 5289 50677 138 
42043 124 28 208 34 28 431 1010 164 568 12 
3253 12131 18 397 58 6282 38 67 68 7 150 282 474 12 12 12 
40 12 
143 143 
40 10163 45 14500 144 12 264 45 1617 31 1225 340 45 
176 31 175 45 282 636 1257 645 1068 12 16260 3363 50788 
3977 2 50789 302 851 12 852 12 853 12 590 962 2 646 8148 2 448 150 648 231 12551 2 144 
231 8016 2 35 150 440 11416 306 150 6838 45 
35 150 440 3577 959 1032 208 4 28 41648 31 15 11602 231 
231 542 584 21 548 4 1536 179 38 150 1 50790 12 231 143 1772 
231 164 38 4 19350 31 70 43621 10897 138 231 143 9924 50791 
231 7 5631 21 11416 19728 143 347 16449 1413 12 231 143 50792 