Subject: 6822 55844 9827 491 38 74 28 5889 12 
669 45 
7 274 482 38 21 85 9 4553 933 23 68 9939 
54137 208 143 31 143 9 143 331 45 6822 55844 35331 
2692 839 12 
20 150 204 9 6822 74 143 594 143 445 55844 9827 45 
177 591 31 434 164 53431 392 2862 21 392 827 45 2862 2606 517 193 
419 36 484 74 143 28 143 5889 485 921 670 6822 
55844 400 8673 143 952 52953 9 517 45 248 2660 9 1867 
130 255 3210 193 419 164 3311 67 91 5648 
483 487 12 38 150 587 482 21 840 8435 68 
1129 12 
990 514 49 236 48711 
68 14343 1876 3471 6822 55844 35331 2692 
839 1930 49 255 8012 4 5820 2476 4 
28 423 143 391 45 5692 45 6744 45 10954 45 8031 45 
14285 45 284 45 6372 45 12620 45 1331 45 1090 12 
5820 2476 143 369 353 8067 4 274 135 1910 12 
389 60196 1833 2 
143 14217 6822 55844 8876 150 9 150 400 61 12 
141 6822 236 4632 56801 1059 12 359 14023 5634 9081 193 193 193 
141 6822 52781 6128 1237 839 12 13886 38 21 5237 
15 55844 61 125 19798 4 28 423 22733 14444 12 
141 6822 16319 52781 273 61 12 
141 1379 21 236 4173 4787 12 215 54137 772 9598 219 
141 128 15 2745 2974 3199 2298 2404 179 38 3210 12 255 35 
5912 964 109 143 1479 109 20 125 559 28 423 952 52953 9 517 248 2660 9 1867 12 
68 124 9 14217 17 13271 1166 1129 45 
34 18 481 38 959 483 1032 38 150 938 1355 869 
4 15 2261 193 193 193 193 193 193 
164 38 1891 4 3 959 138 
72 38 435 515 38 150 938 2666 259 2342 45 17 482 21 
914 67 1342 255 213 164 1476 959 483 
1032 26 8 1355 869 1397 143 111 7 150 587 13 
4441 21 132 3981 34 58 373 990 
1129 2227 1342 2607 461 109 20 193 
21 2188 2473 38 35 2111 9 1825 12 12 12 12 
13 70 273 21 30948 60197 302 60198 12 1217 
17 3047 231 6822 55844 2377 231 4 28 627 12 
81 220 107 274 18467 28 149 3591 21 68 273 12 
38 3050 150 440 36 15 231 2377 231 72 38 220 34 2 143 215 
72 38 439 150 440 482 21 128 184 273 419 18 50249 
34 12 13 70 273 21 60199 43362 302 1241 144 628 12 1217 
60200 
60201 59306 60202 