Subject: 11858 2405 397 50530 2405 215 358 1172 219 
11923 45 730 135 
42 43 12 99 2 
109 1842 31 28 2390 756 17 28 839 756 215 11858 2405 397 50530 2405 219 45 7 207 50 38 28 235 358 215 204 219 2 
358 140 37099 2 231 5788 2691 31 1430 1971 18579 568 2055 50535 143 371 14040 3 231 
17 9 15547 2385 486 12 
419 187 94 15 1947 434 6602 68 397 443 358 215 204 219 17 50 434 15 6351 67 20 397 37 130 1028 130 20 124 494 21 38 12 
72 261 45 81 13 15 6351 407 240 143 628 21 23194 12 11861 302 50536 12 2426 12 81 220 107 13 20 21 670 757 240 143 628 2588 12 602 45 13 28 486 9774 74 4634 628 130 1028 130 261 12 
419 93 94 15 2186 17 15 1947 4 28 6602 368 12 
96 97 45 
43 12 11864 11865 
9529 11884 176 45 
50537 12 50538 2502 38009 45 9 12 321 12 50539 
11923 45 11885 
1068 397 51 215 157 219 2 141 783 143 144 143 50540 397 50541 653 639 
1068 397 51 215 3314 219 2 141 783 143 144 143 50542 
240 143 628 2 23194 12 11861 302 50536 12 2426 
423 11084 109 
11859 45 143 8010 17 316 
11858 150 2405 397 50530 150 2405 
11860 45 4742 
11866 423 
1038 623 143 512 45 2405 
15547 2385 
648 12 7807 2 
7807 105 2 2439 2 
2072 2 653 639 
16 2 
139 2 51 2 240 143 628 2 
144 12 358 2 
358 140 2 
358 361 2 
827 12 1172 2 81 3451 28 1411 3897 2 
9 12 358 466 2 47 2340 215 219 45 7898 215 219 45 3099 215 219 45 4518 215 219 45 
410 215 219 
167 12 358 819 2 3076 215 219 45 502 215 219 45 12867 215 219 45 3536 215 219 45 4333 215 219 653 639 
644 12 372 2 81 4322 2 
215 219 3357 358 306 359 1391 
215 219 3357 358 121 4518 3537 12 1 143 367 124 107 1403 
215 219 3357 358 121 3537 2182 21 7807 150 204 2600 12 1 143 367 124 107 653 639 
1403 
215 219 358 1906 77 50543 2182 21 367 150 204 2600 17 9477 12 1 143 
367 31 28 9477 358 124 107 1403 
215 219 4374 358 86 31 28 3550 3804 4 976 729 1905 12 
729 12 2600 215 81 572 50544 72 829 219 