Subject: 1530 294 1825 193 
192 49 35058 21 63 143 21 143 20695 2375 45 9 16849 2628 12 
1320 76 419 5383 28 96 63 21 20695 425 109 28 3264 17 1844 
38 28 60909 277 193 
68 524 5383 2 60910 
60910 124 9 990 294 425 34 491 38 1250 4170 434 49 5820 4087 
38 12543 109 28 3519 12 359 18445 45 274 40076 769 532 1237 17 
3042 53431 483 1427 15 6230 12 107 445 38 36 1250 4170 49 1320 
4087 38 150 1 6230 45 251 38 65 36 484 49 1320 4087 195 15 17894 
164 6230 45 17 15 17894 17894 130 505 12 68 7653 448 10461 11688 259 
15 834 44124 164 54696 12 3210 28 36377 31 255 34 314 
36 484 274 49 528 6230 193 
21 56219 49 68 990 294 839 6460 109 28 3979 1905 12 
1050 2 397 397 20695 143 2375 12 3314 12 57950 12 2426 
1011 14038 193 
63 143 21 143 20695 2375 3390 12 
21 9253 125 68 2628 45 274 149 21 68 626 306 
231 5247 231 4 28 627 1479 12 38 18 107 914 125 434 120 12 