Subject: 1 2 3793 21 39034 12 50114 12 5129 12 1558 
42 98 45 
7 150 282 118 107 21 8 778 836 12 328 45 7 8218 2354 28 50115 135 
2080 45 259 143 5505 125 9 35973 31 42904 540 124 9611 9119 143 
7 933 19 21 509 132 149 21 5651 130 1028 130 261 12 132 945 498 
149 124 2915 21 68 626 45 49 15 215 17 13828 150 204 219 2600 12 
41 
41 41 192 49 15 149 12 7 8 221 1404 461 34 
41 38 102 14 12 7 8 545 221 37 9533 12 164 38 
41 586 37 21 132 175 61 138 
41 
7 112 568 1404 15 273 2588 12 118 45 7 36786 150 440 21182 12 7 1903 132 
149 21 315 39416 45 49 15 2600 12 
41 
41 41 41 653 653 653 653 653 653 653 653 653 653 653 653 653 653 41 41 41 3793 21 28 2600 31 4551 648 2 
41 41 41 827 12 173 4167 827 17 644 45 214 124 1457 120 12 
41 41 41 419 84 2 
41 41 41 9 12 6384 4 28 7455 34 28 50116 305 23 
41 41 41 28 182 9556 21 28 4649 31 315 
41 41 41 8432 150 2347 45 
41 41 41 167 12 572 9 218 1990 49 50117 28 1527 
41 41 41 6353 21 6107 41466 49 1404 28 1219 644 12 729 
41 41 41 17 10950 7389 45 
41 41 41 1219 12 6384 120 4 28 7373 540 1527 4 28 
41 41 41 6493 7228 21 540 12659 49 1219 644 12 729 
41 41 41 17 28 10950 7389 12 
41 41 41 7 2937 34 28 1021 124 12492 137 21 28 2177 34 
41 41 41 28 4167 8 205 50118 125 28 549 12 
41 41 41 
41 41 229 152 34 38 481 443 538 4 28 4167 45 226 26 18 
41 41 1026 2564 28 429 4551 150 204 5417 17 84 445 85 38 982 
41 41 1032 70 4087 138 81 13 37 4 1404 2938 130 505 130 3054 10106 45 259 34 
41 41 7 439 150 440 8 1440 4 509 37 21 5651 12 
41 
41 7 84 5858 34 28 538 34 7 2339 164 4 28 7455 31 
41 50119 17 28 6627 549 45 489 1032 28 4167 7997 12 
41 220 38 93 87 21 1833 28 4167 4 28 149 21 28 1181 12 
41 
4 3620 31 827 167 12 45 7 187 5633 21 1833 28 4167 4 132 149 21 315 39416 12 
81 13 37 21 14 45 1122 306 28 6537 7455 12 
41 
41 72 38 93 87 37 4 2936 45 28 38417 185 124 21 17012 37 125 
41 28 6613 215 4 7214 568 9760 347 17012 219 12 
41 
20 150 204 673 49 38 21 13 14 2938 6215 158 161 124 9 839 540 7 84 77 159 
21 36 4579 31 540 13726 2938 21 50120 12 259 45 81 439 150 440 6402 67 20 12 
41 41 41 
41 41 41 653 653 653 653 653 653 653 653 653 653 653 653 41 41 41 3793 21 28 2600 31 4551 144 2 
41 41 41 161 1465 21 77 70 2340 12333 125 68 
41 41 41 4551 12 419 84 5858 34 515 419 1324 315 12 8432 150 
41 41 41 1400 124 107 515 2932 28 1508 12 419 84 
41 41 41 5858 837 959 34 315 12 8432 150 1400 58 9 2342 6203 
41 41 41 7895 1032 315 12 8432 7802 17 214 124 1457 21 256 
41 41 41 34 68 124 137 21 28 2177 34 315 12 8432 227 65 411 
41 41 41 10995 921 61 12 3198 45 20 124 9713 5650 28 
41 41 41 6627 7895 31 315 12 8432 150 4572 1400 12 
41 41 41 
41 41 7 4758 12 28 2177 124 45 7 220 107 83 1318 2473 315 8432 3386 2051 
41 41 12646 215 3198 45 7132 106 214 1318 138 193 219 12 259 45 48 3320 7 187 435 
41 41 21 1211 68 430 45 7 207 2255 21 220 259 12 68 45 534 45 84 
41 41 107 33634 434 276 670 1508 4 5651 12 
41 
41 603 1457 193 7 2937 419 84 274 6384 9 657 10 28 50121 
41 315 12 8432 150 4337 17 315 12 8432 150 4572 2347 12 28 7895 
41 31 28 3512 187 95 36391 12 
41 
7 2222 933 964 28 7895 4167 45 540 419 221 9 2351 1010 2663 45 17 
1833 37 4 132 849 12 
72 38 2937 31 2423 3191 45 81 82 14 83 12 
306 96 1204 45 
10955 
824 315 12 10955 282 12 10956 157 1068 2 141 891 3362 3363 10957 824 
824 560 1617 3274 1068 2 141 891 3362 3363 10958 824 
824 28 176 51 2 141 891 3362 3363 10959 824 
824 175 282 636 1257 645 273 2 204 12 282 12 10956 302 852 12 853 12 590 824 
824 590 824 
