Subject: 1314 2 5565 1225 818 421 109 2298 1611 
470 1321 72 38 128 68 959 1032 1319 472 
1324 49 451 
5565 1225 143 143 818 421 109 2298 1611 
215 21 108 4 249 2414 219 
3342 6212 2 11129 11130 215 11131 245 31 341 45 8031 219 
11637 11460 215 11255 11256 11638 176 45 11255 11256 219 
14047 14048 215 176 31 10369 45 6744 219 
515 124 2298 1611 138 
2298 1611 215 14009 219 124 9 294 10953 49 424 1086 17 
1136 34 10510 28 10092 8294 130 505 130 3549 
17296 31 1610 1611 215 1662 219 17 243 430 
341 215 20 219 109 28 997 1603 31 2298 143 38876 3867 45 
384 45 1184 45 17 3544 12 
1142 17 1148 
68 818 421 9304 546 45 772 819 45 130 505 130 
597 1543 451 4 195 2210 31 2298 1611 215 14009 219 45 
222 130 2298 430 384 9131 17 3254 45 
1353 143 7634 2175 45 2298 430 1153 45 2298 430 
1149 45 2298 2232 45 2298 1365 17 14036 45 17 8986 2298 143 371 
561 12 
4 2259 45 419 164 1891 4 451 109 2298 2232 17 2298 
1365 143 143 28 373 508 2340 14009 1846 1142 49 1404 291 
1086 17 1433 38219 12 
1550 6150 
195 752 451 84 77 864 21 9 446 31 644 45 1857 4778 
215 7298 4167 130 1877 4778 1320 219 45 17 18 77 525 109 28 
6280 31 1333 819 45 4648 45 10117 45 9398 45 
17 4325 12 5 6318 17 50126 11455 164 
2573 12 
195 358 764 18 77 6118 3991 12 81 13 
1552 215 53 143 4778 45 347 6394 219 6843 31 15 358 74 3595 648 45 
2414 21 2 
11130 302 11131 143 20 12 853 12 5764 
2340 1915 
3595 648 45 2414 2 1158 1550 31 28 370 358 
1886 729 45 2414 2 1555 31 473 
1038 648 45 2414 2 7199 137 
249 2414 2 418 
67 5565 1225 
5565 1225 124 9 16849 3834 293 74 195 389 31 28 
5565 1225 1816 45 1854 31 775 45 2569 45 
17 2572 12 20 124 208 31 28 508 8398 8199 177 2636 
2490 31 195 1124 35 2176 769 2596 45 3529 
1440 45 17 1448 1385 12 
67 236 2298 1611 382 
28 7284 236 382 109 2298 1611 215 14009 150 338 219 18 77 
915 4 11131 5913 45 8031 45 249 623 143 512 45 7284 12 28 14009 143 7284 124 28 
429 382 109 9 294 17 8986 2505 31 1225 340 
17 20 1992 130 2298 1611 12 20 124 9 3986 236 8437 
49 775 17 2569 21 1125 28 2228 143 31 143 28 143 2229 4 
28 1136 31 2298 1611 45 21 3859 7895 
10859 31 2119 1473 4 2298 143 371 2231 
430 341 45 17 21 4321 143 14026 2568 17 3859 2119 
1473 130 505 130 1418 561 31 2298 143 371 2231 
430 341 12 
49 959 430 45 81 1981 28 14009 143 7284 3314 455 23 
1050 2 397 397 14012 12 11131 143 20 12 853 12 5764 397 14009 338 397 
