Subject: 8825 144 1329 7217 
81 229 7 7993 15 442 21 28 235 1083 540 7 
8 10440 109 28 115 8825 144 12 644 1329 4 572 74 51220 12 
68 1329 215 4046 28999 219 124 528 38455 21 8825 144 12 729 109 2366 
636 902 1551 12 
81 41582 21 9 8825 144 12 729 1329 215 222 130 4046 40330 219 1397 68 
632 17 4322 34 195 28 561 38 1916 21 77 1125 
1389 8825 144 12 729 164 161 12 4046 28999 18 107 77 50257 964 1397 
28 7217 17 874 195 430 109 20 18 77 230 12 
81 240 143 628 14 306 184 4076 12 
51242 51243 
617 1551 250 
81 7812 34 38 4322 499 195 15 561 143 143 7 8 
589 51244 17 9138 21 28 294 397 44129 12 72 161 124 2423 7 
8 21069 81 82 14 83 4 502 92 12 
121 28 7217 7 18 198 4046 28999 4 28 20934 2088 215 144 12 646 167 219 12 
28 3051 2000 4 34 2088 18 77 38455 21 8825 144 12 729 4 
137 203 12 
143 143 
51242 51243 1617 31 1225 340 
384 4013 176 31 175 
240 143 628 2 51242 302 851 12 852 12 853 12 590 2010 2642 
1068 2 141 891 215 0 219 3362 3363 51245 175 
51 2 141 891 215 0 219 3362 3363 51246 1620 1621 282 636 1257 645 