Subject: 1 2 20325 30 31 2231 4560 
98 45 
7 18 13 38 2231 4560 49 573 17 549 49 15 1086 2141 12 
20 84 947 1370 644 143 448 1910 45 130 9 3272 50780 125 28 8075 144 12 
28 1237 4784 6006 1370 373 1910 45 251 4 91 12911 35 
85 9 224 31 524 12 12 12 51042 109 28 628 12 
7 187 256 45 72 38 12458 211 2423 4 2041 1910 92 45 82 14 83 45 17 
7 150 587 861 499 515 6741 6459 12 
1034 45 
6653 9815 
8075 144 11904 839 
49 5926 66 51043 51044 23 215 14796 219 48977 143 51045 347 6653 9815 23 215 14796 219 
48977 143 51046 12 
273 2 8075 144 51022 302 3815 12 3696 12 1217 
2298 2404 2 1050 2 397 397 1051 12 1237 12 3696 12 1217 397 573 397 51036 
98 99 109 1970 397 1973 397 1082 338 2 1267 2 783 640 
81 3820 21 98 99 
21 2 8075 144 51022 397 5574 397 3696 302 51047 45 1230 302 1243 12 320 12 350 45 
613 302 1243 12 320 12 350 
635 2 
627 2 1 2 20325 30 31 2231 4560 
42 6653 45 
7 8 274 406 130 38 131 12 
2182 21 28 4441 7 2666 45 7 84 77 9464 
28 8075 144 1237 21 947 1370 28 997 373 1910 74 
671 628 12 124 68 1457 138 
35 7 369 73 28 2231 4560 138 
132 16 124 2 
319 231 320 231 
245 31 316 17 318 
325 326 327 
267 
268 
17 132 3852 140 2 141 454 143 648 143 3849 36685 
220 38 87 184 959 430 138 
4 15 273 38 5855 34 7 35 73 411 1237 130 505 12 
124 28 2231 4560 49 549 298 49 1086 8009 45 531 138 
72 194 45 7 187 47 48 435 21 572 34 65 4 670 115 
2141 12 
46 38 49 195 15 95 193 
96 97 45 
98 99 
8075 144 51022 302 3815 12 3696 12 1217 101 2 
41 669 98 45 
41 
41 7 439 150 440 2937 38 84 8 184 1021 23 195 8168 215 450 1905 219 49 
28 
41 8075 144 11904 839 45 226 15 17853 164 21 572 28 1237 49 
41 1086 12 419 439 150 440 8 70 10741 30 45 28 30 419 13 499 124 
28 
41 1446 30 45 251 7 187 87 9 133 16 45 17 66 139 140 21 
41 13 20 21 38 12 68 124 208 31 28 3550 34 8168 124 9 502 605 12 12 12 
41 
41 3554 45 28 8075 144 11904 839 124 70 3358 21 10252 8225 
21 
41 1211 37 306 298 1237 45 1958 1979 45 409 215 450 195 28 
430 
41 23 1050 2 397 397 1051 12 1237 12 3696 12 1217 397 573 397 51036 219 12 
41 
41 28 1391 109 28 3358 164 2 
41 143 1906 77 70 10252 7656 
41 143 1237 1906 77 576 49 1958 215 19371 219 2870 347 1086 
41 143 1616 387 38 4758 21 70 51048 39113 1467 215 107 49 51049 219 12 
41 
41 72 443 1391 4702 21 38 45 81 4292 23 2 
41 
41 1050 2 397 397 504 144 12 41332 12 3696 12 1217 397 34903 397 51036 397 51050 144 143 1193 
41 
41 111 38 35 13 840 273 1141 9 1446 133 16 45 17 66 
41 139 140 21 3214 
41 4148 3867 222 130 2231 4560 45 347 184 31 28 411 8075 144 599 
31 
41 3867 12 
41 
41 1034 45 
41 
41 6653 9815 
41 8075 144 11904 839 
41 49 5926 66 51043 51044 23 215 14796 219 48977 143 51045 347 6653 9815 23 215 14796 219 
41 48977 143 51046 12 
41 273 2 8075 144 51022 302 3815 12 3696 12 1217 
41 2298 2404 2 1050 2 397 397 1051 12 1237 12 3696 12 1217 397 573 397 51036 
41 
41 98 99 109 1970 397 637 397 1082 848 2 1064 2 2249 207 
41 
41 81 3820 21 98 99 
41 
41 21 2 8075 144 51022 397 5574 397 3696 302 51047 
41 635 2 
41 627 2 20325 30 31 2231 4560 
41 
41 42 859 397 2472 45 
41 
41 419 164 9 1086 245 17 419 164 1891 4 1439 
41 2231 4560 49 9 1086 2141 109 573 1365 12 
41 220 419 48796 49 28 20325 30 138 
41 124 68 9 2974 30 31 28 1237 138 
41 515 124 28 3536 80 31 2231 4560 138 
41 
41 192 4 269 49 15 95 12 
41 
41 97 45 
41 
41 98 99 