Subject: 1 2 15 7267 2939 
4425 98 45 
98 41 72 38 150 1 559 17 38 439 150 440 188 45 187 20 77 261 
98 41 21 231 1844 14 1379 231 21 15 2016 7267 2939 12 7 93 
98 41 4211 20 193 
7 2852 38 2173 28 231 1273 231 1495 28 2898 6299 12 545 7 150 938 
1838 443 499 130 161 112 5929 34 28 10893 157 12099 150 440 
435 37 12 28 1285 21 2706 37 112 477 941 45 7 221 20 499 31 
28 6496 35340 12 
72 38 482 21 50991 9083 130 2076 1907 68 
1479 2 
4089 50992 4089 50993 6834 2076 6835 
602 132 2016 112 2094 568 28 671 50976 12 
207 7 1457 4 4177 34 7 207 6170 50994 68 1867 138 72 259 45 179 
35 7 1916 21 36 28 6191 17 213 220 38 152 7 6821 28 
959 9814 2267 109 21 12 
1034 
9924 
143 143 
9924 12 50995 302 851 12 852 12 853 12 590 
176 31 175 
2010 2642 
175 
282 636 1257 645 