Subject: 1 2 3214 49 36009 430 
46 38 49 15 1543 4 68 294 8366 12 
419 164 4 581 31 15 3214 49 959 430 45 534 45 1383 
430 109 36009 124 869 1357 445 21 35918 4158 12 
84 68 2671 4 460 45 419 18 1211 38 306 840 430 12 
331 97 45 
51062 51063 
143 143 143 143 143 546 626 143 143 143 143 143 
125 2 613 302 1243 12 320 12 350 470 2723 2 613 302 1243 12 320 12 350 472 
102 2 3797 45 3595 1259 45 2405 729 2 142 207 
21 2 51064 302 35918 12 1217 
635 2 51065 302 35918 12 1217 
627 2 3214 49 36009 430 
3214 49 430 
81 13 430 109 36029 21 28 
235 160 2 
105 2 98 99 
273 16 2 613 302 1243 12 320 12 350 
139 140 2 
425 105 2 
2439 2 
1347 2 6128 
36176 2 392 0 143 392 848 282 