Subject: 1 2 40816 
42 98 45 
7 8 15 273 251 7 439 150 440 83 515 231 140 31 8128 231 4 1008 754 4161 
21 12 90 38 81 6137 34 12 65 7 87 21 83 540 12483 38 8 
17 540 38 220 107 8 215 34 35638 28 609 40816 38 164 178 
4 28 429 2954 219 12 7 767 474 34 124 445 74 3312 28 1129 21 
5506 21 28 40141 34 38 35 4946 499 91 31 28 40816 12 20 124 65 
28 445 185 38 18 77 159 21 4946 499 540 603 164 1412 49944 17 
540 13696 12 
179 38 13 14 28 430 67 540 12483 38 1360 45 20 187 77 502 21 
1039 540 31 37 521 306 40816 34 8 28 3581 31 1440 34 
229 77 49945 74 49946 21 28 12483 1427 18588 28 40816 12 
72 38 35 36 68 21 14 359 1892 1032 2366 1850 20 18 181 77 4 
92 215 4177 7 35 1543 956 49947 143 38723 4 148 49 37 49 38 12 219 
195 28 96 45 
2391 