Subject: 935 644 3454 2 6141 49 1556 143 1027 30 31 451 
42 365 45 
68 626 124 21 831 38 28 488 49 50 28 1556 143 1027 
30 31 15 358 49 28 2132 936 109 1329 3 49 
430 7970 12 
81 13 28 838 45 1556 143 1027 30 31 15 358 2 
143 359 1892 1032 248 1886 2405 
143 4 1158 1519 215 1552 2196 45 251 6394 124 
4779 219 21 2 3430 8828 8830 302 8831 12 8832 12 20 
81 817 34 222 488 124 2205 17 419 18 107 77 159 21 3357 
451 121 34 517 12 
28 361 31 28 626 1906 2586 28 235 1479 2 231 935 644 3454 2 
838 30 2 358 4118 231 215 177 4118 124 28 8817 140 1076 
414 219 12 
148 19 21 1841 38 4 3498 45 
3430 8828 
321 12 204 12 28 2974 110 31 378 451 124 369 1357 23 
3430 8828 143 8830 302 8831 12 8832 12 20 
8832 397 8831 45 5844 2606 5392 8833 8834 240 8835 
407 8836 1254 45 8837 7 143 8838 8839 284 
1068 2 215 141 2995 219 8840 143 8841 143 8842 51 2 215 141 2995 219 8840 143 2451 143 8843 
