Subject: 1 2 13243 4 3083 4711 
98 45 
7 150 938 274 293 68 273 1 2 177 21 36 13243 4 3083 4711 
3406 12 
143 143 143 143 143 1014 413 626 143 143 143 143 143 
41 125 50664 302 2287 12 50665 12 774 12 5764 1302 3048 248 1973 2 2243 2 1795 4284 
632 2 1302 45 248 3048 1512 1535 2 667 2 2992 36837 
125 2 50666 50664 
21 2 3406 302 851 12 852 12 853 12 590 215 3406 17723 219 
627 2 1 2 13243 4 3083 4711 
635 2 50664 302 2287 12 50665 12 774 12 5764 
649 143 447 2 45676 
669 
41 41 3406 302 851 12 852 12 853 12 590 215 3406 17723 219 101 2 
41 41 41 81 35 2622 2949 14 177 7 35 861 13243 4 50667 143 50668 
41 41 41 49 286 644 12 648 50669 347 50670 12 
41 41 41 7 1074 5120 541 67 20 2110 45 251 4602 150 440 87 21 83 395 
41 41 41 369 12 
7 4018 26742 130 1528 12 26742 58 9 
41 41 448 12 13243 12800 215 4781 432 371 109 948 143 848 13243 219 
12 
192 193 193 
125 2 50671 302 32616 12 774 12 5764 215 11250 50672 219 
626 143 619 2 
19356 2 3416 12 9353 12 50667 
627 2 50669 397 50670 8876 34422 231 26742 231 931 0 12 394 124 13383 12 
632 2 1973 3049 2149 1255 2 512 2 623 4051 
2072 2 1237 1086 11978 45 11044 12 45 8031 
1000 2 7676 
2397 2 423 
50673 143 11467 143 2356 2 50674 135 12 32616 12 774 12 5764 
28 294 30 31 231 26742 231 8876 1135 45 26742 0 12 394 124 13383 12 20 150 204 
298 17 2475 1389 28 3614 31 13598 597 6826 39113 12 
35453 50675 215 50675 302 32616 12 774 12 5764 219 227 28 1119 386 31 1453 17 
1136 12 
470 648 472 515 150 204 26742 138 
231 26742 231 124 9 8876 1135 49 50669 4089 50667 17 50670 12 
20 3894 28 235 8876 1088 2 
648 12 50676 1135 215 1368 49 12159 41557 219 
144 12 1312 50676 1135 215 50676 21 1131 50676 219 
827 12 12159 1366 17 2866 1366 215 2484 48439 6212 17 
12159 6212 219 
644 12 5289 258 215 5 1170 5322 50677 219 
729 12 12897 12800 215 4781 432 371 109 12897 648 12 729 219 
448 12 13243 12800 215 4781 432 371 109 948 143 848 13243 219 
248 12 50678 50679 215 2608 50679 371 109 30274 1988 219 
617 12 3044 9752 215 575 45 5610 45 30 1740 45 409 12 219 
1257 12 50680 215 50681 371 109 8926 1507 45 409 12 219 
20 65 3894 70 3996 31 9 1422 31 1135 32 
1153 1021 470 50682 472 45 17 195 28 10049 1076 4 470 50683 472 12 
226 231 26742 231 65 3552 591 3521 2950 45 20 187 77 9 
465 1507 9114 49 50684 17 45 23 28 310 
92 45 9 47 1367 9114 49 987 12855 12 
470 144 472 538 125 26742 0 12 782 
1119 538 125 26742 0 12 782 45 540 112 13383 2037 397 3048 45 164 130 1528 12 
215 9 219 26742 0 12 782 777 91 9571 306 28 45572 3620 408 31 
50670 45 251 28 1021 112 2205 12 
215 167 219 28 3805 7805 67 5610 17 6109 164 11285 17 
1468 921 28 294 1470 231 11598 5610 231 12 5865 195 28 
2184 38 869 306 48880 164 11809 45 17 38 35 50685 
20 1892 12 
215 1219 219 38 35 450 48639 9648 50686 45 17 20 124 9970 
21 9 9752 12 
215 151 219 195 28 2189 4 470 50683 472 215 20 124 1003 74 35453 50675 17 
27 4 8031 219 164 413 12 26 164 8826 31 2 
212 3996 31 6185 9648 
50678 35485 17 1711 143 1164 35485 
50687 17 2018 215 8926 8436 219 
6580 11007 215 50688 219 
4782 17 460 215 35270 1507 219 
1135 1153 1021 
17363 1740 1021 
10894 10884 1740 1021 
445 17363 1021 17 10894 10884 1021 11928 109 91 386 
31 26742 45 251 28 411 2189 548 2169 12 
215 240 219 91 12349 50680 222 130 50689 45 18573 45 50681 164 
6200 12 26742 150 204 50681 45 540 1906 77 7813 218 125 
9 50681 4 15 12132 45 124 2174 130 9 331 31 8926 
50690 17 34533 74 3530 31 6493 215 107 36347 140 219 306 1170 12 
215 1269 219 9 4572 279 1470 124 6200 12 591 12848 8 205 2205 12 
470 827 472 2473 21 36 231 26742 231 
38 35 36 231 26742 231 74 235 3530 12 81 50691 31 542 2861 45 21 
256 45 67 827 6110 4 10109 486 12 
215 648 219 36 407 3583 12 
20 124 34532 4 175 50692 1135 4 1200 12 741 12 215 591 192 21 
28 1135 4013 31 175 12 219 34542 109 38684 12 851 12 852 12 853 12 590 
306 3583 17 3992 21 397 6501 397 50692 397 12134 17 672 49 231 26742 12 7204 12 5149 231 12 
545 45 26742 12 7204 12 5149 229 107 108 306 11530 397 6464 45 251 28 3583 2659 109 
38684 58 70 715 143 7204 17 715 143 11264 6552 12 
49 1510 255 4 1200 12 204 12 9 12 45 28 175 50692 164 38792 4 
3083 12 851 12 4598 12 1309 17 231 26742 231 124 10997 109 397 6501 397 175 397 12134 397 26742 12 251 
81 4293 45 20 1465 34 28 2422 3894 50693 6215 45 17 
28 7437 164 369 50694 921 28 1021 12 72 38 861 
231 50695 12 240 231 4 28 5684 49 3521 45 34 150 204 28 972 30 347 
3803 30 45 540 1449 3894 50696 6215 12 4 34 279 45 
7 150 587 8100 21 4618 411 1362 12 
49 1510 4 8031 45 231 26742 231 35 77 36 125 50697 12 32616 12 774 12 5764 2 
397 6501 397 9353 397 50667 397 26742 397 26742 0 12 394 12 7204 12 7205 12 
215 144 219 5383 20 964 125 514 34288 347 514 7541 12 
20 112 4783 21 21778 12 4373 12 81 4322 28 235 969 12 
41 125 2 50671 302 32616 12 774 12 5764 215 11250 50672 219 
41 19356 2 21778 12 4373 
41 627 2 26742 0 12 394 470 50667 8876 1135 472 215 338 397 636 219 
41 632 2 448 3049 2149 1970 2 3884 2 135 4051 
41 626 143 619 2 
21778 215 125 8031 219 19356 164 2475 195 765 28 8031 17 21 
591 8025 4 411 8067 45 1141 50698 49 1485 12 
72 38 18093 4 509 28 5684 45 81 40076 2182 21 
231 40080 12 240 231 45 17 65 459 21 231 50699 12 240 231 347 231 50700 12 240 231 49 
7214 215 4054 219 9114 347 8694 9114 4078 12 
470 644 472 2076 
470 50682 472 215 1003 4 8069 219 35453 50675 158 231 70 1919 31 6580 
1918 408 3261 17 1453 231 158 3229 1086 2445 158 
287 644 143 50701 143 264 143 827 
470 50683 472 215 1003 4 8069 219 
35453 50675 158 231 6580 50702 3261 17 1453 1337 231 158 
3229 1086 2445 158 287 644 143 50701 143 142 143 0 
39573 45 2600 45 17 12850 1537 164 12063 12 46 38 12 
143 143 
11250 50672 
1237 1086 11978 45 11044 12 215 8043 8031 219 
408 341 1524 12 
50703 43369 
648 45 45 
1534 143 1479 2 448 143 3049 77 12 50672 302 50704 12 20084 12 2426 4118 50669 397 50670 8876 34422 231 26742 231 931 0 12 394 124 13383 12 
612 2 21159 193 50705 193 50706 193 50707 143 28107 143 514 193 514 12 1200 143 8043 12 853 12 5764 193 50708 193 50709 193 50710 193 50711 12 1309 193 50712 12 50713 12 4598 12 1309 193 50714 12 50715 12 50716 12 3519 193 50717 193 514 143 13262 143 648 12 50718 12 1309 193 13221 12 1309 193 50719 12 1217 193 50704 193 11250 12 50672 
125 2 11250 12 50672 302 50704 12 20084 12 2426 215 11250 50672 219 
632 2 1973 3049 1820 338 2 512 2 623 143 11435 
19356 2 3416 12 9353 12 50667 
627 2 50669 397 50670 8876 34422 231 26742 231 931 0 12 394 124 13383 12 
626 143 619 2 
641 143 628 143 1164 2 50720 50721 23 50704 50722 0 12 171 781 142 
2072 2 50723 50724 
1000 2 6246 
824 824 824 50725 824 824 824 
612 2 21159 193 50705 193 50706 193 50707 143 28107 143 514 193 514 12 1200 143 8043 12 853 12 5764 193 50708 193 50709 193 50710 193 50711 12 1309 193 50712 12 50713 12 4598 12 1309 193 50714 12 50715 12 50716 12 3519 193 50717 193 514 143 13262 143 648 12 50718 12 1309 193 13221 12 1309 193 50719 12 1217 193 50704 193 11250 12 50672 
125 2 11250 12 50672 302 50704 12 20084 12 2426 215 11250 50672 219 
632 2 1973 3049 1820 338 2 512 2 623 143 11435 
19356 2 3416 12 9353 12 50667 
627 2 50669 397 50670 8876 34422 231 26742 231 931 0 12 394 124 13383 12 
641 143 628 143 1164 2 50720 50721 23 50704 50722 0 12 171 781 142 
2072 2 50723 50724 
1000 2 6246 
125 2 50671 302 32616 12 774 12 5764 215 11250 50672 219 
627 2 50669 397 50670 8876 34422 231 26742 231 931 0 12 394 124 13383 12 
632 2 1973 3049 2149 1255 2 512 2 623 4051 
28 294 30 31 231 26742 231 8876 1135 45 26742 0 12 394 124 13383 12 20 150 204 
298 17 2475 1389 28 3614 31 13598 597 6826 39113 12 
35453 50675 215 50675 302 32616 12 774 12 5764 219 227 28 1119 386 31 1453 17 
1136 12 
470 648 472 515 150 204 26742 138 
231 26742 231 124 9 8876 1135 49 50669 4089 50667 17 50670 12 
20 3894 28 235 8876 1088 2 
648 12 50676 1135 215 1368 49 12159 41557 219 
144 12 1312 50676 1135 215 50676 21 1131 50676 219 
827 12 12159 1366 17 2866 1366 215 2484 48439 6212 17 
12159 6212 219 
644 12 5289 258 215 5 1170 5322 50677 219 
729 12 12897 12800 215 4781 432 371 109 12897 648 12 729 219 
448 12 13243 12800 215 4781 432 371 109 948 143 848 13243 219 
248 12 50678 50679 215 2608 50679 371 109 30274 1988 219 
617 12 3044 9752 215 575 45 5610 45 30 1740 45 409 12 219 
1257 12 50680 215 50681 371 109 8926 1507 45 409 12 219 
20 65 3894 70 3996 31 9 1422 31 1135 32 
1153 1021 470 50682 472 45 17 195 28 10049 1076 4 470 50683 472 12 
226 231 26742 231 65 3552 591 3521 2950 45 20 187 77 9 
465 1507 9114 49 50684 17 45 23 28 310 
92 45 9 47 1367 9114 49 987 12855 12 
470 144 472 538 125 26742 0 12 782 
1119 538 125 26742 0 12 782 45 540 112 13383 2037 397 3048 45 164 130 1528 12 
215 9 219 26742 0 12 782 777 91 9571 306 28 45572 3620 408 31 
50670 45 251 28 1021 112 2205 12 
215 167 219 28 3805 7805 67 5610 17 6109 164 11285 17 
1468 921 28 294 1470 231 11598 5610 231 12 5865 195 28 
2184 38 869 306 48880 164 11809 45 17 38 35 50685 
20 1892 12 
215 1219 219 38 35 450 48639 9648 50686 45 17 20 124 9970 
21 9 9752 12 
215 151 219 195 28 2189 4 470 50683 472 215 20 124 1003 74 35453 50675 17 
27 4 8031 219 164 413 12 26 164 8826 31 2 
212 3996 31 6185 9648 
50678 35485 17 1711 143 1164 35485 
50687 17 2018 215 8926 8436 219 
6580 11007 215 50688 219 
4782 17 460 215 35270 1507 219 
1135 1153 1021 
17363 1740 1021 
10894 10884 1740 1021 
445 17363 1021 17 10894 10884 1021 11928 109 91 386 
31 26742 45 251 28 411 2189 548 2169 12 
215 240 219 91 12349 50680 222 130 50689 45 18573 45 50681 164 
6200 12 26742 150 204 50681 45 540 1906 77 7813 218 125 
9 50681 4 15 12132 45 124 2174 130 9 331 31 8926 
50690 17 34533 74 3530 31 6493 215 107 36347 140 219 306 1170 12 
215 1269 219 9 4572 279 1470 124 6200 12 591 12848 8 205 2205 12 
470 827 472 2473 21 36 231 26742 231 
38 35 36 231 26742 231 74 235 3530 12 81 50691 31 542 2861 45 21 
256 45 67 827 6110 4 10109 486 12 
215 648 219 36 407 3583 12 
20 124 34532 4 175 50692 1135 4 1200 12 741 12 215 591 192 21 
28 1135 4013 31 175 12 219 34542 109 38684 12 851 12 852 12 853 12 590 
306 3583 17 3992 21 397 6501 397 50692 397 12134 17 672 49 231 26742 12 7204 12 5149 231 12 
545 45 26742 12 7204 12 5149 229 107 108 306 11530 397 6464 45 251 28 3583 2659 109 
38684 58 70 715 143 7204 17 715 143 11264 6552 12 
49 1510 255 4 1200 12 204 12 9 12 45 28 175 50692 164 38792 4 
3083 12 851 12 4598 12 1309 17 231 26742 231 124 10997 109 397 6501 397 175 397 12134 397 26742 12 251 
81 4293 45 20 1465 34 28 2422 3894 50693 6215 45 17 
28 7437 164 369 50694 921 28 1021 12 72 38 861 
231 50695 12 240 231 4 28 5684 49 3521 45 34 150 204 28 972 30 347 
3803 30 45 540 1449 3894 50696 6215 12 4 34 279 45 
7 150 587 8100 21 4618 411 1362 12 
49 1510 4 8031 45 231 26742 231 35 77 36 125 50697 12 32616 12 774 12 5764 2 
397 6501 397 9353 397 50667 397 26742 397 26742 0 12 394 12 7204 12 7205 12 
215 144 219 5383 20 964 125 514 34288 347 514 7541 12 
20 112 4783 21 21778 12 4373 12 81 4322 28 235 969 12 
41 125 2 50671 302 32616 12 774 12 5764 215 11250 50672 219 
41 19356 2 21778 12 4373 
41 627 2 26742 0 12 394 470 50667 8876 1135 472 215 338 397 636 219 
41 632 2 448 3049 2149 1970 2 3884 2 135 4051 
41 626 143 619 2 
21778 215 125 8031 219 19356 164 2475 195 765 28 8031 17 21 
591 8025 4 411 8067 45 1141 50698 49 1485 12 
72 38 18093 4 509 28 5684 45 81 40076 2182 21 
231 40080 12 240 231 45 17 65 459 21 231 50699 12 240 231 347 231 50700 12 240 231 49 
7214 215 4054 219 9114 347 8694 9114 4078 12 
470 644 472 2076 
470 50682 472 215 1003 4 8069 219 35453 50675 158 231 70 1919 31 6580 
1918 408 3261 17 1453 231 158 3229 1086 2445 158 
287 644 143 50701 143 264 143 827 
470 50683 472 215 1003 4 8069 219 
35453 50675 158 231 6580 50702 3261 17 1453 1337 231 158 
3229 1086 2445 158 287 644 143 50701 143 142 143 0 
39573 45 2600 45 17 12850 1537 164 12063 12 46 38 12 
143 143 
11250 50672 
1237 1086 11978 45 11044 12 215 8043 8031 219 
408 341 1524 12 
1775 
8031 430 574 504 774 12 45 1598 12 1237 241 317 151 342 6834 
50666 50664 12 12 12 6834 1775 215 8077 1775 8077 219 
143 143 143 143 143 75 413 626 143 143 143 143 143 