Subject: 1 2 43630 818 421 109 549 11488 
6905 6749 48085 45 
47184 7149 4318 7150 4312 3186 358 143 6751 3173 47388 4318 7174 50143 50144 45 6789 
14922 3182 11387 50145 12 15364 7508 6932 7317 15356 3182 3186 45200 
7118 6934 7022 3173 4315 10612 50146 12 6751 15643 45 6780 3182 
48079 6768 7160 6919 11759 7517 3182 41782 45 11345 4312 3186 
358 11371 3173 4312 3186 6113 2141 12 
6810 
109 606 45 337 229 7284 45 8792 8793 101 2 
41 3187 6905 6749 45 
41 
41 33432 6934 3186 7102 4317 6921 7018 11844 4318 11845 3186 48253 45 15463 3185 3186 3187 
41 7317 3183 6927 4318 10576 6893 15570 6913 375 7018 10616 50147 3173 7317 33435 
41 6934 6766 7022 4317 50148 47346 3182 7467 6927 4318 6928 42387 12 15463 
41 15525 7317 7118 6934 6929 7022 3186 358 6789 14922 3182 11387 50149 4315 10612 
41 50146 12 6789 4315 42558 3182 3186 50150 158 6751 6755 45 6789 7018 6917 3182 
41 48079 4312 3182 41782 6934 14917 12 6789 16218 6751 15653 3182 4320 6873 
41 47452 45 11796 15804 6893 50151 4315 50152 3173 11188 12 
41 
41 3177 50153 7807 7445 6921 50154 6917 12 2 143 219 6760 50155 7317 50156 
41 11345 18224 4318 18225 6792 7069 45 10635 6871 7015 6913 6943 50157 47146 12 
41 