Subject: 11416 674 19652 7226 
7 925 38 777 9 990 3205 12 
5820 3079 4496 125 336 2 1529 640 21 618 2 1529 207 8397 773 92 
109 13927 1876 12 248 21901 674 14793 60799 
11416 13353 109 28 3519 74 11906 21 1051 12 60793 12 1217 17 985 21 28 674 2499 455 12 7952 28 2482 193 
869 3593 49 294 1209 150 204 20393 138 28 4365 5823 68 1209 124 60800 4 5574 45 6744 12 4322 499 28 363 3839 49 195 28 277 12 
60791 60792 
1051 12 60793 12 1217 
157 2 14796 143 4101 143 60794 
51 2 14796 143 4101 143 60795 
4656 2 14796 143 26053 143 60796 
11465 4118 60797 
653 639 
653 639 