Subject: 419 35 95 15 36233 4222 193 193 193 
52798 
2428 9 294 3314 3921 124 515 38 37729 347 21 52799 
15 115 3314 3921 23 9 6203 1543 677 45 419 35 95 193 
36233 4222 5419 150 440 205 68 2620 4 28 977 618 524 45 
85 2135 369 193 
52799 15 3314 306 434 17 1833 195 31 1510 52800 
1058 1059 52801 347 572 28 416 5634 49 34 9823 38 150 938 
3559 4428 12 12 12 
177 757 256 359 45 419 256 194 193 193 193 
837 72 38 8 205 4224 3192 1864 45 419 35 95 193 
941 3614 193 670 36233 39523 504 2216 28 
37020 819 49470 306 28 508 33600 4222 17 
28 38417 16911 193 
85 274 144 1614 21 2974 28 235 486 12 
161 124 359 50099 45 195 430 124 2575 1541 
15547 45 17 38 1906 77 23 1557 1254 1010 31 962 12 
504 124 1357 1370 28 1620 6538 445 12 
68 504 124 3260 17 298 12 
298 430 3214 486 2 
81 1981 
226 38 8 293 68 626 38 8 1553 1830 
21 208 31 670 2529 4 28 1335 347 15 16 58 205 
406 306 434 12 72 38 467 21 77 6617 81 149 21 2 
2723 2 52802 302 7618 12 1217 138 627 653 5247 
52803 0 21757 