Subject: 1 2 1436 2461 818 421 6602 
42 98 99 17 1760 2 
192 49 28 367 12 
194 45 81 51 14 15 2600 12 7 18 19 37 21 28 
412 12 
51 2 141 610 143 648 143 50425 143 50426 
192 45 15343 
470 546 626 74 98 99 472 
470 652 1770 143 1771 143 248 21150 45 8800 21 654 12 12 12 472 
41 42 43 12 20784 45 
41 
41 7 207 305 109 1842 31 315 12 1222 45 21 4577 38 8 102 28 358 74 
41 6535 6173 1101 4048 12 49 6602 12 
41 419 8 1404 2666 28 358 17 7 207 2888 670 2600 4 28 486 34 
41 38 1866 12 
41 419 8 65 869 591 532 2600 109 358 12 72 38 17 397 347 28 412 
41 467 45 419 35 13 38 28 358 306 28 2600 1553 74 51 347 74 417 12 
41 
15343 20784 15343 302 1662 12 3439 12 853 12 23 
1609 1086 245 1050 2 397 397 1051 12 1662 12 3439 12 853 12 23 397 763 15343 
49 1610 1611 
10482 827 1068 2 141 610 143 648 143 50425 143 50427 
9 143 10483 14229 45 10485 51 2 141 610 143 648 143 50425 143 50426 
653 653 653 653 653 653 653 653 653 653 653 653 653 653 653 653 653 653 653 653 653 653 653 653 653 653 653 653 653 653 653 653 653 653 653 653 653 653 653 653 653 653 653 653 653 653 653 653 653 653 653 653 653 653 653 653 653 653 653 653 653 653 653 653 653 653 653 653 653 653 653 4 68 818 6526 31 28 8861 419 1843 38 21 8862 2132 2405 
4 3498 12 
273 2 2377 302 2132 2405 12 5105 143 3498 12 1095 1050 2 397 397 1051 12 2132 2405 12 5105 143 3498 12 1095 
