Subject: 273 3836 124 13825 35056 193 
15 1166 347 8366 54717 21 36377 193 
653 653 653 653 653 653 653 653 653 41 1436 143 243 1971 3199 45 48659 
4 6261 273 3199 12 419 35 2867 15 1166 45 8366 
347 504 21 36377 31 255 1370 954 193 
1436 2529 28 235 1184 2 
653 653 41 352 36656 133 143 215 419 10442 9 2165 
110 31 765 1876 9881 2567 273 2588 
195 36189 219 12 
653 653 41 220 20 60718 150 204 2 
4303 741 1221 12 4114 19910 143 964 8673 45 215 48719 8009 219 45 
44127 60607 45 215 18 107 77 12637 3192 219 45 
44127 273 8673 17 638 9881 215 55661 219 
273 2588 359 3992 143 8032 12 
231 591 1166 255 164 5528 499 34 26 35 369 44126 4 
1438 34 26 4430 90 8 14591 4 28 1335 12 28 64 31 
50 36656 240 143 628 124 13825 2620 45 17 28 60719 124 772 
17 4553 12 231 143 391 328 
369 38 83 953 38 128 259 591 273 35151 12 12 12 
653 653 653 41 36656 273 3836 124 13825 35056 193 
653 653 653 653 653 653 653 653 653 653 653 653 653 653 653 653 653 653 653 653 653 653 653 653 653 653 653 653 653 653 653 653 653 653 653 653 653 653 653 653 653 653 653 653 653 653 653 653 653 653 653 653 653 653 653 653 653 653 653 21 73 670 243 1971 3199 1184 
347 72 38 8 184 4148 463 45 767 298 21 1324 
1436 150 204 6165 1617 2 215 45246 219 11424 143 39143 848 207 143 248 640 3787 12 
72 68 124 70 2670 49 38 45 81 767 298 21 5247 1897 
125 670 10099 306 28 3979 1905 12 
2723 2 30868 60720 302 7618 12 1217 