Subject: 4065 49196 193 
193 193 4065 6165 23 373 990 6230 9899 193 193 
2901 52654 53467 2 298 2977 109 4157 4 74 2955 639 12 
60643 45524 317 16317 2 128 848 3471 143 1535 3471 2354 1180 16317 1461 3391 648 12 
933 515 150 204 294 17 109 49196 193 
369 1461 3391 648 45 7284 128 848 3471 143 1535 3471 2354 443 990 52813 2568 12 
65 4322 499 670 294 52813 13744 2 
128 848 3471 143 1535 3471 2354 60644 60645 60646 1061 60647 57083 12 28 5112 45 546 
60645 60648 158 369 7952 15 60647 1427 1861 347 4 15 157 12 827 4601 60649 
60650 2 10072 60649 21 60651 4 68 12880 1351 3621 12 53214 317 46496 1156 12536 12 
11954 754 60652 3930 37478 1141 2 294 60653 2568 45 60654 60655 17 
60656 46496 12 
35114 1461 670 12440 31 411 12377 17 52813 3897 12 49 195 15 60643 317 52813 3801 
571 2964 1051 12 60657 12 1217 17582 4158 226 4284 12 
2901 52654 4065 52813 49196 193 193 
68 4065 14367 1844 19625 17 7267 23 70 53146 80 12 1844 2901 52654 53467 12 
10426 17 3549 45 26 7303 587 481 104 767 990 12 450 670 52760 45 39503 42837 
39294 397 6018 45 1061 60658 17 60659 53467 23 1051 12 60660 12 1217 12 73 74 
2955 639 902 17 419 7303 587 63 2977 17 2513 12 1051 12 60660 12 1217 12 
21 77 6617 125 68 110 81 650 5247 4 28 627 1479 17 60661 21 2377 302 60662 12 1217 