Subject: 53016 193 193 
8873 21666 16317 11044 12 
812 60624 48833 45 1194 1195 45 3815 58279 143 215 9916 219 26213 143 37030 
51 215 9916 219 26213 143 60625 240 143 628 2 60626 60627 302 5990 12 1217 
53016 
28 294 8360 10046 49 6363 124 369 1357 12 72 38 347 4091 38 83 124 60628 45 347 72 38 12736 7303 440 60628 251 187 274 435 21 93 6164 15 37793 2596 53016 124 28 270 12 274 208 53744 1838 70 4087 1397 38 2563 21 8 8360 6458 38 921 9 60629 60630 49 765 70 4087 12 53016 1375 38 8382 17 767 435 38 164 1254 120 12 73 369 86 47948 164 916 1893 12 28 80 124 392 2862 12 1529 49 9 19799 31 454 53218 12 1320 53744 124 1876 22106 12 1833 392 639 12 1529 190 17 2513 12 3828 2 68 10046 84 107 77 576 74 2622 564 53995 49 9 18512 4368 347 772 20513 17829 12 21 73 81 240 143 628 347 51 182 28 235 430 12 
105 1775 1775 1775 1775 1775 1775 1775 1775 1775 1775 1775 1775 1775 1775 1775 1775 1775 1775 1775 1775 1775 1775 1775 1775 1775 1775 1775 1775 1775 1775 1775 1775 1775 1775 1775 1775 1775 1775 1775 1775 1775 1775 1775 1775 1775 16 1775 1775 1775 1775 1775 1775 1775 1775 1775 1775 1775 1775 1775 1775 1775 1775 1775 1775 1775 1775 1775 1775 1775 1775 1775 1775 1775 1775 1775 1775 1775 1775 1775 1775 1775 1775 1775 1775 1775 1775 1775 1775 1775 1775 1775 1775 1775 1775 1775 1775 1775 1775 1775 1775 1775 1775 1775 1775 1775 1775 1775 1775 1775 1775 1775 1775 1775 1775 1775 1775 1775 1775 1775 1775 1775 1775 1775 1775 1775 1775 1775 1775 1775 1775 1775 1775 1775 1775 1775 1775 1775 1775 1775 1775 1775 1775 1775 1775 1775 1775 1775 1775 1775 1775 1775 1775 1775 1775 1775 1775 1775 1775 1775 1775 1775 1775 1775 
1058 1059 4118 1775 1775 1775 1775 1775 1775 1775 1775 1775 1775 1775 1775 1775 1775 1775 1775 1775 1775 1775 1775 1775 1775 1775 1775 1775 1775 1775 1775 1775 1775 1775 1775 1775 1775 1775 
39049 12 632 2 1775 1775 1775 1775 1775 1775 1775 1775 1775 1775 1775 1775 1775 1775 1775 1775 1775 1775 1775 1775 1775 1775 1775 1775 1775 1775 1775 1775 1775 1775 1775 1775 1775 1775 1775 
359 12 31 50477 1775 1775 1775 1775 1775 1775 1775 1775 441 1775 1775 1775 1775 1775 1775 1775 1775 1775 1775 1775 1775 1775 1775 1775 1775 7482 1775 1775 1775 1775 1775 1775 1775 1775 1775 1775 1775 1775 1775 1775 1775 1775 1775 1775 1775 1775 1775 1775 1775 1775 1775 1775 1775 1775 1775 1775 1775 1775 1775 1775 1775 1775 1775 1775 215 1403 72 34766 219 
195 4157 164 52922 434 3133 4634 1370 827 2660 31 581 31 15 73 486 12 5495 1357 445 109 53273 60631 164 257 1370 848 2660 121 2977 632 12 611 8818 1403 109 195 7212 12 9 611 8818 35 77 870 74 240 143 628 347 51 12 
52255 470 52255 60632 