Subject: 3397 143 110 2 9466 818 421 109 1312 143 3 
653 653 653 653 653 653 653 653 653 653 653 653 653 653 653 653 653 653 653 653 653 653 653 653 653 653 653 653 653 653 653 653 653 653 653 653 653 653 653 653 653 653 653 653 653 653 653 653 653 653 653 653 653 653 653 653 653 653 653 653 653 653 653 653 653 653 653 653 653 1329 3 1181 
818 421 109 
1312 143 3 
1219 12 1574 143 1575 45 241 12 37905 17 321 12 1560 45 3342 6212 
1324 49 451 
1332 17 1086 1148 
28 46385 31 1708 4 1329 3 215 935 219 17 28 2165 
1543 4 573 1365 215 4231 219 8 7548 9 87 49 1337 17 1366 
34 3612 28 572 31 935 74 4346 1369 215 240 12 913 12 45 21 1410 9695 
1708 49 1402 1166 1440 219 12 222 1366 18 3612 
28 1340 31 935 125 1086 3683 921 1347 12 
14219 294 1708 215 347 6843 7713 219 58 19886 48 31 28 
1086 31 28 1335 1336 306 2348 2487 12 6477 8944 
3361 9986 2119 1708 45 534 45 48 7918 21 77 4705 
67 515 1375 9 2259 1400 548 505 215 347 107 219 4 9 
2259 
4342 12 161 124 9 87 21 13369 347 11403 222 1312 143 1162 45 17 
481 7572 572 31 20 12 
313 28 6196 1312 143 3 58 205 50193 218 2224 74 
218 775 45 49 28 2918 31 68 818 421 45 
1312 143 3 
124 3579 130 184 10851 21 2188 125 28 3 368 1948 12 28 
2195 124 21 1929 2473 3 1948 35 2111 1913 17 397 347 
12682 45 564 921 61 28 4342 347 1382 1389 244 12 
451 164 9078 109 28 235 2906 2 
143 2167 1312 143 3 
12 1326 31 935 397 4231 1708 125 9 78 432 
12 1326 31 9318 6843 31 9 2259 935 397 4231 
1400 
12 1326 31 1405 143 397 417 143 574 1950 49 9 78 432 31 935 397 4231 
1708 
12 1913 397 12682 1372 31 935 397 4231 1708 215 240 12 913 12 45 
2190 31 10245 219 
12 1913 397 12682 1453 31 2100 408 125 456 3510 
215 240 12 913 12 45 
1372 31 1405 143 574 1950 17 4231 3052 219 
12 5788 19413 31 2272 
143 2140 31 1312 143 3 
12 1172 17 4280 31 1312 143 36364 45 1141 1711 143 
3561 215 7 12 240 12 45 6189 17189 4329 219 
12 2013 3361 31 1708 150 7895 215 1141 3361 
4212 109 2259 2179 31 1708 219 17 769 4336 
109 1312 143 3 
12 8944 3361 31 1708 150 7895 215 1141 3361 
4212 109 2259 2179 31 1708 219 17 769 
466 21 1312 143 3 
12 1362 49 4641 306 532 13869 31 1312 143 573 215 1141 
2576 1361 1168 17 1438 21 1425 1312 143 573 
928 875 219 17 769 9591 49 1312 143 3 
143 1148 306 1312 143 573 
12 9580 4342 397 1382 10859 17 769 3256 21 
3 7895 
12 2013 17 397 347 8944 3361 10655 109 4342 397 1382 
10859 34 164 1277 17 107 21 28 1312 143 3 
368 
1550 430 2 
2953 84 77 1901 49 617 648 397 144 641 336 4 358 45 306 449 
6259 
6319 12 451 84 77 23 508 639 45 1857 4778 4 447 45 306 
1446 143 
455 4167 7298 49 1862 4778 12 
1832 6150 164 23 2 
419 8721 672 34 195 764 77 869 3991 45 130 9 
1552 
347 6394 2859 21 2 50194 302 303 12 1217 12 
226 68 124 9 818 421 45 81 77 474 65 21 2 
143 1412 2228 45 4 28 6290 31 15 273 45 34 15 1550 124 49 
68 818 421 109 1312 143 3 12 
143 635 15 1550 21 2 1626 302 50195 12 1630 45 49 1874 143 9722 12 
72 38 62 1549 15 358 3991 45 81 13 3968 215 729 219 
2357 31 28 2975 21 290 23 28 16 9772 4 28 
4441 45 17 208 215 648 219 4703 21 2 
1545 1574 143 1575 
50195 1100 5876 
9408 12 1095 5392 50196 45 333 143 952 
1630 143 3920 6344 636 
1632 
1068 2 141 843 143 608 143 50197 
51 2 141 843 143 608 143 50198 
240 143 628 2 1626 302 50195 12 1630 
77 474 15 216 849 1412 38872 15 1550 130 528 
869 
21 28 818 421 109 1312 143 3 12 
195 5417 173 68 818 421 84 77 9395 21 1545 
1574 143 1575 215 1626 302 50195 12 1630 219 12 
28 1550 488 124 1886 617 45 2414 12 
764 1906 107 8 6144 4 45 7712 77 1389 5501 74 45 
411 2118 12 
6602 368 
28 764 18 36316 28 771 6602 368 12 
143 143 143 143 143 143 143 143 143 143 143 143 143 143 143 143 143 143 143 
3397 1132 110 
