Subject: 36 15 54755 23 1894 80 347 982 
3359 445 2432 49 28 1620 1621 2 
72 38 164 1891 4 8379 15 61034 54755 45 20511 347 55752 23 648 397 827 2287 21 1894 
31 772 2464 6237 45 13 434 9 51 23 61035 30650 12 4711 12 454 
80 2230 164 61036 45 61037 317 41733 45 61038 179 4 5686 23 445 648 12 1082 
2606 639 27467 17719 143 445 1058 12143 378 215 359 3230 219 45 947 4 827 21 644 2660 45 5899 
875 17 195 413 4 443 6237 193 274 2937 107 445 67 15 2745 4149 251 65 109 
51049 52963 193 
72 28 61039 124 19326 51 434 23 1529 337 639 61040 45 1529 46018 1257 61041 347 1529 648 51211 
1020 61042 49 1446 430 12 
96 17 192 45 
3060 