Subject: 1 2 4649 6 4 3085 
7 18 12 46 38 49 296 14 12 
97 45 50073 
109 332 45 454 846 7284 135 2 338 2 848 141 1017 
2409 12 3081 302 7249 12 1217 101 2 
41 42 50073 
41 
41 192 49 15 849 12 
41 
41 49 460 6311 45 90 7 672 38 21 16 195 1041 21 
41 98 445 17 214 124 28 66 160 49 68 2141 12 
41 
41 96 97 45 
41 2409 12 
41 
41 315 12 2409 3081 
41 15225 2469 
41 6626 11909 12 
41 
41 
41 
41 
41 50073 1600 
41 50074 21 2 613 302 27252 12 320 12 350 45 
41 
635 2 231 13877 1193 12 50077 231 
41 102 74 2 
41 50073 12 50084 627 2 4649 6 4 3085 
41 302 303 12 304 
41 
41 
41 454 397 1255 397 338 336 2 623 
41 81 3820 21 
41 50073 1600 
41 50074 
41 
41 
41 
41 
41 
41 
41 42 43 99 17 43 3081 45 
41 
41 81 82 14 4018 1904 130 28 276 258 
41 1166 17 3085 31 290 291 292 45 
41 200 4 346 45 28 351 12 
41 
41 130 3327 58 307 38 45 7 8 1838 765 28 
41 10108 49 15 414 1076 32 2141 12 
41 
41 7 187 77 47 5693 72 38 90 1983 14 31 9 
41 13000 1550 632 31 15 2975 12 4 2001 45 
41 81 82 14 83 2428 38 8 184 463 347 
41 3606 173 28 4442 31 28 1556 1027 39 
41 2975 12 
41 
41 4 279 38 164 107 474 2428 28 1519 31 28 32 
41 124 3812 45 7 152 21 13 9 4218 2898 21 434 12 419 
41 18 4322 20 17 1983 38 31 184 4347 72 829 12 
41 1423 419 35 2424 38 31 50081 17 539 538 
41 23 70 2532 4098 12 
41 
41 81 767 298 21 66 14 179 7 35 77 31 184 
41 5926 12 
41 
41 7 207 148 19 21 15 149 12 
41 
41 331 97 45 
41 50073 
41 143 143 143 143 143 143 143 143 143 143 143 143 143 143 143 143 143 143 143 143 143 143 
41 290 291 292 
41 53 12 50073 1600 50074 
41 276 258 
41 1166 17 3085 
41 
41 352 139 2 141 337 215 0 219 353 7853 143 50082 
41 352 51 2 141 337 215 0 219 353 7853 143 50083 
41 
41 16378 16 2 
41 348 390 
41 321 12 322 12 323 343 
41 344 345 346 
41 28 351 
41 1050 2 397 397 1051 12 303 12 304 
41 
41 
41 
41 
41 
41 
41 
143 143 143 143 143 143 143 143 143 143 143 143 143 143 143 143 143 143 143 143 143 143 
290 291 292 
53 12 50073 1600 50074 
276 258 
1166 17 3085 
352 139 2 141 337 215 0 219 353 7853 143 50082 
352 51 2 141 337 215 0 219 353 7853 143 50083 
16378 16 2 
348 390 
321 12 322 12 323 343 
344 345 346 
28 351 
1050 2 397 397 1051 12 303 12 304 