Subject: 1310 2405 397 3397 4232 2 756 317 7807 
5122 2289 45 
9092 734 909 21 1778 746 9093 897 12 
1301 
824 824 824 824 824 824 824 824 824 824 824 824 824 824 824 824 824 824 824 824 824 824 824 824 824 824 824 824 
4 28 760 31 28 1310 143 2405 419 164 2390 9 2147 1310 2405 397 3397 
936 2 
361 2 231 1329 3 4 28 294 430 962 231 
2582 2 98 9094 45 4485 2543 45 17 1604 1600 1605 
1051 455 2 1050 2 397 397 1051 12 1052 12 1053 12 350 397 763 9094 397 9095 12 1056 
215 450 1905 49 9 549 30 31 28 1324 49 451 219 
648 12 
187 38 435 21 9096 434 4 28 367 31 28 215 2483 219 9097 12 
4 279 38 3357 670 594 45 187 38 435 21 1022 15 105 4 28 
6826 1083 31 
28 936 138 21 77 65 413 130 231 28 936 150 204 755 317 839 
756 231 4 28 1314 317 
401 12 
144 12 653 639 
90 38 81 1983 255 540 4 15 6351 90 2897 21 
68 936 12 
28 110 31 255 34 18 9098 68 594 164 2 
9099 9100 215 304 219 
9101 9102 215 167 219 
98 9103 215 350 219 
9104 143 4620 9105 215 5541 219 
9106 3467 215 1095 219 
98 99 215 350 219 
2081 2071 215 20 219 
6153 9107 215 20 219 
1032 38 4 269 49 15 774 143 7554 
98 9094 
4485 2543 
1604 1600 1605 
3054 12 419 164 985 21 1878 9 150 367 486 150 21 9096 15 548 12 
824 824 824 824 824 824 824 824 824 
824 824 824 824 824 824 824 824 824 824 1324 49 451 
824 824 824 824 824 824 824 824 824 824 1329 3 4 28 294 430 962 215 9095 219 
824 824 824 824 824 824 824 824 824 824 1310 143 2405 397 3397 936 653 639 
824 824 824 824 824 824 824 824 824 824 7370 45 9048 215 2509 219 45 229 454 45 2405 
824 824 824 824 824 824 824 824 824 
2582 
98 9094 470 648 45 144 472 45 4485 2543 470 648 45 827 472 45 17 1604 1600 1605 470 644 472 
470 648 472 245 31 1225 340 45 2140 49 1086 17 341 653 3946 
9108 215 1053 219 45 653 639 
350 143 9109 1067 45 1013 45 268 45 9094 302 1052 12 1053 12 350 
470 144 472 3274 12 31 1225 340 45 176 31 1013 45 350 143 9110 847 1067 45 
1013 45 268 
470 827 472 3274 12 31 4099 1238 17 1153 45 1333 176 31 
1013 45 
350 143 3676 1529 1884 45 268 45 2546 302 7246 12 3003 12 350 
470 644 472 3274 12 31 1801 2045 316 215 1789 219 45 653 639 
1803 1804 1606 45 28 351 45 1604 302 1789 12 1790 12 1791 12 304 
1434 
1971 9111 9112 2932 9113 433 31 2475 
430 4427 12 
1369 4 68 9114 1207 9115 21 1947 28 9116 17 
6238 8849 45 653 639 
574 45 17 1379 21 430 45 1366 45 17 255 12 4 68 
9114 45 28 1170 18 8 653 639 
1379 21 9 1478 6224 31 3831 430 4373 17 1184 12 
2184 18 77 1170 45 1382 45 
17 600 9117 45 306 9118 143 2390 430 2273 9119 
9120 21 2564 9121 653 639 
571 12 2231 2232 18 9122 45 8796 45 1424 45 9123 45 9124 45 
9125 45 9126 45 9127 45 17 653 639 
9128 430 49 9 1855 31 9121 571 12 653 639 
28 341 31 1087 1088 17 1162 1153 8 869 
7898 428 4 653 639 
9129 1388 1126 1127 49 574 762 433 31 
430 2475 1495 653 639 
9130 17 1132 143 759 9131 12 1329 3 124 9 
1388 143 341 45 540 84 653 639 
9132 21 68 294 430 962 49 1950 34 6224 125 430 
9133 45 2527 45 653 639 
2231 2232 45 17 2057 130 26 4702 21 2692 762 45 
1087 1135 17 9130 653 639 
1162 9134 12 
1527 31 1543 
1120 31 28 936 124 21 1437 935 2483 4 28 760 31 45 17 
2621 306 653 639 
294 430 962 1950 222 130 215 393 143 9135 110 219 2 
143 573 1365 125 9136 17 2475 430 2273 
143 9137 1329 3 317 573 1365 215 9138 45 9139 45 5161 219 
143 1329 3 317 430 1149 
143 430 317 1162 2028 
143 8969 17 1711 143 9140 
143 7625 430 397 649 2531 17 1162 9141 
143 1051 649 8117 17 1170 9142 45 4656 2232 
143 9130 430 9143 
1550 31 451 
653 827 151 41 4786 31 451 215 2697 219 2 
143 1036 451 
143 451 3197 2709 17 397 347 2178 1148 
143 2439 451 
653 827 151 41 2861 2 752 451 84 107 9144 618 449 306 9 3272 361 
455 45 540 1906 2586 653 639 
28 361 31 28 358 45 28 2587 17 9084 31 195 412 45 9 110 
31 8816 45 70 2080 31 653 639 
446 438 4778 12 28 1446 16 31 28 429 365 215 347 28 66 
160 219 45 1141 139 45 653 639 
51 17 240 143 628 45 1906 77 78 12 
653 827 151 41 1519 2 618 3424 49 6290 143 549 12 1874 143 6292 12 6293 143 8147 397 4242 2 648 150 150 143 
2893 397 1457 2 648 45 646 150 150 12 653 639 
9145 53 2744 6215 347 45 1552 306 359 455 143 140 215 9146 317 
9147 219 9148 12 
653 827 151 41 1158 1550 2 195 451 84 77 752 4 769 
1158 30 215 9 9085 2968 653 639 
575 1141 208 2939 49 28 358 17 208 2939 49 28 361 455 219 45 
2915 21 70 273 17 13 653 639 
21 9094 302 1052 12 1053 12 350 
2340 1915 
143 358 1550 488 215 21 9094 302 1052 12 1053 12 350 219 952 1551 2405 
143 451 21 412 306 375 2600 1254 134 2405 
143 838 1556 1027 215 21 9094 302 1052 12 1053 12 350 219 729 229 2405 
143 936 
454 229 2405 653 639 
840 430 
315 12 98 9094 
1068 2 141 454 1069 9149 
51 2 141 454 1069 9150 
273 2 9094 302 1052 12 1053 12 350 
3133 16 2 245 31 1225 340 45 1053 45 321 12 322 12 323 9151 45 350 143 9152 
848 1067 45 268 12 
1310 143 2405 430 
430 67 1310 143 2405 6463 2008 125 2 
653 827 151 41 2959 2552 1095 2507 397 9046 8185 215 1310 143 2405 219 653 639 
7364 143 2508 1610 1611 1086 245 653 639 
7367 9088 653 639 
240 143 7371 7372 45 9048 215 2509 219 653 639 
240 143 628 2 1310 2405 302 7364 12 2508 12 5363 653 639 
1051 2 1051 12 7364 12 2508 12 5363 397 1310 2405 
51 2 141 1795 1819 1859 9089 
824 824 824 824 824 824 824 824 824 824 824 824 824 824 824 824 824 824 824 824 824 824 824 824 824 824 824 824 824 824 824 824 824 824 824 824 824 824 824 824 824 824 75 
1775 1775 1775 1775 1775 1775 1775 1775 1775 1775 1775 1775 1775 1775 1775 1775 1775 1775 1775 1775 1775 1775 1775 1775 1775 1775 1775 1775 1775 1775 
98 9094 
1234 
1052 143 1053 
321 12 322 12 323 9151 45 1067 45 1013 
268 
1068 2 141 454 1069 9149 
51 2 141 454 1069 9150 
273 2 9094 302 1052 12 1053 12 350 