Subject: 3696 8075 144 11904 839 2628 
3696 8075 144 11904 839 2628 
7707 8075 144 5035 10099 30 448 12 648 
259 48 58 6519 226 670 977 2628 45 7 8898 83 177 21 1014 12 7 
2892 28 12672 17 508 11003 514 124 28 294 7925 31 8075 144 5035 10099 30 448 12 648 74 28 75 31 1038 335 12 68 124 9 51017 
7217 17 591 538 8 205 869 34 7 83 38 8 195 205 5830 
49 45 17 34 7 150 282 474 18 12122 12 5678 107 28 1557 31 540 124 670 
9483 31 28 6591 10260 45 540 58 205 870 120 17 120 143 
505 45 502 514 193 20 150 204 499 31 36159 17 413 4 670 294 448 12 648 30 193 161 124 
9 1895 2227 31 28 294 9903 413 4 448 12 648 45 17 21 2666 964 51018 28 
294 9903 45 2858 1324 964 28 8075 144 30 448 12 648 12208 4152 2298 455 12 
81 817 2 
81 220 107 1 143 4292 109 28 2298 2404 21 128 15 2684 1237 45 68 
18 445 3792 3385 3192 72 419 8 21 9699 1461 195 28 2587 51019 
314 406 1319 45 17 130 1394 6520 45 28 12583 51020 
9444 74 670 50780 930 12 419 12813 9 8056 3793 21 68 5883 45 
259 74 8035 3385 51021 45 28 1237 18 947 959 3573 12 
13 273 21 8075 144 51022 302 3815 12 3696 12 1217 21 3214 15 7217 12 
46 38 49 15 5926 4 68 1384 12 
294 8366 2474 
28 8075 144 11904 839 124 8785 21 377 28 235 3867 540 18 
77 3560 921 28 51023 31 1237 1383 1357 21 11905 
49 28 1471 572 31 1958 17 397 347 1086 2870 12 419 925 21 8 37 
4 198 74 28 75 31 1839 335 12 347 38 35 13 273 21 
8075 144 51022 302 3815 12 3696 12 1217 12 
2608 10101 
2692 17 568 9 608 3083 8861 573 10101 124 9 1711 143 3040 368 45 17 
2608 10101 35000 1320 31 28 3052 539 49 28 508 2100 1166 
3261 12 28 294 30 31 2608 10101 2971 38 306 51024 
1949 2161 2585 1036 573 17 15 10101 45 21 
1447 17 1153 45 21 38534 430 765 28 1971 347 15 
10657 12 
2188 959 67 2608 10101 2 
1050 2 397 397 1051 12 1237 12 3696 12 1217 397 573 397 22156 397 
7336 51025 306 8075 144 51026 
3696 1122 306 51027 45 9 4213 42891 31 7336 10099 384 45 
7548 28 8075 144 7336 51028 12 6163 411 7336 384 45 68 208 
545 40450 28 10099 11011 12 306 51026 144 12 648 12 648 45 68 51028 21041 
294 573 4786 21 15 10099 21 4268 28 7336 573 2 3508 45 1000 45 17 
51029 45 49 3521 12 65 4077 164 15031 21 232 28 573 2 2088 45 
51030 45 51031 45 1370 45 17 591 757 12 161 124 65 9 10951 
1151 2398 34 13886 68 573 21 77 34521 3573 12 
2188 959 67 7336 51025 17 573 51032 2 
8075 144 232 51033 49 8825 45 3337 17 8694 5151 
38 35 572 8075 144 232 51033 21 1211 232 17 5036 1153 49 
1475 1947 384 1126 28 2487 31 10407 10096 573 
11026 12 130 70 1036 45 20 12860 37624 5417 125 9 1203 45 10509 
37 17 111 1494 51034 45 7721 45 17 40064 28 7694 
1495 218 3556 109 28 8075 144 9130 143 3044 437 40080 12 
8075 144 232 51033 65 1128 28 22869 306 1832 10655 109 408 
34819 17 10099 1379 12 
164 38 1449 5830 49 15 1237 575 21 947 138 
72 38 8 406 21 28 8075 144 11904 839 45 765 648 76 2663 45 17 8 
107 779 293 15 575 31 8075 144 1237 45 81 82 434 83 74 50 
273 21 8075 144 51022 302 3815 12 3696 12 1217 12 
1427 1512 3471 141 31 670 19975 947 1370 28 644 1867 92 5050 45 1319 41764 1427 45 
137 21 51035 7652 45 19975 220 107 481 20 109 92 12 81 82 434 83 72 
38 164 4 68 600 259 419 35 6482 964 109 28 575 540 112 102 12 
673 45 7 8 132 1237 143 369 515 138 
9 6141 67 4148 4427 
1958 2458 
1958 2458 35716 109 8075 144 17792 45 8075 144 7759 17 8075 144 
1036 1136 45 81 450 2 
422 109 8075 144 
9 9824 39 49 17367 17 38441 109 4148 1322 31 422 
109 8075 144 5035 10099 1141 2 
653 167 248 8075 144 5035 10099 8059 1460 
653 167 248 9 2974 1460 21 8075 144 5035 10099 
653 167 248 12511 1897 8075 144 5035 10099 4 608 2660 
81 450 2 1050 2 397 397 1051 12 1237 12 3696 12 1217 397 573 397 51036 
38441 
49 430 109 2473 21 85 13350 31 9 1764 3471 4162 109 3309 9 
12188 8075 144 9613 17 397 347 9 12188 8075 144 1036 13793 45 
81 450 2 
1333 1947 
21 128 1333 1947 49 1237 38 8 314 293 1461 68 
839 45 81 450 2 
347 13 273 21 8075 144 51022 302 3815 12 3696 12 1217 
419 150 151 435 15 5089 193 
72 38 164 8161 21 85 28 92 21 270 9 2351 4553 463 45 51037 93 94 15 5089 109 2473 3385 164 985 306 8075 144 12 648 12 164 38 568 8075 144 5035 10099 49 2 
1775 1775 1775 1958 2870 4 9 203 
1775 1775 1775 1086 2870 
1775 1775 1775 2901 2870 
1775 1775 1775 5419 150 440 777 9 5491 21 6539 8075 144 779 215 72 107 12 12 12 179 220 38 1916 
21 138 219 
411 1775 1775 1775 1775 1775 1775 1775 1775 1775 1775 1775 1775 1775 1775 1775 1775 1775 1775 1775 1775 1775 1775 1775 1775 1775 1775 1775 1775 1775 1775 1775 1775 1775 1775 1775 1775 1775 1775 1775 1775 1775 1775 1775 1775 
144 12 106 38 1207 1333 1947 23 195 306 15 8075 144 1237 138 1775 1775 1775 194 45 1616 28 40080 317 4143 8959 4098 
1775 1775 1775 194 45 121 28 40080 17 8959 112 1960 
1775 1775 1775 359 12 
827 12 72 38 1403 1333 1947 45 112 15 1021 48558 21 15 
13813 138 
1775 1775 1775 194 
1775 1775 1775 359 
824 824 72 38 1449 1207 5926 45 81 572 28 1158 1947 
1357 21 38 130 2214 23 2 
347 13 273 21 8075 144 51022 302 3815 12 3696 12 1217 
644 12 8 38 1838 13350 31 184 411 2696 31 28 8075 144 11904 839 138 
1775 1775 1775 1958 1979 138 
1775 1775 1775 9824 8075 144 32 138 
1775 1775 1775 38441 109 4148 1322 31 8075 144 32 138 
729 12 220 38 8 184 597 2600 109 8075 144 17 397 347 28 8075 144 11904 839 138 
448 12 229 419 8 670 6826 8447 3390 66 38 21 2223 51038 4 28 839 138 
419 187 435 21 83 12 12 12 
2473 164 38 3373 8075 144 5035 10099 21 12171 572 138 
369 34 28 11904 839 58 205 4 533 49 765 9 1209 45 17 591 
31 38 8 777 28 5491 21 40076 17 51039 8075 144 4 15 1086 17 
1958 1959 45 7 187 435 21 1324 109 38 21 1844 91 2600 49190 15 
1496 568 8075 144 109 9 517 21 517 6280 12 
164 38 568 8075 144 5035 10099 4 411 1438 1032 1510 9694 51040 
546 387 138 
164 38 5528 1438 21 37475 8075 144 4 3614 31 294 1086 1959 138 
347 164 38 10900 28 572 31 8075 144 21 51041 1837 138 
81 85 28 92 17 3047 434 67 20 23 8075 144 51022 302 3815 12 3696 12 1217 
653 