Subject: 1 2 17827 143 17828 2975 4118 50548 49 367 
41 42 315 12 11114 45 
41 
41 7 8 777 9 4553 933 23 28 358 34 38 102 14 12 
41 20 217 477 530 17 7 2937 7 18 77 159 21 367 20 12 
192 49 15 4759 12 7 18 19 15 105 17 66 
277 21 28 5565 1225 1816 259 34 26 35 66 38 12 
97 45 
11113 11114 
41 132 2974 133 16 124 2 
41 98 99 
41 245 31 316 17 318 
41 319 231 320 231 
41 3657 12 326 45 327 45 
41 267 45 
41 268 
41 
41 1068 2 141 454 143 648 143 1233 
41 51 2 141 454 143 648 143 1242 
41 
41 97 45 
41 
41 98 99 
41 