Subject: 1 2 858 
98 45 
673 45 7 207 49968 369 12 7 4140 28 1186 985 21 218 39 
9899 12 7 6741 21 28 9289 208 45 34 777 392 43577 49 28 834 80 45 306 
28 40816 12 55 10266 150 440 2892 34 28 411 198 777 107 205 
1954 12 259 55 52 28 411 4367 39 198 45 17 221 9 1954 80 
1812 12 259 111 7 49969 161 306 28 40816 45 251 31 203 45 179 7 
221 161 45 26 2143 14 779 212 80 45 392 448 9 4152 45 540 124 48 48 
959 5488 12 7 12795 9 657 86 26 777 78 14 259 591 218 
6237 45 251 21 359 41435 45 259 7 2209 2893 12 23 68 776 20 112 531 554 21 
611 21 28 546 198 306 28 40816 12 259 7 150 587 85 37 4 
3193 12 
274 4428 21 82 38 83 12 
49857 