Subject: 
10 
45 46 23149 1080 219 219 
40 46 23150 51 23151 24 53 
61 46 264 19 1172 6926 3377 1755 46 448 46 5671 389 
54 46 2451 23152 219 
103 3876 102 102 3 139 1565 103 96 102 22 3876 3 720 922 139 1565 103 96 219 
268 268 268 192 157 45 23149 1080 219 219 219 
217 1861 15 1077 10394 22 1856 2812 219 217 
295 46 187 187 267 24 23151 24 53 
1277 71 15 9803 14 17 1685 85 313 413 146 23 23153 3319 230 249 
1920 364 24 1982 
56 18448 9399 1402 3825 259 60 
936 80 3600 5793 23153 3319 2244 55 23154 10394 1182 19 20208 20 445 230 313 219 
1296 45 2743 14 23153 3319 71 1739 1626 6488 87 
7 7 192 1865 869 868 219 
295 46 187 187 267 24 23151 24 53 
1499 40 414 928 127 12 766 3876 102 102 219 219 568 1715 2 96 1463 7 7 7 7 7 7 7 7 7 7 7 7 4963 
1192 1192 1233 460 1192 1192 7 7 7 7 192 23155 2 96 219 1276 4446 23153 3319 219 
141 80 568 2551 219 
1771 630 354 522 723 219 7 7 7 7 192 295 46 187 187 23151 24 53 
433 23041 3546 239 
590 500 80 313 229 230 239 
234 1794 17 20603 20 234 40 522 10394 12752 219 
221 313 312 12 1296 15 183 313 643 19 1863 928 15 3405 19 20 313 2 37 221 545 219 390 151 11179 3546 40 2498 45 24 3338 219 390 518 151 869 1332 230 17 2181 219 
350 902 40 9437 40 522 183 9538 219 
1499 350 902 7 7 7 7 192 295 46 187 187 267 24 23151 24 53 
4458 51 23151 24 53 
23156 2451 56 768 60 3377 19 12 22 6116 14 15 23157 1827 56 768 60 3377 24 