Subject: 37 46 12 129 432 405 40 1905 1207 38 327 
1427 1755 46 1561 337 187 1755 187 59 7 2028 19 2940 2941 7 2942 883 22 211 102 336 1436 46 
192 12 470 1299 55 22 288 1208 2943 239 390 569 151 409 412 
192 40 2944 24 
192 2940 24 
2940 19 
84 139 2643 71 22 2945 6 1188 1584 690 1886 55 1739 1188 
1216 2461 2342 19 22 197 2946 14 2947 432 642 789 
643 230 2111 1183 40 1207 24 
139 313 151 409 412 40 2944 19 139 2948 141 2 1278 35 589 1871 40 151 25 
440 5 441 
1393 1456 1457 7 1458 1393 
1393 286 46 1456 51 1459 24 53 1393 
1393 288 1162 1460 847 848 1216 1393 
1393 295 46 187 187 267 24 1459 24 53 187 1461 1393 
1393 505 71 147 230 15 157 1462 1393 
1393 295 46 187 187 1461 24 1459 24 53 1393 
40 285 19 146 286 40 287 51 288 24 264 24 53 20 289 71 15 290 
14 15 6 217 291 197 7 292 217 24 
293 46 295 46 187 187 293 24 288 24 264 24 53 187 293 187 197 7 292 24 298 
294 46 295 46 187 187 288 24 264 24 53 187 320 187 197 187 321 7 294 24 298 
287 260 46 295 46 187 187 267 24 296 24 53 187 297 187 166 187 166 24 298 