Subject: 494 14548 497 3859 
139 151 445 22 2037 18 230 946 40 15 885 24 
1234 133 91 24 
211 211 211 211 211 211 211 211 211 211 211 211 211 211 211 211 211 211 211 211 211 211 211 211 211 211 211 211 211 211 211 211 211 211 211 211 211 211 211 211 211 211 211 211 211 211 211 211 211 211 211 211 211 211 211 211 211 211 211 211 211 211 211 211 211 211 211 15203 15204 1149 46 273 7462 344 5918 2212 380 
25 3531 280 46 273 7462 344 5918 2212 2280 
9426 3029 7045 56 15205 60 102 7 18 46 15203 24 15204 51 15205 24 9423 
7 7 7 7 7 7 7 7 7 7 7 7 7 7 7 7 7 7 7 7 7 7 7 7 7 7 5085 9998 7 7 7 7 7 7 7 7 7 7 7 7 7 7 7 7 7 7 7 7 7 7 7 7 7 268 7 268 192 
353 344 7 380 7 15040 7 165 7 7 313 1950 2 3 140 17 15091 219 
230 630 2224 19 350 902 46 
40 132 22 6 19 146 25 40 46 14548 51 5085 24 53 
40 285 19 146 22 3410 6 40 46 14548 7 285 51 5085 24 53 