Subject: 494 14548 497 7604 217 1824 345 217 1295 1183 
139 151 7604 15 217 1824 345 217 1295 1183 91 130 55 15 5085 43 723 19 
1594 15 2029 415 416 5899 25 130 184 2505 22 469 14548 1716 24 
139 440 40 35 9740 22 3225 11081 71 15 2647 3655 24 
2719 
610 71 9104 184 24 15067 
15 203 12455 12 1260 249 230 15 135 87 6774 40 
237 
25 12 6582 20 569 4960 3980 20 87 3979 
2240 24 432 2186 19 15068 19 6101 87 458 
400 14 19 87 3515 14 432 1352 71 4003 309 19 5 203 28 
6143 87 6775 458 631 15 1260 1128 12 14806 24 
31 313 1615 5 71 236 19 259 1221 15 2310 
20 4 15 2240 45 432 269 24 
7 7 7 7 7 7 7 7 7 7 7 7 7 7 7 7 7 7 7 7 7 7 7 7 7 7 5085 9998 7 7 7 7 7 7 7 7 7 7 7 7 7 7 7 7 7 7 7 7 7 7 7 7 7 268 7 268 192 
17 5256 618 1950 2 3 625 500 313 312 24 354 559 141 2 1278 625 240 24 
15 294 19 15050 833 15051 14 1191 354 3539 80 
15052 24 15 249 1528 12 80 313 1546 230 91 1323 14 4986 239 
40 132 22 6 19 146 25 40 46 14548 51 5085 24 53 
40 285 19 146 22 3410 6 40 46 14548 7 285 51 5085 24 53 