Subject: 917 230 22 498 85 1387 2030 239 
1779 14 15 2395 2687 2395 2687 2395 4319 239 313 625 46 
505 2395 2411 108 2991 230 1176 612 230 2395 1037 19 112 1615 22 2395 1413 4639 71 2473 219 
12 1299 230 22 217 3366 217 551 21114 20 21115 239 
80 313 3794 14 1997 55 22 2896 38 551 1856 2473 20 551 1322 2411 38 184 4803 8177 20 477 2907 3655 239 
31 313 2 37 15274 40 16916 71 15 2126 349 7 63 1037 38 1066 88 40 151 23 4626 4840 20 13324 19 20 80 21 1270 40 505 230 25 19 139 413 260 313 24 
139 244 917 230 1050 38 22 1210 505 16806 20 21119 5967 40 8731 354 559 1920 345 19 2742 108 3175 1299 45 85 219 
184 2443 1201 87 2152 1274 24 390 34 1863 313 221 15 5277 20 4803 379 313 34 433 40 2692 17 3400 219 
5 3065 85 7 1387 88 943 413 168 313 149 71 1612 14 17 333 19 17 14997 19 20 17 3158 219 
31 313 2 254 255 458 1191 71 15 1908 91 151 10966 40 3683 593 40 1120 6392 19 5 12 1626 631 1614 612 313 2 254 2201 219 
5 12 21 22 234 7 5242 7 1822 5809 219 
17 4626 1908 241 21 151 40 35 17 4626 3655 219 
383 249 31 313 80 1500 219 
344 7 380 7 20567 7 23963 56 1468 19 2308 8138 19 349 8747 13248 6 60 
1 2 3 1463 40 5930 908 11429 40 5 219 
217 221 522 12790 413 592 425 7 31 390 151 15 21123 40 5152 206 217 7 21124 21125 
40 35 7604 45 3655 8719 19 146 585 286 40 46 1505 479 682 479 1794 479 17 479 885 2212 51 314 24 53 20 369 217 4458 217 71 15 54 878 24 
1779 14 15 2395 2687 2395 2687 2395 4319 239 313 625 46 
505 2395 2411 108 2991 230 1176 612 230 2395 1037 19 112 1615 22 2395 1413 4639 71 2473 219 