Subject: 37 46 37 46 494 14548 497 13225 1964 1183 
15092 51 15086 24 53 19 15021 15022 46 
192 241 470 55 15 4360 151 22 5654 593 1295 14 15 11621 20 
192 15043 7141 239 5 406 35 1443 3055 71 226 10617 2912 24 
139 402 91 946 2778 15 2029 20 458 2032 84 15093 
240 5 12 71 1839 532 24 
139 151 939 22 1701 14 876 91 946 20 4851 80 917 354 24 139 
643 40 35 1240 91 139 151 1241 15 2550 2224 347 1286 206 
1389 24 
15025 
7 7 7 7 7 7 7 7 7 7 7 7 7 7 7 7 7 7 7 7 7 7 7 7 7 7 5085 9998 7 7 7 7 7 7 7 7 7 7 7 7 7 7 7 7 7 7 7 7 7 7 7 7 7 268 7 268 192 
234 1468 152 7 3242 2482 1921 55 15019 219 
353 344 7 380 7 15040 7 165 19 1564 217 2482 10563 217 
40 132 22 6 19 146 25 40 46 14548 51 5085 24 53 
40 285 19 146 22 3410 6 40 46 14548 7 285 51 5085 24 53 