Subject: 23128 6459 11218 24 24 24 24 24 24 24 24 
23128 6459 11218 24 24 24 24 24 24 24 24 
390 151 5226 15 19523 208 221 12893 5739 15287 16767 
5226 1204 230 17 20795 20 23129 24 936 7463 151 
416 532 38 3400 28 3605 14 6227 3157 15 1049 40 20469 19 
5619 19 20 1823 1120 20795 19 84 590 84 6045 20816 2814 20 2366 24 
313 80 133 40 1771 15 1443 7137 20816 20796 833 8830 
57 91 151 4284 416 5226 24 141 80 23 19 4247 19 2262 19 
20 3778 40 505 230 432 3807 2046 14 4142 19 16894 19 87 3719 1968 24 
259 350 15 351 490 249 31 313 80 578 1413 1500 133 
20804 19 1064 19 20 16781 17 20795 24 522 1329 12 230 313 
40 75 902 5157 19 4391 20 1633 24 
31 2603 12 21 1299 286 23130 23131 51 13502 24 53 
259 168 23128 6459 71 54 14 286 
40 35 7604 286 23132 349 51 13502 24 53 