Subject: 37 46 494 14548 497 14548 20 8667 7 491 
946 187 221 19 193 24 139 2 254 416 14961 593 71 14608 3630 19 20 1302 230 
3080 15 14586 3267 7 7 25 2 96 519 226 3636 7 7 220 14814 630 631 1252 
230 682 84 390 221 625 24 6564 139 151 416 1367 133 15 2068 
627 936 550 2768 24 14962 226 1341 12 91 8667 7 275 56 237 139 2 1338 
5160 55 630 10998 60 34 35 1301 12292 40 505 38 14586 187 14548 24 
8667 7 491 20 8667 7 275 151 22 3012 2126 2991 213 139 2 1278 2688 38 14963 19 20 
14814 19 20 125 31 390 413 354 559 6415 14964 20 5158 24 
488 24 
684 40 221 19 
14613 
14615 14614 
1645 2435 831 
14616 6679 
9172 283 7717 9748 19 957 59 
7714 7715 19 484 14617 7 14618 
1149 46 56 14619 60 14620 7 14621 7 280 46 56 14619 60 14622 7 14623 
286 46 14624 51 14616 24 53 
295 46 187 187 267 24 14625 24 53 
7 7 7 7 7 443 6 7 7 7 7 7 
45 46 946 12786 494 262 46 8212 8973 51 353 24 14959 24 53 497 
445 46 388 19 569 1172 19 59 447 46 5917 244 
40 46 14548 51 5085 24 53 
54 46 37 46 494 14548 497 14548 20 8667 7 491 
662 14963 
84 313 80 944 390 312 21 151 1322 1728 4248 71 15 4985 857 
20 139 244 618 565 40 234 409 23 5000 3905 40 14965 
38 17 690 24 354 3719 522 1692 40 4985 4131 12 
14966 38 249 22 1892 1094 1048 2189 40 35 14967 
2461 24 390 80 5005 40 400 15 2732 2240 91 175 45 
8667 7 491 71 4548 581 24 354 3719 390 125 5 630 84 22 2252 14 
9786 20 6343 401 20 1336 90 56 4854 910 15 400 
14 14968 71 15 2505 6545 60 1878 631 3786 25 84 22 
1626 14969 14 1188 24 
25 406 35 2329 40 665 20 234 2764 7 1757 390 413 618 4319 230 
1292 1635 71 15 1193 19 
946 12786 
14963 2549 191 46 
192 
192 662 946 20 1728 14 14586 19 
192 
192 84 1322 14 313 569 35 944 19 7117 627 14586 
192 20 8667 7 491 464 939 354 15 2329 14586 343 24 
192 
192 869 14 15 1976 11503 130 71 14970 904 1935 2768 518 
192 260 1573 458 24 
192 
192 869 1730 139 168 40 313 221 12 15 194 24 
192 
192 1935 522 2768 80 2640 38 15 7751 
192 14 1336 91 12 513 71 4888 4242 2800 20 1188 
192 12 15 2892 351 627 928 24 
192 494 8667 7 491 415 155 501 40 400 1188 5852 2637 
192 129 80 22 573 14 1238 618 11141 60 24 
192 
192 503 19 15 1958 10 532 40 5835 1700 6228 
192 2800 569 35 6262 20 14971 1626 
192 627 522 550 2768 24 
192 494 129 12 22 23 4977 91 1626 1056 6346 34 
192 2805 1626 14972 14 1188 4042 40 6578 
192 504 627 419 3685 7 1387 5847 497 24 
192 
192 84 22 208 4729 19 1757 14586 20 8667 7 491 518 6643 
192 22 1221 690 40 2692 6578 627 522 
192 550 2768 14973 71 1958 4736 24 
192 
192 904 312 1728 1303 133 5 1730 239 
192 
192 139 391 392 40 17 2333 20 489 24 
192 
192 488 
192 14963 
192 
192 7 7 
192 211 211 211 211 211 211 211 211 211 211 211 211 211 211 211 211 211 211 211 211 211 211 211 211 211 211 211 211 211 211 211 211 211 211 211 211 211 211 211 192 14963 2549 
192 14974 1827 883 24 19 
192 491 403 14975 19 14976 7 14977 7 14978 14979 24 19 
192 30 829 4299 19 2182 24 344 
192 344 7 344 7 2348 14980 19 14981 7 7399 19 
192 9605 14982 7 14983 19 2096 
192 
192 505 286 46 14963 51 1582 24 14974 24 950 24 4927 
192 458 286 46 14984 51 1563 24 1442 
192 14985 51 2038 24 53 
192 
192 1149 46 56 273 1150 60 352 7 14986 7 14987 56 9316 24 7577 60 
192 280 46 56 273 1150 60 352 7 14988 7 14989 
192 9 14974 1149 46 334 7 14990 7 7577 
192 
192 14991 14992 2096 
192 7 7 7 7 7 7 7 7 7 7 7 7 7 7 7 7 7 7 7 7 7 
192 267 46 295 46 187 187 267 24 14991 7 14992 24 1583 187 
192 
192 14993 1362 46 
192 5 6 172 203 237 12 
192 3980 20 187 87 3979 20 12 1260 230 15 9510 
192 3981 56 96 60 249 24 31 313 80 21 15 1260 1128 19 313 1515 21 
192 3985 19 1603 19 12525 19 2335 400 15 203 87 1505 432 
192 1352 71 4003 55 25 24 
192 31 313 151 1121 5 6 71 236 19 259 3987 2310 
192 3989 20 3986 432 4959 455 71 1048 87 1261 
192 6721 24 
192 
192 7 7 7 7 7 7 7 7 7 7 7 7 7 7 7 7 7 7 7 7 7 7 7 7 7 7 7 7 7 7 7 7 7 7 7 7 7 7 7 7 7 7 7 7 7 7 7 7 7 7 7 7 7 7 7 7 7 7 7 7 7 7 7 7 7 7 7 7 7 7 7 7 
192 683 152 36 575 2181 316 46 
192 295 46 187 187 350 24 5085 24 53 187 344 187 14994 187 336 187 479 187 14591 187 479 187 14995 187 
192 7 7 7 7 7 7 7 7 7 7 7 7 7 7 7 7 7 7 7 7 7 7 7 7 7 7 7 7 7 7 7 7 7 7 7 7 7 7 7 7 7 7 7 7 7 7 7 7 7 7 7 7 7 7 7 7 7 7 7 7 7 7 7 7 7 7 7 7 7 7 7 7 
192 
192 40 132 22 6 19 146 25 40 46 14548 51 5085 24 53 
192 
192 40 285 19 146 22 3410 6 40 46 14548 7 285 51 5085 24 53 
7 7 
2487 2192 834 4774 
1299 40 1725 15 6874 14 3029 2535 24 
2362 522 43 723 354 295 46 187 187 267 24 14586 24 1583 
14996 24 53 2363 313 2364 17 14997 45 576 
354 3422 24 168 15 4910 14 15 1276 40 505 7 856 2367 
14 17 14997 19 7094 19 14998 24 24 24 221 55 14996 24 53 24 
847 17 1468 1946 323 219 
40 132 22 6 19 146 25 40 46 14548 51 5085 24 53 
40 285 19 146 22 3410 6 40 46 14548 7 285 51 5085 24 53 
15 203 71 5 286 12 3980 20 569 35 6280 3979 24 
25 12 1260 14056 230 15 3981 24 467 40 5 286 28 470 612 
12 14805 24 
31 313 80 21 15 1260 1128 19 432 12261 19 12421 19 2345 
87 432 1352 2771 87 12402 40 35 2771 71 4003 55 25 19 12 14806 
20 569 35 4384 24 150 6582 40 522 1613 432 3992 87 6169 
2318 71 5 286 80 54 40 15 3777 20 2147 2984 71 
15 14808 14616 1831 14809 3176 24 
10966 2536 19 1674 14999 19 13768 15000 15001 24 
420 15 1210 2 15002 1702 
40 132 22 6 19 146 25 40 46 14548 51 5085 24 53 
40 285 19 146 22 3410 6 40 46 14548 7 285 51 5085 24 53 