Subject: 5667 13895 219 
219 219 5667 1311 354 550 498 317 13212 219 219 
4803 5166 10923 46 1468 2369 55 2365 71 28 4775 767 24 
23561 4546 833 11720 46 1615 345 1413 7 337 1413 1794 4623 11720 910 331 344 24 
391 500 2 96 157 20 55 13895 219 
1277 910 331 344 19 4390 1615 345 1413 7 337 1413 1794 936 498 16519 472 24 
100 414 127 522 157 16519 12684 46 
1615 345 1413 7 337 1413 1794 23562 23563 23564 3269 23565 14629 24 15 1039 19 443 
23563 23566 213 1277 4811 17 23565 660 16032 87 71 17 5412 24 352 1217 23567 
23568 46 5204 23567 40 9394 71 5 2965 3109 23569 24 14217 833 1778 4985 23570 24 
3592 2191 23571 2446 6038 76 46 157 23572 472 19 23573 23574 20 
23575 1778 24 
10899 910 522 2743 14 458 19680 20 16519 2374 24 230 221 17 23561 833 16519 1861 
1438 15855 267 24 23576 24 53 15777 2485 1594 3250 24 
4803 5166 5667 16519 13895 219 219 
5 5667 5567 1863 20512 20 2812 354 585 10571 2465 24 1863 4803 5166 10923 24 
9425 20 2534 19 141 10191 1278 1286 557 1303 498 24 125 522 16967 19 16818 16293 
23083 187 7905 19 3269 23577 20 23578 10923 354 267 24 23579 24 53 24 2353 28 
4775 767 403 20 390 10191 1278 2473 2369 20 2396 24 267 24 23579 24 53 24 
40 35 7604 45 5 885 259 369 4458 71 15 54 878 20 23580 40 880 51 23581 24 53 