Subject: 
15 1442 2597 3491 552 19 59 
10145 3395 
15 1442 2597 12 4008 56 768 60 59 
28 23595 20 23596 23597 
9998 
3416 3416 3416 14899 7 643 1920 345 19 2742 14899 239 
1920 578 19 2742 40 35 1950 38 23598 24 53 24 2878 15 2360 317 
15623 28 15 1276 23599 96 690 24 422 7844 19 2742 
12895 40 35 1950 14899 38 3424 12894 12895 14 1920 345 19 2742 19 
1920 63 19 2742 19 1920 344 19 2742 20 571 571 630 24 
423 1463 40 23598 24 53 24 2878 20 1 2 3 400 22 10589 19 400 17 
11459 20 11756 46 
422 7844 19 2742 12895 123 40 35 1950 567 4830 2991 13562 
549 24 
350 902 1277 219 
7 7 1393 133 15 1442 2597 
15 1442 2597 3395 12 22 575 5793 3601 
26 40 530 5969 22454 55 617 3515 1709 
55 15 1276 45 2991 40 2991 24 
15 1442 2597 3395 12 869 14 15 3587 4829 
123 55 15 43 5160 55 5 1795 24 25 12 644 
10145 28 422 15752 19 3503 17817 20 2603 16936 24 
230 3409 880 19 259 125 15 2249 14 5 3395 219 
7 7 1393 71 5 2991 2 96 1262 
7 5191 46 
847 848 23600 344 24 0 24 349 45 21457 269 19 
5939 498 19 220 25 2 96 21 568 847 848 19 23598 
539 682 910 15 2549 19 15 15654 364 10932 9390 1192 23601 1192 19 
21457 539 8886 55 928 19 21941 554 2987 370 4797 19 
20 10314 3258 402 15 1685 15 217 12860 351 217 13765 219 
7 4251 187 6073 187 723 14 15 2991 46 
7 4251 46 23602 19 390 2 37 23603 2 71 25 
7 6073 46 3402 20919 7 139 2 254 1102 25 219 
7 723 46 23604 5799 7 3750 14 22 4242 642 219 
7 11768 53 23605 46 
45 14517 23606 23524 723 1998 592 19 28 20423 5538 
7 1058 414 46 
22 11768 23607 19 28 9565 21977 14 23608 
7 22 3807 20 556 13497 46 
22 6418 14 10848 4507 19 28 891 23609 560 24 1224 
7 91 869 15189 4251 46 
23610 19 28 23611 23612 
7 241 17 723 2185 869 14 936 6488 239 
25 2 96 333 17 723 916 1943 3650 219 
7 230 15 4757 71 221 14 928 46 
1920 1468 43 723 124 313 328 35 1943 1210 400 219 
9998 
22 2443 935 1317 40 15 1442 2597 4969 219 219 
1468 17535 10394 19 1468 1920 345 1921 567 3175 19 1468 208 767 346 
1921 40 458 23613 10631 45 334 7 447 340 567 304 19 
767 12769 1921 55 5449 40 458 23613 10631 230 15 208 
345 346 19 184 4048 467 1601 19 184 864 1601 
494 2147 1215 497 
498 230 22 1624 17535 19 15 2132 19 15 5251 20 477 15 21206 24 
1468 3984 9365 517 24 927 1277 7 350 902 219 219 
7 7 1393 5191 
847 848 23600 344 24 0 24 349 45 21457 269 19 
5939 498 19 220 25 2 96 21 568 847 848 
28 23596 23597 56 23596 51 23597 24 53 24 2878 60 
568 571 1079 5 2991 7 139 2 1338 1488 40 16894 910 
15 5191 38 409 1094 6495 20 226 5904 
45 409 1253 5666 3123 6131 522 317 1049 5 
2991 24 
139 402 139 1102 910 1382 2395 3029 1242 19 578 273 13736 
20 23614 249 1545 904 1322 18449 11095 20 317 1783 19 
20 18852 1551 4226 127 129 568 1504 91 139 244 1270 
91 28 15 333 139 234 15 1079 19 25 2 96 221 435 3029 20 129 
12 630 157 1551 1499 1382 15 2375 229 40 35 644 219 
1240 19 313 625 139 2 1338 22 3029 20 23615 23616 19 17162 435 
3029 19 220 226 1920 578 273 22 2991 5180 23617 12 14255 682 19 20 
22 14595 14 122 24 24 568 902 1880 230 5 2991 24 24 
13897 23618 191 71 15 10250 1552 1049 494 15920 497 2074 19 
133 15 221 157 847 848 1258 187 3802 15145 21457 
7667 19 237 679 40 221 5563 1291 15 412 370 14 
23600 19 21 22 3089 644 19 220 309 630 14322 599 
1102 22 20929 20386 230 682 84 25 679 91 1277 21457 1209 
1595 500 141 383 23600 344 24 0 24 349 7 237 12 1120 1585 
217 12782 217 230 1120 157 9190 2687 2700 215 494 644 2803 6590 497 
97 29 230 15 23619 219 23620 7 590 422 4548 14 
581 19 4786 35 23621 139 1564 219 
220 5 241 592 354 22 1878 2169 333 230 226 23622 19092 
23623 354 21457 269 19 568 139 2 254 4308 5 1291 15 7825 
14 217 5939 498 19 220 25 2 96 21 568 847 848 595 219 217 230 1635 
1840 24 
4231 19 230 1642 14 313 1189 19 15 636 9190 2687 12782 12 1387 
55 15 2126 4729 23624 7303 505 91 13880 71 16510 352 24 0 
237 15 6519 14 2766 3599 2 21072 1258 14940 10804 71 15 2126 
20 2801 2 96 618 4743 4498 220 4263 10530 2803 6590 
2700 215 9190 19 25 2 96 22 589 5551 12782 19 328 35 19 15 2078 
553 11391 25 100 1708 55 2059 12275 1551 84 590 45 500 
139 413 165 24 
139 518 21 683 1614 317 354 21457 11768 53 568 25 241 
21 125 40 35 123 1499 595 19 220 500 141 80 23625 
2695 15 2653 878 897 2128 14 15 16510 352 24 0 
12782 19 38 22 2700 215 23626 19 76 15 1049 4042 
43 1162 1584 19 139 2003 15 872 1293 187 23627 4240 19 20 
925 435 23628 494 139 23629 15 1702 24 24 497 24 
568 31 390 413 1499 234 522 7136 55 25 19 1757 40 159 55 
15 221 157 21457 23630 103 364 19 10979 19 1277 17162 22 2700 1276 
1162 40 205 85 40 187 2316 187 1392 133 219 
84 230 91 1856 23630 21457 1499 1595 19 11067 133 15 
103 364 18790 21 541 450 40 1596 2588 1908 3503 15959 19 220 
25 2 96 618 22 14603 18790 20 139 151 575 6390 91 2801 34 
234 25 5906 127 38 11838 20 856 1943 13109 20 
1301 15955 568 91 21457 241 21 151 40 677 40 1292 
215 22 23631 15654 409 333 460 24 
4231 139 5443 14 8530 9190 55 585 19096 12033 220 17162 22 184 440 24 
23632 1176 23633 682 5 2991 91 21457 1209 939 11478 
40 2696 40 4663 19 139 3688 18107 226 103 352 16022 354 15 23634 
178 139 1263 72 130 23635 1192 23636 1192 24 
568 500 133 91 21457 217 15744 217 23630 7 590 19 25 2 96 1102 
184 23637 4454 19 25 2 96 23638 23639 19 241 15656 19 413 1505 
23640 14 7219 19 859 23641 23642 31 313 643 19 20 3807 
25 23643 1891 219 23644 19 25 2 96 7862 354 15 1162 2249 14 15 
1310 19 20 354 91 2465 139 2 1338 21 1240 25 2 96 567 1488 40 
35 22 10627 29 19 220 139 92 1499 5783 22 405 40 6160 
25 494 4545 630 7164 71 15 1442 2597 23645 259 219 497 
23632 19 15 23630 415 409 23646 589 12248 19 2975 
1642 23647 422 354 23648 19 141 5783 141 3651 
15 2191 23649 1146 19 4513 23630 19 20 141 151 2771 
4009 1352 5365 21457 494 1277 129 2 96 22 410 3545 
230 21457 1243 7 541 23650 239 7 21 219 497 24 
3057 139 440 15 928 7690 234 5 869 1243 19 139 2086 15 
295 46 187 187 267 24 23651 24 53 1060 14 2419 19 20 406 151 22 
23630 349 55 226 5401 1499 230 15 391 14 15 642 19 31 21 
230 15 1839 91 313 413 2 3 6259 15 9190 908 200 
25 149 40 15 15855 219 
23651 2 96 23630 415 22 23652 11007 600 3354 19 22 14603 4786 19 20 
3530 55 15 149 230 6291 71 1743 86 2 96 223 
2567 19 220 17162 133 25 24 
568 139 413 125 1120 431 55 15 21457 23630 19 220 519 1820 19 
500 2126 7 139 1744 519 19 413 313 125 15 872 23653 14 
22921 18005 23654 1552 12423 10207 23655 1573 458 230 
136 8886 14639 542 2 96 40 168 4663 12423 23656 
38 23657 3354 2 96 55 206 239 21 7 1715 2 96 1499 234 55 38 
3779 409 1146 2 96 139 1564 219 
1277 19 25 2 96 23658 370 5567 558 19 3057 139 2 1338 422 11768 53 71 
15 2449 405 19 295 46 187 187 267 24 23659 24 53 23660 682 15 1443 
131 19 139 1744 19 902 2 96 585 10250 20 157 10251 
4596 28 22921 370 19 568 240 2 96 15 24 53 24 2878 20 24 950 24 19389 
857 230 17122 15217 19 258 15 11768 53 7 25 2 96 22 18449 
3484 4873 23661 20 139 413 2 3 1564 139 215 25 869 23662 24 
568 139 23663 71 15 2036 295 46 187 187 267 24 23664 24 53 24 2878 
91 21941 12 221 593 71 15780 133 22 460 40 35 939 
121 25 2 96 23665 230 221 15 3484 1080 25 413 
133 157 16323 230 23666 2 96 494 1824 2237 6346 497 24 
23667 19 1382 7917 344 1656 19 59 7 21941 12 1488 40 
23668 409 157 23669 20 234 409 14 15 11094 
22921 23670 215 370 3804 19 137 24 1587 24 16490 19 23644 19 
139 643 267 24 23671 24 16490 230 1295 7 17162 2555 219 
904 133 267 24 4401 24 3269 87 267 24 23672 24 953 19 87 
22 519 1638 869 19 267 24 23673 24 4740 239 239 16211 38 91 239 
139 413 1247 409 19 215 267 24 43 19 87 267 24 15855 19 87 
267 24 5610 494 1234 133 15 456 24 5610 1789 239 497 87 
477 267 24 23674 239 
11768 53 19 11768 1442 19 20 477 11768 1583 80 221 1277 1499 568 
1284 14 422 7143 16419 19 4373 23675 19 7181 23676 
20 23677 13415 593 567 3760 505 1935 23678 1243 
20 23679 477 19 91 477 31 313 151 22 21702 857 
370 23680 19 25 2 96 1488 40 35 13892 19 20 313 34 151 
40 17863 409 23634 40 234 25 149 31 313 413 35 23681 219 
414 127 226 2360 789 211 192 23682 24 53 230 
1295 19 3057 260 567 458 23683 1587 1827 1243 239 
568 19 500 14 91 15654 18790 494 15 1705 600 18790 19 939 230 
22 339 600 11334 19 1445 55 22 334 97 29 19 2459 
1869 230 22 364 600 18790 19 28 22 349 600 1827 219 497 24 24 
18457 127 91 15 15654 364 494 3738 40 1552 5804 497 
12 127 19 25 2 96 1102 40 35 1210 19 25 2 96 1102 22 872 157 23684 20 
12687 19 390 2 254 13892 45 2765 23685 19 149 40 15 435 8975 
2478 19 679 15 3017 4498 23646 19 87 1757 15 5853 
92 151 416 2957 40 312 22 12687 230 239 
590 19 215 3539 19 4663 415 1267 416 10535 1243 239 
568 19 15 475 364 12 127 19 25 2 96 194 1506 55 15 23686 14 23687 2 96 
23657 237 12 1277 23688 593 40 344 24 63 15961 1596 19 595 15 
475 364 175 71 354 1382 3503 15959 20 1301 19 4663 415 22 498 
23689 370 230 25 19 234 5 7 217 23690 217 7 500 241 91 
1744 7 23691 139 2 1338 1744 19 220 519 24 
139 2 1338 917 392 40 329 409 15636 55 15 475 364 15817 
23692 3354 55 22 1552 12423 19270 19 139 413 1267 234 422 
258 4663 1887 40 1286 4838 20 4838 15955 150 141 221 
234 1738 55 7351 15959 23656 38 23693 3130 
149 23694 239 500 1746 24 24 3144 2 3 25 333 91 1176 1445 22 
23695 4982 13167 230 15 1552 19 15913 19 2591 3798 15 
264 2888 19096 12033 230 17122 15217 19 31 313 413 
853 585 23687 18790 45 585 4663 20 234 25 1243 19 112 312 
15 419 38 409 1049 4042 149 5575 3130 20 
312 25 1243 19 1463 4982 13167 19 1286 25 23696 19 20 168 1504 3354 2 96 
55 15 15937 19 20 1863 25 9 23697 45 2130 19 259 219 
568 500 244 139 329 38 226 98 323 19 590 17162 1797 19 
139 2 1338 565 40 2473 226 15755 7 904 313 1265 19 1797 19 139 2 1338 19012 
593 15 23598 43 723 221 2549 19 23644 19 317 23698 
20 141 80 22 3576 219 25 539 682 910 15 2549 139 165 313 19 
20 1642 12886 23699 80 5444 682 9525 19 31 139 1 2 3 3416 
869 460 139 2 1338 1488 40 151 40 234 641 269 20 159 
71 2007 38 550 4892 219 129 2 96 3524 3650 40 35 1209 
31 139 413 1499 234 22 3617 4428 219 
568 18600 593 409 14 17 8425 333 20 414 127 226 157 1052 
2427 422 354 23598 46 
12784 1277 219 219 494 23644 7 139 2 1338 16934 19 590 19 23700 23632 219 497 
20 31 313 3416 1292 1279 139 445 313 129 19 35 1240 40 
23629 682 19 20 3170 682 71 230 22 1264 494 1715 2 96 1564 7844 1413 497 597 
1901 219 
1277 19 71 226 15179 593 14 3760 1551 5 2991 19 139 2 1338 568 422 
23701 20 23702 494 419 1551 19 1626 3 7 9184 497 139 151 
40 165 313 133 22 723 139 151 416 565 127 91 1746 
23701 22 159 230 25 2 96 3650 19 25 2 96 6796 2804 220 
25 3144 2 3 23703 1794 15 3524 23459 20 25 2 96 590 3604 22 
414 127 46 
40 6073 494 1234 13961 497 226 21993 9565 21977 46 
217 4429 435 23701 7 25 1761 215 15 928 4009 29 415 
23704 206 1313 24 500 2 96 650 12 904 1322 1700 
90 14 1183 2252 2419 80 437 127 129 56 5 
541 869 1295 19 220 4854 23705 12 630 1065 60 
91 80 423 1488 40 1296 593 240 23701 4157 1794 24 217 
2672 230 5 2991 19 15 16423 127 1819 271 19 25 
679 91 10314 3258 402 15 1685 15 217 12860 351 217 
1354 19 20 409 3446 13765 2022 219 239 
23691 139 1870 139 1209 1920 0 24 23706 230 567 13765 91 130 8120 
230 409 1276 1354 23707 23707 7 139 406 151 15 102 7 53 
23677 23708 230 7099 7136 905 219 
568 18928 1564 2 96 25 415 22 928 13765 494 23644 19 1868 2 3 390 221 497 230 
15 648 2776 84 4107 19 20 1887 4387 2 96 20 
1336 4408 40 2473 25 494 18928 497 13977 239 23644 23709 219 
139 499 522 13961 422 354 2354 19 2766 23710 19 130 18104 19 220 
1277 390 2 254 1102 1500 11154 215 3258 4624 2987 
11768 53 11768 1463 1638 23634 4797 239 
15 1056 2036 15835 22 872 106 2203 55 25 19 20 
3688 567 1056 3458 15835 15 5467 230 22 2991 55 15 
23711 91 1387 55 15 435 23712 29 26 28 22 
18928 14897 14 15 1094 132 5412 71 15 2 7844 96 7 18928 19 
553 130 869 14 15 4624 26 150 15 10314 23713 
130 5794 593 71 14342 19 1564 141 1685 15 872 13765 20 
1354 19 20 15 4429 23634 553 519 26 25 18062 45 
18928 409 333 2114 19 568 141 234 23714 551 219 
18928 477 415 22 1826 1291 1221 19 23715 19 6423 593 20 
1546 40 1083 15 23716 2495 2034 20 2387 
14 15 872 19523 4387 2 96 20 1336 4624 7 3807 19 139 
643 40 125 23717 20 23718 3683 38 91 437 219 23719 23719 24 
303 307 19 2030 2991 1235 22 14603 642 55 264 20 25 2 96 
5995 40 8290 15 1049 19 23720 219 1499 71 333 230 8427 494 23721 497 
20 556 460 40 35 1994 2362 40 9365 7 413 2 3 366 40 
3787 905 40 23722 2 96 2192 8985 20 2199 1889 1772 19 4231 19 
20 31 313 2 37 4680 11403 16100 12923 19 414 127 
22 1036 23723 2203 55 4302 2 96 3170 422 45 16076 40 
15 157 2179 4229 7 16076 2036 19 23644 19 16100 618 16325 
15 648 230 16076 568 25 2 96 7099 45 11193 12 
1483 19 220 31 17 1827 939 869 3482 494 644 552 1413 87 
630 497 14 25 2 96 7099 45 869 2977 19 137 24 4302 19 20 
25 2 96 2263 55 16076 648 313 14206 20 23724 
71 10631 313 1286 19 112 23725 91 7099 45 15955 19 
16090 19 16064 19 20 1747 2419 20 7692 19 23691 19 
333 40 414 17 152 6545 3489 139 402 7 2642 
91 1182 19 220 3301 91 353 139 1564 219 
1210 2991 40 313 221 7 125 313 558 71 22 1892 219 
497 2433 
151 313 23726 20 1950 1292 595 239 258 21 665 1277 219 
7 7 1393 4251 187 6073 187 723 14 15 2991 
28 23596 23597 56 23596 51 23597 24 53 24 2878 60 
522 4251 14 15 2991 5 2991 12 46 
217 23602 217 
139 23727 5 422 15 4216 150 139 130 2938 71 286 
38 22 13961 19 20 130 565 40 854 904 139 130 23728 38 22 
1500 241 14 3402 20919 19 13703 38 22 18600 5225 71 
15 14476 14 3605 108 3175 2804 19 20 139 2924 
91 25 130 215 13703 55 22 4072 3543 19 20 25 1209 40 35 
215 23729 23602 221 2549 219 125 31 313 413 2 3 23730 25 608 
17 6852 23731 20 234 22 14267 14880 239 
522 6191 14 15 2991 5 2991 12 46 
217 3402 20919 217 
139 413 2 3 2223 240 1984 139 8082 5 593 19 31 606 3842 
682 1243 25 130 22 12611 8634 13051 540 7891 19 220 1 2 3 
6073 682 55 5 84 139 406 151 6407 23732 14 23634 221 536 
23733 240 20 150 139 644 25 19 2755 2598 25 1515 151 
416 71 15 303 7052 1702 84 139 2 1338 256 226 561 6545 606 
1335 14 221 16419 2755 7052 1702 1277 24 24 
15 6191 12599 226 20397 84 25 2528 354 404 19 15 
170 3688 567 869 14 226 23623 20 139 3158 38 19 71 522 9875 
230 15 2126 654 5248 19 3524 1258 19 20 23691 221 9403 23734 
5248 45 2130 7 25 2 96 215 139 9875 91 20168 5443 55 2191 20 
22 4538 2411 14 5930 1573 304 19 220 139 312 568 71 22 3675 170 
14 217 3402 20919 217 24 24 
522 723 14 15 2991 1052 55 23595 5 2991 12 46 
23604 5799 38 409 4263 1468 3888 352 219 10654 19 25 2 96 
519 22 4242 642 19 568 23735 249 34 1884 219 
497 2433 
8082 593 17 1920 1468 1317 45 20913 1552 595 7 312 25 1277 219 
7 7 1393 11768 53 723 23605 
12 17 723 541 1052 1596 19 902 2 96 22 1468 723 414 
28 20423 5538 
312 313 151 22 43 723 239 312 313 625 240 17 723 12 3906 
71 15 654 1423 1444 239 
31 313 2 37 1500 133 17 317 2030 19 20 643 40 625 
240 313 518 234 630 2030 317 19 313 1515 3989 
1505 593 5 1468 1317 7 20 313 1515 312 25 1277 347 25 
252 219 
350 55 15 351 490 230 22 1468 6105 3201 55 240 
17 43 723 87 317 2030 12 2804 3906 55 15 
1824 2191 1423 1444 56 1464 19 23736 20 23595 60 
20 904 313 413 10587 1165 157 2030 24 
877 928 585 286 38 46 
344 24 17 723 187 1827 370 56 14012 370 87 610 723 60 
349 24 22 23737 1221 2482 573 56 23738 2977 10797 60 
352 24 17 723 1158 56 137 24 295 46 187 187 24 24 60 
364 24 1221 370 56 208 187 303 60 
63 24 1221 286 86 
392 17 2224 71 585 286 6582 40 46 
723 7 2186 7 1317 51 23739 24 53 24 2878 
605 262 46 723 7 2186 7 1317 51 23739 24 53 24 2878 20 390 34 234 
149 40 313 3989 219 
420 7 5 12 22 1314 23740 1317 19 184 19159 354 
221 19 568 1 2 3 1303 215 313 2 37 209 23741 608 1292 313 
569 21 643 7 5 12 1292 313 413 2 3 10900 127 55 219 
133 522 3757 46 
20423 5538 12 22 1998 23742 38 23743 3484 71 
157 10251 7 23744 23745 71 43 723 1998 482 24 
497 9211 
151 313 23726 20 1950 1292 595 239 258 21 665 1277 219 
7 7 1393 1058 414 
22 11768 53 1824 3282 11768 7 23746 
28 9565 21977 
345 24 217 390 1 2 3 151 432 15623 24 217 5 23747 415 416 
23748 40 682 28 4624 14 221 7062 19 1443 131 28 22 
2030 7 40 7 2030 56 560 349 560 60 2535 19 22 43 3612 19 20 585 
317 23749 23750 56 237 19 28 15 405 19 12 869 14 1739 60 24 
71 226 1451 19 663 415 15623 24 
336 24 217 141 2 37 21 22 19201 19 141 2 37 22 4633 5287 24 217 
477 15623 3641 3144 2 3 15623 71 15 11768 7 53 
1049 24 1757 5 1367 11757 40 440 91 22 19201 
34 4545 22 11104 11768 7 53 2 96 13544 24 5 23751 149 40 
3183 7 10653 3528 4517 23752 2 96 1988 6191 217 950 7 23753 24 217 
334 24 217 390 2 37 22 4812 7 21818 1827 24 217 432 3317 1827 12 
217 4812 7 21818 19 217 237 249 2001 25 415 15 4633 230 585 
41 1389 10133 24 6265 19 313 413 1564 91 133 22 
3537 9919 19 585 317 11163 19 87 22 18263 7 20 7 10528 2375 
17715 603 24 15 18106 3952 19 503 19 12 91 249 22 1503 
16499 14 1642 23754 34 35 6302 1066 40 1463 
1389 24 
491 24 217 15 23755 12 1210 233 15 1213 34 5270 24 217 
902 2 96 22 2036 23756 23748 28 11768 7 53 11864 
4992 15 1036 23757 71 1276 15045 20 23758 14 
3029 133 11768 7 53 16914 20 23759 24 3641 15 23755 
13178 40 15 458 1820 19 21 23760 24 15 303 135 553 
2643 5 40 682 131 168 556 1193 7 435 1827 2 96 21818 55 
2642 24 
892 24 217 390 2 254 5899 522 2030 1089 7 7 1277 390 2 37 22 30 
2542 24 217 902 2 96 500 2 96 519 4226 46 916 22 1827 213 
1445 22 30 1194 230 25 213 23084 25 84 22 560 349 560 
2535 87 18960 723 213 19163 1311 23761 213 1277 565 40 
23762 2030 28 3779 1794 30 24 
63 24 217 936 2478 80 16427 24 217 1311 4317 19 
572 230 23763 11165 19 80 7463 71 23764 
1367 24 221 14 15 1311 4317 139 2 254 4284 2201 15906 
498 3400 1279 22 1892 1037 24 91 2 96 21 217 16427 24 217 
91 2 96 217 23765 23766 24 217 
364 24 217 390 464 560 349 768 19 220 1277 390 2 37 560 349 560 24 217 1279 8426 568 1322 14 
1120 2030 7 40 7 5055 56 560 349 768 60 7094 14403 19 21406 15864 
15 1624 217 768 217 20 3159 641 217 560 24 217 2078 354 1277 7 23767 
23768 24 53 1898 682 21406 13117 40 12944 1291 1120 23769 150 141 
2628 1525 24 139 2 254 100 2201 11910 20 317 11290 
16873 23770 1120 2427 230 560 349 560 24 
352 24 217 390 2 254 6691 21 40 1505 15 4078 8836 24 217 23771 
354 537 404 24 15 4598 14 585 18960 723 532 936 307 40 
854 904 72 130 1762 40 4631 432 630 4644 3558 24 
349 24 217 390 1579 2 3 15197 905 213 390 2 37 71 10166 24 217 21 152 2114 19 
14199 221 17 3427 3050 529 15855 24 1277 25 2001 
217 23772 24 217 230 1295 19 23773 4598 9595 23774 2643 556 
9919 2117 2 3 1488 127 14 2030 19 220 72 2 96 2084 55 40 
641 1827 24 1460 934 46 150 313 2199 1176 596 184 24 
349 19 25 2 96 2410 8280 28 184 24 892 24 
344 24 217 390 2 254 501 40 1076 55 16376 24 217 84 5845 40 5160 
55 17677 239 3672 682 19 220 3144 2 3 5 500 2030 12 221 
133 239 
133 87 3757 46 
9565 21977 12 22 480 14 15 3473 7 10836 
23775 3451 1827 7 465 482 40 
383 4299 4069 2651 20 1503 19 20 413 35 5570 
605 46 
1149 273 7578 7 349 7 14781 7 23776 280 273 7578 7 349 7 14781 7 23777 
497 9565 
8082 593 17 1920 1468 1317 45 20913 1552 595 7 312 25 1277 219 
7 7 1393 22 3807 20 556 13497 
409 4259 20 4805 45 585 23778 8530 43 166 
28 891 3 24 23609 560 24 1224 24 
21457 8530 574 80 71 15 4377 56 220 5235 16921 
1594 15 8393 14 15 217 23779 217 60 24 84 83 19 141 145 40 35 
5380 533 71 8530 7 1266 1783 24 1715 2 96 665 40 23780 
15 13545 24 
1594 23781 139 2 254 532 21457 23782 24 25 640 2 3 151 2081 
533 230 409 23783 237 13880 71 226 245 22 
1451 354 22 333 150 226 18828 130 20287 20 501 40 
1863 682 556 217 435 217 8530 173 237 1209 3649 1382 17013 9753 157 24 
1277 139 640 2 3 400 1614 612 24 1901 19 139 2 1338 589 1234 31 313 
413 2 3 11880 585 21457 8530 56 139 151 6720 60 220 25 415 15 1443 
166 7 6803 97 29 20 12 3022 230 221 4987 14 
6846 24 3238 2546 20 13736 230 1277 24 139 2 1338 2938 
133 43 1328 24 
1443 1050 80 618 136 23784 20 4087 16866 14 15 
1049 517 366 24 71 896 43 1328 25 2 96 1947 22 1210 1354 
40 9999 15 761 24 139 24 96 24 96 24 11337 46 217 856 25 1633 19 3760 219 217 
23785 85 106 12 22 571 23786 43 106 1865 
523 237 139 151 532 1088 230 15 303 6639 
1037 24 1529 19 1901 19 139 151 40 400 23787 23788 20 
12916 7 23789 20 7 11569 230 15 11226 1551 220 139 
2964 206 127 14 15 523 8 249 421 567 4830 
1909 24 1443 14 15 333 139 618 400 768 24 720 24 475 24 233 139 683 25 
13504 19 3244 20 630 6551 24 25 130 498 150 139 130 22 
15735 20 139 618 402 25 2 96 15 1443 23790 477 1277 24 
25 477 15741 15 2352 40 15 1162 230 682 24 
23785 17797 349 24 0 15581 352 12 618 226 2230 286 523 
20 25 2 96 15 249 869 91 2363 682 8364 7 412 12494 
164 568 139 413 125 354 22 8116 31 25 2 96 22 445 2353 19 22 
7354 2353 19 585 18824 19 585 11141 1946 19 16419 18 
87 22 6 45 22 3614 24 25 23791 164 608 22 
860 91 1637 1504 1466 14 15 293 24 36 91 
86 71 5234 91 3195 445 313 303 15753 239 21 22 
614 7 312 22 1822 1423 230 217 5234 217 24 25 2 96 22 11067 91 
21457 501 40 7895 23785 17797 220 15 2360 1462 
618 1886 1901 230 682 24 20 25 3144 2 3 23792 40 3857 14207 84 
458 1054 151 3778 40 35 24 
102 7 18 23793 592 575 55 226 885 19 551 24 139 400 217 23794 217 
230 209 12941 14 1642 23795 217 6073 217 23796 20 230 
23797 11 40 22 2295 87 7844 3622 878 1394 24 25 2 96 
15734 24 
217 23798 364 682 217 34 232 23799 27 20 13572 
4459 7 532 6501 20 4862 607 139 369 22 
1062 4251 24 22 498 333 7 21224 20 129 2 96 3693 215 25 230 
11457 91 34 505 71 1192 567 1192 523 24 217 23798 364 682 12 
100 15734 24 
30 45 11831 12 100 519 2174 31 313 1865 43 
1328 24 139 400 11831 35 1052 40 3429 2246 38 15 1824 
1423 1444 24 11831 43 723 21421 23791 15 2352 19 
347 1944 19 40 1286 1240 91 141 248 55 15 95 2 96 
8362 84 4087 84 397 24 641 405 40 20813 15 1049 
517 366 24 934 91 8530 2352 1 2 3 4960 15 217 23800 217 56 878 
7140 60 3622 20 80 1673 23801 6796 631 1552 
2352 71 432 542 24 
133 522 3757 46 
891 23609 12 22 2270 1193 435 374 2050 71 9104 19 
553 2804 10623 22 18 2353 2030 512 12050 24 71 556 
217 8425 333 217 72 1718 43 2246 19 551 219 
313 413 644 23802 14819 14 936 320 354 46 
497 891 
151 313 23726 20 1950 1292 595 239 258 21 665 1277 219 
7 7 1393 91 869 15189 4251 
28 23611 23612 
139 618 151 22 9084 606 14 15 1199 5291 91 139 12599 
226 589 208 23803 14 91 11740 3815 219 25 2643 91 139 518 
234 13406 40 12611 15 43 219 219 219 139 3989 6395 25 23804 
1488 40 1505 682 589 152 40 35 4802 71 22 21862 
88 219 219 219 219 
1856 1235 139 625 19 91 130 15 4316 14 22 21 568 152 
5555 40 6587 15 2729 7276 15818 14 1191 
91 11861 127 129 55 15 1276 219 219 219 1903 19 25 130 585 
588 40 23805 24 20 15 5555 4237 219 219 219 
500 25 221 23806 905 40 19 138 19 12 869 1790 19 862 
3952 19 91 139 1303 91 551 1322 1050 80 541 23807 608 
10961 24 129 80 184 15189 234 5242 1822 1298 219 219 219 219 
129 12 869 217 4866 217 40 541 6302 71 585 1276 
2030 56 14 432 1323 60 91 139 140 390 221 625 3589 905 71 
522 13118 91 12 1254 425 7 7 7 7 7 7 7 7 23610 24 2957 
505 24 5750 354 25 24 20 354 25 24 20 354 25 219 
38 91 71 653 19 23808 391 354 15 4251 23610 19 20 
1505 25 22 4729 354 22 333 219 219 219 219 547 91 4251 19 80 409 
23809 23094 91 34 1254 260 313 40 14627 71 15 
2249 219 
475 7 15915 20 4319 7 71 91 2353 219 313 23810 234 576 
908 449 219 
102 7 566 40 234 23811 24 3693 1880 1731 19 20 
3693 2004 71 344 2549 219 
3876 7 644 1481 313 413 234 17 7136 55 133 2030 
55 15 1276 24 1823 22 23812 133 500 12 4873 20 
500 12 3952 24 
96 7 2529 19 2529 19 2529 24 856 354 25 6852 24 400 221 17 
294 24 
102 7 2836 12 21 585 2518 24 141 569 305 215 869 19 87 
4373 40 35 869 24 220 141 1209 40 156 354 15 4316 1499 
215 313 24 
674 7 429 12 21 1254 71 3606 219 1863 868 40 17 
2485 219 1863 15 23 313 219 
102 7 477 31 25 2001 21 1943 22 13895 19 1254 35 3756 219 
23813 8731 630 71 15 152 159 24 
3876 7 1775 24 23814 18600 868 127 24 5 12 21 221 129 12 
40 3158 219 219 219 219 219 
102 7 4811 868 219 219 219 219 219 219 151 10017 354 500 313 312 24 23813 
1283 35 6302 31 313 23815 219 219 219 219 
133 522 3757 46 
23611 23612 12 22 4808 354 85 18263 14 63 19 2433 14 
23816 10145 2543 19 20 2050 14 15 23817 
2603 354 46 
497 23611 
9998 
23818 3628 211 13703 1393 917 1210 1393 10017 1393 2030 
16519 472 24 24 498 6066 24 24 317 2384 51 23818 
2362 928 323 7 23632 19 258 21 350 55 422 1277 219 
7 7 1393 241 17 43 723 2185 608 869 14 936 6488 
25 2 96 133 333 17 723 916 1943 3650 112 219 
3172 682 230 153 5 558 19 220 139 2 254 416 209 
568 1322 454 230 880 19 91 25 2 96 1499 2330 40 
289 15 2203 558 230 221 40 644 46 
568 313 2 254 416 23819 91 43 723 87 317 2030 
230 904 152 1277 239 390 2 254 416 209 11095 45 23646 1499 
215 313 230 1037 1277 917 230 6169 55 904 141 328 
1463 133 565 40 3311 91 217 3649 4299 217 608 22 217 110 4299 217 
87 23820 22 217 3848 477 217 195 24 
590 19 390 2 254 1102 409 498 3029 230 313 19 390 2 254 1102 22 157 43 
723 16936 87 3645 930 153 540 23821 19 20 
25 2 96 1102 40 35 15 1443 1633 466 230 1943 3650 
45 17 152 3943 317 6660 24 
904 312 313 234 17 723 15604 19 1633 19 31 313 151 
22 43 723 20 313 402 25 5228 608 869 14 15 194 
217 14948 217 6488 19 112 313 328 3989 350 55 
15 351 3906 490 15 2072 6488 20 3429 17 
723 1277 219 
344 24 7562 
349 24 1503 2030 
352 24 2030 833 4688 
364 24 16923 833 6460 
63 24 11494 833 4298 
892 24 2525 
491 24 5055 648 
334 24 3105 2525 
336 24 8882 
345 24 5256 
2282 24 17788 
447 24 6459 833 7966 
332 24 20512 12516 833 2070 
2027 24 11162 
337 24 3029 833 203 
339 24 1423 833 1733 
2348 24 2384 833 3533 
3290 24 15003 833 21070 
658 24 17395 833 4660 19748 
767 24 5251 
275 24 23822 
2286 24 3269 833 15138 
2072 24 11172 2 96 
350 55 15 194 1158 1277 219 20 2019 17 723 608 
22 110 4299 46 
497 2433 
9998 
12 17 43 723 541 1052 28 1276 574 1382 15 
1049 660 313 80 23823 239 904 312 313 625 230 1240 239 
414 902 1277 219 40 125 31 17 6110 43 723 6660 12 
3906 71 15 1747 14 23595 1276 1423 1444 46 
7 7 1393 230 15 17817 71 221 14 928 
15 194 203 12 584 40 1623 1642 14 928 
38 43 2246 40 1286 404 400 14 15 1322 1322 3421 
2070 123 45 23595 24 
497 2701 
7 7 1393 1402 17 43 723 40 23595 1423 1444 
1402 17 723 38 522 157 23 7 333 723 4490 897 46 
7 7 1393 317 2615 38 23595 11740 7164 
643 630 1998 40 17 43 723 239 390 643 40 260 313 323 219 
522 589 2360 2615 203 20 10570 12 
123 45 46 
7 7 1393 260 17 316 
312 313 151 316 87 4724 553 80 55 15 1276 239 
259 19 312 392 5 3395 40 221 17 316 20 
950 7 16891 553 92 35 1189 219 
35 1240 40 392 22 1468 3985 40 206 14 5 2133 2360 
3395 84 590 219 1463 1753 7 258 21 312 25 1277 219 
7021 4507 13697 20 1384 567 333 313 6877 4544 19843 14403 219 
7 7 1393 3411 
5 3395 12 445 40 313 38 12724 449 84 13 
14 15 1468 217 723 217 4490 250 56 96 60 313 569 151 532 
131 19 87 84 22 516 14 17 3411 1225 45 
522 43 723 19 87 1757 313 151 416 11824 28 22 3614 
87 830 605 522 2910 7 71 3395 43 106 24 
40 285 45 5 3395 19 56 553 406 643 40 312 
83 22 642 60 313 413 312 568 28 136 17 43 98 20 
1665 15 1158 46 
344 60 1463 40 295 46 187 187 267 24 23595 24 53 24 2878 187 239 666 211 23824 349 761 23825 
349 60 354 15 4818 14 15 85 106 19 350 55 217 23595 
884 885 217 20 217 2910 7 127 217 19 313 34 1615 22 4005 
286 24 
934 46 4548 40 15 6806 14 286 1998 40 522 18 2701 19 390 
80 184 2505 3515 3411 11095 24 313 34 433 40 400 
15 43 897 40 3409 87 285 24 
16519 472 24 24 498 6066 24 24 317 2384 51 23818 
7 7 1393 234 17 10872 2778 
1189 71 245 1783 230 5 3395 239 
286 262 46 2433 51 23595 24 53 24 2878 20 683 127 904 24 
7 7 1393 3609 14 5 3601 
15 1442 2597 3395 12 22 575 5793 3601 
26 40 530 5969 22454 55 617 3515 1709 
55 15 1276 45 2991 40 2991 24 
15 1442 2597 3395 12 869 14 15 3587 4829 
123 55 15 43 5160 55 5 1795 24 25 12 644 
10145 28 422 15752 19 3503 17817 20 2603 16936 24 
354 303 16434 19 522 16609 2901 23826 4314 46 
5389 1413 80 18722 
983 1413 80 11171 
5605 1413 80 1171 87 16619 
274 1413 80 1171 40 2349 
3290 1413 80 2287 20 2123 
1705 1413 467 15 1276 45 505 
2287 1413 467 15 1276 45 85 
892 1413 467 15 1276 45 22 2517 
349 1413 467 15 1276 45 22 316 269 
893 1413 151 532 15 1276 230 344 1193 87 2907 
11168 1413 151 532 15 1276 230 630 631 344 1193 
2064 1413 151 8720 320 422 15 1276 23820 421 
3327 1413 6609 2359 320 422 15 1276 
9009 1413 151 6279 631 1550 23827 88 
7 7 1393 4008 833 11188 
15 1442 2597 12 4008 56 768 60 59 19 4390 23596 23597 
23595 2878 19 23595 19389 19 23595 9338 20 23595 2116 80 
610 56 3876 60 11188 56 8729 60 24 141 569 21 35 532 908 
12724 45 15 17671 14 15 23595 4008 24 
23595 12 4028 71 15 440 91 25 34 35 2174 19 
220 908 432 14052 213 908 477 15 15980 14052 14 
15982 87 15983 230 22 1095 624 24 
15 3619 14 5 3395 312 21 591 5900 15 
3992 14 23595 24 23595 3243 184 15981 19 449 
2984 87 15980 19 133 15 3952 87 4955 14 15 
3619 14 15 23595 217 15 1442 2597 217 3395 24 
252 