Subject: 37 46 494 14548 497 14548 1462 344 24 0 2029 
192 295 46 187 187 15061 24 3539 24 53 187 1188 187 1094 187 15062 24 10481 
11623 24 15 4894 1277 1886 230 682 136 15 2135 59 1462 14 
15048 56 853 15063 60 24 
1815 19 
6269 24 
211 211 211 211 211 211 211 9119 560 24 15049 
4054 14 1188 3130 833 1865 
3528 648 5412 
14656 11128 19 3577 24 
6269 24 15049 51 14656 24 53 
2362 522 1276 723 354 295 46 187 187 267 24 14656 24 53 
432 107 2984 71 5 6 80 1642 14 15 3504 
2310 19 533 240 15 2310 1204 1132 206 40 35 
15 107 14 14656 883 24 
7 7 7 7 7 7 7 7 7 7 7 7 7 7 7 7 7 7 7 7 7 7 7 7 7 7 5085 9998 7 7 7 7 7 7 7 7 7 7 7 7 7 7 7 7 7 7 7 7 7 7 7 7 7 268 7 268 192 
611 17 2030 43 723 17 405 1277 354 15015 24 53 24 
25 2 96 15 1504 19 1797 405 40 234 317 19 40 4480 17 2030 19 
20 40 11638 17 320 20 2070 24 665 15015 24 53 1277 24 
40 132 22 6 19 146 25 40 46 14548 51 5085 24 53 
40 285 19 146 22 3410 6 40 46 14548 7 285 51 5085 24 53 