Subject: 15 3660 2035 230 1500 4625 
1286 2287 1413 18487 3128 6681 219 
14057 2259 46 
12 15 1182 1310 23910 23911 1943 313 4557 239 
927 15 4504 40 5793 24 1286 2287 1413 18487 219 219 219 
8731 422 352 1413 4048 910 3128 6681 
5632 23912 13553 24 219 219 219 
313 3274 1243 7 422 7 352 1413 4048 24 
6041 500 14855 151 416 329 230 14325 24 
12522 15 4910 833 23913 14 3128 
6681 5632 23912 13553 24 
1221 928 230 17 217 1468 217 71 7 3845 203 2341 24 
391 608 522 1483 1868 38 22 427 14 2287 1413 18487 7 8731 422 352 1413 4048 
211 211 211 211 211 211 211 211 211 211 211 211 211 211 211 211 211 211 211 211 211 211 211 211 211 211 211 211 211 211 211 211 211 211 211 211 211 211 211 211 211 211 211 211 211 211 211 211 211 211 211 211 211 211 211 211 211 211 211 211 211 211 211 211 211 211 211 211 211 211 211 211 211 211 211 211 40 35 7604 45 522 217 71 8900 217 884 885 
262 46 4458 51 12781 3864 24 53 
20 313 34 27 35 7604 45 3655 8719 24 
313 151 1121 5 286 28 449 4898 630 203 
55 869 14 522 1191 87 1176 569 151 532 17 286 86 24 
31 313 1121 5 286 71 236 19 259 3698 522 1774 24 
56 432 6548 40 17829 15 15626 286 86 99 24 19 34 21 1623 928 40 
35 450 40 3837 20 154 15 4458 454 24 60 