Subject: 494 14548 497 14548 20 14593 7141 
662 221 46 
413 3195 165 682 241 14548 400 15 419 7141 56 217 2196 
401 217 60 20 1841 15016 84 14593 239 20 3028 15 7141 
237 452 2977 19 4624 19 99 24 24 406 313 602 390 2454 
15 14586 6842 56 295 46 187 187 267 24 14586 24 1583 187 14548 187 14954 187 60 239 
404 15017 
9473 15018 
1336 6098 
3437 24 53 
15 4803 1799 1747 
7 7 7 7 7 7 7 7 7 7 7 7 7 7 7 7 7 7 7 7 7 7 7 7 7 7 5085 9998 7 7 7 7 7 7 7 7 7 7 7 7 7 7 7 7 7 7 7 7 7 7 7 7 7 268 7 268 192 
7699 19 12589 19 6084 19 1998 833 630 219 
467 15019 45 432 2482 24 230 630 880 2362 46 
40 132 22 6 19 146 25 40 46 14548 51 5085 24 53 
40 285 19 146 22 3410 6 40 46 14548 7 285 51 5085 24 53 