Subject: 2801 2807 494 12884 213 1188 213 4032 7 66 187 447 187 4390 497 
2801 2807 494 12884 213 1188 213 4032 7 66 187 447 187 4390 497 
211 211 211 211 211 211 211 211 211 211 211 211 211 211 211 211 211 211 211 211 211 211 211 211 211 211 211 211 211 211 211 211 211 211 211 211 211 211 211 211 211 211 211 211 211 211 211 211 211 211 211 211 2801 2807 3395 
3401 447 19 4390 
2436 24 349 19 134 337 
124 19 412 19 20 2151 230 847 2768 7 1387 1885 24 
433 25 239 234 25 24 
211 211 211 211 211 211 211 211 211 211 211 211 211 211 211 211 211 211 211 211 211 211 211 211 211 211 211 211 211 211 211 211 211 211 211 211 211 211 211 211 211 211 211 211 211 211 211 211 211 211 211 211 208 19 22 3524 1610 313 40 221 14 313 553 1106 522 94 303 
2991 24 5 3395 2433 12 4231 7 568 7 1871 40 151 3274 45 568 1322 
14 313 219 
31 313 2410 1499 12885 905 40 17 4944 4441 14 5 
3395 19 35 1240 40 414 127 15 872 642 5 2991 24 258 239 1573 
4441 5447 12886 7 3617 1336 56 12887 19 71 15 542 14 1188 60 
313 1950 2 3 643 40 10900 24 45 15 12884 12888 71 15 4786 4819 19 40 
15 169 7 3117 1076 71 15 845 4819 19 20 55 40 15 11634 
10006 2443 71 15 1188 4819 19 313 2 37 1240 40 12262 3029 3604 
12889 24 
15 2801 2807 394 
4815 51 928 24 2801 24 53 
475 24 96 24 3413 55 4816 40 87 4817 45 5 
3395 80 354 15 4818 24 
211 211 211 211 211 211 211 211 211 211 211 211 211 211 211 211 211 211 211 211 211 211 211 211 211 211 211 211 211 211 211 211 211 211 211 211 211 211 211 211 211 211 211 211 211 211 211 211 211 211 211 211 3658 14 3619 
211 211 211 211 211 211 211 211 211 211 211 211 211 211 211 211 211 211 211 211 211 211 211 211 211 211 211 211 211 211 211 211 211 211 211 211 211 211 211 211 211 211 211 211 211 211 211 211 211 211 211 211 3955 14 15 2991 1393 12884 6527 
4786 1393 12884 19 1509 19 1508 858 
1188 4819 1393 1188 4934 19 1206 19 20 2033 
288 4819 1393 7665 
2801 3105 857 1393 12890 12891 38 8807 12892 
2801 6700 230 102 7 2030 1393 3105 5464 
845 4819 1393 169 7 3117 1272 
2443 3123 1393 855 19 3670 19 43 3130 19 43 2070 
133 5 3395 1393 3411 880 20 4825 
211 211 211 211 211 211 211 211 211 211 211 211 211 211 211 211 211 211 211 211 211 211 211 211 211 211 211 211 211 211 211 211 211 211 211 211 211 211 211 211 211 211 211 211 211 211 211 211 211 211 211 211 3955 14 15 2991 1393 12884 6527 
46 46 46 324 12884 6527 230 4786 46 46 46 
5 1468 19 4925 7 12893 3955 4077 313 40 761 10627 
1832 56 12884 60 6527 46 904 40 611 19 1384 19 368 19 20 597 15 
3115 391 20 1303 14 15 12884 1832 24 1505 5 3955 
20 112 11853 12884 40 2185 17 4803 1299 2812 24 
211 211 211 211 211 211 211 211 211 211 211 211 211 211 211 211 211 211 211 211 211 211 211 211 211 211 211 211 211 211 211 211 211 211 211 211 211 211 211 211 211 211 211 211 211 211 211 211 211 211 211 211 4786 1393 12884 19 1509 19 1508 858 
46 46 46 666 15 2807 12884 6527 8683 219 46 46 46 
597 17 404 443 4768 219 12894 12895 34 35 12896 230 15 
404 2191 12439 213 15 208 578 12439 34 35 11850 40 3416 24 
12439 1515 35 3305 28 569 344 19 4390 24 125 15 1888 2902 230 
221 15 2224 354 46 
46 46 46 2892 1509 46 2918 4786 12897 19 13 349 46 46 46 
644 15 1307 8356 14 4851 2 96 550 7 13 2417 55 11072 
17 12898 40 585 12897 1307 6806 24 
46 46 46 1508 858 230 15 169 12899 46 46 46 
234 12900 38 1181 12901 1677 19 20 1771 15 404 124 
230 245 19 4207 19 20 11100 22 1508 852 24 
46 46 46 157 2629 46 46 46 
15 3105 4159 230 12853 19 2775 2776 84 12854 19 1637 
3645 40 611 288 1054 91 11658 15 1336 14 
22 43 106 24 22 4786 1462 12 1277 123 56 300 6281 491 213 2801 288 349 19 
1462 344 24 352 60 19 20 15 458 1885 12855 151 416 6668 24 
211 211 211 211 211 211 211 211 211 211 211 211 211 211 211 211 211 211 211 211 211 211 211 211 211 211 211 211 211 211 211 211 211 211 211 211 211 211 211 211 211 211 211 211 211 211 211 211 211 211 211 211 1188 4819 1393 1188 4934 19 1206 19 20 2033 
46 46 46 404 14 1639 219 46 46 46 
3645 5007 1188 869 71 6963 303 3175 12902 4925 2 96 1188 4819 
84 15 404 1188 2770 55 15 43 71 15 343 2 96 404 14 1639 
8683 24 40 683 127 630 133 15 404 14 1639 1123 20 1188 869 19 
2362 46 
295 46 187 187 267 24 12903 24 53 187 6963 
46 46 46 1188 4934 46 46 46 
71 458 343 3029 19 391 230 630 3200 5 2991 45 15 1188 
4934 71 157 4389 24 390 2 1278 35 1791 7696 3200 40 522 
343 7 12904 4360 24 391 230 9435 4888 14 4623 
461 2126 2991 24 
46 46 46 1337 43 1328 38 1206 20 288 46 46 46 
5 2203 11870 550 2667 40 2805 1337 43 1328 38 288 
20 1206 28 909 166 7 199 1917 45 22 288 149 7 2249 
930 40 585 1206 4894 532 40 10972 15 43 106 24 15 3789 
412 10128 15 400 14 15 12905 251 20 22 1332 
251 19 173 904 40 400 377 1917 71 12844 2783 24 
46 46 46 4798 14 15 2991 46 11072 45 2033 46 46 46 
150 313 433 3227 87 12906 246 45 2033 19 2454 4841 4842 2 96 
3413 230 904 40 2019 2033 6028 40 3227 20 12906 40 
1623 1609 38 1054 91 312 21 400 2033 24 15 412 
12603 6172 904 40 2019 45 2033 40 585 246 214 230 
400 28 3227 20 904 40 2019 45 2033 40 12906 24 
211 211 211 211 211 211 211 211 211 211 211 211 211 211 211 211 211 211 211 211 211 211 211 211 211 211 211 211 211 211 211 211 211 211 211 211 211 211 211 211 211 211 211 211 211 211 211 211 211 211 211 211 288 4819 1393 7665 
46 46 46 853 17 1685 288 7 1387 12907 46 46 46 
2069 3935 12908 12909 2655 5 288 1272 1089 
71 15 6911 8564 4774 8683 7 7 20 1950 1624 1709 219 71 5 
2203 72 4836 556 12886 7 3617 1089 19 237 2105 12910 
2007 1272 55 7613 19 4802 7665 127 14 15 
3936 20 608 15 7136 14 7171 288 6099 24 
46 46 46 157 10654 46 46 46 
10530 1415 352 763 19 22 352 763 1002 7735 11579 888 19 3185 15 1585 288 888 
1194 84 585 12911 2341 24 
1502 11363 10 11651 12 22 288 523 230 
7342 14 12606 1502 11363 10 1698 28 15 
1502 3434 56 12856 60 851 14 9190 187 10575 24 
211 211 211 211 211 211 211 211 211 211 211 211 211 211 211 211 211 211 211 211 211 211 211 211 211 211 211 211 211 211 211 211 211 211 211 211 211 211 211 211 211 211 211 211 211 211 211 211 211 211 211 211 2801 3105 857 1393 12890 12891 38 8807 12892 
46 46 46 1514 12890 12891 38 4896 8807 12892 46 46 46 
1715 22 4786 7 12912 12913 2613 1505 313 910 15 154 14 
1514 19 12914 19 20 6846 43 1328 136 2801 4896 
8807 12892 230 4786 24 
46 46 46 4896 8350 957 1177 2988 46 46 46 
46 46 46 288 855 4895 230 102 7 2030 46 46 46 
46 46 46 8672 11147 38 12915 2419 46 46 46 
211 211 211 211 211 211 211 211 211 211 211 211 211 211 211 211 211 211 211 211 211 211 211 211 211 211 211 211 211 211 211 211 211 211 211 211 211 211 211 211 211 211 211 211 211 211 211 211 211 211 211 211 2801 6700 230 102 7 2030 1393 3105 5464 
46 46 46 6700 230 102 7 2030 1468 3105 5464 46 46 46 
5 4446 2030 7 10394 3955 5464 4077 313 40 15 2801 
6700 230 102 7 2030 20 1523 12916 11569 40 4553 313 910 
15 6700 1885 4159 24 6700 230 102 7 2030 413 260 313 
7021 17 102 7 2030 1885 4204 20 11913 40 1310 
4087 24 
211 211 211 211 211 211 211 211 211 211 211 211 211 211 211 211 211 211 211 211 211 211 211 211 211 211 211 211 211 211 211 211 211 211 211 211 211 211 211 211 211 211 211 211 211 211 211 211 211 211 211 211 845 4819 1393 169 7 3117 1272 
46 46 46 12917 910 1368 46 46 46 
2454 15 845 1368 12918 19 237 1252 15 654 
4280 71 169 7 3117 1272 45 15 3656 14 
12919 40 15 3656 14 43 2070 24 
46 46 46 208 2917 313 151 22 614 46 46 46 
169 7 3117 6099 20 10 7 3117 19 7568 7 1367 
6099 1947 151 22 1609 10513 24 11345 12607 11870 
2667 14 12920 15 169 7 10 2008 24 
46 46 46 12921 22 400 542 46 46 46 
22 564 14 499 1515 1463 608 15 1511 14 22 6630 2174 400 542 24 
12786 12922 12923 556 2592 19 556 400 7 542 2057 19 20 556 
1322 1037 14 2152 71 5 3175 2 96 7574 55 15 4032 1865 
154 24 
211 211 211 211 211 211 211 211 211 211 211 211 211 211 211 211 211 211 211 211 211 211 211 211 211 211 211 211 211 211 211 211 211 211 211 211 211 211 211 211 211 211 211 211 211 211 211 211 211 211 211 211 2443 3123 1393 855 19 3670 19 43 3130 19 43 2070 
46 46 46 855 7 7 12924 19 13 349 46 46 46 
71 557 2454 7 593 2203 55 12924 19 12925 12926 1116 55 15 
1266 1216 123 7 7 12802 2758 19 2644 19 20 12927 
7736 24 3108 4875 15 6781 20 6782 14 1573 19 84 590 84 1120 
7877 19 12928 19 4895 19 20 9018 24 
46 46 46 3670 7 7 15 12929 864 19 13 349 46 46 46 
234 22 2337 391 354 12929 71 15 1624 13 14 6269 12930 2 96 
3656 40 5 847 7 848 850 230 12931 127 20 
7741 12867 11 24 
46 46 46 43 3130 7 7 1162 7 1460 2315 1781 46 46 46 
618 413 2 3 1929 455 40 400 12932 1447 19 1449 12933 19 87 288 
327 230 17 2126 43 1885 1258 239 2787 12934 1955 22 
1460 7 28 7 1460 8407 38 12935 848 412 91 2346 313 
45 15 1443 1790 1162 7 1460 1447 910 169 8355 40 
22 1633 43 12936 24 
46 46 46 43 3130 7 7 3660 17 106 38 2319 46 46 46 
551 1322 3346 618 4103 55 5808 230 43 1336 91 406 
505 1301 38 2319 24 948 12812 4836 15 8076 14 
2319 20 3721 313 904 40 1286 15 1443 14 206 24 
46 46 46 43 2070 7 7 4592 19 3401 364 7 767 46 46 46 
1265 375 20 234 15 12937 45 1110 24 12875 12876 19 3528 12877 
230 2801 43 2070 124 24 1110 24 12876 12 12938 5 4446 
317 4592 55 3123 3263 45 1038 43 2070 2030 
1047 40 43 250 12939 24 40 3429 40 5616 19 1499 350 
15 4592 1146 1291 2443 2444 55 15 43 2070 4768 106 24 
46 46 46 157 43 2070 2629 46 46 46 
11691 2070 957 12 22 1885 2581 40 2184 15 
1511 19 4904 19 20 1904 14 43 2070 24 
211 211 211 211 211 211 211 211 211 211 211 211 211 211 211 211 211 211 211 211 211 211 211 211 211 211 211 211 211 211 211 211 211 211 211 211 211 211 211 211 211 211 211 211 211 211 211 211 211 211 211 211 2807 20 313 
46 46 46 234 2778 219 46 46 46 
643 40 205 230 928 239 151 585 1354 133 585 2203 313 2 763 215 40 125 
55 522 723 239 1499 1715 928 625 20 390 2 1278 125 500 390 413 312 24 
211 211 211 211 211 211 211 211 211 211 211 211 211 211 211 211 211 211 211 211 211 211 211 211 211 211 211 211 211 211 211 211 211 211 211 211 211 211 211 211 211 211 211 211 211 211 211 211 211 211 211 211 433 630 239 234 630 219 1393 1175 2088 
46 46 46 2807 2246 46 46 46 
4925 46 295 46 187 187 267 7 1979 24 2801 24 53 187 2807 187 239 1565 7 12940 
4925 2096 46 295 46 187 187 267 24 2801 24 53 187 2807 187 4927 
4925 4928 46 295 46 187 187 267 24 2801 24 53 187 2807 187 4929 
4925 4930 46 295 46 187 187 267 24 2801 24 53 187 2807 187 4931 
46 46 46 1175 2246 46 46 46 
2813 46 295 46 187 187 267 24 2813 24 2801 24 53 187 3836 24 1111 187 239 847 833 12940 4932 
4933 46 295 46 187 187 267 24 3105 24 2801 24 53 187 4934 187 4935 24 2610 
4936 3105 857 46 295 46 187 187 267 491 24 30 24 2801 24 53 187 4937 24 1111 187 
4896 3105 857 46 295 46 187 187 267 491 560 24 4938 24 2801 24 53 187 4939 187 
4940 46 295 46 187 187 267 24 3105 24 2801 24 53 187 
211 211 211 211 211 211 211 211 211 211 211 211 211 211 211 211 211 211 211 211 211 211 211 211 211 211 211 211 211 211 211 211 211 211 211 211 211 211 211 211 211 211 211 211 211 211 211 211 211 211 211 211 133 5 3395 
211 211 211 211 211 211 211 211 211 211 211 211 211 211 211 211 211 211 211 211 211 211 211 211 211 211 211 211 211 211 211 211 211 211 211 211 211 211 211 211 211 211 211 211 211 211 211 211 211 211 211 211 40 3409 19 1463 40 46 
40 285 19 146 585 102 7 18 40 46 
5 3395 4941 28 4942 19 4943 102 7 18 4829 19 
4805 19 20 3629 55 17 4944 3123 24 
295 46 187 187 267 24 4942 24 53 
230 1318 87 375 3028 15 3984 14 5 
3395 19 259 146 102 7 18 40 46 
262 46 4925 7 379 51 234 24 4942 24 53 
390 2 37 1189 71 500 313 151 40 1564 133 15 2807 
723 24 40 2529 22 3070 19 2362 46 
40 2333 2801 2 96 4945 2472 19 2362 46 
295 46 187 187 267 24 2801 24 53 187 4945 187 
40 2333 2801 2 96 4008 20 4946 203 19 2362 46 
295 46 187 187 267 24 2801 24 53 187 4009 187 4947 24 4948 
2032 584 4949 40 5 930 80 230 4950 
4951 249 24 15 203 369 328 21 35 4952 40 35 22 
4953 55 15 13 14 2801 20 2801 399 4954 15 4955 14 
432 203 4857 1279 15 61 14 3601 24 15 166 
4956 15 2754 4204 84 40 15 4955 20 15 400 14 5 
2022 24 15 2807 3395 569 35 4957 20 4028 
54 40 15 194 2147 46 
344 24 221 11 1515 35 4957 908 4958 20 221 1328 1515 35 
2461 24 
349 24 221 4959 1515 4960 2801 2 96 4008 1362 20 432 458 
4961 584 4962 24 
352 24 5 2022 569 21 35 4028 230 110 