Subject: 37 46 12337 166 45 2893 55 12338 12339 
192 129 130 22 1730 14 136 15 3101 56 60 251 14 15 
192 645 38 15 370 14 15 166 20 150 15 166 4912 1794 4458 
192 5 6343 24 31 22 166 997 40 348 55 19 29 208 12340 71 15 
192 3078 84 40 455 72 12 437 12341 55 24 
192 
192 5 34 505 2550 230 682 71 221 220 869 195 230 682 24 31 15 166 
192 2311 15 98 1878 
192 631 2893 127 19 15 429 34 35 618 129 71 15 197 3078 24 
192 129 130 22 1730 133 136 15 3986 251 14 15 1844 40 
192 4458 5 6343 24 220 139 399 312 5 100 19 1594 3986 34 35 
192 2301 150 139 350 1626 2088 84 869 1844 12 1861 405 40 
192 641 24 500 312 139 312 71 5 542 239 
312 21 400 15 3986 251 14 15 1844 24 500 313 413 312 12 91 313 413 
168 15 109 169 71 15 12342 3078 20 112 414 31 129 12 22 
109 169 
71 15 3078 1696 40 15 900 24 313 413 112 414 455 15 
109 
6656 28 15 109 169 12 469 56 60 87 21 20 6029 2364 
15 1420 24 
192 
192 129 130 100 22 1730 40 1580 109 12343 24 241 5 1744 
192 91 139 151 545 15 251 14 15 109 169 40 
192 22 1095 333 12344 24 477 31 139 545 91 19 904 241 25 4458 15 
192 1805 2643 6343 45 15 3078 1279 15 10397 14 15 109 24 
139 402 313 328 545 15 109 235 429 87 1715 15 3677 429 35 
129 24 
139 402 500 313 80 596 133 15 6343 12345 71 15 3078 230 
12346 12 232 24 24 
15 3696 230 5 569 35 84 2024 24 
611 22 670 237 2051 15 897 24 55 
1511 14 5 169 
407 25 15 166 370 20 12347 40 15 645 20 168 25 71 15 
109 28 6801 15 194 878 240 15 166 4912 71 24 24 
109 24 3101 56 217 10515 217 19 157 521 56 370 19 3079 56 60 60 60 213 
187 187 15 370 328 35 419 84 15 1062 532 230 1360 15 6343 71 15 
187 187 3078 24 
150 15 109 546 19 15 12348 56 24 24 60 251 12 540 
20 15 2235 14 5 251 12349 15 
513 6343 45 15 3078 24 1292 215 15 412 462 490 
3180 288 24 3181 24 1192 213 
3180 3184 24 197 24 1192 213 
3180 3184 24 197 24 295 24 1192 213 
670 521 2051 
1586 
1389 521 56 162 370 19 645 3078 60 
1586 
5 24 370 211 370 213 
5 24 3078 211 3078 213 
1589 
1389 2569 12350 56 11259 60 
1586 
187 187 3693 40 312 902 
1589 
1389 2569 12348 56 11259 60 
1586 
187 187 4458 15 109 6343 45 15 3078 
3078 24 12351 56 370 60 213 
1589 
2037 162 370 213 
2037 645 3078 213 
1589 
139 151 255 5 55 1578 20 25 1886 219 219 
12352 19 
12353 
40 285 19 146 286 40 287 51 288 24 264 24 53 20 289 71 15 290 
14 15 6 217 291 197 7 292 217 24 
293 46 295 46 187 187 293 24 288 24 264 24 53 187 293 187 197 7 292 24 298 
294 46 295 46 187 187 288 24 264 24 53 187 320 187 197 187 321 7 294 24 298 
287 260 46 295 46 187 187 267 24 296 24 53 187 297 187 166 187 166 24 298 