Subject: 37 46 1844 2580 215 22 197 
192 192 192 2589 674 345 7 1618 7 335 344 46 2619 46 2620 340 192 192 192 
192 192 193 19 
192 192 139 406 215 40 625 904 139 413 2591 15 1831 7 1162 
2592 
192 192 568 91 15 1831 56 1844 60 413 35 939 944 14 1551 
2593 24 
192 192 2594 2595 1209 2596 1292 40 5 2597 71 869 14 15 
1814 
192 192 71 15 293 20 139 244 1189 71 2598 31 470 255 25 
127 24 
192 192 20 31 129 12 22 2599 7 295 1162 91 139 518 400 230 1758 
153 55 
192 192 1854 1832 24 
1529 24 24 24 139 151 225 25 56 2621 2622 20 221 91 60 24 
25 1985 500 313 643 40 400 25 230 24 24 24 2210 585 295 1162 
1220 15 1844 1832 12 397 220 2623 28 15 
855 2624 2625 55 15 1844 1832 24 71 1095 
313 1515 420 15 2626 91 585 1844 413 249 611 22 
1932 40 15 2627 91 25 2628 45 24 5 2001 91 313 1515 1254 
151 22 1162 91 525 15 2629 14 15 1844 20 859 221 
15 1844 2 96 1162 2 96 454 24 
139 532 25 40 530 22 2630 187 2631 29 136 295 20 2632 
2633 24 150 15 166 2634 72 532 22 132 40 22 197 24 24 24 150 
129 130 2630 40 2635 15 1162 445 585 295 132 199 40 15 
1844 2 96 197 1424 38 15 10 24 15 1844 1209 467 40 15 
197 233 139 532 1293 7 2636 56 2637 585 1236 1462 
631 12 123 1277 60 237 12 2638 20 1637 313 40 368 
327 91 80 2639 2082 24 
84 1486 84 2586 901 80 2640 5 413 35 225 
233 327 413 400 295 187 344 24 344 856 7 2641 40 2642 901 
847 24 
84 139 2643 71 15 132 55 15 885 2082 138 19 2644 1343 
12 15 1062 24 22 2644 92 21 2645 2646 901 55 
449 1460 14 25 24 
503 19 31 313 151 22 1162 1220 15 1844 1832 313 413 
234 2647 40 2586 2648 56 220 38 22 1502 877 60 1499 
136 1039 383 20 128 295 24 
2649 19 934 91 1439 2638 197 7 1162 313 400 25 2 96 
2650 40 35 1306 2651 20 1673 1505 333 40 368 608 15 
98 24 
192 5 12 1443 1596 225 136 15 2036 288 2044 
192 84 40 17 1624 1528 19 139 2 1338 21 1240 258 313 406 643 40 400 
192 641 1713 458 631 15 869 91 175 38 1758 24 
313 92 643 40 312 5 233 15 1758 1162 12 21 1596 
2638 24 
2594 2595 
40 285 19 146 286 40 287 51 288 24 264 24 53 20 289 71 15 290 
14 15 6 217 291 197 7 292 217 24 
293 46 295 46 187 187 293 24 288 24 264 24 53 187 293 187 197 7 292 24 298 
294 46 295 46 187 187 288 24 264 24 53 187 320 187 197 187 321 7 294 24 298 
287 260 46 295 46 187 187 267 24 296 24 53 187 297 187 166 187 166 24 298 