Subject: 494 2774 497 157 2128 14 2122 56 2775 2776 84 2777 60 
662 19 
139 151 1499 1516 22 157 2128 14 2122 56 2775 2776 84 
2777 60 24 5 12 22 288 852 91 413 35 532 40 1165 
2111 7 2352 24 25 12 2778 1291 22 2779 24 
313 413 683 630 880 55 226 723 46 
295 46 187 187 267 24 2121 24 53 187 2122 187 
1323 684 19 
2340 2121 
234 17 2037 19 1468 286 354 295 46 187 187 267 24 2038 24 53 
40 285 19 146 286 40 287 51 288 24 264 24 53 20 289 71 15 290 
14 15 6 217 291 197 7 292 217 24 
293 46 295 46 187 187 293 24 288 24 264 24 53 187 293 187 197 7 292 24 298 
294 46 295 46 187 187 288 24 264 24 53 187 320 187 197 187 321 7 294 24 298 
287 260 46 295 46 187 187 267 24 296 24 53 187 297 187 166 187 166 24 298 