Subject: 3539 2 96 22331 2030 12964 219 
15 3952 12 2672 93 24 24 24 24 
927 15 14038 13406 14589 930 24 24 24 1920 2355 24 335 273 4024 219 
1192 1468 1192 17925 20 3484 6261 40 336 273 30 1298 219 
1192 1468 1192 43 12938 20 337 273 19071 26 43 1328 219 
1192 1468 1192 2203 18951 3539 2 96 22331 17469 230 85 1387 
2030 20 1276 3400 219 
2362 46 
295 46 187 187 267 24 22332 24 1442 187 268 22333 
1797 869 4729 15626 3413 24 24 
211 211 211 211 211 211 211 211 211 211 211 211 211 211 211 211 211 211 211 211 211 211 211 211 211 211 211 211 211 211 211 211 211 211 211 40 35 7604 45 879 8719 
423 350 15 351 490 5 878 
1586 31 17 98 241 21 1845 15 1805 15626 1158 
423 3170 20 3171 15 1805 351 608 17 98 1589 
61 187 12448 46 552 187 3469 187 59 275 46 66 46 1561 