Subject: 157 7 22015 102 7 8350 2603 
12541 15 157 22015 43 723 24 
22015 7 15 25 4994 
7 968 7 422 22016 320 
7 221 17 25 4069 1291 869 16985 
7 968 7 4532 401 
7 22017 
7 22018 
7 22019 7 22020 
24 24 24 22021 19 10951 19 7563 19 3456 1216 24 24 24 
7 968 7 895 8032 
7 6668 6852 
7 968 7 2915 317 2358 
7 1797 869 4729 154 
7 968 7 22022 
7 2616 217 17 217 3022 29 
7 968 7 5666 6066 
7 15 2360 2443 2444 45 4042 10207 
7 968 7 3395 
7 3429 55 15 2603 20 1615 2782 161 
133 2443 2444 19 269 3029 20 3055 4259 
7 968 7 383 928 
7 390 151 3055 833 8751 5706 1546 40 2184 
31 313 413 2 3 683 500 313 433 
2362 928 317 51 267 24 22015 24 950 24 2116 
22015 883 24 
4111 22023 4469 19 22024 8933 19 22025 19 22026 4700 2027 63 8660 
2390 46 22027 22028 280 46 22027 22029 
286 46 262 46 880 51 22015 24 950 24 2116 
43 46 267 24 22015 24 950 24 2116 
313 34 21 1615 432 879 11095 45 22015 
1602 313 3429 55 15 2603 24 