Subject: 37 46 659 660 661 22 197 24 24 24 56 12091 740 40 2553 236 60 
12092 4170 19 
825 8487 740 695 10659 4182 699 10468 742 10687 5322 707 211 767 
12093 12094 24 
12095 40 12096 12097 197 3073 24 
12098 804 717 12099 805 717 5322 12100 10739 10758 12101 737 211 767 
755 12102 9071 40 10758 703 1026 10663 197 24 742 211 767 
12103 12104 713 12105 12106 12107 12108 24 
40 197 713 12109 9071 40 659 5322 12110 24 5322 12111 211 767 
12112 720 680 56 60 24 
9071 713 707 12113 12114 12115 707 40 12116 24 12117 489 703 1026 211 767 
12118 1722 975 10734 12119 975 197 717 12120 219 
12105 12121 706 12122 12123 742 12124 40 12096 699 12113 5322 12105 12125 709 40 12126 24 
12127 12128 682 40 12096 213 
12129 782 12130 789 761 24 12131 239 12132 782 12130 975 740 1026 826 211 767 
12133 24 
12134 
12134 12135 
1885 7458 271 
688 96 24 22 24 
475 24 968 24 1146 3047 
837 19 12136 
838 
1149 24 273 2391 12137 
280 24 273 2391 12138 
7 7 7 7 7 443 6 7 7 7 7 7 
45 46 685 102 24 686 494 495 46 687 51 688 24 689 497 
445 46 211 763 0 211 102 344 211 766 344 211 102 344 211 766 352 211 3321 211 102 63 211 766 63 211 2166 19 275 211 768 336 211 102 344 211 769 211 770 211 766 63 211 102 344 211 766 344 211 771 211 770 211 766 63 59 349 46 447 211 765 211 765 
40 46 12134 12135 
54 46 4574 46 659 660 661 22 197 24 24 24 56 12091 740 40 2553 211 767 
236 60 
7 7 7 7 7 443 6 7 7 7 7 7 
45 46 761 24 674 24 762 494 262 46 839 51 840 24 836 24 689 497 
445 46 388 19 331 275 19 59 344 46 5585 340 
40 46 685 102 24 686 
54 46 37 46 659 660 661 22 197 24 24 24 
12139 5497 19 
12140 12141 709 10701 12142 427 12143 727 695 671 239 12123 1026 
3848 2059 239 40 672 780 671 56 60 5322 10700 709 40 699 352 12144 10167 2 12084 
352 12145 24 585 12146 56 12147 789 60 10734 12123 12148 709 12149 24 24 24 
827 
828 762 19 
829 830 19 
831 14 832 833 834 
835 836 
837 19 838 
839 51 840 24 836 24 689 
55 1866 19 767 58 59 19 685 102 24 686 191 46 
192 662 663 19 
192 
192 5 236 222 15 664 333 139 665 40 666 22 197 24 
192 
192 659 660 667 46 288 24 668 24 669 46 56 670 46 
192 19 251 46 671 672 46 
192 56 12150 187 197 187 295 187 2824 213 12150 187 197 187 295 187 12151 
192 673 213 60 674 60 675 676 14 677 87 678 
192 
192 25 679 91 15 680 56 60 251 12 21 681 354 221 24 
192 413 470 260 682 40 683 500 92 15 614 35 239 
192 
192 404 684 
192 
192 685 686 
192 
192 286 46 687 51 688 24 689 
192 
192 
192 40 285 19 146 286 40 287 51 288 24 264 24 53 20 289 71 15 
290 
192 14 15 6 217 291 197 7 292 217 24 
192 
192 293 46 295 46 187 187 293 24 288 24 264 24 53 187 293 187 197 7 292 24 298 
192 294 46 295 46 187 187 288 24 264 24 53 187 320 187 197 187 321 7 294 24 298 
192 287 260 46 295 46 187 187 267 24 296 24 53 187 297 187 166 187 166 24 298 
192 