Subject: 37 46 1758 20 1667 344 24 352 20 855 
193 12409 
5 12 15 588 91 139 1102 45 264 374 379 24 25 415 1708 230 
682 20 641 135 24 139 2 1278 3985 5 40 15 885 24 
684 
1518 
193 1518 19 
259 683 4323 22 3985 14 15 288 24 855 1183 139 532 
40 2533 2037 11814 40 505 38 15 288 43 1162 349 24 0 24 
5 12 15 869 237 12 2452 38 15 10602 91 175 38 
12410 349 24 0 24 
40 1286 25 505 313 34 433 40 3985 5 1183 608 15 
288 479 85 187 10602 187 1714 187 855 1733 24 
139 406 2012 91 313 1505 22 3985 14 15 443 24 313 413 112 
3730 15 12411 24 
15 614 222 150 313 400 22 10602 1462 91 175 38 15 157 
1386 4445 91 12 1843 84 22 3791 1382 
12412 7 1415 45 1386 10 855 19 483 24 
5 1386 4445 12 3832 71 15 855 2554 1183 20 12 
610 4229 187 15 2660 150 288 24 855 24 855 12 
12413 24 
7217 100 12414 537 1685 1386 4445 19 237 12 1843 84 22 288 
3791 1382 1669 12415 412 24 
91 4445 12 21 3832 71 15 855 2554 1183 20 
1673 34 35 7587 40 15 885 14 4408 45 91 
1183 24 
5 2001 91 15 1386 187 12412 7 1415 4445 12 2683 38 22 6279 
4392 631 15 1386 187 12415 4445 24 
15 56 2037 60 1062 91 15 11393 250 12 11104 40 368 12 14 
369 1386 24 
24 24 24 
192 
192 7 7 7 7 7 443 6 7 7 7 7 7 
192 45 46 12409 12416 494 495 46 12417 51 314 24 53 497 
192 445 46 4500 19 2282 3769 4390 3469 46 332 
192 40 46 3876 24 12398 51 2564 24 265 24 2116 
192 54 46 1758 20 1667 344 24 352 
192 
192 193 
192 
192 5 12 12347 40 17 6 71 2816 885 133 
192 15 236 91 12 4208 150 313 159 1758 38 11149 
192 3433 20 1667 12307 344 24 352 24 139 551 244 5182 15 419 
192 614 20 139 440 313 151 1102 22 3696 230 15 
192 419 24 139 551 234 15 419 236 500 415 416 2596 
192 71 17 1791 220 139 244 21 450 40 683 22 231 40 
192 15 6 24 259 312 1715 682 625 71 542 313 151 22 
192 655 20 260 682 127 24 488 71 1422 24 
192 
192 12409 
192 
192 479 479 479 479 479 479 479 479 479 479 479 479 479 479 479 479 479 479 479 479 479 479 479 479 479 479 479 479 479 479 479 479 479 479 479 479 479 479 479 479 479 479 479 479 479 479 479 479 479 479 
192 312 313 314 219 239 
192 314 219 11888 7 4545 15 599 313 643 354 498 8032 24 
192 295 46 187 187 11888 24 314 24 53 187 