Subject: 904 571 130 11727 15 2549 313 464 16888 239 
18365 
1378 2 96 18365 230 491 187 332 187 59 
904 571 1235 3576 3649 15 2549 313 464 16888 239 
234 15003 20 3029 21681 19 1824 21968 19 15 2465 14 3576 20 15 105 88 45 15 2549 313 464 16888 24 1499 10603 71 17 4527 24 
18734 46 
3175 
20605 
20606 
20607 
20608 
2549 
9200 
18185 
15088 
20609 
20610 
20611 
20612 
20613 
20614 
20615 
1429 
1193 
21969 
20617 
20618 
20619 
20620 
20621 
20622 
20623 
20624 
20625 
20626 
20627 
20628 
20629 
20630 
20631 
20632 
20633 
20634 
20635 
20636 
20637 
20638 
20639 
0 60 60 
1586 
31 56 1621 24 1338 24 429 
31 56 1621 24 763 24 429 
553 2 96 55 
1824 239 
344 24 
20405 1055 56 1920 2064 24 63 1338 60 
349 24 
15 3660 306 56 1920 274 24 0 1338 60 
352 24 
15 21970 56 1920 337 24 63 1338 60 
364 24 
21125 2 96 15 10978 56 1920 447 24 63 1338 60 
63 24 
5206 159 56 1920 336 24 63 60 
344 24 
15 11011 10004 
349 24 
21971 21972 46 18722 21973 
352 24 
10954 19 21974 
364 24 
21975 3807 
63 24 
2126 388 
344 24 
21976 217 21977 21978 21979 217 
349 24 
17725 17726 217 21980 219 24 24 24 139 1235 25 558 217 
352 24 
21981 217 2977 13023 217 
364 24 
21982 2 4331 217 21983 761 24 139 24 1338 24 217 
63 24 
19019 2465 217 6750 6750 217 
1378 2 96 124 
1725 226 8882 18365 
6054 682 593 230 641 7825 
165 22 3614 
2370 226 2494 203 
125 226 2830 18365 
146 375 
71 15 21984 40 18365 21985 15 2427 10538 21986 345 404 8981 690 2246 
71 15 21984 40 18365 21987 313 643 40 625 133 15 2360 20 6174 12589 19 19162 19 2546 19 5610 3721 20 6038 19 313 2 254 6423 593 230 15 3660 102 7 18 250 24 522 10145 13730 20 4805 165 313 500 2 96 5666 71 15 8882 1049 19 20 313 413 1612 15 164 313 643 40 1615 45 18365 24 53 24 31 313 165 928 15 5245 14 11162 19 12589 20 2546 313 215 19 390 2 1278 146 313 203 249 55 17 2160 14 292 24 71 15 3655 19 31 313 643 40 2543 17 12965 19 1499 1463 40 15 1378 2 96 124 4441 14 17 18365 24 53 102 7 1814 19 20 350 55 217 1725 226 8882 8106 219 
219 
219 
219 
219 
21988 24 217 25 2 1278 249 1505 22 8747 87 550 19 20 25 2 1278 2692 91 313 1615 203 55 17 4944 2546 19 19162 19 12589 20 630 24 4811 219 102 7 18 5 18387 40 22 3614 
1829 15 2427 10538 21989 20 21990 19 21590 20 21991 24 24 24 409 21992 1499 5010 2764 24 220 500 133 313 20 17 21993 239 683 127 31 17 4411 14695 1286 313 22 3660 3382 24 102 7 18 5 18387 40 22 3614 
1192 1192 1192 2551 1551 1192 1192 1192 
1378 19 447 5464 2 96 230 15 2465 14 344 19 38 3693 630 40 4545 19 4284 219 
11182 345 404 8981 690 2246 
2246 133 217 11162 7590 217 
344 24 11162 230 17395 
349 24 21994 21995 
352 24 3956 21996 21997 
364 24 21998 24 53 
63 24 7943 4269 43 723 
892 24 21999 22000 
491 24 1697 
334 24 1565 2 13322 
336 24 300 5666 22001 22002 
345 24 22003 24 53 
102 7 18 5 18387 40 22 3614 
1192 1192 1192 2551 1551 1192 1192 1192 
240 241 21590 21591 505 239 56 60 13167 56 60 4596 56 60 21592 11737 
125 31 313 625 15 1243 588 230 22 536 40 3416 1920 3526 354 21593 24 53 219 
18365 12 3414 28 46 
17 102 7 18 86 55 6721 38 18365 12 1378 51 18468 24 769 24 265 24 2116 24 
375 239 489 239 3804 239 259 260 928 3110 40 17 454 20 1079 28 245 40 928 354 46 880 51 18365 24 53 3229 14 13686 40 5 6 56 390 445 5 40 313 45 22 217 146 7 249 217 12530 60 24 18365 102 7 1814 80 1267 445 16326 24 18365 24 53 249 11216 102 7 1814 40 610 1728 24 31 313 406 215 40 285 45 18365 8882 19 313 413 
146 585 286 40 285 7 8882 51 18365 24 53 87 313 569 350 902 40 285 24 
4008 59 18365 24 53 19 483 24 221 6261 6413 24 18365 24 53 19 483 24 12 22 1312 16541 1827 19 16944 46 18469 24 350 902 230 14057 5842 24 