Subject: 550 456 161 
45 46 4688 479 21912 51 314 24 53 
13218 46 
427 7 2973 46 4688 479 21912 51 314 24 53 
2687 7 46 1171 6913 4390 1855 46 2027 46 2619 24 21913 56 21914 60 21915 211 494 21916 766 16436 46 1430 768 337 763 1855 497 
61 46 1171 6913 4390 3469 46 2027 46 2619 273 2065 
3985 432 15656 1055 
350 936 2088 40 
125 1036 3029 20 593 40 15 8747 21688 46 
456 351 
2619 2991 351 
157 219 219 219 3029 3458 880 
2619 2991 351 
259 21917 286 
40 17 4724 14 1700 1202 24 24 24 24 24 1234 230 432 
21689 24 
3001 46 
3018 3341 363 3019 15 13232 14 5 21690 3243 
1266 14012 6053 87 1746 21691 1310 6169 24 
203 2318 71 5 3395 12 584 84 585 203 
250 249 24 3341 363 21692 91 313 234 4803 6169 
45 585 4591 3600 347 13415 87 3779 15045 87 458 
4656 24 15 4656 7612 80 1072 14059 2160 230 
7094 20 249 313 413 418 500 2237 14 4204 12 2322 
230 313 24 2637 3341 363 21693 15 203 4314 
6008 45 3728 91 25 21694 3793 19 184 14052 413 35 21918 40 
15 4955 87 6603 14 432 14 15 203 584 87 84 40 
15 1629 7837 28 1788 136 83 203 24 71 184 405 
328 5 35 14050 84 22 6122 40 4545 87 11638 22 1095 
855 24 
21 1189 46 
21919 21920 51 314 24 53 
21921 432 15656 1055 87 
21922 4813 
38 522 14029 
30 313 413 156 5796 
15656 2 96 20 21922 
4797 136 17 1039 7692 24 
1463 902 46 
211 
295 46 187 187 5643 24 17980 24 2395 24 344 187 15656 187 15656 447 187 1952 24 21923 11394 902 87 
5664 215 5 383 4851 344 7 21924 7 21925 7 21926 
31 313 1870 40 
285 
423 350 902 46 295 46 187 187 5643 24 17980 24 2395 24 344 187 15656 187 4458 24 298 
3985 432 15656 1055 
335 10818 8190 211 352 763 217 1172 1413 217 