Subject: 288 648 2543 211 192 6806 5853 19 134 447 
7 2801 288 648 2543 
7 
211 211 211 211 211 211 211 211 211 211 211 211 211 211 211 211 211 211 211 211 211 211 211 211 211 211 211 211 211 211 211 211 211 211 211 211 211 211 211 211 211 211 211 211 211 211 211 211 211 211 211 211 211 211 211 211 211 288 648 2543 211 192 6806 5853 19 134 447 
7 2801 288 648 2543 
7 
211 211 211 211 211 211 211 211 211 211 211 211 211 211 211 211 211 211 211 211 211 211 211 211 211 211 211 211 211 211 211 211 211 211 211 211 211 211 211 211 211 211 211 211 211 211 211 211 211 211 211 211 211 211 211 211 211 211 211 211 211 211 211 211 211 211 211 211 211 211 211 211 211 211 211 211 211 211 211 211 211 211 211 211 211 211 211 211 211 211 211 211 211 211 211 211 211 211 211 211 211 211 211 211 211 211 211 211 211 211 211 211 211 211 211 211 211 211 211 211 211 211 71 5 134 46 
211 211 211 211 211 211 211 211 211 211 211 211 211 211 211 211 211 211 211 211 211 211 211 211 211 211 211 211 211 211 211 211 211 211 211 211 211 211 211 211 211 211 211 211 211 211 211 211 211 211 211 211 211 211 211 211 211 211 211 211 211 211 211 211 211 344 24 12293 20 8703 
349 24 12866 230 12867 1198 
352 24 7565 851 897 5838 
364 24 13230 19 7733 19 20 11019 919 239 
63 24 197 109 1326 
892 24 348 364 1415 2444 8078 6806 20 8180 13231 
491 24 400 1187 2352 40 1181 1165 1188 246 
334 24 2813 2543 20 157 1468 10654 
336 24 4896 523 1162 183 
344 24 12293 20 8703 
1771 904 12293 20 8703 413 6549 325 20 1286 153 
17 8878 2536 13 14 15 853 24 
349 24 12866 230 12867 1198 
1771 904 15 12866 413 104 15 6776 20 
1725 15 6874 14 17 12867 1198 24 
352 24 7565 851 897 5838 
1771 630 133 7565 851 897 5838 20 
1120 3707 40 15 288 3685 24 
364 24 13230 19 7733 19 20 11019 919 239 
13230 12910 15 7733 14 11019 919 24 
63 24 197 109 1326 
1771 904 197 109 1326 441 313 856 593 38 17 
574 24 
892 24 348 364 1415 2444 8078 6806 20 8180 13231 
15 4871 19 847 7 848 2893 2341 348 364 1415 2444 8078 
6806 20 8180 13231 908 22 5677 1502 
1501 24 
491 24 400 1187 2352 40 1181 1165 1188 246 
313 625 904 40 400 1187 2352 40 853 298 1328 38 1337 
1336 19 1243 239 1771 904 40 400 15 419 3091 40 
1181 1165 1188 246 24 
334 24 2813 2543 20 157 1468 10654 
414 127 15 1824 2191 288 1387 1216 84 6397 71 
15 288 3201 2 96 3464 13232 2 1933 1123 24 12634 19 
1188 9928 4159 230 288 19 20 43 13233 939 15 1824 14 
15 885 127 14 344 19 7464 288 320 123 40 15 288 
2525 24 
2362 522 723 40 1771 630 133 936 1216 19 
157 1468 10654 20 11193 1191 230 1322 630 24 
336 24 4896 523 1162 183 
2801 4896 523 1162 2036 1262 19 674 352 24 63 230 9190 187 11177 
6542 288 349 648 19 8724 15 1830 14 96 187 11177 13073 84 22 3611 
102 7 2030 918 1162 12260 847 1056 2768 24 
1192 2801 19 2813 19 84 187 10575 19 2807 19 12570 
80 11188 87 610 11188 14 15 2801 
3540 71 15 1131 1132 87 71 458 4991 87 1935 24 
1192 1192 264 19 288 20 221 288 7 1387 11188 20 11867 80 
11188 87 610 11188 14 264 2888 19 
483 24 71 15 1131 1132 87 458 4991 87 1935 24 
458 1827 19 1177 20 250 401 569 35 11188 
87 250 11187 14 940 24 
211 211 211 211 211 211 211 211 211 211 211 211 211 211 211 211 211 211 211 211 211 211 211 211 211 211 211 211 211 211 211 211 211 211 211 211 211 211 211 211 211 211 211 211 211 211 211 211 211 211 211 211 211 211 211 211 211 211 211 211 211 904 40 3409 187 285 40 15 2801 288 648 2543 
211 211 211 211 211 211 211 211 211 211 211 211 211 211 211 211 211 211 211 211 211 211 211 211 211 211 211 211 211 211 211 211 211 211 211 211 211 211 211 211 211 211 211 211 211 211 211 211 211 211 211 211 211 211 211 211 211 211 211 211 211 211 910 15 11189 40 15 2801 85 106 354 267 24 2801 24 53 187 288 40 3409 
7 
211 910 11190 1176 3805 5 3395 40 313 19 220 313 2 763 1878 
3409 230 868 19 25 2 96 1797 24 902 2 96 500 40 312 46 
7 
344 24 146 585 286 6 40 287 51 18 24 30 24 2801 24 53 
349 24 71 15 290 14 15 6 168 15 194 46 
7 
7 3409 288 7 2543 11191 11192 
7 
1 2 3 215 15 3395 239 25 2 96 1797 40 285 46 
7 
344 24 146 585 286 6 40 287 51 18 24 30 24 2801 24 53 
349 24 71 15 290 14 15 6 168 15 194 46 
7 
7 291 288 7 2543 
7 
211 211 211 211 211 211 211 211 211 211 211 211 211 211 211 211 211 211 211 211 211 211 211 211 211 211 211 211 211 211 211 211 211 211 211 211 211 211 211 211 211 211 211 211 211 211 211 211 211 211 211 211 211 211 211 211 211 31 313 643 40 351 40 928 19 259 234 22 1468 1330 354 46 
211 211 211 211 211 211 211 211 211 211 211 211 211 211 211 211 211 211 211 211 211 211 211 211 211 211 211 211 211 211 211 211 211 211 211 211 211 211 211 211 211 211 211 211 211 211 211 211 211 211 211 211 211 211 211 211 211 7 295 46 187 187 267 24 2801 24 53 187 288 187 1002 
211 211 211 211 211 211 211 211 211 211 211 211 211 211 211 211 211 211 211 211 211 211 211 211 211 211 211 211 211 211 211 211 211 211 211 211 211 211 211 211 211 211 211 211 211 211 211 211 211 211 211 211 211 211 211 211 211 211 211 211 211 211 211 211 211 211 211 211 211 211 211 211 211 211 211 211 211 211 211 211 211 211 211 211 211 211 211 211 211 211 211 211 211 211 211 211 211 211 211 211 211 211 211 211 211 211 211 211 211 211 211 211 211 211 211 211 211 211 904 40 3409 187 285 40 15 2801 288 648 2543 
211 211 211 211 211 211 211 211 211 211 211 211 211 211 211 211 211 211 211 211 211 211 211 211 211 211 211 211 211 211 211 211 211 211 211 211 211 211 211 211 211 211 211 211 211 211 211 211 211 211 211 211 211 211 211 211 211 211 211 211 211 211 910 15 11189 40 15 2801 85 106 354 267 24 2801 24 53 187 288 40 3409 
7 
211 910 11190 1176 3805 5 3395 40 313 19 220 313 2 763 1878 
3409 230 868 19 25 2 96 1797 24 902 2 96 500 40 312 46 
7 
344 24 146 585 286 6 40 287 51 18 24 30 24 2801 24 53 
349 24 71 15 290 14 15 6 168 15 194 46 
7 
7 3409 288 7 2543 11191 11192 
7 
1 2 3 215 15 3395 239 25 2 96 1797 40 285 46 
7 
344 24 146 585 286 6 40 287 51 18 24 30 24 2801 24 53 
349 24 71 15 290 14 15 6 168 15 194 46 
7 
7 291 288 7 2543 
7 
211 211 211 211 211 211 211 211 211 211 211 211 211 211 211 211 211 211 211 211 211 211 211 211 211 211 211 211 211 211 211 211 211 211 211 211 211 211 211 211 211 211 211 211 211 211 211 211 211 211 211 211 211 211 211 211 211 31 313 643 40 351 40 928 19 259 234 22 1468 1330 354 46 
211 211 211 211 211 211 211 211 211 211 211 211 211 211 211 211 211 211 211 211 211 211 211 211 211 211 211 211 211 211 211 211 211 211 211 211 211 211 211 211 211 211 211 211 211 211 211 211 211 211 211 211 211 211 211 211 211 7 295 46 187 187 267 24 2801 24 53 187 288 187 1002 
