Subject: 37 46 288 574 690 
12152 717 8488 12153 24 24 24 
733 585 2166 10662 12154 56 713 12155 10662 60 12156 727 334 46 552 4588 339 46 345 24 
12157 1018 12158 12159 11956 12160 704 695 12153 709 312 12161 12162 
12163 24 985 12164 12165 743 3326 709 12163 24 
12166 12167 4182 24 24 24 
12168 
7 7 7 7 7 443 6 7 7 7 7 7 
45 46 761 24 674 24 762 
40 46 760 12168 
445 46 211 763 0 211 102 344 211 766 344 211 102 344 211 766 352 211 3321 211 102 63 211 766 63 211 2166 19 275 211 768 336 211 102 344 211 769 211 770 211 766 63 211 102 344 211 766 344 211 771 211 770 211 766 63 12169 46 2308 211 765 211 765 
54 46 37 46 288 574 690 
192 55 1983 19 275 58 59 19 760 12168 191 46 
192 
192 192 691 692 19 
192 192 
192 192 693 694 695 696 697 698 24 699 700 349 701 
192 192 702 703 704 695 696 24 705 706 707 12170 
192 192 710 
192 192 711 712 24 
192 192 40 700 713 714 709 715 19 716 717 718 719 707 720 
721 
192 192 722 
192 192 723 682 724 725 726 727 695 288 24 728 729 730 706 731 
192 192 732 24 733 734 735 709 736 737 738 
739 
192 192 740 709 
192 192 741 711 712 24 
192 
192 
192 691 10476 12171 19 
192 
192 807 8488 823 707 709 12172 12173 706 3324 12174 12175 
192 717 12176 19 40 12177 968 12178 10702 10710 717 12179 12180 
192 709 12181 10702 12182 46 7 60 
192 
192 717 12066 717 968 12183 12180 709 12184 737 12185 24 5322 707 
192 745 740 795 12186 826 24 12085 968 12183 731 12187 352 8520 585 4174 709 
192 977 10786 1026 12188 740 737 12189 789 800 24 1026 12134 1028 789 
192 707 779 295 46 187 187 267 24 1157 24 1031 24 689 187 268 12190 187 699 720 12191 789 12192 
192 707 782 288 12193 12109 56 717 740 709 40 12194 12066 776 12195 706 787 
192 12196 19 5306 707 10658 12197 46 7 60 740 695 12198 1376 12199 12200 352 102 807 
192 12201 779 46 295 46 187 187 267 24 840 24 836 24 689 187 268 839 187 1242 
192 
192 717 8543 12077 977 12202 12203 10658 682 12204 19 699 717 682 43 
192 4029 12205 24 12202 12085 12206 10706 703 327 717 
192 1686 24 12066 5322 10704 12203 12207 344 24 349 10693 12208 10658 682 2266 
192 10764 10603 7 71 24 
192 
192 192 742 725 743 744 745 24 746 706 747 709 742 748 703 
192 192 749 24 
192 
192 1026 12209 10758 776 5326 12210 12211 12212 12213 12214 574 
192 707 742 10725 703 288 2266 187 1054 24 807 12215 12199 
192 707 779 295 46 187 187 267 24 840 24 836 24 689 187 268 839 187 3231 187 10887 24 298 968 
192 12183 12216 709 12217 727 5325 19 12097 2 12218 2 24 727 12219 717 12220 
192 3324 12221 10782 8538 717 12222 12223 717 12224 703 12225 
192 12078 12226 12227 717 12228 352 720 3267 727 695 264 1140 46 7 60 
192 
192 192 585 750 706 751 752 717 753 709 742 754 737 755 727 
192 192 756 717 
192 192 709 757 24 24 24 
192 
192 
192 12229 24 12066 731 12230 801 737 755 695 812 12153 19 12231 
192 2716 12232 12180 709 12233 12234 187 1958 7542 782 4702 24 10791 19 7542 
192 782 12235 56 10692 19 3069 24 219 60 7542 703 1026 12236 24 12237 12238 717 12239 
192 12240 6781 12241 12242 782 12243 717 40 12244 24 12222 5332 12245 
192 11956 239 
192 
192 10793 19 
192 827 
192 
192 192 
192 192 758 19 
192 192 759 760 
192 
192 
192 
192 
192 