Subject: 37 46 288 833 508 558 
208 14 221 19 488 230 17 260 19 827 24 71 226 1844 139 437 400 
11106 20 618 151 504 24 902 12 22 600 13 14 226 412 24 11107 2 96 
17 582 239 56 226 11108 12 91 15 1844 1886 71 548 5664 20 2314 
71 641 5205 38 15 419 98 56 1563 364 24 63 60 24 
1389 670 11109 3185 1844 1586 
1230 11110 19 11111 24 24 24 24 
1389 2569 156 56 60 1586 
24 24 24 24 
1589 
1389 2569 1495 56 60 1586 
24 24 24 24 24 
1589 
1389 2569 680 56 60 
1586 
11106 11112 211 157 11106 56 5 60 213 
11112 24 11113 56 11110 19 0 60 213 
11112 24 11113 56 11111 19 0 60 213 
665 1586 11112 24 11114 56 0 60 213 1589 1988 56 659 102 60 1586 
29 24 127 24 216 56 217 11115 19 260 219 219 219 219 219 217 60 213 
1589 
11112 24 11116 56 344 19 425 60 213 
11117 56 60 213 
1589 
1389 2569 2543 56 1002 689 60 
1586 
3782 56 689 60 213 
1589 
1389 428 11118 56 1230 11119 19 1411 11120 19 1411 2687 19 1411 6984 19 
1411 4229 19 1411 720 60 
1586 
31 56 56 11120 
612 
1586 
11117 56 60 213 
427 2793 213 
1589 
1589 
1389 2569 3782 56 1002 689 60 
1586 
24 24 24 
689 24 11121 56 11110 19 0 19 0 19 5 60 213 
689 24 11121 56 11111 19 2395 19 2395 19 5 60 213 
24 24 24 
1589 
1589 
11122 
22 11123 51 11124 24 11125 24 11126 24 1012 