Subject: 7 273 104 17 16490 3158 38 17693 17694 219 219 
21134 17 16490 3158 219 219 
84 2201 55 5610 219 219 
230 1935 6227 20 11172 
22 1483 5739 2488 40 17694 
344 7 380 7 18214 7 21863 
17693 21617 415 416 2493 55 422 578 5610 3029 20 1824 8977 21864 646 363 19 20 390 625 258 24 24 24 25 519 1886 230 6227 20 11172 219 
419 3421 1629 84 17694 908 432 4975 1460 8077 219 
230 6227 25 1746 313 22 6283 2898 21865 19 21866 16490 1861 313 1792 3421 152 21867 20812 219 
6227 2152 630 3421 20812 19 7134 19 16655 19 20815 19 21868 21617 20 427 4910 219 
230 11172 25 1746 653 21869 20812 20 21870 589 19743 507 20812 219 1935 6227 20 11172 34 2152 20812 215 1267 347 219 3061 87 17 3650 149 219 17693 21617 441 11172 4811 8180 20730 19 630 5967 19 21868 21617 19 507 20812 19 20 630 3421 20812 219 16986 
869 4711 230 6227 24 24 24 24 641 4711 230 11172 219 
17694 241 21 505 230 11172 220 17693 21617 241 219 
344 7 380 7 18214 7 21863 