Subject: 37 46 17 1844 2531 1938 
192 1715 682 125 19 31 139 234 5 2617 46 129 12 184 855 11361 31 226 
192 1844 2361 2696 239 91 12 19 413 139 383 
192 295 46 187 187 267 24 11427 24 53 46 1924 239 1556 211 217 11428 217 20 151 22 
192 1162 11429 354 2696 1924 91 34 312 15 245 14 15 1183 239 
21 1984 24 313 2 37 2694 22 234 2914 38 585 295 1162 19 237 
406 639 903 22 1332 1446 40 505 24 503 19 313 112 1 2 3 433 
40 400 22 1174 7 2036 2696 230 5 213 15 1550 2696 56 11430 239 60 34 505 1499 
2550 24 
226 458 655 130 40 611 17 1685 1162 1894 19 205 22 1162 
91 11431 354 22 1174 7 2036 2696 230 901 19 20 205 585 1844 
237 11405 40 17 1332 1162 40 312 1332 599 24 5 406 
903 22 1174 7 2036 2696 573 19 1594 15 1737 17 1844 2628 45 
11432 415 585 295 1162 437 136 15 4393 295 1932 24 
192 31 91 655 12 469 19 139 6485 22 11359 1314 11433 25 19 
192 87 21 239 
31 15 11359 1950 2 3 407 11434 40 9532 2696 2478 19 112 313 2 1278 
151 40 400 15 2036 10551 19 568 15 1624 655 1950 2 3 505 24 
68 
4851 3 24 11406 505 46 56 11407 60 11408 7 11409 
3225 2419 280 46 56 11407 60 11408 7 11410 
4542 11411 4601 11406 51 3225 24 53 
11412 19 3513 11413 7 11414 295 46 187 187 267 24 3225 24 53 187 