Subject: 37 46 11284 56 2793 60 1318 1274 24 24 24 
193 827 19 
139 406 938 209 22 11285 14 904 40 3096 15 1337 7627 24 139 151 255 
1739 6649 14 11286 19 11287 20 11288 908 432 3400 24 139 151 100 11289 
21 249 221 226 1685 288 2546 19 220 100 221 91 139 683 354 1994 11290 24 139 406 4545 15 1451 31 25 
3726 682 22 520 1295 38 1883 24 503 19 139 249 1052 869 1451 91 1209 22 4830 878 1295 
20 91 130 40 11284 56 425 60 24 434 15 851 8280 28 11287 25 24 139 255 5 
616 20 25 618 1235 21 505 24 1673 19 25 406 21 151 416 11291 230 682 40 563 15 1920 2395 
230 15 1451 24 500 679 8888 40 682 12 91 230 8638 139 244 450 40 1499 11292 425 20 2793 
40 1181 1639 20 11293 22 8714 24 
590 139 312 21 643 40 1505 593 1256 14 17 333 24 139 406 35 1443 3808 31 313 518 146 91 
11285 40 11294 409 5936 3643 28 15 11295 55 851 4636 24 
488 19 
10917 
217 761 24 674 24 762 217 191 46 
192 890 11296 191 46 
192 192 
192 192 25 679 91 1739 14 313 80 55 15 419 11297 91 139 433 40 434 15 851 87 
192 192 537 11298 24 139 151 437 4426 1935 936 113 908 432 3400 24 
192 192 
192 192 241 470 151 22 1503 1295 14 329 5 91 1886 239 
192 192 
192 192 17 3804 80 11299 474 24 
192 192 
192 192 684 19 
192 192 10917 
192 192 1920 1920 1920 1920 1920 1920 1920 1920 1920 1920 1920 1920 1920 1920 1920 1920 1920 1920 1920 1920 1920 1920 1920 1920 1920 1920 1920 1920 1920 1920 1920 1920 1920 1920 1920 1920 1920 1920 1920 1920 1920 1920 1920 1920 1920 1920 1920 1920 1920 1920 1920 1920 1920 1920 1920 1920 1920 1920 1920 1920 1920 1920 1920 
192 
192 665 295 46 187 187 267 24 1157 24 1031 24 689 187 268 839 187 11300 187 11301 24 298 
192 409 11302 4153 14 585 2123 505 139 151 225 24 25 241 22 564 14 599 
192 220 500 313 643 40 125 12 500 2004 55 15 1243 5479 56 6532 60 
192 150 11303 11304 80 11305 87 11306 24 84 313 413 125 25 413 35 
192 225 38 1486 630 1091 845 631 22 10999 11307 24 31 5 12 
192 1292 215 500 313 643 40 4258 56 1337 11308 14 
192 2149 3738 40 166 1079 239 239 60 18 682 230 22 412 11285 19 138 139 
192 2197 420 25 130 22 616 14 434 187 2785 593 15 
192 6523 14 845 20 22 383 40 11117 24 87 1292 215 91 
192 46 7 60 
192 
192 404 19 
192 827 
192 
192 7 7 
192 828 762 19 
192 829 830 19 
192 30 833 116 2069 2182 19 
192 831 14 832 833 4055 19 
192 835 836 19 
192 8871 345 837 19 
192 838 
192 1149 273 552 7 344 7 5819 
192 280 273 552 7 344 7 5316 