Subject: 37 46 260 682 38 5 288 523 24 24 
1610 313 5953 19 
139 140 129 12 100 641 1272 8290 230 11255 19 2 1267 
140 91 22 4850 1451 12 1254 232 2 24 
139 130 1903 565 15 1381 45 22 4850 1451 540 2 288 230 
2746 2 24 25 130 
3663 40 35 22 1210 1451 24 1173 129 80 8721 3173 24 
488 1313 24 24 24 
7 7 7 7 7 443 6 7 7 7 7 7 
45 46 761 24 674 24 762 
40 46 11256 
61 46 387 19 3769 1430 19 3377 352 46 332 244 
54 46 37 46 260 682 38 5 288 523 24 24 
192 
192 
192 11256 191 46 
192 
192 125 6009 490 46 
192 
192 
192 192 1389 2569 11257 56 11258 11259 60 1586 
192 192 31 56 11259 24 11260 56 60 211 211 11261 60 1586 
192 192 665 1586 
192 
192 192 11262 211 157 2670 56 
192 
192 7 7 7 192 313 1515 11043 11262 84 22 2670 169 19 139 24 102 
192 
192 2670 11262 211 24 24 24 24 99 24 24 99 24 24 
192 
192 
192 192 157 11263 56 217 11264 24 2562 217 60 19 425 60 
192 
192 7 7 7 192 313 80 3080 22 2 213 2 354 15 2249 14 15 1805 878 46 7 60 
192 
192 192 11262 24 3380 56 11265 24 11266 56 60 60 213 
192 192 11262 24 1506 56 60 213 
192 192 1589 
192 192 1988 56 2671 102 60 1586 
192 192 29 24 2669 24 216 56 217 1183 236 46 217 273 102 24 3088 56 60 60 213 
192 192 29 24 11078 56 344 60 213 
192 192 1589 
192 192 1589 
192 192 1589 
192 192 
192 
192 192 488 230 17 260 24 24 24 
192 
192 
192 420 15 344 1656 8290 14 1272 46 15 4903 12 1254 205 46 7 60 
192 404 684 19 
192 
192 827 
192 
192 
192 7 7 
192 828 762 19 
192 829 830 19 30 833 116 2069 2182 
192 831 14 832 833 834 19 835 217 836 217 
192 837 8871 345 19 838 
192 2482 46 273 552 7 344 7 5819 19 280 46 273 552 7 344 7 5316 