Subject: 2801 288 648 2543 211 192 6806 3017 19 134 63 
7 2801 288 2543 
7 
211 211 211 211 211 211 211 211 211 211 211 211 211 211 211 211 211 211 211 211 211 211 211 211 211 211 211 211 211 211 211 211 211 211 211 211 211 211 211 211 211 211 211 211 211 211 211 211 211 211 211 211 211 211 211 211 211 211 211 211 211 211 211 211 211 211 211 211 211 211 211 211 211 211 211 211 211 211 211 211 211 211 211 211 211 211 211 211 211 211 211 211 211 211 211 211 211 211 211 211 211 211 211 211 211 211 211 211 211 211 211 211 211 211 211 211 211 211 211 211 211 211 71 5 134 46 5537 3020 14 15 2801 10563 354 2998 
211 211 211 211 211 211 211 211 211 211 211 211 211 211 211 211 211 211 211 211 211 211 211 211 211 211 211 211 211 211 211 211 211 211 211 211 211 211 211 211 211 211 211 211 211 211 211 211 211 211 211 211 211 211 211 211 211 211 211 211 211 211 211 211 211 344 24 5147 535 46 2998 7 3429 323 
349 24 1056 9924 11828 55 288 2768 
352 24 11138 71 40 217 102 7 2030 315 11829 217 10145 11830 
364 24 4936 230 288 374 3020 230 4786 
63 24 3590 46 4936 59 11831 187 11832 19 9190 187 11177 19 11833 20 10116 124 
892 24 2629 46 2120 230 15 2801 11834 55 7 3766 1162 
491 24 3409 46 2801 655 3105 930 3029 
334 24 1188 46 15 2126 3524 642 
336 24 2629 46 1402 1188 2442 40 17 288 3450 38 11835 
345 24 2629 46 234 15 157 11836 1885 4159 230 288 
2282 24 2801 3105 4159 20 2660 1832 230 2652 19 288 
648 1262 19 1462 344 24 344 24 491 
447 24 3497 648 8943 1955 3537 24 4178 56 334 187 336 7 334 187 447 60 
5147 535 46 2998 7 3429 323 
342 15 2998 56 8729 60 343 19 264 2 96 3377 3501 288 
3105 343 56 8729 60 24 15 343 12 55 2999 337 7 3290 354 15 
11837 4299 71 3492 3493 24 2801 12 22 950 7 9998 14 15 
343 1891 38 11838 20 1851 24 1 2 3 10900 2801 2 96 
11839 11840 2 96 19 1094 3531 230 288 30 19 5044 
55 330 19 2999 2348 19 354 336 46 5671 244 24 354 2998 2 1125 19 
2801 34 35 10566 15 320 19 1216 19 
124 19 20 2070 91 2533 2485 40 611 
102 7 11165 24 2362 2801 2 96 2603 20 234 22 5537 3020 
14 522 10563 20 3429 323 219 
1056 9924 11828 55 288 2768 
2801 19 10653 19 1851 19 264 2888 20 15 264 7 1563 11826 
80 11841 40 4088 2768 230 116 20 11842 
5194 230 918 3645 71 15 288 648 24 15 
5207 4084 40 530 22 2892 7088 5798 1201 
55 2191 1266 5194 46 10576 3136 19 10576 655 
3105 20 10576 918 3105 24 221 4624 
4641 71 15 5207 10163 91 141 34 3698 
1573 458 2 96 10655 2536 84 13 14 15 930 24 
230 630 203 133 2801 523 1885 
10655 19 2362 522 43 723 354 46 
11138 71 40 217 102 7 2030 315 11829 217 10145 11830 
567 1170 71 2999 56 249 60 354 10714 11843 19 2485 34 151 
585 943 40 5616 71 22 11844 20 2446 
886 6350 409 14 15 1062 11845 40 5451 
22 6302 102 7 2030 19 20 904 4624 413 8185 936 
11845 136 15 1243 102 7 2030 482 230 1120 
2524 14 1885 24 15 7110 80 11846 354 15 
4634 2237 20 3109 40 86 102 7 2030 1238 
230 1935 2030 20 648 3613 24 
4936 230 288 374 3020 230 4786 
313 1897 230 25 24 24 24 313 1102 25 219 71 128 40 17 4744 
11847 230 4936 230 288 20 17 11848 230 22 4786 
1262 19 390 34 1317 22 374 3020 14 4936 230 288 19 
3600 1262 230 4786 24 390 2 1278 35 10717 15 374 
3020 354 15 5147 2998 343 20 390 2 1278 35 1943 
15 374 3020 123 230 2629 354 4936 3105 
857 24 230 630 203 19 644 5 3176 40 15 
3105 2525 40 683 127 500 313 413 312 40 2763 
133 22 1094 2128 14 5 1177 40 15 1310 24 
3590 46 4936 59 11831 187 11832 19 9190 187 11177 19 11833 20 10116 124 
230 22 935 333 249 19 313 413 1615 22 9768 1794 15 
869 7 333 1601 56 11849 60 14 11850 1193 59 1546 11831 187 11832 19 
9190 187 11177 19 11833 20 10116 30 320 91 34 260 1546 17 
269 2419 230 15 1193 59 24 1709 17 2353 55 87 347 
4775 2282 19 3377 20 313 518 1384 767 1413 7 552 1413 219 230 630 
203 133 4936 59 19 2362 522 43 723 354 46 
2629 46 2120 230 15 2801 11834 55 7 3766 1162 
15 55 7 3766 1162 12 585 3251 19 2472 7 1387 19 918 
4614 1162 91 10568 6594 43 482 
217 55 3766 217 40 432 1831 45 576 71 22 43 1747 24 
84 22 6719 851 14 43 6692 1051 19 55 7 3766 
1162 11851 467 19 11852 7369 19 3185 
11703 918 2419 117 19 20 10568 6594 
43 1054 24 
3409 46 2801 655 3105 930 3029 
3409 40 3105 203 6631 40 17 1266 
1438 24 2801 655 3105 930 3029 2444 22 4870 
885 14 6488 5145 313 40 11853 17 3411 20 
1615 249 15 203 91 1202 313 24 5 4048 
1261 3395 4895 561 19 6006 7056 14 
1783 45 2801 24 763 479 1338 51 3510 317 19 3105 864 19 20 1322 
458 2801 294 19 38 1158 2088 40 1284 1783 24 25 12 
123 354 184 1601 40 1728 14 15 2801 655 3105 
930 24 2362 267 24 3105 24 2801 24 53 20 3409 24 
1188 46 15 2126 3524 642 
3757 2795 3876 24 11854 19 8351 4093 2433 354 1395 19 4077 
928 40 1188 24 72 112 4836 15 1691 14 136 5 3421 
11855 230 102 7 2030 24 15 2203 11856 15 2360 
1188 124 11857 127 14 2801 2 96 829 5091 1382 15 1049 19 
84 590 84 2801 2 96 6263 2176 71 1064 1188 
2768 24 
2629 46 1402 1188 2442 40 17 288 3450 38 11835 
683 127 904 1596 313 413 1402 1188 7 224 2442 
40 17 288 1054 38 15 11835 11581 957 219 
25 413 100 35 532 230 6567 1188 379 40 438 
1054 24 
2629 46 234 15 157 11836 1885 4159 230 288 
15 11836 1885 4159 525 22 7060 20 1065 
888 230 1272 11858 55 15 43 24 71 1633 3777 19 
585 11859 12 22 11860 2644 24 630 10929 19 
11858 80 7633 6775 91 11861 1891 
15 295 214 20 80 11862 40 6638 19 11853 19 
11863 19 87 2335 6045 10 84 25 8825 1891 
15 214 24 
2801 3105 4159 20 2660 1832 230 2652 19 288 
648 1262 19 1462 344 24 344 24 491 
31 288 1054 80 2972 40 17 2030 19 87 31 
313 80 1064 4982 7 1194 1054 55 2652 
2425 19 2652 4168 19 87 2652 1854 364 24 0 19 112 313 34 643 1642 
1054 153 55 2801 2 96 2360 288 320 230 2652 24 
15 3105 4159 20 15 2660 1832 230 2652 
407 264 2 96 288 10538 2576 19 289 221 15 2360 
344 24 344 24 491 560 3386 45 264 20 2801 230 3159 4849 19 
20 80 1193 59 1546 24 71 1694 19 2801 250 20 379 
12 123 24 15 3105 4159 20 2660 1832 
230 2652 530 4140 379 19 11141 4849 
7137 855 38 6423 2266 19 4831 845 
136 10555 19 575 7 1502 1499 7 71 7 333 56 10599 60 4903 
20 630 219 
3497 648 8943 1955 3537 24 4178 56 334 187 336 7 334 187 447 60 
15 3497 648 8943 12 15 6967 2 96 3611 930 
40 86 3522 2237 3537 1238 24 2995 1481 
45 3537 3640 40 1232 17 85 9553 
40 15 1276 24 1771 133 157 7877 71 648 541 
1843 71 1994 1041 20 517 1041 7563 20 683 127 
133 157 2768 7 1387 3537 30 1216 91 
260 313 38 855 19 1733 20 8379 24 15 3497 
648 8943 12 15 535 91 413 260 11864 1286 
15 1243 6652 133 1747 3489 20 482 230 
323 20 230 15 3655 24 
217 15 33 642 12 40 21 1495 11865 24 217 
7 7 2100 2101 7 7 
151 22 3070 87 1528 133 5 3395 239 259 1715 
928 625 28 200 585 102 7 18 40 11866 51 928 24 2801 24 53 
211 211 211 211 211 211 211 211 211 211 211 211 211 211 211 211 211 211 211 211 211 211 211 211 211 211 211 211 211 211 211 211 211 211 211 211 211 211 211 211 211 211 211 211 211 211 211 211 211 211 211 211 211 211 211 211 211 211 211 211 211 211 211 211 211 2801 20 4936 80 11188 87 610 11188 
14 15 2801 3540 71 15 1131 1132 87 71 458 4991 
87 1935 24 
288 20 221 288 7 1387 11188 20 11867 80 11188 87 
610 11188 14 264 2888 19 483 24 71 15 1131 
1132 87 458 4991 87 1935 24 
211 211 211 211 211 211 211 211 211 211 211 211 211 211 211 211 211 211 211 211 211 211 211 211 211 211 211 211 211 211 211 211 211 211 211 211 211 211 211 211 211 211 211 211 211 211 211 211 211 211 211 211 211 211 211 211 211 904 40 3409 187 285 40 15 2801 288 2543 
211 211 211 211 211 211 211 211 211 211 211 211 211 211 211 211 211 211 211 211 211 211 211 211 211 211 211 211 211 211 211 211 211 211 211 211 211 211 211 211 211 211 211 211 211 211 211 211 211 211 211 211 211 211 211 211 211 211 910 15 11189 40 15 2801 85 106 354 267 24 2801 24 53 187 288 40 3409 
7 
211 910 11190 1176 3805 5 3395 40 313 19 220 313 2 763 1878 
3409 230 868 19 25 2 96 1797 24 902 2 96 500 40 312 46 
7 
344 24 146 585 286 6 40 287 51 18 24 30 24 2801 24 53 
349 24 71 15 290 14 15 6 168 15 194 46 
7 
7 3409 288 7 2543 11191 11192 
7 
1 2 3 215 15 3395 239 25 2 96 1797 40 285 46 
7 
344 24 146 585 286 6 40 287 51 18 24 30 24 2801 24 53 
349 24 71 15 290 14 15 6 168 15 194 46 
7 
7 291 288 7 2543 
7 
211 211 211 211 211 211 211 211 211 211 211 211 211 211 211 211 211 211 211 211 211 211 211 211 211 211 211 211 211 211 211 211 211 211 211 211 211 211 211 211 211 211 211 211 211 211 211 211 211 211 211 211 211 211 211 211 211 31 313 643 40 351 40 928 19 259 234 22 1468 1330 354 46 
211 211 211 211 211 211 211 211 211 211 211 211 211 211 211 211 211 211 211 211 211 211 211 211 211 211 211 211 211 211 211 211 211 211 211 211 211 211 211 211 211 211 211 211 211 211 211 211 211 211 211 211 211 211 211 211 211 7 295 46 187 187 267 24 2801 24 53 187 288 187 1002 
