Subject: 37 46 6047 1649 1885 
433 6047 1649 230 22 670 87 581 313 433 40 14154 239 
7 7667 187 25 56 432 54 60 
7 117 
7 458 
390 413 260 219 390 611 297 19 9044 19 2151 20 2904 5718 
230 432 6047 1438 313 569 151 24 31 313 87 17 2143 12 1289 
38 5277 112 313 2650 433 1649 5226 24 1387 71 362 363 19 
390 2215 1613 646 15 1049 24 390 151 1708 38 409 14 15 3587 14511 
1382 71 21536 20 4943 15 1649 141 433 24 390 151 498 1604 
20 413 2757 4087 40 2805 589 15637 11209 5718 230 313 24 390 413 
611 1649 230 344 2549 10846 19 507 2549 7110 87 477 1284 21537 24 
151 22 1528 239 231 40 213 21538 7 4178 352 51 4928 24 53 
40 35 7604 45 522 884 885 19 205 40 4 7 682 20370 51 4928 24 53 