Subject: 14009 46 217 3341 4910 217 230 1503 11165 
40 35 7604 45 522 885 19 2454 15 3413 354 15 4818 14 
5 286 24 
12541 24 24 24 
226 55 878 5412 
15 1443 10571 405 40 2980 585 2143 219 
125 904 1797 25 12 40 46 
1192 611 22 1389 43 723 38 1045 19 4888 20 4985 8990 19 
535 2405 19 2088 19 4829 19 20 630 219 
1192 3131 605 2037 43 723 230 1728 87 2485 
910 17 589 1685 860 833 630 219 
1192 1612 1935 2246 10985 24 2543 15 1336 833 391 14 17 
2246 14899 219 
1384 333 19 3650 833 16447 219 
3022 230 46 
7 7664 
7 1503 2030 
7 2443 292 7563 
7 85 2030 
7 16448 
7 16449 
7 7708 
350 55 15 351 230 630 203 219 267 24 16450 24 53 
40 35 7604 45 522 885 19 259 1463 40 267 24 16450 24 53 187 4458 24 2610 