Subject: 37 46 260 3790 219 219 219 904 40 1735 197 45 1207 239 239 239 
1292 215 5 34 505 24 
900 46 
372 46 
2529 
192 7 7 7 7 7 443 6 7 7 7 7 7 
192 45 46 22 884 885 230 886 133 264 887 2 96 288 197 
192 888 648 24 494 262 46 197 7 292 51 288 24 264 24 53 497 55 889 14 2225 
192 16222 
192 445 46 330 19 569 66 19 59 63 46 1705 340 
192 40 46 197 7 292 51 288 24 264 24 53 
192 54 46 260 3790 219 219 219 904 40 1735 197 45 1207 239 239 239 
192 
192 
192 7 7 7 2225 16222 191 46 
192 192 193 197 2078 19 
192 192 260 3790 219 219 219 
192 192 904 40 1735 22 197 45 1207 20 909 
192 192 1917 24 
192 192 
192 192 488 71 1422 219 
192 192 
192 192 1415 
40 285 19 146 286 40 287 51 288 24 264 24 53 20 289 71 15 290 
14 15 6 217 291 197 7 292 217 24 
293 46 295 46 187 187 293 24 288 24 264 24 53 187 293 187 197 7 292 24 298 
294 46 295 46 187 187 288 24 264 24 53 187 320 187 197 187 321 7 294 24 298 
287 260 46 295 46 187 187 267 24 296 24 53 187 297 187 166 187 166 24 298 