Subject: 80 313 15754 40 571 230 18198 239 239 239 
390 2804 151 15 2454 11182 55 18199 18200 230 17938 19 18201 19 
20 9871 18202 46 
173 1322 630 21 3906 902 24 31 17 1089 12 21 3906 
18203 14097 1468 354 56 17454 60 18204 7 18205 
1463 40 295 46 187 187 267 24 18206 24 53 187 18207 386 187 1952 24 298 
87 400 280 2353 1621 490 
17938 10575 187 3503 187 12014 7276 17947 56 96 18208 60 
1920 491 24 2425 
17938 10575 187 12014 187 380 187 18209 187 18210 3784 17947 56 96 18211 60 
1920 336 24 2425 
17938 380 187 18209 187 18210 7276 17947 56 96 18212 60 
1920 334 24 2425 
17938 7483 187 3503 3784 17947 56 96 18213 60 
1920 334 24 1982 
17938 18214 187 18215 187 18216 187 18217 7276 17947 56 96 18218 60 
1920 334 24 1982 
17938 18219 187 18220 7276 17947 56 96 18221 60 
1920 345 24 1982 
17938 18214 187 18215 187 18216 187 18219 187 18220 3784 17947 56 96 18222 60 
1920 2282 24 1982 
17938 8353 3784 17947 56 96 18223 60 
1920 332 24 2425 
17938 5400 3784 17947 56 96 18224 60 
1920 2027 24 2425 
17938 15817 7276 17947 56 3 18225 60 
1920 2027 24 2425 
17938 15817 3784 17947 56 3 18226 60 
1920 2348 24 2425 
173 1322 630 21 3906 902 24 31 17 1089 12 21 3906 
18203 14097 1468 354 56 17454 60 18204 7 18205 
1463 40 295 46 187 187 267 24 18206 24 53 187 18207 386 187 1952 24 298 
87 400 280 2353 1621 490 
18201 7829 187 18227 187 18228 7276 17947 56 11028 7 275 60 
1920 63 24 1171 
18201 7829 187 18227 187 18228 3784 17947 56 11028 7 275 60 
1920 491 24 2425 
18201 12014 187 16359 187 18229 3784 545 18230 18200 
1920 336 24 2425 
9871 18231 22 18232 7276 17947 
1920 339 24 2425 
9871 18233 22 18232 7276 17947 
1920 339 24 2425 
9871 18234 22 18232 7276 17947 
1920 339 24 2425 
9871 18235 22 157 3784 17947 
1920 2286 24 2425 
9871 18236 22 18232 3784 17947 
1920 2286 24 2425 
9871 18237 22 18232 3784 17947 
1920 2286 24 2425 
18199 18238 1122 1171 13074 108 
1146 1920 352 24 2425 
18199 18239 18238 1122 345 13074 108 1146 
1920 352 24 2425 
18199 18239 1045 18238 1122 345 13074 108 1146 
1920 352 24 2425 
18199 18240 1045 1122 345 13074 108 
1146 1920 352 24 2425 
18199 1990 1122 345 13074 
108 1146 1920 892 24 2425 
173 1322 630 21 3906 902 24 31 17 1089 12 21 3906 
18203 14097 1468 354 56 17454 60 18204 7 18205 
1463 40 295 46 187 187 267 24 18206 24 53 187 18207 386 187 1952 24 298 
87 400 280 2353 1621 490 
2369 12 1920 364 24 2425 108 2353 20 2346 352 7 364 2030 1702 28 18241 24 
390 3698 18242 19 2955 20 10396 24 
869 1193 14052 55 221 320 7143 24 
221 17938 20 18201 18200 80 157 17210 24 
2955 187 18242 187 10396 249 
4729 344 46 3380 127 15 490 2353 1621 
4729 349 46 369 87 3380 17 2353 203 608 15 1621 
4729 352 46 280 17 2353 40 928 24 
280 40 46 4339 7 18243 7 18244 56 2353 38 15307 24 5 12 22 2915 280 1041 24 
249 522 13369 1311 394 34 151 467 40 17 2353 
203 60 
2353 1621 56 3380 2197 38 10721 18245 60 
370 46 479 479 479 479 479 479 479 479 479 479 479 479 479 479 479 479 479 479 479 479 479 479 479 479 479 479 479 479 479 479 479 479 
86 46 479 479 479 479 479 479 479 479 479 479 479 479 479 479 479 479 479 479 479 479 479 479 479 479 479 479 479 479 479 479 479 479 1192 1192 2387 86 249 
5190 19 170 19 1964 46 479 479 479 479 479 479 479 479 479 479 479 479 479 479 479 479 479 479 479 479 479 479 479 479 479 479 479 479 479 479 479 479 
2977 46 479 479 479 479 479 479 479 479 479 479 479 479 479 479 56 2487 2365 60 
2482 573 46 479 479 479 479 479 479 479 479 479 479 479 479 479 479 56 71 542 390 413 2 3 1286 127 17 2353 60 
251 14 2371 7 4924 10394 249 
494 497 2955 494 497 10395 494 497 10396 
4924 10394 1919 46 479 479 479 479 479 479 479 479 479 479 479 479 479 479 479 479 479 479 479 479 479 479 479 479 479 479 479 479 479 479 479 479 479 479 
16605 61 46 479 479 479 479 479 479 479 479 479 479 479 479 479 479 479 
672 46 479 479 479 479 479 479 479 479 479 479 479 479 479 479 479 479 479 479 479 479 479 479 479 479 479 479 479 479 56 1274 60 
102 7 18 86 46 479 479 479 479 479 479 479 479 479 479 479 479 479 479 479 479 479 479 479 479 479 479 479 479 479 479 479 479 1192 56 3380 2197 219 219 60 
17947 369 18246 2465 2398 
344 60 2687 349 60 2687 352 60 2687 364 60 2687 1250 7 2398 2369 833 2396 273 1920 364 24 2425 
2398 
5 18 415 416 445 71 7079 38 15 7354 4013 7 4367 1492 16326 1261 18 
2757 14 59 56 720 24 3876 24 18247 60 24 328 313 1870 40 35 7604 45 5 884 885 259 146 585 102 7 18 
38 4458 71 15 54 878 40 
390 2804 151 15 2454 11182 55 18199 18200 230 17938 19 18201 19 
20 9871 18202 46 
173 1322 630 21 3906 902 24 31 17 1089 12 21 3906 