Subject: 37 46 16030 1968 7 905 40 2448 
139 244 157 40 1208 220 21 40 1743 3640 9026 230 2651 2485 568 
16047 38 682 660 139 665 40 234 8715 3507 1594 226 15949 2485 1277 
643 40 1931 608 10133 1120 1743 2070 40 15 3456 2525 24 
192 192 
192 192 
192 192 904 1322 1208 5873 92 35 1274 40 379 63 19 2742 19 2742 10 2485 
192 192 240 19 1564 19 345 7 767 1413 80 4248 24 934 91 1207 11478 1856 7683 24 390 2 254 16048 
192 192 91 869 40 14280 24 
192 
192 91 2 96 258 139 16049 91 869 16050 22 2651 1208 1747 28 10894 13968 
15 
192 16051 14 5873 40 
192 5859 19 16052 3281 206 2248 15 12376 19 568 141 1634 16053 19 
112 2701 
192 5351 650 
192 902 24 24 24 568 15 5787 1515 35 1339 1633 40 16054 16055 24 
15 3649 14 477 1847 7369 12 15973 16056 24 139 2066 31 15 1208 
5873 413 35 10894 16057 136 368 3075 38 16058 215 22 
14601 87 9567 1146 515 5750 15 5873 3303 71 15 16059 515 
1943 7369 3649 7137 24 
1387 55 5 158 25 679 91 40 4258 477 22 14327 574 38 22 345 7 767 1413 
16060 5225 19 20 15 1839 91 129 679 40 184 456 1208 5787 91 
16050 2755 22 1701 14076 574 108 1146 19 869 12 917 354 587 40 6759 
2743 14 5873 108 14327 574 24 87 12 1120 22 7619 5787 239 
946 16061 