Subject: 80 313 209 17 1264 2 597 2 239 
19831 7 2954 2487 56 10875 46 19832 60 
3006 4545 6122 219 
230 19831 7 2954 56 10875 46 19832 60 
22 610 4591 2988 19 1499 1595 585 4591 582 9731 19831 7 2954 56 19832 60 46 
24 24 24 84 22 14059 152 7 6545 4545 24 
24 24 24 34 1501 22 2465 676 14 1920 349 24 335 28 5030 20 1920 63 24 335 28 19848 219 
24 24 24 4258 15450 3603 14 7483 40 3534 1413 71 15 2126 349 1037 24 
24 24 24 4258 15450 14 9311 349 24 63 108 597 28 19848 24 
11143 45 15 4591 3006 46 
217 22 3276 152 7 6545 4591 943 196 38 19832 24 217 
217 390 10163 91 23913 34 104 84 590 84 4881 28 1555 14610 24 217 
217 15 1827 415 5226 22 1747 14 4634 4635 91 80 3109 40 2184 15 1827 71 6992 22 21767 1310 597 24 217 
15 456 1310 71 237 19831 7 2954 13043 12 2804 2127 40 2457 
1920 15817 14327 24 18525 1525 230 1920 1171 14036 71 1311 28 15 1193 19848 24 217 
217 390 566 15 1827 40 4258 25 2 96 456 1329 14 16944 16335 10644 28 15 364 403 
8858 14 4390 24 421 55 15 7146 2535 19 390 10163 91 23913 34 104 24 217 
217 390 10163 15450 34 5299 354 22 630 8343 4239 631 16340 84 22 516 14 
5991 1442 7100 84 590 84 15 4639 14 548 920 6142 91 413 35 16492 
84 22 516 14 15 1969 13553 24 217 
350 230 6073 833 4545 6122 
458 3066 40 1685 15 1182 46 
19832 12 5235 354 22 8343 5225 24 15450 108 597 12 7057 219 
19832 12 869 14 15 11655 5235 4624 71 7591 9222 20 1683 7692 19835 24 
19832 12 22 15604 1827 19 415 184 15209 20 12 55 2367 40 12788 221 15450 18525 24 
19832 415 8180 7099 14 1982 1413 16863 219 
19832 12 22 3128 5029 8372 6590 1827 91 415 416 71 2030 1594 19836 24 
19832 415 585 4074 117 394 38 1739 12893 16342 20 585 
12018 1831 885 76 46 19837 7 19838 19 11735 19839 19 19840 5677 
4304 19 19841 7 5453 833 9222 829 20 15 1421 24 96 24 4507 8664 24 
350 230 6073 833 4545 6122 
8958 5235 1056 24 
2642 55 5551 230 15 3587 3575 20 5739 3576 13360 71 1421 24 96 24 1368 24 3766 230 5453 12 354 537 
14038 2237 2258 6406 4234 55 6351 833 374 10265 4624 215 19832 24 
129 12 8343 13360 71 15 5453 1056 38 15 433 230 630 4910 19842 20 4510 19843 24 
19832 12 22 654 19844 14 5 5235 433 233 25 13133 2137 217 19845 648 217 19846 
230 4044 1054 71 5739 3576 3610 20 9548 24 
6053 219 522 303 349 6053 19849 19 24542 
24543 20 80 1277 593 422 11698 1413 45 15 2465 390 3014 71 522 3497 4829 219 6002 40 221 522 
4969 91 3121 3516 14 936 6053 24 
643 40 110 45 3778 4591 
6169 239 
18048 17 2957 16827 3650 12 21 1292 40 619 1382 38 24 91 
12 258 390 151 24544 15 4626 6629 40 683 1499 1642 
4591 3613 38 22 2367 6721 14 19012 15 4601 24 
15 2259 14057 12 522 1468 102 7 18 3395 240 390 597 38 313 
15 3617 1182 15598 20 1310 4104 45 1642 8170 1892 2516 553 
413 6630 260 313 35 630 6302 4625 24 6054 593 1277 40 6041 46 
274 221 4411 14610 553 221 26 1498 71 
16477 14 578 1413 568 1486 71 4390 24 
4591 3395 13232 553 613 40 1824 
15 96 833 475 3503 24 
12893 1182 17355 29 46 273 2282 24 334 1413 5 1193 24 24 24 273 2072 24 63 1413 71 59 24 24 24 20 273 2064 1413 16863 219 
2529 17 102 7 18 86 490 20 156 21393 71 15 1909 20 1037 
1753 219 
370 46 
286 46 
37 7 369 286 46 
285 902 
548 13234 2318 
71 5 3029 2128 569 35 392 7 917 13234 547 15 
6020 14 15 2037 4656 19451 6015 2757 14 
3250 24 936 13234 569 35 3905 28 83 3777 84 217 566 217 19 
217 140 217 19 217 569 217 19 217 34 217 19 20 217 2170 217 87 1700 3777 24 390 80 21 
22 610 4591 2988 87 22 1826 3783 24 5 12 21 585 
1317 40 4545 87 11638 4656 24 184 6122 91 15 
4656 14 15 4624 16337 328 35 8720 19 7143 87 
3474 28 1788 87 6775 91 1771 14 15 16337 
4624 24 5 12 585 1572 1261 3601 91 130 
13406 1920 274 19 2742 71 12894 28 22 1174 7 2921 19 3482 3710 5257 
230 15 1261 6101 14 5 1827 203 24 35 2183 91 
7094 71 4624 16337 80 543 40 35 575 7 4204 20 
400 14 15 203 584 12 230 3390 4951 249 24 31 
470 19854 40 2757 84 585 14057 141 80 2183 21 40 17126 
908 15 1809 19855 45 585 4425 87 22 610 
4626 1826 19 31 432 3710 19854 40 5616 84 585 14057 
112 25 34 35 91 14057 2 96 623 4204 24 35 2183 91 15 
2359 14 83 575 7 4204 4656 569 516 71 15 3636 14 409 
87 221 14 15 4591 24 15 16337 4624 
1286 184 15981 87 7628 84 40 15 4955 87 15 
6603 14 15 12261 24 4625 328 21 4103 14056 55 
15 203 4857 24 1878 19 4625 328 400 15 
203 584 28 15 16337 4624 84 22 4735 431 
230 329 1555 1572 829 55 15 16337 4624 
71 2353 40 1623 15 14057 40 1621 556 87 557 1685 582 20 121 
4992 18048 71 15 16337 4624 24 14058 13234 
939 28 15 16337 4624 80 939 84 14 15 61 3340 20 
80 54 40 2370 908 1362 24 15 6068 14 5 
203 3948 21 611 19 1291 432 5293 19 432 
19856 91 129 415 416 184 2370 71 15 11390 14 15 
1827 16337 1594 15 61 14 2186 24 18048 71 4296 7 4219 
4656 12 1072 14059 20 15244 585 3054 575 
1103 14 4204 20 14062 24 230 879 2224 3028 936 
15648 20 14062 19 125 15 8372 14055 14 19832 76 15 1827 2 96 
1443 1036 3464 20 16862 3200 24 25 12 397 91 585 14057 2 96 
2754 4591 569 35 36 87 14025 4548 40 15 14059 1071 14 15 
4624 16337 24 15 16936 14 5 3601 569 437 1685 1468 14012 
12923 71 19832 20 569 3989 11638 221 87 22 365 14 936 12923 608 15 
847 1310 354 87 133 15 333 5 3201 12 2778 24 6615 390 569 
45 333 40 333 4545 87 11638 12923 14 19832 71 15 847 1310 24 
221 203 584 55 15 16337 4624 569 289 203 584 28 361 3728 19 83 
84 829 3200 19 1389 14055 19 43 2246 87 269 1850 24 4008 16978 4390 