Subject: 37 46 4786 1207 16202 
55 4110 19 2286 569 59 19 313 191 46 
192 237 14 15 123 1207 16203 1886 55 4786 239 
193 16231 268 
139 151 21 1052 432 1669 4786 4357 230 22 1207 187 16232 16202 24 
1203 19 139 151 40 16233 71 40 226 11457 1146 40 2576 25 24 
220 19 139 1235 592 646 585 298 1387 1207 98 51 295 46 187 187 267 24 16234 24 1442 24 24 25 
679 40 151 409 16235 4229 187 16236 1291 4786 220 55 15 872 1886 
16237 24 
1517 268 
7 7 
16238 16239 
295 46 187 187 16238 24 16240 24 53 
295 46 187 187 267 24 16241 24 53 