Subject: 10507 2631 2781 364 19 59 
1415 763 768 560 1421 922 922 102 3 139 1565 
10593 1415 349 682 378 4805 
211 211 211 211 211 211 211 211 211 211 211 211 211 211 211 211 211 211 211 211 211 211 211 211 55 2781 3290 19 15 10507 11879 5 157 286 3395 
230 3645 14 288 56 8729 60 349 4296 1262 56 1415 349 682 56 8729 60 60 
1054 24 6054 593 1277 230 4048 4805 20 876 
91 6172 1415 349 682 7733 57 24 234 8685 
608 136 1415 349 682 1216 83 84 15 2697 935 
4899 7627 56 15659 60 19 15 4309 203 4899 
4614 56 12667 60 19 20 630 24 
40 3409 19 1463 40 295 46 187 187 3105 24 288 24 264 24 53 187 3411 19 
414 15 12513 230 15 1415 349 682 378 4805 19 20 350 15 
2543 1330 24 
24 24 24 24 24 24 24 24 24 24 24 24 24 24 24 24 24 24 24 24 24 24 24 24 24 24 24 24 24 24 24 24 
7 934 
264 12511 17 317 333 20 4945 24 15 288 3105 
864 884 1227 80 532 230 9 264 2888 56 8729 60 
4951 249 24 313 151 1121 5 286 233 313 3081 
40 3409 40 10507 13014 24 40 285 19 1463 40 15 
2447 106 56 295 46 187 187 3105 24 288 24 264 24 53 187 3411 187 60 19 
12512 15 2322 12513 19 20 350 15 2543 1330 24 
7 3409 
40 3409 40 22 10507 3395 884 885 19 1463 40 15 
2447 106 56 295 46 187 187 3105 24 288 24 264 24 53 187 3411 187 60 19 
2498 15 4829 313 643 40 3409 40 19 20 350 2543 24 
7 526 
489 239 146 17 526 40 46 
10507 7 4757 51 264 24 53 
7 4008 
4008 59 264 2888 19 483 24 221 6261 6413 24 
10583 3492 1574 8933 19 7278 7279 19 3494 10584 961 
5 2022 12 3127 28 4008 24 230 630 203 19 
125 46 
295 46 187 187 288 24 264 24 53 187 10507 187 4008 24 298 
10507 2631 
2781 66 19 59 