Subject: 19762 2428 213 157 4895 19 419 723 1865 
19762 166 46 
15 19762 24508 415 1595 19762 2428 213 5 12 15 419 
498 19762 313 151 12249 40 2427 19 220 25 12 477 1301 219 630 4895 19 
630 2070 56 83 84 1468 286 5632 219 219 60 19 20 404 14 221 25 12 3244 
40 400 24 313 80 4686 40 2362 19762 2428 28 194 15 
3413 490 24 259 2454 206 5543 19 84 6290 15 2036 
217 19762 24 53 217 86 34 21 5220 19762 2428 24 
344 24 2362 19762 2428 2 96 11206 24509 217 4885 22452 1049 217 354 
217 295 46 187 187 267 24 24510 24 53 217 24 
349 24 354 15 4818 14 15 217 4885 22452 1049 217 1976 106 19 129 34 35 22 11740 
13298 230 2036 19762 24 350 55 15 11740 40 35 11399 40 
19762 2428 24 
558 19 313 1515 2454 15 1805 3413 71 2353 40 467 19762 
2428 24 19762 2428 34 21 35 123 354 15 2036 
217 19762 24 53 217 857 178 5762 7 2999 24 155 19 313 80 209 22 217 5537 
21490 217 14 15 3655 14 19762 24 
1610 313 230 136 19762 56 833 19762 2428 60 19 
2225 24511 19 19762 14008 
24512 51 19762 24 53 