Subject: 28 4073 223 12 12 12 12 12 12 12 12 
62860 19695 6108 12 12 12 653 639 
5865 765 4496 193 
669 193 132 105 124 62861 36530 17 7 187 435 21 2176 132 2596 130 70 653 639 
19802 21 591 213 229 767 161 124 359 925 12 
20 653 2082 204 14343 2473 122 38 35 3522 4641 306 9 1021 34 38 2858 653 639 
439 653 2082 440 482 21 10897 964 21 12 7 6285 21 3213 132 19695 1021 49 28 10 653 639 
386 31 9 1336 12 
132 2261 112 985 125 28 1870 21 28 62862 17 125 28 62862 21 28 653 639 
33383 12 
5114 112 132 40818 45 17 28 19695 52958 109 395 7 59546 28 653 639 
185 7 8082 12 23 132 8147 19695 31 62863 475 45 7 9570 12557 45 306 359 9987 653 639 
347 11039 21 3820 21 2261 12 7 187 933 23 972 14203 45 17 4060 653 1514 72 653 639 
34 60089 45 57192 45 21346 45 4 34 1893 3955 13663 653 1514 112 93 14 138 215 132 20727 653 639 
1464 21 14 4 34 13663 848 1010 2663 219 7 4602 653 2082 440 837 767 435 34 1011 653 639 
21346 4 28 2941 653 3876 7 112 62864 17 259 62865 12 
132 20727 45 213 777 205 55104 49 14 17 670 2116 4061 215 86 7 112 653 639 
531 536 219 45 112 2577 8085 67 132 9502 17 12156 9826 12 7 112 653 639 
20714 143 47 20714 45 31 28 45519 21 481 20 1461 1320 517 12 
7 8 205 109 5820 34223 38 35 2937 31 1616 132 53541 55815 231 17388 12 
231 34223 2445 45 62866 45 21064 3260 45 12198 34223 45 837 62867 143 62867 45 17 653 639 
28 110 7653 109 17 109 12 7 187 34223 49 28 429 2351 2660 45 111 20 112 445 653 639 
9 1384 31 92 395 7 3386 132 35195 776 17 10450 964 17897 13023 653 639 
34873 31 28 47 45524 7 653 2082 151 205 62868 1904 12 
7289 
2023 49 14 653 639 
395 9 42 18794 31 2854 9685 14 21 4618 9 8366 34 112 653 639 
62869 59139 49 446 1508 12 34 8366 112 52 653 639 
34971 15195 653 639 
833 
12 
121 67 3968 2660 109 54245 833 45 7 13617 21 2596 9 2193 31 653 639 
231 505 528 231 306 6222 11039 143 7 4602 653 2082 440 767 20714 45 62870 347 653 639 
40120 12 959 13230 45 
7 4602 150 440 767 53211 
143 653 639 
541 7 9618 150 440 9570 49 524 45 6463 1010 12 
7 150 938 205 148 49 9 19695 143 6108 1422 49 259 653 639 
122 12 7 968 7 777 4080 3212 179 12 12 12 
28 4073 
223 193 193 
7 2173 
45 
93 
223 193 
6460 653 639 
487 
7 230 6249 475 4 448 524 12 
1370 448 653 639 
524 7 6831 3192 21 9034 475 12 
328 45 7 653 639 
35 220 591 3544 34 7 10266 150 440 179 7 62871 62863 475 12 
28 508 14343 653 639 
386 143 2473 4572 17 941 20 112 193 
132 6055 58 9714 14 45 17 
132 19695 6108 58 62328 653 639 
2051 188 193 
255 653 639 
34 7 576 21 548 306 17 837 599 389 4602 150 440 10068 14 23 653 639 
3206 193 7 9939 467 8139 213 124 21044 934 67 68 839 12 12 12 653 639 
7 2563 21 2949 8139 7 35 213 58 51151 306 2051 347 104 19695 45 435 7 653 639 
8 12 7 35 767 15 48691 45 2892 14 193 193 193 38 62 521 6459 109 28 54245 653 639 
833 839 193 20 58 78 14 9 294 8722 109 2261 653 556 
121 18571 6249 475 653 639 
259 2342 45 7 767 47 9675 45 1011 45 17 837 57192 193 7750 45 17 7 2110 20459 653 639 
34 310 3955 11278 13663 7 20459 179 132 20727 1464 143 848 1010 2663 193 
215 7 2852 653 639 
34 21346 4 28 2941 93 112 14 193 219 7 968 7 187 4430 933 17 653 639 
767 435 34 120 193 
34971 15195 833 
124 9 1367 52813 125 1002 34 58 13092 5820 653 639 
2696 31 132 2261 193 
17 125 28 4242 31 132 18512 45 7 18 3559 46 132 653 639 
42 18794 8098 49 103 14 67 68 513 8366 17 3801 14 182 28 12905 31 8012 12 
72 7 90 220 20 45 38 35 220 20 531 193 
6460 653 639 
487 
7 112 40266 653 639 
31 528 19581 12 7 4602 653 2082 440 435 28 185 7 8082 17 7 4602 653 2082 440 435 28 185 7 9570 12 653 639 
7 9570 34 7 19606 20 21 132 20727 45 132 2116 4061 45 17 1904 21 481 208 653 639 
959 10851 23 19695 6108 12 72 38 87 21 13260 9 2351 475 45 959 1032 1876 653 639 
475 45 347 2423 4 2585 45 6460 1461 68 3981 7140 17 653 639 
62872 765 515 68 14343 8366 58 506 49 259 591 255 435 38 17 653 639 
14 193 12 
28 822 124 4 28 59653 215 259 21 5423 219 259 85 653 639 
9 933 23 28 591 2487 13689 125 757 213 8 11910 10 9826 45 653 639 
2914 769 2161 45 17 31 203 45 230 19695 17 164 8035 20 653 639 
2354 49 502 12 28 53590 5423 49 7997 12 17 72 38 3807 62011 653 639 
541 38 164 8161 21 4618 653 1514 
521 49 653 639 
20 193 193 193 193 193 
38 653 639 
3050 150 440 77 118 12 12 220 85 28 92 21 2666 37 12 591 164 2858 
14343 193 
6460 487 653 639 
21 2666 591 31 28 2487 13689 12 
6460 487 
19404 28854 45 
62861 653 639 
36530 
68 653 639 
626 58 205 102 21 38 74 70 374 34971 15195 833 45018 12 
21 77 6617 81 
6460 487 347 102 273 21 
5247 302 62873 12 3519 
653 639 
306 5247 4 28 627 1479 12 