Subject: 8448 4428 12 62877 
2692 9 52745 45 274 221 13144 193 193 
419 8 70 2494 55844 839 
34 124 47 941 21 11440 12 
6825 9 4642 16849 18489 4 274 9 2351 524 12 
12559 921 9 3831 3264 34 18 2706 48719 
18489 45 1211 10820 4 70 55844 400 45 17 
1379 15 44124 306 9 6822 4632 12 
419 3359 9 4572 3040 74 3040 408 21 
9180 15 1166 12 
359 7986 2916 45 359 8364 45 359 3588 12 
49 392 1876 12 1529 3042 45 38 35 1014 2692 15 52745 193 
273 49 959 2377 23 2 672 21 2377 4 627 12 
195 5247 3592 8808 54349 6125 581 12 
81 1929 34 184 2954 21 53730 45 1276 347 9834 68 5247 
61 35 445 966 4 4076 49 757 4059 21 77 6617 
125 670 133 110 130 20 18 77 9962 21 85 2622 2354 28 
110 72 28 5247 8028 35 107 77 293 12 