Subject: 4222 164 963 3192 63427 
369 124 28 92 21 15198 15 38048 3314 45 52799 9 4240 1543 677 45 52895 19605 347 2974 3314 9588 306 9 5810 61822 1479 31 1058 347 144 380 36233 12 
11521 4 49470 49 16578 255 2 
9118 143 5980 57528 
359 18489 347 8207 17496 
195 10461 31 1058 819 
964 21 1876 3471 17877 
772 19605 49364 
393 143 5338 19886 9686 
58153 833 15198 17 52799 
66 15 12171 17877 1444 193 193 193 
72 38 187 435 4148 430 
81 273 434 23 63428 25415 302 39508 12 1217 138 627 653 63429 
95 9 599 1825 347 9 18794 306 769 3314 3921 571 74 
6670 68 273 21 37 193 
70 9500 5812 1129 53428 
72 38 467 21 77 6617 125 68 35156 150 204 460 8364 45 81 149 
306 28 627 231 5247 231 17 68 1237 18 8808 9834 38 
125 769 460 8364 12 