Subject: 124 15 1058 11972 35779 138 
984 1058 62250 15 2261 138 248 
68 124 70 3558 849 21 2622 53258 125 984 347 837 20503 1058 213 187 435 21 2188 2473 21 36 9 19788 294 1058 2939 4 982 1032 1535 2660 193 
824 824 68 13720 45 5865 8054 1381 112 8095 765 848 1010 2663 74 9 1524 31 54480 4 4742 17 9835 45 49 9623 294 1058 6215 58 205 576 1338 74 35775 31 54175 274 435 38 193 231 824 824 
125 2 
36495 36768 
36768 1058 1444 
1 2 231 28 1058 52975 3586 193 231 
42 18794 45 
72 38 215 347 18794 219 124 53258 125 4960 45 54877 45 299 143 49021 45 347 274 984 1058 45 68 18 77 28 508 2340 849 38 18 1355 2666 12 953 138 231 28 1058 52975 3586 193 231 37546 208 31 28 2612 52975 4 28 423 193 35775 31 54175 8 576 20 1338 193 
4 2177 45 179 7 429 211 67 68 1381 20 62923 231 531 502 21 77 6548 231 45 111 7 4080 20 17 19407 21 1904 34 20 124 6548 193 68 124 28 2612 45 508 4223 8054 38 18 1355 8438 21 1022 984 1058 9586 38 19728 12 1319 38 572 68 4572 12140 34 91 54480 8 453 11475 392 827 45 2862 12 1529 49 45 7 5697 15 2261 18 4430 77 28 310 120 193 
132 2901 960 143 
132 105 124 36495 36768 45 17 107 122 2663 7 112 4 19605 964 21 132 17849 17 777 6185 12123 19887 14 435 38 12099 150 440 2892 12 23 208 776 20 13297 130 72 52897 139 3625 17 35773 462 419 150 1 4430 985 21 7954 12 9635 45 132 2901 1058 112 20635 12 111 45 28 1342 52906 13617 12 456 62924 222 130 9 11602 45 12934 45 347 9 52470 45 90 359 3806 77 9126 306 222 38191 130 26 777 205 1319 1397 12 1413 21 36 70 944 10671 45 9 1055 1044 347 837 9 20779 11602 308 9 1058 1059 112 8202 9962 215 107 21 5855 47682 45 72 38 8 4061 45 17894 45 347 34459 306 38 219 12 
21 481 9210 837 4550 45 7 275 34 20779 12123 17 62925 18 107 837 49911 9 930 347 70 21171 21 4091 213 58 9 984 1058 9820 12 68 7 275 21 77 47 41604 12 23 225 7 837 2031 12117 62865 125 528 4647 435 9 431 143 8876 16283 86 31 132 984 1058 45 17 545 11610 23 208 776 34 7 187 4430 77 159 21 2745 2423 465 1355 120 12 111 45 208 517 45 132 460 62926 179 
824 824 7 8095 9 848 1209 972 4561 8054 7548 74 9 1524 31 54480 34 5046 132 2261 19728 824 824 
9 502 18794 31 9126 213 934 132 1058 600 2143 14 28 139 140 31 2051 9869 45 4788 45 213 112 9 1058 9396 213 777 12655 255 4 132 600 1397 12 9 2351 2660 1892 419 5856 109 28 139 17 4788 7781 306 91 31 28 508 52760 14209 52975 34 7 8 1355 211 12 251 161 112 208 8054 4 2259 34 55 7781 34 7 10266 150 440 458 12 4 2177 45 121 7 211 20 45 7 90 8898 7885 18513 34 4496 193 
4788 3053 21 14 34 765 848 1010 2663 9 1524 31 54480 4 9835 17 4742 777 8095 9 1381 31 9623 19788 294 1058 6215 49 769 1202 12 26 106 68 74 564 13350 31 9 818 14209 14210 1190 1992 130 28 231 57568 9657 12447 231 12 55 840 9694 34 1461 68 1190 26 275 9 1367 231 56381 231 4 28 1058 408 34 90 77 576 74 11475 21 62927 769 984 1058 74 7813 62928 769 972 35779 1058 6215 12 68 90 445 77 506 208 92 12 
1461 68 1381 45 28 54480 187 6825 9 19788 294 215 347 34922 219 1058 2939 49 769 1202 12 26 52 68 1381 1058 2939 36292 12 28 578 49 68 504 112 392 827 45 2862 12 1529 12 31 203 45 86 31 28 37723 6567 28 504 2434 45 1202 20887 484 12 392 827 45 2862 12 1529 124 9 532 80 21 63 49 9 294 1058 2939 12 1012 72 15 1058 124 11972 35779 17 38 482 21 857 2423 1355 120 12 121 195 45 515 411 71 106 443 255 8 138 4293 248 21 848 1010 49 769 984 1058 21 77 5422 138 248 21 848 1010 124 185 531 122 21 521 1461 2261 306 28 47659 31 984 1058 45 1012 72 38 8 21 49911 9 3314 347 21171 12 7 84 83 45 86 7 576 21 8 20503 1058 215 395 7 8095 68 8054 219 12 
28 959 4788 6336 14 67 68 8054 28 959 49967 7 2031 12 55 56 2622 90 572 20 21 6825 9 19788 294 1058 2939 5820 92 45 308 7223 12 20 4602 150 440 1384 72 38 199 53258 125 4960 45 54877 45 299 143 49021 45 13723 45 5810 53808 347 274 984 1058 12 306 68 1381 2622 90 62927 28 1335 17 1022 769 984 1058 9586 37 19728 193 
824 824 824 54474 150 204 392 827 45 2862 12 1529 1058 8054 19399 193 824 824 824 
528 159 21 3042 765 306 9 294 1058 2939 1449 62923 274 231 531 502 21 77 6548 231 45 259 34198 7 114 72 68 112 93 62929 17 13720 21 548 49 2622 138 347 45 112 769 3039 62930 21 213 90 220 20 138 4788 6336 14 34 2622 90 220 20 130 122 130 26 4430 777 9 431 1058 2939 1397 12 12 12 
132 12551 93 39574 964 179 55 6336 14 7 12099 150 440 8 21 12543 392 827 45 2862 12 1529 17 7 4602 150 440 837 87 70 54474 45 86 215 435 508 3385 54474 150 204 299 434 35775 31 7804 49 219 2622 90 3558 9 19788 294 1058 2939 195 74 7997 158 1319 26 83 2473 12 68 124 86 195 2381 9 294 1058 2939 479 3192 21 124 274 3968 3052 12 3968 4572 3052 2622 35 220 215 1319 26 83 2473 219 1457 125 28 12227 31 769 294 3314 45 4 982 1032 1535 2660 193 259 45 515 7 4705 1461 195 4788 150 204 1354 112 
515 28 54474 150 204 199 37900 769 1202 392 827 45 2862 12 1529 21 220 45 38 35 220 195 74 1897 49 5054 298 193 17 28 75 966 124 1318 28 310 2 
231 9 19788 294 9175 1058 2939 231 4 15 105 193 
130 38 90 3084 45 23 68 776 7 90 8898 12570 1449 4 132 1176 193 72 68 199 93 6548 45 195 132 1058 1440 187 77 4646 193 359 959 187 7 8 21 521 1461 2261 306 28 48691 17 53459 31 528 4647 435 9 431 143 62931 16283 86 31 132 984 1058 193 359 959 187 7 8 21 11416 306 28 228 17 55012 31 54172 67 528 159 21 36 9 294 198 21 11416 347 17877 9 11602 45 9 3314 52470 45 347 837 4572 3385 435 9 45517 62932 193 251 20 1449 62923 274 231 531 502 21 77 6548 231 12 259 7 777 21 4618 20 1904 12 12 12 
5120 124 12211 
3040 74 3040 4788 9672 14 1318 515 7 777 21 220 21 36 132 294 1058 2939 12 120 45 195 20 93 3869 112 729 4572 3052 12 1319 7 1339 564 443 3052 7 10266 150 440 2892 2473 941 20 112 12 20 112 259 941 9 609 1209 972 90 220 20 12 7 150 282 20322 5648 193 195 20 93 3869 112 9 3547 2493 17 8371 499 2707 17 1476 139 3625 12 1427 38 150 1 312 20 38 150 587 256 21 1897 231 68 124 531 941 193 68 35 150 440 93 548 193 231 7 112 36308 49967 23 2473 941 20 112 12 313 20 187 1449 77 9 990 1987 45 20 21173 14 91 54480 777 453 11475 392 827 45 2862 12 1529 21 2974 443 4572 3052 49 37 193 
111 28 536 517 3378 12 12 12 28 517 34 7 870 9 39 31 132 294 1058 2385 125 28 1058 14154 12 7 150 587 4430 458 68 517 49 28 6134 31 132 2261 12 20 112 9 50123 1186 12 7 1074 509 28 628 125 28 323 17 11071 964 132 62933 130 7 57437 28 20618 125 28 1058 14154 17 132 18512 13617 21 20417 193 837 23 34 3315 7 50087 72 68 1381 112 49 1342 17 72 20 187 93 548 49 14 138 130 7 58066 964 28 62933 17 62934 28 20618 3558 132 2261 5046 19728 45 130 7 39167 1397 132 12551 
9 19788 294 7813 9175 1058 2385 306 132 105 109 20 193 
161 164 359 4778 7 90 1355 572 21 4268 28 7130 34 13496 1461 132 3509 6290 130 7 28875 109 132 62933 34 50123 1186 12 7 1074 85 9 11688 13099 45 17 274 130 7 62935 7 9570 5820 3547 657 31 48691 45 53459 17 55012 54429 17 35054 497 921 60089 5486 193 7 4430 9570 259 48 7966 4 132 3509 193 11891 34 195 132 228 17 53157 7548 74 132 984 1058 112 369 552 19728 193 435 7 56 45 7 18 4430 458 34 50123 1186 49 28 6134 31 132 2261 158 12644 109 132 62933 45 16544 34 9486 20618 45 62936 921 28 39073 306 9 7130 31 834 7966 12 7 3923 52 4788 21 2176 28 990 514 17 2031 259 50532 7 5865 58030 12 7 83 68 229 1157 19698 12 251 72 38 150 938 205 62937 74 984 1058 17 111 1276 15 12551 49 274 9 3315 17 3084 
9 19788 294 7813 9175 1058 2385 306 15 105 109 20 193 
38 8 21 4603 34 274 28 968 12512 124 9 3547 50532 359 1384 213 38 164 12 534 45 53885 20 124 208 3203 158 215 545 4075 20 1897 124 477 212 219 12 
226 7 83 515 20 150 204 435 21 521 1461 2261 4075 28 48691 17 53459 31 984 1058 45 38 150 1 985 21 128 28 2933 310 1337 7 5038 21 2671 132 2261 12 20 150 204 52 231 28 1058 52975 3586 193 231 17 20 3894 195 28 4572 215 3040 143 74 143 3040 219 4441 17 2707 539 21 3558 9 19788 294 1058 2939 4 982 1032 1535 2660 12 443 164 28 2933 310 1337 17 1362 34 8 5046 28 12982 31 35775 31 54175 193 20 150 204 5046 769 2261 4 982 1032 1535 2660 17 20 35 2671 117 531 193 274 5506 21 515 91 255 8 21 256 121 357 231 28 1058 52975 3586 193 231 2 
231 15 839 58 12655 14 499 9 356 12 7 274 6221 9 294 11602 17 207 17877 23 848 12 1257 3471 12 369 34 7 8 9 431 5491 7 207 159 21 7690 9 930 45 17 7 2563 109 312 68 1028 12 46 38 120 49 9 990 839 45 251 959 259 49 107 37900 392 6255 21 392 648 45 1857 49 20 12 7 65 369 8 827 54272 12143 306 7728 964 21 392 729 45 1857 12 194 45 7 220 1074 515 38 56 67 1058 45 17 7 439 150 440 2563 109 3594 959 1032 7 35 63 182 5820 76 12 251 20 124 465 21 83 34 7 8 28 1058 72 7 1355 87 20 347 3807 21 572 20 12 231 143 5779 1219 12 
231 137 21 9 1166 10060 4 7348 132 1058 9820 112 35779 21 28 776 34 7 777 21 1022 3192 9 392 648 45 1857 823 274 21 36 9 36376 139 12 7 4080 2119 1058 2662 12123 540 64 9 356 959 483 17 6106 47 3547 2487 12 26 187 8363 17 60886 195 28 3897 109 132 2385 17 36 91 31 28 4518 2267 6617 45 251 28 3986 2267 187 3799 12 7 4430 41977 4 132 60028 28892 34 9 160 435 14 90 36 9 19788 294 1058 2939 12 542 107 541 34 7 150 151 1355 211 31 1397 12 1319 7 4327 28 839 20 869 7990 2193 21 14 12 62938 255 8 205 312 259 49 1010 12 20 274 34 3536 8151 435 1904 45 213 93 87 95 45 8 205 4 28 33399 67 68 12 121 568 28 839 7 207 47 5693 34 7 13153 251 7 18 4430 521 11688 921 19605 120 12 7 274 435 21 8 359 1058 489 1032 984 1058 12 231 143 36441 321 12 
231 179 7 293 28 231 28 1058 52975 3586 193 231 7 2031 47 33763 23 28 5679 31 528 159 21 8 9 431 5491 21 3042 132 1058 2261 306 9 9175 16409 12 74 235 28 3040 143 74 143 3040 6150 1370 9 2351 1910 7 112 159 21 36 9 294 1058 2939 12 7 112 65 36224 2473 4572 17 941 20 112 12 7 13617 2692 132 1058 17 28 12140 38 3123 4 976 6309 49 2692 9 231 10666 9 143 648 1058 9820 4 445 4114 2660 231 124 5054 965 12 20 1930 274 435 38 256 12 20 150 204 5865 50723 12 1370 4114 2660 132 1058 2385 777 729 1058 1059 8673 45 827 1617 13039 8673 45 17 144 3360 1059 8673 12 38 199 1457 12 7 9939 220 28854 28 517 7 13153 28 839 12 28 839 58 5046 132 2261 12 231 143 577 781 12 
443 255 199 1319 4 28 2933 310 53734 17 41604 2439 38 347 4091 38 83 229 77 4 328 12 28 445 2923 138 26 869 9 4553 4998 143 298 1475 21 73 28 231 28 1058 52975 3586 193 231 12 28 839 1930 12 20 150 204 2023 49 35775 193 7 150 938 506 20 12 17894 8 506 20 45 17 38 35 531 193 187 38 435 21 2745 9 19788 294 1058 2939 138 
231 28 1058 52975 3586 193 231 35 2671 15 2261 4 274 9 2351 1893 1910 193 17 38 150 587 77 49967 23 2473 4572 17 941 20 124 193 359 959 18 38 8 21 77 4131 31 15 1335 193 359 959 528 4 228 31 15 460 193 17 359 959 528 60705 21 4702 49 1058 193 953 84 38 521 1461 2261 4 62939 45 528 4647 435 9 431 143 8876 16283 179 38 35 1022 15 984 1058 9586 38 19728 435 259 591 757 8 138 35775 274 435 38 8 506 20 3260 17 941 306 231 28 1058 52975 3586 193 231 12 4 9 517 347 373 179 38 128 20 38 18 2188 2 
824 195 67 28 53517 31 509 9 294 1058 2939 17 28 231 3547 1992 231 8054 56381 28 54480 275 4 28 408 34 1375 20 195 261 215 450 976 648 193 219 
824 2473 28 536 1058 55083 3832 6608 31 15 1058 2939 17 953 12424 38 8 21 46 769 1225 384 49 15 294 208 193 215 450 976 827 193 219 
824 195 67 28 231 57568 9657 12447 231 17 2473 255 274 435 38 8 205 509 294 1058 6215 49 1010 193 215 450 976 827 193 219 
824 2473 38 35 36 15 294 1058 2939 195 74 1897 45 435 35775 8 45 308 189 392 827 45 2862 12 1529 21 9 772 7747 54474 21 220 20 49 38 193 215 450 976 644 193 219 
824 28 208 231 8054 1388 231 21 509 15 294 1058 2939 17 2473 941 20 124 21 220 193 215 450 976 729 193 219 
824 3212 28 1058 55083 17 6185 12123 439 150 440 482 11475 21 83 67 1058 2662 17 19605 6185 193 215 450 976 636 193 219 
824 2473 4572 20 124 21 36 15 294 1058 2939 308 1355 949 15 930 193 215 450 976 248 193 219 
824 2473 21 36 15 294 1058 2939 109 143 1479 306 195 754 31 28 3986 1058 10655 55083 193 195 125 3314 193 1370 2660 193 215 450 976 248 193 219 
824 2473 21 3832 15 972 1058 2939 125 2196 62940 15 294 45 12205 9175 1058 2939 193 215 450 976 617 193 219 
824 28 333 508 17163 114 463 215 17 769 3940 193 219 67 509 17 2692 9 294 1058 2939 193 215 450 976 336 193 219 
824 28 62941 193 2473 21 9180 9 231 10666 9 143 648 1058 9820 4 274 4114 2660 193 13388 193 572 68 8054 21 9180 964 959 1058 109 15 294 2939 4 4114 2660 1032 508 255 9180 964 4 729 1010 193 215 450 976 1257 193 219 
824 28 8054 11033 1190 34 9181 195 15 6185 3625 3923 193 
23 68 776 38 1906 77 3209 2473 48 28 231 28 1058 52975 3586 193 231 875 12 1457 138 505 45 82 150 204 1522 67 2473 48 28 839 124 9713 12 121 195 45 308 28 839 4091 187 77 12531 21 45519 306 769 984 1058 49 964 21 848 1010 12 3084 837 28 997 827 1010 306 984 1058 12 
991 28 6567 31 9 294 1058 2939 7 150 151 256 28 839 124 2164 9713 28 392 827 45 2862 12 1529 28 54480 199 37900 12 12099 150 440 38 4758 138 534 45 20 3050 150 440 64 34 48 12 107 837 1276 193 132 2195 124 21 481 68 2261 253 839 53146 259 4180 8151 35 2489 125 28 2168 31 20 12 
5506 12 12 12 11614 255 8 205 568 443 52975 49 1010 21 11416 231 772 109 28 24121 231 1427 4180 255 435 38 17 14 164 2575 4 28 33399 12 226 7 83 2473 48 62942 2261 124 179 38 8 984 1058 45 38 150 1 985 21 128 231 28 1058 52975 3586 193 231 49 1389 392 1876 12 1529 12 12 12 107 837 392 390 12 1529 12 12 12 38 164 985 21 128 28 3509 2261 143 253 203 49 445 392 892 12 1512 12 68 124 107 9 54087 12 251 38 777 10 12447 3260 86 253 14459 90 19704 7954 28 49196 31 68 839 21 11475 23 184 92 193 
73 328 2 
13 445 392 892 12 1512 434 
215 1058 1059 45 5634 45 4322 45 347 483 73 219 
21 198 15 73 12290 6392 499 28 235 486 17 51 21 648 143 21736 143 58201 143 51083 12 72 68 1479 124 563 45 81 4618 34766 21 648 143 51211 143 8124 143 62943 12 
347 628 21 2 
36768 1058 1444 
61749 1119 3083 45 4118 3880 
54091 45 12467 61750 
215 195 4157 9774 1370 952 954 31 357 37 219 
824 824 824 824 824 824 824 824 824 824 824 824 824 824 824 824 824 824 824 824 824 824 824 824 824 
1058 1059 73 2 
81 3990 47 1412 4 33399 30919 12 
105 109 1058 1059 2 
16 2 
5913 397 2228 397 1284 2 
15 273 16 2 
215 68 124 177 15 3586 18 77 102 219 
15 1059 18 77 453 392 892 12 1512 49 28 1058 52975 3586 
650 31 1059 45 12532 208 215 4578 45 4632 45 1009 4634 219 
1058 1059 140 2 
632 1058 1059 49043 2 
81 2949 434 15 139 140 2 
81 2949 434 15 51 140 2 
21 73 74 4322 347 483 73 2 
481 15 4322 34918 21 2 
28 1058 52975 3586 
105 2 
16 2 
5913 397 2228 397 1284 2 
240 143 628 16 2 
215 68 124 177 15 3586 18 77 102 219 
81 2949 434 15 139 140 2 
81 2949 434 15 51 140 2 
46 38 49 15 1166 45 
36495 36768 
2469 
36768 1058 1444 
61749 1119 3083 45 4118 3880 
54091 45 12467 61750 
51 21 648 143 21736 143 58201 143 51083 12 72 68 1479 124 563 45 81 4618 34766 21 648 143 51211 143 8124 143 62943 12 
5705 215 1219 219 4284 143 2405 
195 13124 5836 
321 12 204 12 7 5865 5854 12 231 28 1058 52975 3586 231 479 306 9 208 76 483 143 182 5697 193 259 15 208 143 92 578 124 52677 1476 15 1475 4998 298 193 5506 12 68 124 15 1129 21 2188 28 52975 21 509 9 19788 294 1058 2939 4 982 1032 1535 2660 193 837 2188 2473 21 2662 15 972 2939 193 
321 12 321 12 204 12 21 95 38 36 2354 21 9 3260 3042 7 150 587 2482 38 2473 21 128 9 818 392 729 45 1857 12 1529 54272 1058 1059 306 359 1058 4322 12 20 35 77 7824 109 9 294 1058 2939 130 9 392 729 45 1857 54272 1479 31 1058 193 20 150 204 298 306 15 575 193 
68 3946 124 2094 17 102 499 74 2 
243 3836 384 45 54353 45 3170 54354 12 
21 77 6617 125 670 133 110 81 273 434 23 
62944 302 62945 12 20907 143 2356 12 1217 306 5247 4 28 627 1479 12 