Subject: 1 2 6219 143 260 109 2193 143 12069 573 
23 1535 2 636 337 397 1267 397 2405 143 4037 45 10223 12030 101 2 
41 
41 68 926 107 12070 485 21 7860 143 144 45 251 4177 12071 
41 11557 124 528 506 49 819 1740 45 7 4060 515 28 
41 12072 124 34 255 1960 109 3586 2193 12073 
41 215 240 12 913 12 2444 219 90 481 1357 28 2193 12069 573 125 824 195 824 
41 1353 12074 45 489 1032 274 28 838 12075 12076 2581 
41 74 937 347 1385 138 68 187 1947 12077 921 8804 
41 31 12078 1467 17 12079 45 130 506 4 91 272 548 
41 74 12000 12001 45 540 7 2937 58 28 2483 31 528 477 
41 3930 12 7 1904 187 77 1891 4 184 222 573 34 
41 314 5777 12 12 12 
7 4758 306 68 12 4 28 12080 7851 34 7 7824 4 
12081 45 7 275 9 4642 441 31 12079 1364 28 448 12082 
213 2142 4 28 1382 49 1106 45 568 9 4572 12083 
12032 12 49 91 2080 45 12084 4778 215 231 12085 653 240 1257 231 45 409 12 219 45 1467 
112 1276 21 12086 1319 5491 1467 112 6617 215 12087 12088 219 12 
450 2 
1221 653 240 1257 12039 45 2461 12 215 136 9 219 12 9 244 31 12089 12090 17 
8037 143 12078 1467 12 1116 
17 243 451 31 28 7860 936 45 144 143 644 247 136 12 
12091 12092 45 
6372 12 
653 639 
1357 2 1050 2 397 397 1051 12 964 12 2523 143 295 12 1105 397 763 12093 397 6394 397 136 7860 12 6394 
7 187 1907 9 431 311 953 28 7871 31 12094 1467 124 
2340 215 5505 125 819 1740 219 12 20 2258 434 70 12095 12096 109 28 
408 9592 12 20 1465 12097 21 1916 959 1467 2585 28 
408 17 28 6311 7818 1032 2585 28 12082 7997 12 
874 45 208 35 7869 34 8813 222 130 11379 17 11378 84 
77 12098 1358 21 28 12094 677 45 17 107 21 9 2013 
1876 3471 12 
1567 1221 653 240 1257 12039 
1050 2 397 397 1051 12 964 12 2523 143 295 12 1105 397 763 12093 397 