Subject: 3921 2382 3260 193 193 193 
63584 1775 36233 
36233 
1184 644 38 
9260 
21 481 15 28892 3078 6548 
515 
164 15 13002 28892 138 220 38 482 21 52799 15 2003 
3921 45 
15198 9 294 3314 45 52895 15 52801 45 481 3314 9588 
347 
274 482 91 416 5634 49 9 7798 347 21 3042 9 1166 138 
2942 
15 571 419 35 95 12 20 150 204 941 21 48796 17 15 3921 367 
124 
298 11491 
3314 
4568 49470 
19605 
52824 49470 
52799 
49470 
5634 
499 49470 
48881 
124 
23 15 59110 12 591 31 28 294 3921 2950 3359 3314 143 9622 
28 
3564 21 52895 52801 921 208 2620 16849 680 12 10898 
31 
68 650 31 3921 1833 5810 12940 17 1543 48672 12 
2950 
49 3314 143 9622 445 12 
63 2354 
2003 
772 143 1543 49470 45 1058 12143 45 570 49470 45 3999 17 
2901 
52801 12 15198 347 36644 59176 45 59104 17 21728 150 204 12 483 49 
2692 
11050 45 63585 45 11053 45 63586 45 52248 45 9908 45 7731 45 
1166 45 
347 274 67 2423 12 19605 52824 45 3314 4568 347 
5634 143 499 
49470 164 1357 49 12591 6123 12 1 143 857 15 
2003 
3921 49 9 6203 677 12 
359 964 143 6059 
388 45 
17 4 508 753 2382 124 261 1370 952 954 12 5634 35 77 
4 
15 2276 1370 9 224 31 1910 121 2382 12 
1398 
124 941 143 274 11491 
6460 
487 