Subject: 1 2 2193 12575 143 231 130 124 231 347 7858 
132 7130 124 34 68 124 28 8398 1129 21 7691 540 31 
28 7854 12191 164 12520 9431 21 1342 549 17 
540 164 107 143 17 21 13260 28 3512 12 161 150 204 7289 13261 67 
7854 150 204 2193 11964 158 4 2177 68 124 181 47 4223 
430 21 13262 182 49 28 997 30 31 7854 12 924 20 150 204 
10 21 220 68 49 91 4778 1032 410 23 195 45 130 11973 150 204 195 143 347 143 410 
1946 187 8 12 
1851 45 7 2937 11973 150 204 6402 67 150 515 1172 109 68 
6841 11964 93 3530 150 164 13263 12 515 926 184 1172 
2173 138 20 3559 3530 109 9 91 47 1402 11964 143 28 1390 
4329 4167 8 359 374 12147 13264 143 28 2340 
776 124 21 7843 384 12 
13265 
4164 11946 101 2 
41 
41 195 45 
41 
41 419 150 938 5856 67 1311 2193 12575 45 74 3918 13266 397 2927 
41 7826 158 419 87 21 7710 4 188 28 12837 7913 130 505 12 487 
41 164 91 2600 31 10223 12030 150 204 2 
41 
41 41 12 12 12 7 150 282 489 959 8085 67 28 2568 9509 559 21 481 
41 41 7133 21 28 7854 2193 11964 1208 49 68 
41 41 1172 45 4 3614 31 13181 7826 347 2927 9 294 331 31 3979 
41 41 347 2942 12 21 77 13267 7 8 107 5130 1461 28 2411 
41 41 195 34 6579 45 251 132 5929 124 34 419 18 13268 6607 4 
41 41 28 13269 72 419 7894 1337 109 9 2193 11964 34 58 205 
41 41 6841 49 68 2259 1172 45 226 369 195 419 83 67 
41 41 124 28 7895 31 28 1337 109 70 11964 34 150 204 205 
41 41 6841 4 34 185 143 143 4606 4091 3593 21 481 1510 538 
41 41 13270 765 28 830 2193 11964 12 8 7 12169 515 150 204 
41 41 1471 45 347 124 68 9 13271 5929 138 
41 41 
41 41 10223 
41 
41 220 757 2176 11973 150 204 5929 138 72 38 2937 419 84 572 7854 
41 648 12 448 130 20 479 45 5423 369 193 
41 
41 4164 
143 143 
240 143 628 2 13265 302 11951 12 774 12 590 4089 13265 13272 
1971 2 1050 2 397 397 1051 12 11951 12 774 12 590 4089 11951 1341 31 1133 1598 
139 2 141 891 215 0 219 4227 12054 4089 2010 340 3847 
51 2 141 891 215 0 219 4227 12055 4089 2010 45 4225 644 644 8325 45 6372 
28 1190 31 2713 2 7289 124 259 4572 34 161 124 107 9 13273 185 
21 220 20 12 