Subject: 7860 2141 367 2 2380 
42 195 45 
1 2 7860 2141 367 
653 653 653 653 653 653 653 653 653 653 653 653 653 653 653 653 653 653 653 653 653 653 653 653 653 653 130 38 229 8 3870 109 28 13466 1116 45 161 124 9 12533 49 
150 2141 367 150 23 336 12 1535 997 1037 729 902 1038 45 17 212 49 231 28 
185 19 231 23 28 75 31 34 517 12 28 429 124 70 1129 49 
8139 3869 21 3296 9684 67 515 6741 505 45 515 4602 150 440 45 
17 515 9606 161 164 21 77 13517 12 49 28 431 45 419 1530 
2600 347 2403 49 28 460 12 7860 124 47 48 9 
1132 11944 45 17 419 482 28 830 1132 21 2176 4 542 
13518 12 
72 38 187 435 21 1022 70 3816 109 28 2380 49 1553 31 443 
1849 45 81 36 4 4244 215 2428 347 107 38 18 77 1125 158 419 
220 31 203 467 21 1833 1510 31 38 213 164 2255 21 1548 4 
28 1525 219 12 
7 1833 9 1827 110 31 2380 3897 49 28 367 386 
1905 12 419 187 94 20 72 38 406 15 3620 31 28 
1950 17 4564 45 74 3801 434 9 13136 31 648 143 729 215 729 653 502 45 
648 653 984 219 109 1320 2665 45 2927 2600 130 38 450 3577 12 215 177 
2600 397 13519 164 1382 143 1402 45 81 256 540 1382 26 8384 
21 12 219 
46 38 47 48 45 
148 19 21 5120 591 31 38 4 13466 45 
4164 11946 
49 28 7860 774 143 13472 3390 
106 28 13520 2659 548 130 38 187 8 13521 138 
648 144 827 644 729 
199 11410 13119 45 865 45 17 5615 2166 31 1411 13522 138 
648 144 827 644 729 
112 1922 9695 138 
648 144 827 644 729 
199 11561 12771 215 72 107 515 199 28 1440 219 138 
648 144 827 644 729 
199 2193 12575 516 138 
648 144 827 644 729 
199 28 10574 576 516 138 
648 144 827 644 729 
112 28 1540 516 138 
648 144 827 644 729 