Subject: 1 2 243 203 109 1610 1611 335 
42 2847 12 99 2 
194 45 419 35 2890 3954 306 4072 143 4073 4074 12 
97 45 
3971 
23 637 2 2992 640 827 397 827 397 1082 141 339 45 38 101 2 
41 42 295 12 3972 45 
41 
41 7 207 1196 28 3954 49 1642 150 1082 17 7 8 9 260 2 
41 35 38 3990 4072 143 4073 4074 138 
41 72 38 35 45 7 150 587 13 38 9 4072 143 4073 30 31 670 3931 45 
41 540 217 477 465 12 
41 
41 96 97 45 
41 
41 98 99 
41 
41 3971 3972 101 2 
41 
41 41 42 2847 12 99 2 
41 41 
41 41 226 419 164 3358 1462 49 9 1446 143 455 3946 4 1404 237 3947 
41 41 17 3348 3948 45 187 20 77 261 49 38 21 1907 373 
41 41 3949 125 15 2298 2404 138 208 21 1320 1181 150 204 2298 455 138 
41 41 
41 41 28 3950 164 2 
41 41 
41 41 648 12 1050 2 397 397 3951 12 24 12 1309 397 3952 
41 41 144 12 1050 2 397 397 3951 12 24 12 1309 397 3953 
41 41 
41 41 130 28 49 28 3954 45 28 1519 419 35 445 3357 124 3955 17 3956 45 
41 41 1556 143 1027 3957 215 3958 3959 45 3960 45 3961 45 3962 347 
41 41 3963 219 12 28 3946 3964 164 2 
41 41 
41 41 3348 3948 143 729 231 759 641 1257 231 122 
41 41 237 3947 143 729 231 759 641 617 231 122 
41 41 
41 41 419 87 21 128 1404 3954 74 3079 45 1551 617 12 28 3954 18 108 4 28 
41 41 1551 421 31 3348 3948 17 28 229 1535 421 31 237 
41 41 3947 215 1880 21 77 27 4 3965 134 219 12 
41 41 
41 41 81 13 28 3954 21 2 
41 41 
41 41 3966 3967 
41 41 2118 3199 3553 
41 41 28 24 25 
41 41 3968 2046 2445 
41 41 2046 45 3969 3970 
41 41 
41 41 46 38 12 
41 41 
41 41 96 97 45 
41 41 
41 41 3971 
41 41 
41 41 
41 
41 