Subject: 1 2 7860 143 144 1824 1508 
118 45 7 6305 6180 17 11530 1950 4 132 188 49 91 1614 193 193 81 
3213 68 2911 2 
41 41 161 164 359 3272 6317 49 2345 17 2346 384 12 28 
41 41 1103 7880 4218 10434 2586 1404 215 2346 109 28 2893 45 2345 
41 41 4 28 4605 45 17 13564 109 28 1457 219 12 118 72 68 3794 150 440 2603 12 
41 1404 13554 384 4 28 1103 7880 4218 164 2346 45 251 208 124 
41 4 28 2893 386 17 212 208 4 28 4605 12 505 7 8 21 4758 
41 34 28 2587 215 13554 143 11530 143 1200 45 13554 143 11530 143 440 219 93 13565 9 7910 45 251 28 
41 408 1836 164 2603 12 12 
7 112 6459 45 13554 143 11530 143 440 124 31 203 9 2345 408 12 132 1321 193 193 
143 143 
13559 13560 
13561 12 12067 1068 2 215 141 1795 219 7738 4594 5661 333 
3733 13562 45 13554 51 2 215 141 1795 219 7738 4594 785 667 
1050 2 397 397 13563 12 12067 12 13554 12 5363 397 763 13559 