Subject: 1 2 2193 12191 
7 150 151 435 21 1907 541 109 28 1845 31 12210 1473 21 
4372 11557 12 4 670 8177 1082 358 45 956 12048 17 7 576 28 
1508 31 70 12640 12641 244 21 12585 28 2107 31 
9 1464 4372 4649 3932 12642 12643 1120 
2352 12 28 1518 419 2033 58 9 122 12644 5610 4 
411 1124 177 1123 12423 8 205 275 21 9577 45 
49 3521 45 179 1123 12645 1844 218 12646 12 373 
502 2076 164 28 235 2 
109 4566 8804 31 1467 2 
12647 45 9 215 7348 219 12 1923 8804 31 1467 17 
12079 12 1709 1362 4 3999 1086 12 648 45 
5784 143 12648 12 
109 7923 2053 143 8876 1923 179 12423 9577 2 
12649 45 9 12 321 12 17 12650 45 9 12 282 12 215 12128 219 12 446 12072 2598 31 
12651 1409 143 4222 568 28 6834 6838 6835 1400 12 2033 4282 45 
1304 2 639 143 143 1304 12 
7 2937 34 508 255 572 12640 1467 3361 21 7691 
28 11265 31 9 7862 967 573 432 45 251 26 35 65 1211 
430 34 124 2597 4 1493 28 4649 1948 12 
49 3521 45 4 28 8177 1082 244 45 419 275 34 837 179 28 12423 
9574 769 12075 199 12652 17 769 10451 199 
7652 28 966 31 1358 2272 347 10248 49 208 2931 765 
28 411 12 419 12653 9 2272 143 5414 2931 17 576 20 21 947 
23 9 10 1743 31 28 4649 74 309 12423 21 
933 23 28 2352 177 769 12075 9584 125 28 2272 143 5414 
12075 12 68 106 1029 21 95 28 12423 1929 28 1382 10 12 4 
2001 45 568 28 1316 31 3605 125 28 2272 143 5414 12075 
93 106 1029 21 481 28 865 368 959 9116 17 
12654 45 4 4280 306 28 865 2204 31 9 272 999 
12073 1382 419 1374 215 363 11488 219 12 65 2340 45 
28 2411 17 5089 125 28 12423 45 6194 559 28 1316 
31 3605 125 28 2272 143 5414 12075 45 17 12655 434 6054 670 
12656 31 28 6345 12 
7 150 282 474 34 161 164 411 1438 21 572 9 12640 12641 
244 21 6054 28 12656 17 2107 31 4372 
6345 17 7 150 151 94 2076 21 222 156 12 28 
6311 49 670 8177 358 124 1905 12 
12048 45 2461 12 45 10076 45 241 12 45 317 322 150 12657 45 440 12 1136 17 572 31 9 
3826 773 573 432 49 12658 12659 12 
401 31 28 1808 902 1840 1841 31 28 8186 12 49 3348 
3948 215 8177 143 1082 219 45 1839 335 12 
192 45 
3971 