Subject: 1 2 2193 12191 
130 9 150 1353 150 45 393 143 12329 12069 215 251 6106 12330 12197 219 
213 2023 109 7860 648 45 7 256 231 505 56 45 8902 231 12 
7 4133 12331 2051 776 67 28 1002 31 2669 
11409 2 
41 11409 164 12220 143 12221 3867 45 1003 49 1402 45 
41 218 1353 12222 12 26 164 12223 21 933 959 4600 
41 1032 
41 26 93 164 12 
161 150 204 65 28 2946 12332 776 34 28 12082 213 9574 
259 8815 1616 28 7860 11944 90 181 4691 477 
3090 568 28 310 4778 308 184 5648 12333 12 161 
164 12210 17 12334 2210 21 1826 34 164 1376 
21 12335 4 9 1225 839 143 17 7 150 282 107 12336 28 7860 
196 49 107 4059 21 36 3869 306 443 193 
41 28 7902 34 6259 12032 7263 164 
41 12270 
41 9135 12 6463 26 3608 12 
91 12337 12338 164 47 502 23 68 12 12213 45 150 12339 150 112 
28 12340 31 195 28 4778 21 12341 7913 9 12032 49 
7860 648 12 
212 279 4 776 124 28 2744 150 1955 150 12 231 70 1955 1334 
215 2385 45 39 45 409 219 231 35 77 1553 150 1832 45 12342 150 347 150 6548 45 
3812 150 12 9 762 12343 31 7818 1000 164 12344 130 
2585 443 2224 12 251 508 502 11409 2265 2585 
37 45 17 164 1457 21 220 259 45 4 73 21 1844 91 605 31 28 150 1462 150 
34 68 2744 12345 12 20 150 204 28 12346 2224 2585 28 
12032 2224 38 8 21 329 193 
9 1388 1382 49 10226 2490 124 21 1546 515 150 1743 150 17 
150 6238 1826 150 2173 4 769 760 215 17 26 4 6526 229 
8 21 459 21 769 2745 1202 219 12 111 45 2585 434 45 419 35 1453 
91 11409 34 270 443 2870 12 251 443 11409 
18 77 359 959 28 977 2744 109 28 2228 31 28 2234 1032 769 
12347 193 
321 12 204 12 143 8902 45 7952 12348 294 143 275 12349 143 298 659 12 17 591 1011 
7212 49 15 427 12350 12 
143 143 
5580 12351 
12352 2234 1184 17 12353 
1068 397 51 2 215 141 891 219 215 0 219 12354 12355 12356 
4656 2 215 141 891 219 215 0 219 12357 12358 
240 143 628 2 12359 302 12360 12 1217 
2298 2 1050 2 397 397 1051 12 12361 12 12362 12 1217 