Subject: 1 2 2193 12191 
82 14 4067 5855 9 261 6605 31 2193 430 34 
926 107 1029 21 77 48 10902 2 12594 10574 12 222 
4427 229 12474 2193 7842 130 505 130 28 12595 31 
2193 8447 12 
6132 9 12594 7818 45 967 17 12596 109 2744 1313 12 
3571 28 432 167 31 1193 144 12597 31 9 1193 648 12598 9 143 9 150 204 440 143 566 
4 1193 144 12 3571 28 432 9 31 12597 4 1193 648 31 195 28 12599 4 
167 143 28 5891 31 769 440 143 4074 4 1193 648 12 5247 9 125 9 45 17 3571 
28 432 31 2166 31 12597 4 1193 144 31 195 28 3051 12599 4 
9 143 28 432 31 769 440 143 4074 4 1193 144 45 1324 20 167 150 12 72 9 124 
12600 7830 45 28 389 31 9 18 486 1536 222 34 
28 389 31 1320 1524 164 12601 1846 45 10675 161 124 
982 4372 12602 1495 1536 12 4372 1846 12599 
12238 21 8 6045 440 143 4074 12 1423 419 1916 21 77 159 21 
12603 167 150 921 1536 31 6045 2166 45 1320 1524 
6353 21 9 2193 31 9 12 4 411 4778 45 4372 12604 
58 12605 12606 4 28 3608 8804 1364 440 143 4074 12 
1851 45 49 1320 222 2193 1524 28 1990 31 6045 
2166 18 2586 430 67 12443 397 12607 2161 
1364 28 12599 3869 45 876 2196 12608 28 7970 31 
4372 12609 12 
28 1119 2338 21 1413 499 443 2568 109 9 762 4073 124 28 
12610 31 2744 143 12596 12594 10574 12 
7 8 12477 499 9 532 12611 244 143 2622 1891 4 91 
2532 1508 229 1046 2 
12612 12613 
12612 2461 12 12614 12613 
1617 31 3948 17 12615 2717 
976 49 10437 3361 
176 31 7708 139 2 141 1783 12616 
12617 248 51 2 141 1783 12618 
1241 143 12619 7708 45 12620 240 143 628 2 12612 12 12613 302 12621 12 12622 12 359 
