Subject: 1314 2 936 109 4656 1184 
1324 49 451 
617 902 10640 382 109 316 
936 109 
4656 1184 2 4564 45 649 317 10809 
10641 45 10642 
2955 617 143 848 45 7284 
68 936 18 10473 109 28 1453 17 10810 31 
430 1866 
21 1369 31 4656 10811 1461 10812 7222 12 4656 10811 
17 10812 
7222 8 1992 8134 45 222 130 28 47 864 6613 
1462 45 8137 
5322 45 4240 64 45 864 10813 17 10814 7220 12 
4 68 760 45 
534 45 294 1184 2111 261 49 430 3865 45 
10815 17 4656 
4204 45 371 109 10816 45 9656 45 17 28 10817 
1145 31 10818 45 
2608 45 3296 17 549 1171 12 1148 222 130 504 1453 45 
649 1153 45 
75 143 21 143 75 7895 17 504 1147 45 10809 17 
1145 31 1711 143 10819 
1171 45 10820 45 3031 10821 45 17 1167 6 45 164 
10822 49 28 
10823 31 819 31 504 17 28 9650 2487 31 4656 
1184 12 
68 936 18 16 1148 31 2 
504 3865 17 4564 
504 649 17 9451 
504 10809 1461 294 10811 17 2175 6 
4 28 760 31 4656 1184 12 
451 35 77 752 21 28 936 6018 45 282 12 10732 
215 10824 302 10644 12 853 12 10645 219 45 347 
21 28 382 150 204 240 143 628 16 215 10646 617 302 10644 12 853 12 10645 219 45 2182 21 28 
6150 31 
28 617 902 10640 382 109 316 12 378 764 18 
108 
4 28 382 150 204 401 12 28 1824 2234 31 28 382 
317 936 
124 1103 12 
488 49 1550 31 6987 31 451 2 1257 134 7284 
488 49 1550 31 451 2 623 134 7284 
1555 109 451 2 644 1886 7284 
488 49 1556 143 1027 30 2 646 1886 7284 