Subject: 273 110 55087 317 53810 
21112 4441 2 274 18467 149 17 1022 231 5247 231 4 28 627 1479 12 4572 12 12 653 639 
17 38 18 77 10440 109 670 3831 5247 110 12 12 653 639 
274 13383 193 193 193 
28 9905 45 55661 110 109 28 1971 328 193 
445 392 7905 7804 2606 648 45 1857 45 1857 44008 273 2588 
8 38 11314 5488 6261 273 1237 274 21 861 499 34 14032 653 639 
35775 31 36189 2588 983 150 440 130 941 130 38 968 138 
72 38 8 9 8366 397 504 21 3616 670 110 31 648 45 1857 45 1857 2588 18 1121 38 653 639 
28 1508 38 150 1 148 49 12 515 1375 670 110 218 138 
824 824 220 220 107 3571 2423 125 19796 10825 824 824 
824 824 670 1316 164 2684 14023 17 4430 765 648 76 972 193 193 824 824 
824 824 419 18 1455 5820 393 143 36189 16 306 144 294 2267 193 193 
20 150 204 9 2177 34 28 4180 1971 1170 538 769 273 16 347 30177 653 639 
1315 225 9 1209 12 161 124 359 185 419 35 5697 670 1316 18 77 1876 3471 653 639 
36189 45 259 73 328 17 121 38 572 670 110 72 161 164 184 53283 45 653 639 
419 18 1455 37 306 144 218 273 2588 193 359 411 425 653 639 
2529 68 650 31 5697 193 
231 28 9905 2432 273 2588 164 24779 824 3826 824 231 
226 50 273 124 259 38593 45 9 502 273 110 124 195 38 87 21 1448 653 639 
15 2642 21 28 3509 423 17 481 4642 4149 4 28 42730 92 12 
68 124 2473 419 106 20 193 
419 227 9 834 31 765 390 9881 273 2588 125 591 31 28 59124 3992 150 204 653 639 
34 164 499 161 215 63453 37 195 143 91 199 765 1877 7804 193 219 419 4077 28 653 639 
1315 9881 34 419 63454 125 4348 3946 8025 317 63455 18579 21 653 639 
28 834 12 179 419 2200 37 195 45 419 777 4 34920 31 1764 9881 2588 653 639 
4 208 4642 2939 765 9 42886 193 
419 111 1006 9 5455 231 9699 397 1095 143 59125 231 839 7913 68 4642 110 12 20 13208 28 2939 653 639 
3192 21 982 111 639 9881 193 193 193 35 38 2892 34 138 20 1465 34 508 255 499 653 639 
161 18432 3992 150 204 164 59126 28 6826 74 3373 9982 6215 31 2588 4 28 653 639 
3992 765 17 765 12 68 7548 591 11440 2588 12 26 65 777 591 653 639 
839 231 2900 231 273 2588 435 4739 45 28978 45 17474 150 204 45 409 12 68 653 639 
9492 9 37723 441 31 53432 45 17 49 1510 34 572 53806 653 639 
2950 45 59127 964 7279 3573 17 7985 38 20735 2354 3260 193 
419 111 1006 9 839 34 13226 1876 141 984 1388 4778 21 5247 2588 306 653 639 
59128 45 59129 45 8360 143 1846 2587 45 34285 45 7285 45 59130 45 35768 45 8797 45 653 639 
63456 45 409 12 45 409 12 65 9671 195 12 1309 45 12 10089 45 12 2426 45 12 24402 45 409 12 121 34 110 112 1853 653 639 
7913 28 3051 110 20 79 20 3192 21 4241 617 9881 2588 193 
2209 17 43273 45 419 7811 670 110 31 2588 74 50 37 9 532 51340 3946 653 639 
17 2852 670 3793 677 193 193 193 121 419 6389 50 628 21 195 31 28 848 9881 653 639 
255 670 3793 677 112 1276 21 448 3471 193 193 193 28 483 419 293 125 195 443 653 639 
4158 112 827 143 644 225 130 48 130 38 187 63 49 184 411 6261 273 110 3992 12 653 639 
3801 434 9 37723 4149 109 670 4173 12 670 110 124 9 3826 9126 193 
259 45 38 450 45 670 110 18 8163 255 12440 31 7804 8379 195 757 34 164 499 653 639 
161 109 3992 17 602 12 568 2854 18 77 435 568 28 390 9881 34 419 1339 306 45 653 639 
251 9 356 982 483 17 49 9 356 982 92 193 193 
419 65 413 91 31 10177 143 54925 150 204 273 2588 4 68 110 12 419 413 20 274 653 639 
1481 21 6218 4099 109 68 294 110 12 419 65 43993 670 110 125 9 1877 45 1857 653 639 
231 5247 397 59130 231 110 21 1907 7913 19784 12 
824 824 28 4242 1479 124 824 824 
474 45 38 35 7690 9 3992 143 8032 306 231 646 143 9881 231 2588 49 392 766 12 1529 251 515 502 653 639 
18 20 220 72 4711 3471 31 28 1316 164 1510 31 393 143 36189 45 7890 2900 347 39417 138 653 639 
487 150 204 541 38 84 83 45 1510 3570 34 3359 222 3867 572 653 639 
1237 34 7890 2932 273 2588 12 49 3521 45 26 3042 306 653 639 
70 6475 435 231 302 60043 231 17 1544 486 9 143 5149 45 2706 2588 435 2 
4164 302 60043 12 3519 45 4164 648 302 60043 12 3519 45 4164 144 302 60043 12 3519 
409 12 12 12 
31 203 306 5865 1876 9881 1971 1369 91 31 1510 2588 18 545 653 639 
77 1342 45 251 164 38 8161 21 4998 20 138 12208 164 45 12538 35 3571 646 9881 218 653 639 
1342 2588 4606 38 777 9 28881 7279 1960 559 28 18573 49 524 12 653 639 
17 74 28 92 38 2191 646 9881 2588 45 508 31 37 18 359 3806 77 2432 653 639 
137 21 8853 8673 45 5046 273 2588 45 409 12 38 150 587 36 48 10 1508 653 639 
17 11614 18595 72 38 11314 40142 1316 31 1342 2588 45 107 7890 2900 2267 12 653 639 
670 648 9881 16 110 124 9 11519 1524 31 2588 34 8 205 7815 1208 
148 49 1129 53543 45 109 143 1479 36031 45 409 12 28 110 124 10407 44112 17 4365 193 
80 2 392 7905 12 1529 
670 144 9881 16 110 3341 31 9 1478 6224 31 75 1369 12 125 1510 213 417 4 653 639 
4348 4644 45 18579 45 17 48 959 193 68 110 65 3552 195 28 109 1479 36031 
34 164 4 28 429 110 12 653 639 
80 2 392 7491 12 1529 
2473 21 73 2 
21 73 45 81 3990 68 273 499 17 13208 125 487 109 2 
73 369 193 
143 143 143 143 143 143 143 143 143 143 143 143 143 143 143 143 143 143 143 143 143 143 143 143 143 143 143 215 13208 487 219 143 143 143 143 143 143 143 143 143 143 143 143 143 143 143 143 143 143 143 143 143 143 143 143 143 143 143 143 143 143 143 
73 486 2 
81 3990 499 68 73 486 17 111 6392 4 28 50236 12 12 12 
1775 1775 1775 1775 1775 194 193 7 207 13376 1370 248 2660 45 81 13 28 2404 430 49 132 830 653 639 
110 31 648 347 144 215 12532 208 219 9881 240 143 628 2588 49 28 516 80 3804 1905 45 653 639 
17 1833 9 110 31 438 45 1857 11519 434 240 143 628 2588 130 9 5455 12831 193 
862 124 392 1775 1775 1775 1775 1775 1775 1775 1775 434 4747 3507 21 215 9352 63457 219 49 15 273 110 45 20 124 4 9 653 639 
1166 4322 397 2901 4322 397 434 483 73 397 5634 215 12532 208 219 2 
74 50 5634 45 81 481 474 34 5634 124 40203 559 306 591 7873 31 54331 
358 17 5533 51458 12 215 72 261 45 40203 559 306 20871 358 219 12 572 
28 6822 628 504 222 130 26820 347 54729 21 7812 3260 2531 12 591 31 
670 1202 572 68 1381 86 26 164 107 5984 306 236 6128 
368 12 
81 198 14578 70 20618 17 628 21 2 
4160 3199 1597 
15613 1994 9789 198 1241 12 781 12 
38553 45 35292 440 827 9 644 5149 448 
6744 
81 66 9352 63457 23 215 5957 219 23296 143 63458 1616 55436 332 143 4106 1397 38 198 9 73 12 653 639 
46 38 193 
632 1775 1775 1775 1775 1775 1775 1775 1775 1775 1775 1775 1775 1775 1775 1775 1775 1775 1775 1775 1775 1775 1775 1775 1775 1775 1775 1775 1775 1775 1775 1775 1775 1775 1775 1775 1775 1775 1775 1775 1775 1775 1775 1775 1775 1775 1775 1775 1775 1775 1775 1775 1775 1775 1775 1775 1775 1775 1775 1775 1775 
15 105 1775 1775 1775 1775 1775 1775 1775 1775 1775 1775 1775 1775 1775 1775 1775 1775 1775 1775 1775 1775 1775 1775 1775 1775 1775 1775 1775 1775 1775 1775 1775 1775 1775 1775 1775 1775 1775 1775 1775 1775 1775 1775 1775 1775 1775 1775 1775 1775 1775 1775 1775 1775 1775 1775 
2464 16 1775 1775 1775 1775 1775 1775 1775 1775 1775 1775 1775 1775 1775 1775 1775 1775 1775 1775 1775 1775 1775 1775 1775 1775 1775 1775 1775 1775 1775 1775 1775 1775 1775 1775 1775 1775 1775 1775 1775 1775 1775 1775 1775 1775 1775 1775 1775 1775 1775 
5913 45 2228 45 1284 1775 1775 1775 1775 1775 1775 1775 1775 1775 1775 1775 1775 1775 1775 1775 1775 1775 1775 1775 1775 1775 1775 1775 1775 1775 1775 1775 1775 1775 1775 1775 1775 1775 1775 1775 1775 1775 1775 1775 1775 1775 1775 1775 1775 1775 1775 1775 1775 1775 1775 
2476 1775 1775 1775 1775 1775 1775 1775 1775 1775 1775 1775 1775 1775 1775 1775 1775 1775 1775 1775 1775 1775 1775 1775 1775 1775 1775 1775 1775 1775 1775 1775 1775 1775 1775 1775 1775 1775 1775 1775 1775 1775 1775 1775 1775 1775 1775 1775 1775 1775 1775 1775 1775 1775 1775 1775 1775 
139 2589 1775 1775 1775 1775 1775 1775 1775 1775 1775 1775 1775 1775 1775 1775 1775 1775 1775 1775 1775 1775 1775 1775 1775 1775 1775 1775 1775 1775 1775 1775 1775 1775 1775 1775 1775 1775 1775 1775 1775 1775 1775 1775 1775 1775 1775 1775 1775 1775 1775 
51 2589 1775 1775 1775 1775 1775 1775 1775 1775 1775 1775 1775 1775 1775 1775 1775 1775 1775 1775 1775 1775 1775 1775 1775 1775 1775 1775 1775 1775 1775 1775 1775 1775 1775 1775 1775 1775 1775 1775 1775 1775 1775 1775 1775 1775 1775 1775 1775 1775 1775 1775 1775 1775 
273 2588 1775 1775 1775 1775 1775 1775 1775 1775 1775 1775 1775 1775 1775 1775 1775 1775 1775 1775 1775 1775 1775 1775 1775 1775 1775 1775 1775 1775 1775 1775 1775 1775 1775 1775 1775 1775 1775 1775 1775 1775 1775 1775 1775 1775 1775 1775 1775 1775 
130 1028 130 419 368 15 4322 347 483 73 45 28 430 17 653 639 
34519 49 7273 18 77 13 429 407 273 45 17 111 74 9 139 1324 12 