Subject: 1 2 7854 6843 
7 150 282 1011 21 914 67 28 3387 4 12002 12 184 2914 294 30 
31 7854 124 1530 31 203 12 
6530 28 2193 2527 45 20 124 4 132 6351 107 70 421 2428 28 1536 
164 1468 921 7854 347 107 12 130 3451 17 12044 56 45 28 2193 1536 
35 77 2575 4692 215 130 1312 143 573 219 125 28 2193 11964 17 576 130 70 
4148 9707 49 12888 12 
28 13350 18 77 34 12056 609 18 2982 28 5036 49 7860 45 17 
255 35 36 109 306 769 548 308 3312 21 4293 395 2532 997 1209 12 
65 45 12056 609 18 77 9 1313 13351 2018 49 2193 13352 13353 12 
72 12056 609 204 124 28 1441 45 17 2193 13266 18 77 506 109 9 762 4073 45 
7 482 21 5858 34 9 824 6382 824 3979 1906 77 13354 2585 12056 609 17 12056 609 204 45 
130 8103 21 28 13355 3979 2585 648 12 729 17 648 12 448 540 1465 21 8 
9579 13356 11962 4 3614 31 13357 12 
6521 13202 
653 653 653 653 653 653 653 653 653 653 653 653 653 653 653 653 653 653 653 653 653 653 653 653 653 653 653 653 653 653 653 653 653 653 653 653 653 653 653 653 653 653 653 653 653 653 653 653 653 653 653 653 653 653 653 653 653 653 653 653 653 653 653 653 653 10226 1524 
245 49 2234 45 1742 17 4024 
1617 31 1225 340 
176 31 4622 
13358 9818 1068 2 1529 143 891 143 1792 143 13359 
13360 13361 2464 51 2 1529 143 891 143 1792 143 13362 
4622 204 648 644 12301 273 2 781 12 13202 302 4685 12 13299 12 853 12 590 
