Subject: 358 4441 
11164 143 11163 143 11206 
4441 49 358 2975 4442 
648 12 28 451 84 77 1003 109 9 644 358 306 848 776 462 4 28 
549 12 446 2861 31 451 2 617 449 12 
144 12 49 9 644 358 215 1085 2861 219 2 
143 11311 2088 343 9554 11312 952 12 729 9554 12 
143 2893 8127 144 12 0 9554 12 1457 8127 144 12 0 9554 12 
143 8147 8127 827 12 0 9554 12 4242 8127 144 12 0 9554 12 
827 12 1519 17 7267 31 2953 
4118 450 4218 449 4118 
143 2076 84 77 7349 4 2202 73 4 9528 12 
143 110 31 2076 130 4 28 4218 455 12 
143 4167 1370 28 549 130 4 28 4218 12 
81 1121 28 1556 143 1027 39 31 15 358 306 38 23 28 936 
1241 12 167 12 72 261 1121 639 763 454 1322 306 38 49 2397 21 28 
196 12 
321 12 204 12 648 12 2 443 4441 833 4218 397 1325 449 49 15 5926 
199 65 102 74 671 628 12 28 839 18 77 102 74 1535 143 639 229 7284 
1404 3991 17 74 671 628 12 
321 12 204 12 144 12 2 49 28 196 31 28 883 382 11206 12 28 
11206 451 84 65 77 1003 4 1103 12 
41 143 143 143 143 143 546 626 143 143 143 143 143 
41 125 2 98 99 470 2723 2 613 302 1243 12 320 12 350 472 
41 102 2 3079 45 1551 618 45 7284 448 2 2449 640 
41 21 2 11164 302 629 12 630 12 631 12 350 
41 635 2 11293 302 629 12 630 12 631 12 350 158 14 158 11294 302 1243 12 320 12 350 
41 627 2 1550 21 11164 338 
41 
41 
41 11295 11296 11297 45 
41 
41 11298 6906 11299 7428 2080 4312 3186 936 11164 4317 11300 
41 11301 12 
41 6789 7528 3182 6906 11302 3182 3186 11303 6919 11304 45 11305 6792 
41 7152 11306 6758 12 7100 11307 3185 11308 6854 6921 6760 
41 11309 12 
41 
41 7000 4318 7001 45 
41 
41 6810 11310 