Subject: 1 2 6219 143 260 109 2193 143 12069 573 
91 3508 869 74 13011 13012 17 580 13013 4 9 427 676 
164 3198 1277 21 8902 150 204 977 776 12 
8902 12004 101 2 
41 
41 617 12 7818 13008 65 7993 442 21 28 13009 1002 31 
41 13010 45 540 3894 12451 34 35 77 12513 4 9 
41 12032 1411 49 1225 572 12 68 187 77 218 4 331 
41 215 107 12290 4 379 219 125 9 12032 49 1353 1369 12 20 
41 187 8 218 430 2 959 67 8009 45 959 67 2432 
41 11412 125 13010 45 982 67 259 143 52 231 2224 231 12 207 7 
41 12512 4 12211 34 222 9 12032 187 77 1368 49 
41 1238 2870 215 12869 31 2428 20 150 204 12625 
41 13000 219 138 
41 
41 125 13011 45 
231 4 270 21 15 260 2428 13014 187 2489 125 28 
6466 31 12463 7826 2 419 164 564 28 2439 34 161 
93 
12736 150 440 184 12463 7826 45 17 34 45 21 28 3269 34 4778 12812 
13015 
4 9 2259 760 45 28 7995 7871 35 12335 34 12 20 150 204 
9 
7196 2159 2439 45 419 83 45 251 259 2342 23 1557 45 419 164 107 
10057 74 
184 1360 31 11106 34 68 2439 3196 13016 12 231 
41 125 580 
231 7 65 482 21 431 13011 150 204 270 12 130 670 3989 58 13017 21 
2692 
13018 499 31 298 549 489 1032 274 11409 45 419 150 938 223 21 
9 
2946 13019 30 31 3521 143 371 574 12 28 12147 31 70 
2886 
2744 4 68 1325 983 150 440 2214 4 3614 31 9 12032 2193 45 251 
489 4 3614 31 999 1348 31 34 2744 4 28 3521 6816 12 
11409 164 7652 1368 21 434 369 107 130 12575 31 
1405 143 3579 7826 45 251 489 130 11614 4373 31 13020 45 13021 45 
17 
12252 12837 397 13022 12 26 65 9683 9 47 
4727 
9823 31 573 158 38 150 151 8 21 933 23 9 13023 441 31 298 549 21 
2181 
28 310 11410 9637 275 4 9 532 12032 12 231 
531 984 26 439 150 440 8 92 21 436 4 443 13024 12 
6483 
143 143 
6483 12367 1068 12 2 2625 143 9187 143 12368 
4343 1086 273 2 6483 302 12369 12 1217 
12370 12371 2642 
12372 45 12373 12374 143 12375 391 3314 455 2 1050 2 397 397 1051 12 12369 12 1217 