Subject: 35 38 6261 628 138 3946 
669 45 46 38 49 3344 68 273 72 38 44126 
9 8366 347 504 38 35 150 440 41760 21 21 8901 68 12 
231 591 1166 255 164 5528 499 34 26 
35 369 44126 4 1438 34 26 90 4430 
41760 4 28 1335 12 28 64 31 50 36656 273 
124 63324 2620 17 28 3793 677 124 772 17 
4553 231 391 328 12 
419 18 8146 15 626 21 19798 125 
848 45 1857 143 648 45 1857 45 1857 49 53046 12 670 341 
7924 434 21 5498 1402 1316 34 164 1351 49 38 12 
187 38 435 195 28 273 2588 4 9 2259 1284 
1285 21 628 49 15 8366 347 504 138 2473 67 
3312 434 1853 9 298 2171 13380 21 2949 38 213 38 
35 628 21 138 
82 434 1121 28 38875 21 38 12 28 1087 185 12 
274 2349 434 306 15 626 215 419 18 4127 17 4439 298 
31 299 219 17 419 231 587 36 15 139 63325 2354 28 6020 17 
6392 964 15 273 323 306 54361 12 
220 38 83 2473 48 20 875 21 1448 390 45 1857 
255 74 7724 215 2871 45 110 20779 45 20580 45 409 219 
20 875 392 12 390 1320 34 150 204 392 646 45 1857 34 150 204 28 972 185 193 
231 179 38 1448 255 306 240 143 628 45 26 150 1 4 9 548 
8087 45 837 72 26 150 1 107 23 548 12 26 150 1 41605 964 45 
26 150 1 5299 12 38 10458 37 23 9 502 3315 17 
72 38 220 20 1457 45 38 8 9 93 502 18418 31 3312 
37 3820 12 231 143 11456 63326 470 63327 352 3199 21642 472 
38 35 369 1448 443 310 255 109 769 1225 
3915 31 769 628 323 49 392 12 3080 5596 445 
12785 445 392 648 45 1857 49 9 390 45 1857 4601 133 12 
591 3570 2385 9 648 143 144 3471 3793 677 
18 34 548 49 38 193 193 193 193 
161 124 359 5830 49 68 341 193 193 193 38 35 66 
434 328 419 150 587 628 3193 17 38 150 587 8 1166 3193 12 
1324 369 21 36 15 2901 59788 63328 21 367 
15 39 17 36 1339 12 
1324 21736 26921 7306 347 273 21 414 
16 12 72 38 85 2135 17 73 1397 3595 1535 902 
419 150 587 1874 15 133 49 359 416 64 12 73 9 
390 45 1857 4601 17 419 150 587 628 390 45 1857 328 17 390 45 1857 
298 4 144 1910 12 
46337 16544 38 182 138 72 38 2892 4 15 
8366 45 481 20 13339 369 12 
46 38 17 1530 21 28 9277 962 31 3836 12 
21 77 6617 125 68 110 18467 149 17 650 
5247 4 28 627 323 
1324 648 49120 26921 7306 12 3885 63329 2464 45 
1194 1195 45 3815 63330 12 