Subject: 4425 45 2473 164 38 193 
42 18794 2 
68 124 70 13825 2340 1083 49 38 193 
2340 1083 
2340 1083 
653 
15 460 229 11928 109 20 193 193 193 
1397 38 2188 67 68 150 2340 1083 150 45 81 2666 28 
235 150 2120 33616 150 429 125 91 2340 156 4 28 
1620 6538 2 
294 3273 225 2 231 4 10929 670 367 31 4561 9000 
150 150 150 150 150 150 150 150 150 150 150 150 150 150 150 150 150 150 150 150 150 150 150 150 150 150 150 150 150 150 150 150 150 150 150 150 150 150 150 150 150 150 150 150 150 150 150 21 6832 2671 4 28 4114 150 204 45 818 442 84 
77 52 21 150 423 3917 60576 150 2072 371 4 9835 12 28 
389 31 68 2072 164 58161 12440 31 36377 31 7804 
4 28 3917 3264 568 9 47 14217 1381 540 58 4430 
205 58162 21 28 597 6826 12 1427 769 2918 124 107 779 1992 45 
769 1912 58 508 5678 205 9570 231 12 
13620 11065 514 2 231 389 31 28 423 3917 60576 2072 45 
150 150 150 150 150 150 150 150 150 150 150 150 150 150 150 150 150 150 150 150 150 150 150 150 150 150 150 150 150 150 150 150 150 150 150 150 150 150 150 150 150 150 150 150 150 150 150 150 150 150 150 150 150 150 213 3559 3832 47 2620 1896 31 7997 45 
164 91 31 28 508 1367 17 57182 255 4 68 63393 231 12 
959 33616 1892 45 251 429 82 434 1844 38 68 231 2340 1083 231 2 
419 164 501 21 377 34 49 28 47 429 92 45 28 423 3917 
60576 2072 18 49940 9 864 140 31 255 13353 
2473 21 13597 392 646 921 208 13963 31 14217 3917 12 
419 18 58163 28 429 13724 49 38 45 121 34 38 35 3573 17 
2164 220 68 109 15 2745 12440 347 837 35775 31 225 1320 17 
5820 76 12 
85 13350 31 68 231 8054 39559 231 193 
20 124 837 959 52732 1032 419 8 779 39485 12 1427 3917 
926 63474 14023 45 419 35 2482 38 2473 21 13597 392 1082 653 639 
921 392 1859 130 591 225 130 38 482 12 34 3530 45 38 18 77 159 
21 13597 392 1082 1009 14217 3917 7804 49 653 639 
392 1859 31 28 310 12 38 35 220 68 130 591 225 130 38 467 45 653 639 
5820 517 45 5820 1867 45 5820 76 12 195 47 34204 17 2954 143 
63475 193 
20 445 12860 67 729 21 848 1614 1320 92 38 220 68 12 38 35 220 
68 125 15 3314 45 157 347 837 1427 7743 12 195 38 87 124 70 
1379 21 9 139 1479 17 70 16 12 96 31 195 45 38 35 220 68 
125 184 5913 109 68 21027 193 193 193 
120 45 419 1906 12623 45 2622 35 220 68 17 28 6605 124 4430 143 
1885 12 49 130 122 130 28 3831 4561 1132 10998 21 
572 218 57975 306 37539 676 677 45 68 231 8054 39559 231 
18 9301 12 150 150 150 150 150 150 150 150 150 150 150 150 150 150 150 150 150 150 150 150 150 150 150 150 150 150 150 150 150 150 150 150 150 150 150 150 150 150 150 150 150 150 150 
130 419 56 836 45 419 18 220 28 429 825 49 38 17 18 65 
2482 38 1318 2473 21 220 68 109 15 2745 45 765 17 765 120 12 
28 441 31 676 38 187 220 1320 92 124 9583 964 21 38 12 
1960 274 144 21 848 52953 9 1867 45 38 35 1028 3210 28 110 31 63476 
213 220 68 109 9 14023 6280 17 591 225 9 517 12 28 825 124 
259 4572 34 837 9 772 127 16268 35 220 20 193 
419 23 28 423 3917 60576 2072 187 435 21 450 9 19691 
3831 3917 50257 74 3826 12 251 45 395 111 45 419 18 3318 9 864 
140 31 6205 13353 21 2176 4 28 48719 52963 1866 
49 74 28 423 3917 58165 12 
419 18 58166 359 959 34219 3542 7712 18 419 672 38 220 259 12 419 
35 256 534 45 34 670 6828 2072 35331 676 2146 12 653 639 
10898 9733 74 28 1162 528 7781 130 419 6607 998 
306 38 2489 12202 12 15 1119 5929 924 18 77 45 2473 38 18 
2489 12 
4 9 1893 92 45 121 38 2111 9 1825 45 38 35 3042 1476 17827 143 
3546 125 15 3314 45 157 45 74 3852 347 1461 28 628 17 837 
1427 7743 12 130 419 56 836 45 419 18 220 28 429 825 49 38 
17 18 2482 38 1318 2473 21 220 68 765 17 765 120 12 
359 208 35 7954 38 125 53431 12440 31 35775 17 837 
36377 31 7804 1320 1209 49 130 122 130 68 231 8054 39559 231 9301 193 
653 
439 150 440 2892 434 45 2596 20 49 62082 193 
158 158 158 158 158 158 158 158 158 158 158 158 158 158 158 158 158 158 158 158 158 158 158 158 158 158 158 158 158 158 158 158 158 158 158 158 158 158 158 158 158 158 158 158 158 158 158 158 158 158 158 158 158 158 158 158 158 158 158 158 158 158 158 158 158 158 6163 2622 3191 45 419 
18 10452 38 9 990 4561 3389 17 38 18 1907 21 670 3573 
2165 6816 31 58168 17 3210 28 110 31 63476 528 7548 
568 68 231 8054 39559 231 4 28 423 3917 3264 193 193 
439 150 440 19347 434 45 3210 434 328 193 193 193 
161 124 9 208 92 2416 578 31 445 392 29116 12 1529 12 251 45 72 38 3210 
434 74 1551 646 45 136 45 540 124 670 425 150 204 431 63477 
632 45 38 35 3210 434 49 445 392 646 3247 64 12 15 2340 
3864 45 4441 45 66 105 397 16 397 139 140 17 
195 411 37617 430 18 77 6282 21 38 3923 12 259 45 
85 13350 31 670 63477 632 17 3210 434 328 12 
215 72 38 164 2733 121 1551 646 45 136 158 38 1906 63 392 29116 49 
28 2416 12 359 37732 17 359 959 240 143 628 17501 219 12 
6125 3309 9 1825 45 38 4782 21 3832 195 48266 15547 12 
84 38 518 21 2617 15 2416 49 184 311 45 38 1906 
611 195 3864 49 9 5495 1370 394 2660 12 
2340 2 
150 150 150 150 150 150 150 150 150 150 150 150 150 150 150 150 150 150 150 150 150 150 150 150 150 150 150 150 150 150 150 150 150 150 150 150 150 150 
648 12 12 12 12 12 3047 15 105 317 133 16 47 1412 109 358 
144 12 12 12 12 12 1905 15 16 45 81 3047 15 240 143 628 16 215 10405 219 
827 12 12 12 12 12 23 28 8147 2893 2894 12999 45 3047 28 2744 231 294 1825 231 
644 12 12 12 12 12 63478 9 4322 347 282 12 322 12 49 392 646 833 392 827 49 190 317 2977 
215 834 434 392 1304 12 1529 219 
729 12 12 12 12 12 481 20 34918 21 150 35331 676 2146 12 150 17 628 21 2 
35331 676 2146 12 
63032 5590 56386 22544 158 
9832 4118 4590 
35799 9281 45 
3815 63033 12 
1200 12 204 12 9 12 
215 8063 3214 1906 1907 434 392 848 12 1529 416 49 28 190 219 12 
487 164 91 959 2120 33616 2 
12754 2464 2 231 9 55794 1524 31 54175 45 10652 1389 28 
58171 31 423 3917 60576 8 2110 9479 
1476 58172 4 423 857 3264 12 1427 23 68 92 45 769 9984 
124 107 7813 1992 45 26 5678 77 39451 74 1510 1476 
3986 12691 4 28 63479 14216 231 12 
4561 1867 2 231 329 37 45 9122 37 45 9123 769 1162 
17 4618 21 2111 208 31 37 12 34 124 28 58173 
4561 4070 419 90 1844 4091 231 12 
883 1166 3382 2 231 1427 68 46592 58 205 2893 4 28 7986 
130 21 542 1381 31 7554 45 419 8 205 
159 21 1075 34 423 3917 60576 17 542 389 164 53383 
58161 990 55423 19655 231 12 
392 392 392 392 392 392 392 392 392 392 392 392 392 392 392 392 392 392 392 392 392 392 392 392 392 392 392 75 392 392 392 392 392 392 392 392 392 392 392 392 392 392 392 392 392 392 392 392 392 392 392 392 392 392 392 392 