Subject: 1 2 15 73 
4425 45 132 105 124 7327 12 
38 199 13384 21 14 130 4091 213 124 4 87 31 9 4561 2671 45 
259 82 14 36 1457 21 28 776 12 
7 150 282 9 9835 52982 45 17 21 2482 132 35573 49 195 31 
1510 213 8 12655 14 45 7 187 369 435 21 2176 132 14343 35331 
1706 306 38 12 
568 91 47 41637 3199 2568 45 7 8095 2473 38 35 19653 
964 21 392 343 45 2862 12 1529 2606 1867 45 1427 1960 1457 499 31 15 2745 3314 347 
21171 12 274 6460 109 28 3979 45 17 7 150 587 9630 132 52975 12 
21111 2 
1050 2 397 397 63056 12 1217 397 5247 