Subject: 3397 143 110 2 11661 109 2475 2636 215 977 1083 219 
161 164 1449 91 11662 21 11663 34 35 1425 28 127 578 
21 648 45 1876 45 1857 11664 
448 902 236 1821 127 109 2475 2636 
243 2475 1708 
229 608 143 143 512 45 7284 
176 31 11665 
11666 151 150 11667 45 11668 
284 
28 236 1821 127 109 2475 1708 124 2965 
74 
176 31 11665 17 11669 11670 11671 11672 31 284 12 
20 124 1471 7652 49 8119 2492 17 775 
1891 
4 5628 28 1086 2018 31 2475 1708 12 
1320 203 8874 9990 234 11673 17 9395 
244 143 2411 11673 12 6125 3214 45 2492 229 77 4332 49 
11674 4 184 31 28 1837 12 
1835 
11675 11676 45 8164 11677 176 45 1275 
3459 11678 45 4609 176 45 1200 12 204 12 9 12 
5963 11679 45 11680 10002 45 6744 
1837 
9118 143 11681 
11682 11683 17 2475 2636 
11684 2475 11685 
28 127 18 85 198 23 11667 150 204 2481 45 848 4198 125 11686 45 
9894 49 542 3956 11687 45 11688 4249 11274 45 17 11689 1002 12 
28 140 31 196 18 77 864 21 638 12 
28 127 578 124 11690 11664 144 45 1857 45 1857 215 11664 648 45 4229 45 1857 49 
1446 92 2492 347 11691 1234 219 12 28 578 3552 448 2660 
1049 306 1894 1829 215 1871 17 9902 219 23 1055 
11692 45 1801 3544 45 17 1224 174 12 65 413 
124 298 1379 21 11059 7805 12 
627 21 3306 6466 45 9 864 140 31 8118 
3196 77 1357 49 1446 143 92 2492 306 818 4561 
571 12 
488 49 561 2 134 639 45 7284 
21 4702 21 28 127 45 13 28 862 486 45 9 2079 2083 45 
8059 31 1446 570 659 215 72 9431 219 45 462 31 
2076 215 23 1557 208 219 
21 28 127 1762 2 
43 12 11693 11694 
6155 2062 11695 
11661 231 2475 1708 231 
407 5396 11696 1535 
11697 143 11665 
284 
240 143 628 2 11694 302 11698 12 20 
51 2 141 2995 11699 11700 
378 2492 18 77 307 74 134 454 45 7284 12 11701 
1891 
4 509 9 4553 3793 84 1833 104 397 2051 240 143 628 16 12 
3357 670 11702 1321 72 38 128 1123 1322 12 
143 143 143 143 143 143 143 143 143 143 143 143 143 143 143 143 143 143 143 
3397 1132 110 
