Subject: 13191 18460 143 164 38 23 4998 193 
39384 2743 
13191 18460 143 419 164 195 23 4998 193 
72 
38 2937 20 35 150 440 13339 21 38 45 3088 28 63017 4282 193 
4 
28 977 754 1010 45 144 12 1512 9881 255 2031 13191 18460 
20480 12 
68 1209 648 12 248 9881 959 255 18 2111 20480 12 
124 
15 105 997 109 28 63018 110 138 
20 1931 150 440 8 21 77 
12 12 12 
6460 
487 21 2188 2473 21 19880 1897 
195 
3592 21 77 1838 2354 670 133 110 164 8808 17 
3923 
54349 6125 581 12 
6460 
487 21 77 1838 2354 670 110 12 
1320 1209 
4 28 1200 12 204 12 12512 45 28 3133 6261 628 1347 60687 
765 6242 9881 2283 274 21 481 28 358 576 4 50 769 
35151 
17 53766 12 568 273 3915 35 7844 1425 68 
49492 45 
1427 23 28 310 92 41650 28 11471 31 19309 31 358 8373 
8371 670 59399 12 
8163 
28 2283 45 8163 28 19537 45 572 273 193 