Subject: 19592 38679 8360 193 193 193 
28 8866 1326 31 4365 10426 19592 11416 18443 
125 28 1200 12 204 12 9 12 317 1133 193 193 193 653 639 
20885 130 28 136 96 38679 2404 193 653 639 
824 11416 18502 8360 11066 193 193 193 
824 644 298 11416 1156 35001 317 62911 193 193 193 653 639 
824 298 53138 13689 193 193 
824 298 14203 31 19592 43952 13709 193 193 
824 13638 193 193 193 
824 298 14203 31 53533 317 6363 193 193 193 
17 3339 959 21 220 49 298 193 193 193 
824 1342 11416 8360 193 193 193 1906 450 21 2892 68 2482 193 193 4430 3870 1397 109 28 1971 193 
38 1906 77 608 347 34251 12 
1050 2 397 397 1051 12 62912 12 1217 
5990 6460 487 193 653 639 
72 38 85 20486 21 68 273 317 467 21 77 1838 2354 670 110 45 347 187 435 
21 83 2473 38 35 6113 298 92 109 670 8360 11066 347 5634 37021 16849 
2858 240 143 628 434 23 2 24164 9020 302 6824 12 1217 
419 164 118 49 184 62913 