Subject: 1269 9040 1775 2387 1945 7284 1555 143 3357 
21 2 
262 99 
245 31 316 17 318 45 
319 231 320 231 45 
3657 12 326 45 7701 848 
268 
1 2 1269 9040 10722 11751 45 262 99 45 4421 1218 45 
3945 151 12 1222 11783 2 9 2298 8009 1365 1470 49 
9656 
195 382 2458 164 1357 23 28 235 2298 2404 16 2 
1050 2 397 397 1051 12 2536 12 2537 12 350 397 11757 7284 
42 315 99 45 
419 187 435 21 1983 38 34 15 358 58 205 378 49 
379 17 418 4 28 382 401 23 28 648 3083 
10640 382 306 236 832 109 1353 143 1225 
2175 215 2387 1945 7284 219 45 540 18 77 915 511 248 21 511 1257 902 45 
7284 45 4 2538 45 268 12 
419 3840 1843 38 21 1548 68 363 17 21 1125 15 358 12 
195 387 2458 17 1042 397 7743 1414 164 528 
4783 109 670 2298 2404 12 81 4292 17 481 15 7743 
1043 
130 1028 130 261 12 
4 73 21 1548 45 38 87 21 1549 74 1038 454 902 45 7284 
28 370 387 486 17 28 838 2975 4 53 2744 347 8083 
1519 12 
81 459 21 28 4441 4783 109 670 2298 2404 49 838 2975 
7147 45 455 10439 17 1550 2584 12 
28 488 49 1550 31 28 838 2975 124 1038 28 454 902 12 81 
572 15 358 140 130 28 2939 105 31 15 838 2953 17 1549 
20 407 273 21 11757 302 2536 12 2537 12 350 
838 2953 34 220 107 1541 7722 21 28 7147 2584 
18 107 77 378 49 418 12 
81 861 2915 21 68 273 849 2600 869 74 28 375 12 
81 85 443 2600 4 5501 130 38 8851 15 2975 12 
1319 120 45 366 109 15 473 21 2387 1945 7284 12 419 164 47 
376 21 77 159 21 1833 15 1086 17 2568 4 670 382 45 17 
419 933 19 21 5120 38 4 2538 68 511 193 
116 45 
1241 12 4011 17 1241 2533 
4729 17 1225 1238 3274 12 
176 31 2538 45 350 143 7105 2538 45 268 
1068 141 454 143 215 0 219 7107 143 7108 45 51 11857 45 
839 7711 2387 1945 7284 
2739 2 1050 2 397 397 1051 12 2536 12 2537 12 350 397 11757 7284 