Subject: 63311 63312 8016 10446 193 193 
6113 765 184 21346 38 482 4 982 1032 70 4087 12 653 639 
13388 193 
3042 20872 8016 34 395 369 199 150 499 31 15 63313 150 
13388 193 
7 83 20 603 531 502 21 77 6548 45 251 20 124 369 653 9 0 261 49 38 21 
2181 4 1614 45 515 9392 12860 508 6363 2660 45 524 45 17 
13182 837 1010 21 13640 12 12 12 63314 9 21346 193 
40118 138 
2666 68 12 111 1981 670 2298 2404 21 2188 28 12208 193 
1130 13353 4758 34 45 4 3039 561 45 60822 188 1740 35 13640 14343 3385 12 38 3196 8 211 2473 4 28 41123 204 60822 3836 112 576 4 48877 62567 21 13565 70 12295 53225 49 48724 17 70 63315 9987 49 63316 12 
161 164 591 4786 31 60822 968 1740 12 653 9 0 3039 60822 
9690 1337 548 59221 505 45 1427 757 8898 548 23 195 193 
72 38 439 150 440 2937 9277 60822 341 35 2671 15 2261 45 2937 120 193 49 982 1032 28 64 31 9 1371 502 53213 38 35 10446 17 19704 2671 28 185 8016 9494 38 12 13388 193 
17 28 96 386 124 34 215 137 21 9 14217 56381 219 68 124 12205 14217 193 
72 15 1980 306 8016 58 205 2423 411 1032 990 45 861 499 28 12208 74 16378 670 2298 2404 12 
1319 38 8 293 17 7811 208 31 670 2607 12483 38 18 77 49967 193 
439 150 440 481 28 5412 31 13707 28 63317 341 576 4 28 1335 306 12693 2030 1087 34970 1337 12 419 8 4140 1010 9129 1225 11285 1337 34 11001 434 21 2706 18582 44515 3867 34 548 109 184 21346 45 19798 45 14444 12 12 12 
13388 193 
38 62 6526 8016 921 63318 8360 20408 306 68 347 184 411 
341 12 38 35 45 534 45 13565 23 18 45 2233 63319 34 187 602 13003 35743 12 20 124 2858 9 2177 34 184 2233 1353 9987 222 130 18509 45 18552 347 37793 63320 35 77 9733 56957 74 568 60822 7268 12 
179 38 3539 443 41540 4 28 1912 31 184 20428 213 58 9 671 37793 53153 45 933 499 193 653 9 0 55 3050 150 440 83 515 58 3078 765 104 193 20 124 7813 33461 193 
837 8016 38 21347 83 45 179 21061 21 68 12346 54466 18 861 38 959 530 17 10 148 12 26 18 861 7997 63321 7235 17 53457 35909 21 38 12 13388 193 193 
1320 31 670 21140 41540 479 306 9 431 150 1174 150 40141 215 298 31 299 219 34 58 28 60822 461 6187 19 49 38 21 914 20649 17 2603 12 439 150 440 82 15 18496 914 68 208 193 
3828 2 419 8 78 38 28 1129 21 77 959 
1349 306 184 21346 38 518 12 72 38 220 107 23 1557 4322 499 28 12208 49 1897 45 38 18 445 77 44319 1897 499 31 
54959 17 37006 12 
21 861 499 959 67 443 14343 12483 23 670 2298 2404 23 2 
347 45 72 15 628 2632 8112 49330 143 2113 45 
6460 487 
72 38 8 184 1440 6455 670 1119 455 45 4618 670 294 38422 2404 23 2 
1050 2 397 397 1051 12 63322 12 1217 
38422 2404 
68 626 112 102 74 8063 1971 53766 45 11044 12 31 43841 12 72 38 8 9 8366 347 504 38 482 21 3264 109 28 1971 45 1324 434 328 302 28456 143 62331 143 63323 