Subject: 1 2 2473 150 204 20 985 138 
3832 3344 21 861 499 2473 38 35 12 12 12 
13 499 9 6261 273 4777 49 15 1166 347 2298 
2404 21 765 646 45 1857 45 1857 255 109 28 1971 49 298 193 
38 229 62826 23 28 968 31 6261 273 12 12 251 28 4572 
4755 124 12 12 6261 273 1930 193 
72 6261 273 4602 150 440 548 45 111 38 12099 150 440 77 3344 68 193 
35775 31 3570 164 50 499 6261 273 21 
12674 4277 769 52963 193 953 12736 150 440 38 138 
653 653 653 41 837 52745 2862 3570 13 499 6261 273 21 36377 
653 653 653 41 31 255 5820 1371 517 49 298 193 193 
306 6261 273 45 38 164 13406 964 21 5665 45 1857 255 2606 517 
49 298 306 70 4777 49 15 1166 347 2298 455 193 
653 41 62827 45 9 532 1225 1829 42891 869 765 392 454 45 1857 
4 294 1166 74 50 499 21 274 827 45 1857 273 2588 193 
653 41 2168 53766 45 70 1971 3199 425 45 1031 21 77 
1476 765 392 2862 45 1857 5820 1371 1209 4 6261 273 12512 193 
653 41 62828 8922 45 11652 31 10177 53766 45 6336 28 423 
4 70 14384 34 2051 425 124 1476 765 392 648 45 1857 45 1857 
5820 1209 1461 6261 273 193 193 
824 824 824 824 15 8362 124 1476 9 52745 306 6261 273 12 12 12 
824 824 824 824 953 12736 150 440 38 138 
12869 31 515 38 164 18432 12 12 12 
179 38 164 4775 15 1166 347 2298 2404 21 765 5665 45 1857 
255 5820 1371 517 45 161 124 359 260 34 15 1166 
18 12674 6054 193 
653 41 72 445 648 499 31 5820 848 45 1857 255 73 125 15 298 
6261 273 4777 45 38 18 8 646 4157 2606 517 193 
2473 48 4149 124 68 49 38 138 
306 6261 273 45 161 124 359 3836 64 3869 193 
3212 38 3616 124 1876 3471 24779 4149 193 
824 824 179 38 128 9 6261 273 4777 45 220 38 4069 12 12 
653 41 41 36377 31 255 195 765 28 423 293 34 310 
653 41 41 6261 273 4777 138 138 28 7558 34 102 499 28 
653 41 41 6261 273 181 869 9 52745 125 20 193 
824 6261 273 124 298 3836 21 28 38875 193 
161 124 359 486 31 3836 34 837 479 1276 193 
231 591 1166 255 164 5528 499 34 26 35 369 44126 
4 1438 34 26 4430 90 8 14591 4 28 1335 12 28 
64 31 50 36656 240 143 628 124 13825 2620 45 17 28 3793 
677 124 772 17 4553 12 231 143 391 328 
653 653 41 953 12736 150 440 143 41 38 
9 6261 133 21 390 45 1857 45 1857 255 1461 28 3133 
504 18 64 38 67 392 646 45 1857 45 1857 12 
653 41 9 2298 2404 43542 4777 21 390 45 1857 45 1857 255 109 28 
1971 18 64 38 67 392 729 45 1857 45 1857 12 
653 41 9 6261 38426 21 390 45 1857 45 1857 255 109 28 1971 18 
64 38 7289 12 6261 273 124 1876 3471 298 193 
220 38 8 9 2298 2404 138 
72 259 45 38 181 12543 12440 31 7804 17 954 
4440 15 2298 2404 21 2 
824 19356 
824 1424 11009 
824 6230 52957 
824 43542 3836 
17 1449 45 38 445 128 9 2351 13963 17786 2606 517 12 12 12 
9 219 670 2298 2404 9486 109 1886 623 2287 45 1108 
167 219 419 102 499 9 6261 273 4777 49 670 2298 2404 21 
438 45 1857 255 34 310 517 12 
1219 219 74 28 997 1850 45 670 12802 14467 34 419 777 
293 618 45 31357 17786 4 982 1032 952 954 193 
38 35 1916 28 310 45 72 107 10 1508 179 3836 
15 2298 2404 21 36377 31 255 1461 6261 273 49 298 193 
824 20 124 107 51460 21 128 765 390 45 1857 17786 2606 517 21 15 
2298 2404 274 74 3836 1461 6261 273 193 
670 2298 2404 124 2 
653 41 107 109 184 19356 
653 41 107 109 184 1424 11009 
653 41 107 109 184 6230 52957 
653 41 107 109 184 43542 35151 
4 2177 45 670 2298 2404 124 3804 359 177 109 28 1971 193 
779 45 419 7227 21 128 765 639 45 1857 17786 5820 1371 517 45 
2858 74 50 499 6261 273 49 298 193 
824 824 220 255 545 7690 2423 125 28 1971 138 
9 427 2144 74 2144 3519 109 28 11601 49093 31 
1971 1369 45 13387 34 2 
653 41 390 3471 31 255 8 11314 541 125 28 1971 
653 41 638 3471 31 255 8 869 1315 6204 125 28 1971 
653 41 4711 3471 31 255 435 28 605 31 11068 109 9 1225 
653 41 390 3471 31 6230 6204 164 1225 397 430 1846 
653 41 639 3471 31 255 8 11314 125 28 1971 49 28 311 2 
231 7 3378 1495 20 17 7 4211 20 45 259 7 6221 20 12 231 
369 34 38 8 3870 2473 6261 273 35 12674 4277 
15 1166 52963 45 38 229 77 3209 12 12 12 
653 41 41 2473 220 7 13 499 6261 273 138 138 
487 23 62829 1971 3199 45 419 8 7548 9 4572 
21 572 45 8147 31 28 1479 6261 273 575 45 540 3894 
3212 38 18 1355 87 21 13 499 6261 273 21 36377 
31 255 109 28 1971 23 28 677 31 964 21 5665 45 1857 255 2606 
517 49 298 193 
670 941 21 6482 45 231 3040 74 3040 231 6261 273 4441 18 
1460 38 1461 28 3509 368 31 50 499 6261 273 21 
36377 31 255 109 28 1971 49 298 1370 1614 193 
670 6261 273 1237 13886 38 21 9465 15 6261 273 
3268 21 70 2933 9206 45 306 765 646 45 1857 218 6345 
21 518 125 193 
653 653 41 2476 45 5913 45 62830 45 1957 45 12322 45 38 105 20 45 
653 653 41 38 35 9465 20 193 
824 824 482 44008 45 294 45 11519 273 2588 138 
306 670 6261 273 575 45 419 1833 195 31 28 1237 38 
18 1355 87 21 9123 765 2862 45 1857 11519 273 2588 
5820 1371 517 125 765 639 45 1857 45 1857 2298 8025 17 765 454 45 1857 
19356 13353 193 193 
824 824 417 70 4777 21 765 454 45 1857 19356 49 298 193 193 
670 19796 6261 3836 1237 13886 38 21 417 9 
298 4777 49 15 1166 347 2298 2404 21 765 454 45 1857 
19356 1320 306 9 37244 31 964 21 1876 45 1857 255 1320 193 193 
824 824 2622 306 9 1225 35 13 499 6261 273 193 
72 38 8 9 8694 827 12 0 141 45 1512 347 5151 371 2387 347 9 20540 306 
55457 17 729 6110 31 19855 1462 45 111 38 8 3212 38 
18 1355 87 21 13 499 6261 273 21 765 390 45 1857 45 1857 255 
109 28 1971 23 28 677 31 964 21 5665 45 1857 255 2606 517 49 
298 193 
195 31 670 6261 273 1237 2199 4 28 3128 31 8694 193 
1427 15 6261 273 124 528 102 499 23 28 677 31 964 21 
1535 45 1857 2606 4087 45 38 18 77 159 21 7227 568 15 1225 
306 8202 359 3792 3192 193 193 
824 824 6287 18 8 359 605 15 4777 124 6261 273 193 
195 6261 273 38 13 499 568 670 6261 273 1237 18 
108 7625 306 28 3239 429 105 49 1320 17 
5820 7558 34 9661 20 193 215 42 5580 45 42 4626 45 409 12 12 219 
28 2632 18 8 359 605 34 28 310 626 26 293 
125 38 45 58 205 102 21 36377 17 36377 31 255 195 
765 28 423 193 
824 824 515 18 132 1971 17687 2937 67 6261 273 138 
38 35 13 499 6261 273 568 184 1971 504 17687 
4 28 423 193 193 
670 6261 273 1237 13886 38 21 13 499 6261 273 21 765 
390 45 1857 45 1857 255 109 28 1971 23 28 677 31 964 21 5665 45 1857 
255 2606 517 49 298 306 3547 228 31 1355 18571 15 
1971 61 193 
192 21 670 53806 656 6261 273 1237 45 15 273 
16 18 77 8808 6617 125 28 19792 31 195 
6261 273 34 38 13 499 193 
15 1971 17687 18 8 6606 359 605 34 38 164 
50 499 6261 273 21 36377 17 36377 31 255 195 
765 28 423 23 28 677 31 964 21 5665 45 1857 255 2606 517 49 
298 193 
38 18 4430 8 21 6402 67 357 9 1371 35774 
125 184 17 195 31 28 6261 273 34 38 13 499 193 670 6261 
273 1237 8808 1997 499 17 21111 184 17 195 
18453 34 38 229 128 193 17 194 45 6261 273 124 1876 3471 14217 193 193 
653 41 6261 273 124 6163 184 411 486 31 3836 193 
306 6261 273 45 38 35 1916 9 4642 441 31 4157 1370 
1614 31 50 499 15 429 6261 273 4777 193 
824 2182 21 9 427 861 397 38866 2144 45 843 3471 31 255 4322 
769 273 14023 193 
306 6261 273 45 419 164 3311 5991 4157 193 
143 41 72 38 13 499 70 4777 49 15 1166 347 2298 455 
143 41 21 648 45 1857 45 1857 255 17 274 648 499 31 848 45 1857 255 73 45 38 
143 41 18 8 1876 4157 193 2473 48 4149 124 68 49 38 138 
306 6261 273 38 164 13406 36377 17 36377 31 255 
49 298 23 28 677 31 964 21 5665 45 1857 255 2606 517 193 
179 38 164 13406 68 591 255 45 12869 31 515 38 164 
18432 45 3212 38 3616 124 1876 3471 4149 17 38 18 18093 193 
824 824 824 62829 1971 3199 11802 2 28 6261 273 575 
653 41 6261 273 1237 
306 670 6261 273 1237 45 38 18 8 28 3564 21 
13 499 9 7625 6261 273 4777 21 765 
390 45 1857 45 1857 255 109 28 1971 23 28 677 31 964 21 
5665 45 1857 255 2606 517 49 298 193 
653 41 19796 273 42940 1237 2 
568 670 19796 273 42940 1237 45 38 18 8 
28 3564 21 9123 765 2862 45 1857 11519 273 2588 
5820 1371 517 45 125 765 454 45 1857 19356 1320 306 9 
37244 31 964 21 848 45 1857 255 1320 193 193 
653 41 2298 273 42940 1237 2 
568 670 2298 273 42940 1237 45 38 18 8 28 
3564 21 9123 36377 31 10407 11519 273 
2588 125 765 639 45 1857 45 1857 2298 8025 13353 193 193 
653 41 19796 6261 3836 1237 2 
306 670 19796 6261 3836 1237 45 306 9 6460 31 
28 6619 45 70 4777 49 15 1166 347 2298 455 
18 77 4783 298 21 765 454 45 1857 19356 45 1320 306 9 
37244 31 964 21 1876 45 1857 255 1320 193 193 
653 41 6261 273 2632 1237 2 
670 6261 273 2632 1237 1375 3344 17 5821 
21 6261 273 45 4572 17 941 193 
653 41 3040 74 3040 6261 273 4441 2 
419 1833 4572 45 941 21 6482 45 3040 74 3040 4441 45 
540 18 1460 38 1461 28 3509 368 31 50 
499 6261 273 21 765 390 45 1857 45 1857 255 109 28 1971 49 
298 193 837 72 38 8 4430 576 9 1225 1397 45 443 
4441 481 50 499 6261 273 130 941 130 648 143 144 143 827 193 
653 41 28 6261 273 35254 2 
68 32 20495 38 3212 34 38 1355 4428 21 83 
67 6261 273 193 38 18 2188 2473 21 3047 9 1349 
6261 273 3199 849 45 2473 21 3904 28 12440 31 
4157 38 18 77 357 125 15 6261 273 45 515 18425 
96 407 6261 273 45 409 12 12 68 32 124 9 35374 49 
2622 3869 4 6261 273 193 
653 41 51049 13124 21 36819 6261 273 483 1476 1537 2 
38 18 77 78 28 53402 51049 13124 21 4095 45 
3616 17 2979 443 14343 483 1476 1537 407 
6261 273 23 184 80 38 467 193 
653 41 48719 8424 317 1333 1947 2 
72 38 1355 8 184 463 173 670 6261 273 
575 45 419 8 48719 8424 17 1333 1947 21 
9096 38 306 184 17 195 6261 273 463 38 229 
8 193 670 4118 648 2195 124 8424 13813 193 
824 824 824 824 824 38 18 128 3212 414 49 445 2 392 16927 12 1529 193 193 
251 4293 193 72 38 73 74 3891 45 511 135 902 45 130 9 3206 
818 45 419 18 43980 42468 28 80 31 670 6261 273 575 
49 9 864 92 21 445 392 2650 12 1529 193 193 
17 72 38 73 1457 369 45 419 18 12774 4 765 667 45 1857 45 1857 31 
28 10883 17 9905 273 2588 45 540 35 77 576 4 
15 6261 62831 45 5054 298 193 215 392 54292 12 1529 6567 219 
419 164 259 5054 9675 34 670 6261 273 575 18 
12674 62832 15 1166 52963 45 34 419 164 3801 
38 454 2660 21 4618 499 670 6261 273 575 49 298 193 193 
72 15 1166 926 107 7207 74 9 4781 31 1877 3471 1370 
454 2660 31 11601 670 6261 273 575 45 274 273 434 17 
419 18 13 38 9 1446 5495 45 359 463 114 193 
68 124 15 445 5491 34 38 18 1355 8 21 1355 4618 499 
6261 273 49 298 193 419 164 28 445 6261 273 425 4 
28 423 540 2529 222 70 14343 4998 298 483 182 
5697 193 
161 164 445 9 2351 959 2660 395 3206 193 369 124 28 92 21 
44126 193 193 11471 31 255 195 765 28 423 164 148 21 12543 
11523 13869 31 483 109 3206 16317 193 193 
824 824 824 369 124 28 92 21 12674 4277 15 52963 193 193 
419 5697 38 18 77 50 499 6261 273 1370 648 4087 31 
13376 670 6261 273 575 193 
231 7 8 205 159 21 481 392 42393 74 4775 132 425 1461 
352 273 12 68 124 445 125 50 499 21 67 618 45 1857 
255 17 18432 9 8366 540 875 392 646 12 68 124 959 1032 
7 777 2697 12 231 653 653 9099 62833 143 62834 45 3815 
231 1370 848 2660 7 112 159 21 3571 765 1876 45 1857 273 
2588 17 481 9 4149 31 392 644 45 1857 12 231 653 653 62835 21001 143 62836 45 14983 
231 7 2110 1339 9 294 1166 6230 12 7 62837 28 273 
2588 31 28 5990 17 10307 52957 45 7 102 499 827 45 8006 
240 143 628 462 17 221 765 1862 255 21 3210 132 425 4 729 
2660 193 231 653 653 577 62838 143 10801 45 15349 
824 824 824 6261 273 575 941 13376 4441 2 
38 35 73 28 6261 273 575 74 1058 1059 1457 369 74 
2916 434 23 2 215 29330 219 6236 143 62839 
1319 419 128 15 73 45 419 18 273 38 670 2298 2404 2739 45 
540 3894 670 3509 6261 273 575 1357 49 
6456 193 
38 164 13388 21 77 1027 21 13 499 6261 273 568 670 
6261 273 575 4 1389 648 4087 31 13376 193 
72 38 187 435 21 63 74 434 5634 45 57729 150 204 4322 45 1058 
1059 45 434 483 73 45 434 2901 4322 45 347 434 400 498 74 
3133 628 347 51 45 70 13376 486 124 200 1905 2 
824 824 81 3990 499 68 486 45 6392 4 28 50236 17 13 20 
824 824 998 306 680 31 1200 12 204 12 392 2650 12 1529 21 2 
62829 1971 3199 
62840 240 8443 37119 9832 4118 40059 
62841 3847 45 3815 62842 
1620 6538 31 8873 
425 105 2 1775 1775 1775 1775 1775 1775 1775 1775 1775 1775 1775 1775 1775 1775 1775 1775 1775 1775 1775 1775 1775 1775 1775 1775 1775 1775 1775 1775 1775 1775 1775 1775 1775 1775 1775 1775 1775 1775 1775 1775 1775 1775 1775 1775 1775 1775 1775 1775 1775 1775 1775 
15 105 2 1775 1775 1775 1775 1775 1775 1775 1775 1775 1775 1775 1775 1775 1775 1775 1775 1775 1775 1775 1775 1775 1775 1775 1775 1775 1775 1775 1775 1775 1775 1775 1775 1775 1775 1775 1775 1775 1775 1775 1775 1775 1775 1775 1775 1775 1775 1775 1775 1775 1775 1775 1775 1775 1775 
2464 16 2 1775 1775 1775 1775 1775 1775 1775 1775 1775 1775 1775 1775 1775 1775 1775 1775 1775 1775 1775 1775 1775 1775 1775 1775 1775 1775 1775 1775 1775 1775 1775 1775 1775 1775 1775 1775 1775 1775 1775 1775 1775 1775 1775 1775 1775 1775 1775 1775 1775 
5913 2 1775 1775 1775 1775 1775 1775 1775 1775 1775 1775 1775 1775 1775 1775 1775 1775 1775 1775 1775 1775 1775 1775 1775 1775 2228 397 42450 2 1775 1775 1775 1775 1775 1775 1775 1775 1775 1775 1775 1775 1775 1775 1775 1775 1775 1775 
1284 397 3133 1285 2 1775 1775 1775 1775 1775 1775 1775 1775 1775 1775 1775 2476 2 1775 1775 1775 1775 1775 1775 1775 1775 1775 1775 1775 1775 1775 1775 1775 1775 1775 1775 1775 1775 1775 1775 1775 1775 1775 1775 1775 
139 140 2 1775 1775 1775 1775 1775 1775 1775 1775 1775 1775 1775 1775 1775 1775 1775 1775 1775 51 140 2 1775 1775 1775 1775 1775 1775 1775 1775 1775 1775 1775 1775 1775 1775 1775 1775 1775 1775 1775 1775 1775 
273 16 2 1775 1775 1775 1775 1775 1775 1775 1775 1775 1775 1775 1775 1775 1775 1775 1775 1775 1775 1775 1775 1775 1775 1775 1775 1775 1775 1775 1775 1775 1775 1775 1775 1775 1775 1775 1775 1775 1775 1775 1775 1775 1775 1775 1775 1775 1775 1775 1775 1775 1775 
143 143 41 72 38 187 435 21 63 74 1058 1059 45 81 6392 4 28 
235 50236 2 
1058 1059 650 215 53474 107 378 219 2 1775 1775 1775 1775 1775 1775 1775 1775 1775 1775 1775 1775 1775 1775 1775 1775 1775 1775 1775 1775 1775 1775 1775 1775 1775 1775 1775 
1058 1059 140 2 1775 1775 1775 1775 1775 1775 1775 1775 1775 1775 1775 1775 1775 1775 1775 1775 1775 1775 1775 1775 9828 632 2 1775 1775 1775 1775 1775 1775 1775 
7482 1775 1775 1775 1775 1775 1775 1775 1775 1775 1775 1775 1775 1775 1775 1775 1775 1775 1775 1775 1775 1775 1775 1775 1775 1775 1775 1775 1775 1775 1775 1775 1775 1775 1775 1775 1775 1775 1775 1775 1775 1775 1775 1775 1775 1775 1775 1775 1775 1775 1775 1775 1775 1775 1775 1775 
72 38 187 435 21 73 74 51 306 15 1058 1059 130 680 45 
81 3990 499 68 13376 486 45 6392 4 195 31 28 50236 17 51 
68 13376 486 21 2 215 29330 219 6236 143 20955 
817 2 72 38 13 680 407 3133 628 45 21 128 28 392 2650 12 1529 
80 49 670 6261 273 575 45 15 73 1906 77 
37595 74 3079 45 511 1535 902 12 
143 143 143 143 143 143 143 143 143 143 143 143 143 143 143 143 143 143 143 143 143 143 
824 824 824 824 824 824 68 124 9 208 143 92 133 12 38 18 107 77 8218 120 12 
824 824 824 824 824 824 15 273 16 18 4430 77 18431 21 2622 12 