Subject: 2473 38 35 8435 2622 109 28 1971 193 
824 824 824 824 824 824 824 824 824 824 824 824 824 
231 3519 143 13128 231 
941 185 21 861 499 2423 
67 2622 
109 28 1971 
215 818 136 1166 5338 150 204 437 6835 
42 2298 1170 2 
106 38 83 34 2 
306 28 1971 38 35 36022 3212 38 1355 4428 21 83 
67 15 36232 45 17894 45 34459 45 44317 45 11074 45 837 
15 2745 54136 193 38 35 4322 499 2622 45 14444 45 19798 45 1457 109 
28 1971 12 12 12 
20 150 204 359 8054 34 28 1971 124 9 57236 17 1367 6605 
31 430 45 72 38 445 83 177 21 933 12 
251 208 31 28 96 2575 52975 4 28 423 1457 369 124 181 
28 441 31 2901 430 411 255 35 861 499 67 
38 17 757 143 143 1457 109 28 1971 12 
3521 193 
430 1357 67 38 
1457 369 45 306 274 15 105 17 16 45 7 35 5865 10446 
861 499 515 38 220 49 9 8012 45 105 17 962 31 15 44317 17 
4061 45 28 481 17 4097 31 15 11602 45 28 6567 31 15 3314 45 
215 17 181 2473 48 38 484 49 20 219 45 1058 430 45 15 
12322 5831 45 599 2514 45 503 5831 45 540 2298 8025 
38 1981 45 409 12 45 409 12 45 409 12 7 35 837 861 34 122 7266 10046 
53228 38 777 4 2050 12 
17 34 150 204 274 28 5824 45 251 38 36 28 605 12 
502 514 
28 502 514 124 34 369 38 35 861 28 310 430 45 17 
959 45 67 5865 2622 12 
419 8 9489 9 11523 6185 31 1971 59054 
1366 34 18 1211 38 306 12 12 12 
765 6240 3923 9292 1971 8025 17 3950 21 
9204 255 45 1058 5831 45 1801 10820 45 115 347 
1335 12322 45 628 73 6204 45 2588 17 139 
2589 12 
20 150 204 188 63522 45 28 650 17 12663 31 430 23 2894 12 
824 824 824 824 824 824 824 824 824 824 824 824 824 824 824 824 824 824 824 824 824 824 824 824 824 824 824 824 824 824 824 824 824 824 824 
15 39 
369 45 38 35 8 15 2745 39 31 68 11523 6605 31 45681 143 
45682 12 487 164 274 9 2351 31 28 3385 38 35 220 306 20 2 
824 38 35 9204 240 143 628 45 3852 347 16 430 109 17894 
17 1166 11978 12 933 964 53686 139 2589 193 
824 4322 499 1166 11978 17 36232 12 
824 4091 46142 38 483 138 369 38 35 6608 3192 56382 17 9204 
1994 49144 12 
824 38 35 9204 972 59059 45 3087 599 389 45 17894 45 
347 3198 91 122 230 6582 12 
824 8435 15 599 5610 193 
9204 7550 45 19865 45 17 1801 10820 5831 12 
824 8438 2473 21 9204 503 5831 49 195 17686 31 28 
504 45 125 28 34202 13642 21 28 63523 57327 12 
824 3345 15 2745 1058 1537 259 38 35 3812 6459 45681 143 
45682 34 229 77 576 21 20870 38 1058 12 
824 4322 13219 5831 12 
824 572 28 1971 21 9204 3087 4061 347 34459 12 
824 8 14487 67 15 294 53691 138 4322 1456 215 347 104 219 499 12 
1022 15 188 23 38191 193 
824 9204 14217 14385 17 9818 4157 193 4322 28 14459 4 184 
2088 12 
824 861 499 2473 48 59062 15 37064 124 189 12 
824 8438 12322 4787 125 8067 559 28 423 193 
824 990 49 9722 499 9391 17 2003 36232 12 13886 
38 21 4322 49 11078 17 34979 5831 1397 38 16318 12 
824 8438 72 28 53575 58 9 2939 109 38 193 2188 2473 38 35 837 
11403 1322 31 1510 6215 12 
17 
824 38 150 587 837 861 38458 21 95 38 231 8438 231 28 441 31 4091 
3191 150 204 18489 12 
274 3084 528 159 21 8 195 31 68 430 23 15 
59110 5865 10446 193 2937 31 28 591 1348 12 
824 824 824 824 824 824 824 824 824 824 824 824 824 824 824 824 824 824 824 824 824 824 824 824 824 824 824 824 824 824 824 824 824 
4293 45 161 150 204 959 193 
38 18 65 8438 2 
824 2473 38 35 13440 20695 28 3519 308 15 54136 45 
17894 45 347 2622 45 1355 11891 12 
824 2473 38 35 59061 15 273 259 15 2901 273 16 
35 150 440 77 8095 12 
824 2473 38 35 1379 9490 6255 218 63524 11009 158 91 
47 12155 12 
824 2473 38 35 481 139 3625 1461 9 1084 20977 259 28 
140 52 1931 150 440 2482 109 15 139 580 12 
824 177 38 35 861 9 110 31 6604 62543 11004 28 391 12 
824 2473 38 35 4322 499 28 63525 31 3602 423 143 
759 45 1141 1510 109 28 1971 12 
824 2473 21 231 63526 483 231 1461 9 492 400 61 12 
430 109 53687 8207 14210 215 9480 
6128 219 45 17 959 12 
824 177 38 35 36 10820 3867 222 130 19673 17 
8817 7748 45 62375 36418 17 48 959 12 
824 861 4428 53967 143 143 2196 4091 38 83 193 
38 35 837 4322 15 2745 2901 5831 193 193 38 229 77 19864 
23 28 430 1357 109 28 1971 67 38 45 15 599 45 
17 15 1166 12 
161 164 35775 31 1166 17 2901 1348 49 443 1366 12 
369 45 959 1032 1355 45 5820 1166 84 8 9 39 193 
231 3519 143 13128 231 
369 45 38 35 8 15 2745 39 31 3519 143 13128 193 
17 45 38 35 3345 15 2745 5831 45 347 861 499 28 430 
38 482 17 87 21 83 67 757 49 2901 17 1166 
3550 12 
1427 107 195 28 8025 164 298 45 591 164 298 12 17 45 23 591 45 
38 150 587 861 837 959 2113 21 837 959 2404 17 430 193 
20 124 93 14343 515 38 35 861 109 28 1971 12 20 124 
53383 9 55087 31 430 12 
824 306 68 1086 5684 38 150 587 8438 3212 1357 17 
2473 21 9204 20 12 990 49 28 39252 17 28 6106 3519 
47633 45 39566 12 
824 11551 193 3260 17 2164 9292 193 3212 38 87 
21 4277 28 4427 124 413 12 59221 4572 193 
824 96 31 195 45 20 124 161 45 23 15 18531 38458 179 38 87 20 12 
38 35 3923 8 28 14175 31 188 31 11891 213 38 
35 14030 12 306 231 3519 13128 231 38 35 1437 28 1994 1335 
31 2622 158 17 8438 1510 3547 52975 8139 58 1994 12 
4 328 150 204 36511 423 222 430 35 77 35213 193 
515 926 20 64 138 
73 1370 1809 954 17 38 36 28 3509 5684 31 59054 
1366 215 10669 667 2669 449 219 23 9 818 79 80 
31 274 392 646 193 215 3536 80 49 28 5684 124 392 1808 219 12 
17 419 18 1833 208 1446 1209 31 13742 45 130 27 45 23 359 
4148 299 12 
28 1979 124 41127 13388 21 548 49 38 12 670 
1780 4140 765 648 45 1857 954 16398 17 7823 68 
1979 12 17 369 20 35 77 117 12 
274 6482 28 4441 1905 45 17 15 39 18 77 34746 
21 38 74 273 1457 497 12 
818 298 12831 
73 1370 1809 954 17 419 18 65 1833 45 130 9 818 298 
12831 45 9 39 31 670 59054 4373 839 12 
68 839 3894 28 1366 17 4427 576 74 6822 
53688 1495 28 2476 17 479 306 542 2745 8694 
397 6113 1512 5322 1476 20 4553 17 941 21 572 12 
14456 5697 
1074 45 130 306 195 31 670 156 45 419 41127 
5697 20 1930 17 34 38 18 77 12376 306 20 12 
38 35 150 440 13260 193 
824 824 824 824 824 824 824 824 824 824 824 824 824 824 824 824 824 824 824 824 824 824 824 824 824 824 824 824 824 824 824 824 824 824 824 824 824 824 824 
2473 21 73 
13376 124 9971 17 941 193 
38 35 73 74 51 347 3536 628 12 215 28 14456 
5697 1449 3604 193 219 
274 6392 4 28 73 486 23 28 4242 31 68 455 12 111 51 20 
21 434 23 2 
648 143 28456 143 43577 143 63527 
72 38 73 74 51 45 15 39 31 3519 143 13128 18 77 102 21 38 
74 273 1370 952 52953 12 
347 45 72 38 5633 45 38 35 13 15 73 74 20820 628 21 28 
16 1905 12 215 2340 2 77 474 21 1833 15 273 16 
49 2531 12 219 
419 18 13 15 39 74 273 28 310 517 28 73 124 293 12 
46 38 45 
1567 63528 
63528 276 1524 
321 12 204 12 4293 45 161 124 959 193 73 3519 13128 369 45 36 15 298 
12831 31 59054 4373 839 45 17 130 9 431 298 12831 
419 18 1833 9 39 31 63529 143 63530 45 28 945 17 63531 
1433 20616 10820 11484 1237 1357 19798 12 
306 63529 143 63530 38 35 34953 2423 109 15 1225 12 941 21 
572 12 1917 9 3591 17 19880 15 6215 125 63532 12551 45 259 445 
38 35 450 37 12 13097 4061 45 53683 45 17894 45 59056 45 837 
58288 499 31 15 6822 6215 12 7990 49 3314 17 1166 12 
73 369 193 38 150 587 77 501 38 106 193 
63528 276 1524 
10958 8063 25124 12 45 3083 12 667 143 5662 
63533 45 11263 12 63534 
51 28456 143 43577 143 63527 
1971 292 226 4284 
23154 827 143 608 4118 729 380 
51 347 628 
73 486 
215 81 3990 1412 219 
51 21 2 63528 276 1524 
648 143 28456 143 43577 143 63527 
347 
628 21 2 63528 276 1524 
10958 8063 25124 12 45 3083 12 667 143 5662 
63533 45 11263 12 63534 
4425 2 487 124 132 73 49 231 3519 143 13128 231 23 392 646 834 12 7 1389 143 
13542 20 124 41127 13388 17 18 77 4239 74 273 12 
1833 132 
298 
1874 12831 39 31 59054 4373 143 143 8694 397 6113 1512 17 132 
298 39 31 63529 143 63530 11484 1237 215 3318 7778 2660 49 
2531 31 63529 143 63530 219 12 
2340 2 4322 208 
215 219 13 74 273 500 12 
215 219 481 14 9 19855 17 13 20 21 14 12 1907 392 848 21 132 299 49 28 
64 12 
240 143 628 
215 47 2340 2 81 1874 4322 15 16 17 3990 1412 12 
208 532 1409 17 419 3050 150 440 77 159 21 4239 15 73 12 219 
628 16 215 49 19855 219 2 1775 1775 1775 1775 1775 1775 1775 1775 1775 1775 1775 1775 1775 1775 1775 1775 1775 1775 1775 1775 1775 1775 1775 1775 1775 1775 1775 1775 1775 1775 1775 1775 1775 1775 1775 1775 1775 1775 1775 1775 1775 1775 
5913 45 2228 317 1284 1775 1775 1775 1775 1775 1775 1775 1775 1775 1775 1775 1775 1775 1775 1775 1775 1775 1775 1775 1775 1775 1775 1775 1775 1775 1775 1775 1775 1775 1775 1775 1775 1775 1775 1775 1775 1775 1775 1775 1775 1775 1775 1775 
680 1381 215 4322 208 219 1775 1775 1775 1058 1059 45 1775 1775 1775 4322 347 483 73 
862 12 
1059 650 2 1775 1775 1775 1775 1775 1775 1775 1775 1775 1775 1775 1775 1775 1775 1775 1775 1775 
1059 140 2 1775 1775 1775 1775 1775 1775 1775 1775 1775 1775 1775 1775 1775 1775 1775 1775 1775 1775 1775 1775 1775 1775 1775 1775 1775 1775 1775 1775 1775 1775 1775 1775 1775 1775 1775 1775 1775 1775 1775 1775 1775 1775 1775 1775 1775 1775 1775 1775 1775 
9828 632 2 1775 1775 1775 1775 1775 1775 1775 1775 1775 1775 1775 1775 1775 1775 
105 109 1059 2 1775 1775 1775 1775 1775 1775 1775 1775 1775 1775 1775 1775 1775 1775 1775 1775 1775 1775 1775 1775 1775 1775 1775 1775 1775 1775 1775 1775 1775 1775 1775 1775 1775 1775 1775 1775 1775 1775 1775 1775 1775 1775 1775 1775 1775 1775 1775 1775 
15 39 31 3519 143 13128 17 1404 12831 2458 18 77 102 21 
38 500 12 192 120 49 13376 193 
1567 
1567 63528 
63528 276 1524 
5705 250 143 171 63528 276 1524 12 231 3519 143 13128 231 
124 9 406 1201 31 63528 276 1524 12 
195 13124 5836 12 
486 827 143 608 23154 143 4118 729 143 628 143 143 380 
21 77 6617 125 670 110 45 
650 2 63535 1257 302 6824 12 1217 
4 28 215 21 2 219 2088 17 215 5247 143 144 282 219 
4 28 627 2088 31 9 294 240 143 628 17 13 12 