Subject: 72 54065 45 81 3213 
72 38 164 3344 68 849 86 31 28 627 45 38 150 938 314 653 639 
4705 9 1368 17 6238 1484 3199 12140 12 515 72 7 653 639 
69 38 12440 31 449 31 4 4200 6827 173 9982 2210 31 1166 138 515 72 7 107 445 102 38 28 430 45 251 653 639 
28 13124 21 52962 20 17 3832 3471 1876 31 28 52963 12 38 164 107 386 653 639 
31 9 53497 45 17 18 4430 13 14 483 121 28 4143 392 639 64 12 653 639 
8 12719 347 2858 9 260 17 38 66 14 6061 12 21 653 639 
77 6617 125 68 110 45 81 273 63541 617 302 6824 12 1217 306 15 273 16 4 28 627 2018 12 
653 1512 2473 21 13 6261 273 34204 17 306 359 4155 12 833 298 1379 21 653 639 
9 3981 233 782 9881 273 2588 45 5130 17 1091 12 
653 1512 298 1971 3836 143 12440 31 35784 17 28 96 19356 653 639 
21 44126 4 
653 1512 839 3552 63542 6261 273 17 16 10527 1237 143 653 639 
406 12 294 30 12 653 639 
653 1512 2473 21 54794 273 2588 31 255 1891 4 15 8366 12 653 639 
9465 255 74 105 45 16923 347 1957 215 107 274 255 109 5990 219 
653 1512 3570 213 16318 3314 371 5890 17 63 74 28 4087 215 359 20618 653 639 
20743 54494 347 680 371 109 6165 1114 219 4787 6224 125 8930 6 45 11311 45 17 1971 52246 21 105 9 2351 12 
653 1512 2868 17 4097 2190 255 861 508 11963 12 18 4700 9 653 639 
990 95 4 3954 12 215 65 7872 2473 21 13 4097 3954 219 
653 1512 1402 9518 17 1826 1337 34 481 38 959 653 639 
6238 143 2428 20 77 18432 9 8366 6230 45 347 6333 306 15 54136 36761 
28 839 9903 28 414 130 505 130 4552 31 411 2906 12 38 653 639 
229 107 77 1891 4 195 31 37 45 274 130 38 164 229 107 77 653 639 
1891 4 195 31 28 414 12 591 1971 8025 299 392 1082 274 49 653 639 
28 6261 628 430 31 68 839 12 306 28 52962 13124 653 639 
413 4 28 392 639 578 38 35 3616 184 386 31 68 839 49 184 653 639 
441 31 483 38 435 12 417 3954 63543 208 386 31 28 839 21 653 639 
1402 19356 213 18 77 1891 12 306 4223 430 653 639 
34 3604 21 195 2210 31 1166 45 130 505 130 52962 13124 45 68 653 639 
839 124 9 6548 1129 12 1383 132 4157 49 68 8366 653 639 
54266 559 392 478 9 517 45 306 445 9 224 954 548 17 9691 6261 653 639 
8364 12 28 1036 31 430 4 68 839 21 195 132 411 1166 63544 124 2342 959 35056 12 28 52962 13124 164 2858 653 639 
63545 109 28 34222 12 72 7 199 9 762 425 45 7 187 3264 68 653 639 
1461 70 53423 17 299 231 827 941 4188 31 392 2449 12 1512 12 231 251 130 7 653 639 
207 107 45 7 299 445 392 639 12 7 925 68 849 1375 20 1461 195 31 653 639 
28 150 8797 150 4 15 323 45 17 124 1838 9579 45 17 7 925 21 914 125 653 639 
38 1028 12 
481 4190 17 483 4157 499 21 8023 
8023 
323 15613 
49095 43032 2287 12 45 9832 9830 
60485 45 22049 63546 
81 13 14 28 2974 430 575 45 1141 52962 13124 407 429 8876 628 12 862 124 28 392 639 64 12 
2228 1775 1775 1775 1775 1775 1775 1775 1775 1284 1775 1775 1775 1775 1775 1775 1775 1775 1775 1775 1775 1775 1775 