Subject: 10660 4365 18443 294 2404 
41 41 10660 4365 18443 294 2404 
35 38 3904 144 10660 45 4365 45 57192 18443 138 52715 329 434 23 2 
1050 2 397 397 1051 12 63347 12 1217 
177 38 35 2974 670 63348 143 9 143 63349 12 
419 93 9773 20 179 38 439 150 440 52715 12 
40668 
16182 17 43769 
63350 
653 653 653 653 653 653 653 653 653 653 653 653 653 653 653 653 653 653 653 653 653 653 653 653 653 653 653 653 653 653 653 653 653 653 653 653 653 419 50249 195 5247 3592 193 193 274 628 15 3592 21 2 
63351 302 22202 12 35137 12 1217 
653 653 653 653 653 653 653 653 653 653 653 653 653 653 653 653 653 653 653 653 653 653 653 653 653 653 653 653 653 653 653 653 653 653 653 653 653 