Subject: 96 2575 231 52975 231 2209 62848 1225 9899 439 150 440 482 38 21 83 124 34 9 505 869 45 
2228 31 28 2229 1225 45 1931 150 440 8 21 77 5488 12 38 35 8 9 
294 45 1367 45 16071 38676 1225 485 125 434 45 12269 306 195 
819 2179 23 28 7883 261 6237 4 1010 12 59833 45 
251 6548 193 
3084 45 392 62849 49 9 1786 31999 22082 38676 1225 306 22082 653 639 
341 193 28 7990 1225 49 3314 45 127 347 1166 572 12 
251 62850 964 45 86 68 1225 5054 28783 193 20 9903 70 16071 653 639 
38676 9726 13669 306 28 945 231 15349 231 16071 62851 56505 
49 7895 34 124 7289 1893 31 33398 12 
81 817 68 1225 124 5054 19788 294 215 107 62852 219 653 639 
17 26 6552 16071 38676 37448 11961 215 107 45529 
47863 435 56499 347 62853 219 12 
670 385 8 959 4215 45 959 2168 45 17 959 6604 
49 15 483 12 26 3078 18576 306 2 
824 639 6604 3992 143 8032 
824 2992 12 448 51 397 42911 49 3260 1971 1379 
824 9 762 45 3260 144 12 648 3825 584 3845 
824 609 6110 31 1594 
824 17702 4565 60046 21053 38137 
824 8147 819 56505 306 16071 15349 62851 215 47 2340 219 653 639 
824 6817 657 17958 1156 306 144 6110 1594 
824 827 151 1157 306 4711 60487 3066 
824 13685 1388 8694 1512 51188 17 6619 
824 8694 1512 3992 40040 
653 639 
653 639 
482 142 6110 1594 49 11595 12677 5373 138 1907 392 2449 12 
87 9 9257 584 3845 138 7217 21 9 644 12 827 3825 49 445 392 2449 
482 9 952 6604 3992 143 8032 138 1907 392 646 
7217 21 9 4303 741 51 397 42911 49 445 392 646 
1907 43003 1876 6110 1284 3845 49 445 392 1514 
9 2620 80 308 819 1931 150 440 2173 48 193 193 193 926 20 138 34 150 204 
953 419 1453 17 41339 670 385 21 977 505 921 28 
997 8861 12 419 439 150 440 62854 109 2423 12 419 9180 670 385 49 
38 6579 45 208 23 9 92 215 9 2342 28781 125 28 2358 1479 62855 31 2 33402 20 1122 17 925 20 1930 219 12 419 5615 1320 17 5820 1225 
49 23 1557 788 954 45 259 26 548 62856 1457 499 31 28 323 12 
359 762 425 35 41760 21 220 34 12 7712 164 26 8161 21 193 
3088 9 2632 150 204 2144 74 2387 423 3834 4 28 1886 150 1514 421 12 653 639 
26 275 959 1032 1894 31 769 6287 6106 1440 306 653 639 
19788 105 385 26 2110 6221 12 26 426 28 969 45 653 639 
231 179 984 9761 13339 21 502 255 12 231 28 1943 124 12332 2 4641 306 9 762 425 1931 150 440 10452 38 31 509 9 58644 1225 12 
38 164 107 274 9 140 21 434 12 28 45885 213 34868 15 
1225 45 1350 48012 20 1318 2473 38 482 20 143 274 1457 49 
38 12 214 837 4663 15 105 226 20 7985 35062 921 28 1225 
179 214 38584 20 49 6604 17 7895 12 17 38 150 587 83 2051 105 
531 45 86 214 4557 2051 105 21 15 1225 12 68 52661 20 58 
205 12269 21 28 96 31 2051 3564 17 1027 49 15 2636 
2365 12 161 124 7289 49 38 21 220 6133 28864 20 4 17 6526 20 
109 12 34 150 204 195 193 1074 45 670 385 548 62856 1457 499 31 28 323 12 
321 12 204 12 818 12831 72 38 73 369 193 19788 294 1535 231 9122 49 445 392 14589 347 9 343 231 62857 49 445 392 9944 45 15 1441 306 28 15198 31 184 1225 12 653 639 
419 1180 443 59221 11951 17 2603 12 1304 62858 48011 130 28 7990 653 639 
9206 49 15 294 1225 12 26 8 9 1446 754 1209 42980 12 
82 434 9180 28 96 49 38 143 49 982 12 653 639 
1324 1225 4345 45 11044 12 328 49 277 23 215 3885 219 30066 143 62859 653 639 
1166 954 164 248 207 143 848 640 4036 248 2660 9 1867 
72 38 187 5633 107 21 9098 460 240 143 4756 45 81 3210 670 653 639 
9253 110 74 240 143 133 434 23 13170 302 628 143 852 12 3519 
1833 130 28 6290 31 15 240 143 628 143 5247 15 1775 240 143 628 1775 16 
215 1219 219 5705 1108 1225 4345 45 11044 12 195 13124 5836 12 