Subject: 1 2 66 160 
2051 105 124 315 913 3871 12 
97 
9 12 1219 12 
1775 1775 1775 1775 1775 1775 1775 1775 1775 1775 1775 1775 1775 1775 1775 1775 1775 1775 1775 1775 1775 1775 1775 1775 1775 1775 1775 1775 1775 1775 149 3823 1775 1775 1775 1775 1775 1775 1775 1775 1775 1775 1775 1775 1775 1775 1775 1775 1775 1775 1775 1775 1775 1775 1775 1775 1775 1775 1775 1775 1775 1775 1775 1775 1775 
627 2 1 2 66 160 
365 2 613 215 613 302 1243 12 320 12 350 219 23 1971 397 1219 653 3825 397 9 653 3826 1862 397 321 653 3827 
632 2 1259 397 3080 397 1082 336 2 1064 
824 824 824 3828 824 824 824 
68 628 58 3829 3526 15 2072 45 
1553 125 70 1373 3830 347 28 3831 1971 12 
3832 68 4 188 72 38 270 68 626 12 
42 315 12 3822 45 
90 38 81 2949 14 28 105 31 28 2032 31 243 3688 3274 45 
259 34 7 83 213 21 1916 28 273 125 138 
192 49 195 15 95 193 
98 99 
3821 12 3822 302 3827 12 774 12 590 101 2 
41 42 315 613 
41 
41 38 35 861 959 2713 67 3827 17 28 3833 1086 2035 109 
41 28 3827 1971 2404 45 28 16 31 540 124 1461 28 1051 23 
41 
41 3827 12 774 12 590 
41 
41 1775 1775 1775 1775 1775 7 8 3854 28 277 31 15 273 21 28 2032 31 670 243 
41 430 574 3274 17 114 1456 21 66 38 12 
41 
41 97 
41 
41 3821 3822 
125 143 606 607 608 135 2 636 2 637 335 
611 143 612 2 1244 
293 2 215 125 1244 302 614 219 74 615 215 616 143 617 12 448 397 617 12 448 12 618 219 619 620 3872 49 613 158 1015 45 827 3048 335 609 2 1795 2 1809 141 339 
293 2 125 320 12 350 215 1784 648 12 320 12 350 470 1785 12 1786 12 248 12 848 472 219 74 615 215 616 143 617 12 448 397 617 12 448 12 618 219 306 1251 619 3227 3873 49 158 1302 45 1257 1303 335 618 2 1795 2 1799 141 339 
293 2 125 3874 143 438 12 2446 12 3400 143 3875 12 1095 215 2240 302 3874 143 438 12 2446 12 3400 143 3875 12 1095 470 2241 12 3876 12 3877 12 848 472 219 
74 320 12 350 215 617 12 617 12 617 397 617 12 617 12 617 219 306 1251 619 3227 3878 
49 158 1302 45 1257 1303 335 618 2 2995 2 1267 141 339 215 633 219 
293 2 125 3879 143 3880 12 2446 12 3400 143 3875 12 1095 215 3879 143 3880 12 2446 12 3400 143 3875 12 1095 470 2241 12 3876 12 3881 12 3882 472 219 
74 3874 143 438 12 2446 12 3400 143 3875 12 1095 215 617 12 617 12 617 397 617 12 617 12 617 219 306 1251 619 2993 3883 158 
1302 45 1257 1303 335 848 2 3884 2 1254 141 1017 215 1810 219 
2072 2 2446 2882 2447 45 151 2453 2882 
293 2 125 1288 143 3885 12 2446 12 3400 143 3875 12 1095 215 2363 302 1288 143 3885 470 2241 12 3876 12 3881 12 2449 472 219 
74 3879 143 3880 12 2446 12 3400 143 3875 12 1095 215 617 12 617 12 617 397 617 12 617 12 617 219 306 1251 619 2993 3886 158 
1302 45 1257 1303 335 848 2 3884 2 343 141 1017 215 1810 219 
125 2 2362 2363 
293 2 125 614 215 2363 302 614 219 
74 1288 143 3885 12 2446 12 3400 143 3875 12 1095 215 617 12 617 12 617 397 617 12 617 12 617 219 306 1251 619 2993 3887 158 
1302 45 1257 1303 335 848 2 3884 2 1535 141 1017 215 1810 219 
626 143 619 2 
21 2 1760 1222 
635 2 2363 302 2446 12 1095 45 2425 302 2446 12 1095 
627 2 1 2 1642 150 1082 
4 143 149 143 21 2 15 626 31 231 1302 45 3080 1303 335 264 2 638 2 952 1810 12 231 
632 2 1302 45 847 1303 335 848 2 3884 2 1535 141 1017 
183 2 1244 
649 143 447 2 3888 
659 2 660 
641 143 661 143 659 2 662 
641 143 661 143 659 144 2 663 
641 143 664 2 665 666 952 240 3889 1219 
42 43 12 1222 45 
328 419 3890 38 28 2133 3506 49 28 3099 1835 12 90 
38 81 82 14 83 45 72 38 293 20 138 
8 38 293 132 411 273 31 977 3891 138 
96 97 45 
2362 2363 
118 49 28 3892 3793 45 251 419 777 21 3043 28 2133 143 1082 
3893 68 1867 45 226 20 777 21 521 21 28 522 17 20 
65 3894 430 67 1757 1061 3895 17 1757 3588 12 
1616 28 1757 1829 1841 4 3896 1642 143 1082 112 208 31 28 2380 
3897 17 28 235 2431 199 1838 2 
648 219 1757 18 1211 1061 3898 49 389 31 1757 1825 2421 
964 21 3899 3900 4 834 12 
144 219 3901 3902 124 28 294 1757 1061 2393 3903 12 214 18 3904 195 3592 
49 1061 3898 17 432 964 9 3905 109 1757 12 2426 3906 195 277 12 
315 12 1562 3902 
1757 1061 2393 3903 
2231 561 
648 3907 3908 
3909 45 781 12 3910 
3911 45 590 
1068 2 141 891 3912 1783 639 1783 
273 2 3913 302 3447 12 3448 12 774 12 590 
827 219 28 1829 187 435 21 672 1642 143 1082 21 299 9 578 31 1877 3900 215 41 848 758 2965 
74 1757 219 49 28 1446 203 49 28 209 2965 74 70 1757 1061 2393 12 68 
187 2173 34 306 3899 3900 419 35 1947 959 1032 848 2413 12 
644 219 81 572 231 3914 231 3915 31 231 1860 231 109 15 3916 130 28 1085 3917 215 3918 12 109 28 
387 455 219 12 
729 219 28 1829 3919 34 38 35 36 70 269 31 3920 3900 125 1757 12 68 124 9 3921 17 
58 21 77 484 182 4 2001 21 28 2697 3922 3923 121 28 363 12 
81 13 28 400 61 277 21 28 1757 2386 43 12 1567 143 3253 9 12 3924 
215 3925 302 3926 12 1105 219 45 259 34 214 35 3927 28 655 3923 12 
448 219 81 13 14 17 43 12 3924 28 508 427 2415 31 1642 1141 28 115 
3301 600 17 28 2697 3922 3928 28 75 31 3595 12 
28 1829 3929 28 772 143 819 1116 31 1642 143 1082 17 28 3930 
3916 49 68 203 12 419 164 376 306 28 2406 2098 9 
1349 1642 4 268 12 
124 28 3931 1027 369 17 8 38 2475 20 21 28 1757 1825 2421 138 
96 97 45 
2362 2363 
1757 1176 