Subject: 1361 12089 3973 
12027 12028 101 2 
41 2600 109 13170 150 204 2600 109 132 2600 109 12 12 12 12 
41 23 3080 2 1267 640 448 397 246 397 1529 143 4037 45 13170 13171 101 2 
41 41 2600 109 12027 12028 150 204 2600 21 132 2600 31 448 397 246 2 
41 41 41 41 143 72 28 12082 164 2255 21 2265 373 7826 45 6825 
41 41 9 8447 2585 28 373 2744 397 13164 9646 12 7 150 282 7810 34 
41 41 68 
41 41 41 41 3256 84 77 2585 28 7826 31 9 2744 489 1032 
41 41 2585 12057 12 28 3256 84 77 9 294 208 215 161 439 150 440 1029 
41 41 21 77 184 115 8447 3579 34 4702 219 12 68 1712 
41 41 187 2904 8447 1392 21 208 31 28 2744 7826 347 
41 41 12057 12 
41 41 41 
41 41 41 419 164 6184 13181 7826 143 274 130 38 152 12 
41 41 
41 41 7 10465 231 13185 231 130 13186 34 28 373 12057 187 77 
41 41 2200 45 13187 208 31 28 2744 7826 17 9623 9 13164 
41 41 34 58 28 5891 31 28 4778 17 8447 31 28 373 13188 
41 41 12057 45 48 130 12152 4 8020 1101 4048 12 4 13189 1221 729 321 144 150 1082 12 
41 41 
41 41 3915 45 7 112 11529 34 9 294 3256 45 256 231 653 827 151 653 827 151 231 45 77 3579 
41 41 49 1320 2744 2193 140 12554 23 28 411 2744 2193 140 
41 41 215 999 4 1518 130 28 13190 3256 231 193 231 219 12 1404 12057 
41 41 876 6348 769 1481 13191 17 8447 12 561 568 
41 41 7854 187 8 28 1416 31 13192 7997 31 28 294 
41 41 3256 12 68 65 187 3522 2193 10066 1148 12 
41 41 
41 41 72 68 124 274 9 279 31 132 13193 31 231 13185 231 45 13194 
41 41 132 12333 12 12 
41 
41 515 7 8894 112 34 419 187 6825 9 294 13197 540 187 776 
41 21 1404 31 28 546 7826 12 876 9004 28 546 
41 12057 12 
28 546 1453 31 12316 215 28 2444 30 31 7854 219 777 
13198 9 150 1361 397 3536 12089 150 3973 49 68 2918 45 450 2 
1050 2 397 397 1051 12 10286 12 10287 12 3400 143 10288 12 1095 397 13199 397 3949 12 1056 4118 3536 12089 
7 439 150 440 2937 20 10450 964 4 184 31 28 7888 6843 215 28 
11962 30 347 28 115 12316 30 219 4 68 486 45 251 
3198 28 255 3869 35 2911 109 68 138 548 4 28 310 
10953 124 34 31 150 13200 150 4 7854 45 17 28 150 2193 143 2527 150 
548 74 2 
580 13013 215 2149 219 2744 2193 13201 2 2527 1846 7826 12 4 2 
401 31 8787 143 1820 12 7197 45 8031 12 
6521 13202 45 13203 13202 17 12044 12045 215 136 219 5788 2193 
2527 4 11962 12 4 2 401 31 13204 12 13205 12 
13206 13207 215 2405 219 143 231 5788 7970 31 1361 12089 
568 2514 143 13208 231 12 4 401 31 28 936 109 9314 17 
4372 1359 4 2233 2234 574 384 23 2234 
341 2147 382 45 2033 2233 2234 574 17 28 
8396 1009 2898 31 28 2286 49 3348 3948 
215 13209 143 13210 2405 219 12 
3253 12328 
2446 2234 341 
2454 653 13211 45 1331 
1050 2 397 397 1051 12 2446 12 1095 397 763 12327 397 