Subject: 3087 160 317 8207 11013 306 1508 13388 193 
240 861 3087 255 49 38 347 20 150 204 298 193 193 193 
130 3870 109 33443 12 670 1424 1508 164 13388 193 
834 64 445 392 5661 12 1529 306 1508 4 1809 954 347 982 193 193 
419 65 220 1446 8207 11013 49 445 392 1082 12 1529 12 12 450 1905 12 
41409 298 215 29128 219 36356 53764 
824 824 824 824 298 1237 824 824 824 824 
306 1320 484 73 45 38 36 9 298 39 31 28 96 6613 12335 1237 1357 19798 45 53806 12551 12 
53806 12551 18 44321 13594 3212 506 109 15 1225 17 8163 20 21 1994 2939 109 15 1225 347 184 1225 38 8057 20 109 12 
53806 12551 18 65 273 28 11809 6215 21 38 19798 4 28 423 308 28 1170 150 204 1162 193 
68 124 9 392 784 12 1529 1237 575 298 21 1320 1203 31 53761 193 
259 12 12 12 
53761 15 230 6582 125 772 127 
53761 28 160 213 53757 2857 53758 38 483 
53761 28 160 38 9299 306 4 53759 
53761 34 53760 6828 
41409 298 215 29128 219 36356 53764 
82 53761 34 3087 160 49 38 193 193 
17 49 445 392 1082 419 18 107 445 2949 38 34 160 150 204 115 16 251 419 220 9 1446 8207 1424 1495 28 3509 1620 6538 12 419 2949 38 2 
824 824 195 16569 17 599 389 31 28 21023 
824 824 1446 16 5610 
824 824 195 9686 37775 17 655 53386 406 21 184 160 31 34 21023 
824 824 195 42901 406 21 184 160 31 34 21023 
824 824 195 9896 45 53807 45 215 4 508 6538 219 19708 7881 21 184 31 28 16569 
824 824 195 5810 53808 7913 184 160 31 34 21023 
824 824 195 34202 42043 13723 7913 184 160 31 34 21023 
824 824 195 8198 13175 2621 306 16569 31 21023 
824 824 2587 45 2588 45 17 139 2589 31 21023 11074 
824 824 17 12 12 12 48 48 959 193 765 454 218 1738 53585 193 
274 1324 434 41409 298 215 29128 219 36356 53764 49 1553 28 3087 160 347 8207 1424 12 
17 1074 2 306 1320 1424 38 36 9 298 39 31 53806 12551 193 193 
41409 298 215 29128 219 36356 53764 
419 65 220 1446 34979 3128 11013 12 274 1324 434 193 
130 9 13468 45 72 38 187 435 
21 77 6617 125 840 8364 13 70 273 125 28 
16 38 482 6617 21 2723 2 53809 302 53765 12 1217 138 627 653 5247 
419 1383 8 28 235 53810 109 53647 53648 49 34862 45 45513 45 
17 3440 522 2 
521 21 1050 2 397 397 1051 12 240 143 53682 12 1217 397 1630 729 397 30919 397 
347 1050 2 397 1051 12 12 635 397 1630 729 397 30919 397 
347 1050 2 397 397 1051 12 12 1217 397 1630 729 397 30919 397 
347 1050 2 397 397 1051 12 52899 12 3519 397 1630 729 397 30919 397 
347 572 51 73 486 1905 
115 53810 193 
1775 1775 1775 1775 1775 1775 1775 1775 1775 1775 1775 1775 1775 1775 1775 1775 1775 
34862 53811 4097 1862 397 2862 397 4229 3955 30919 53650 470 204 53812 1219 472 392 248 12 1512 5596 12 
34862 53811 4097 1862 397 4229 397 6255 397 37357 397 53813 4097 30919 53650 470 204 53814 1219 472 392 1257 12 1512 5596 12 
34862 53811 4097 6255 397 37357 397 53813 3955 30919 53650 470 204 53815 1219 472 392 617 12 1512 5596 12 
34862 53811 4097 44125 397 19738 397 7276 397 38891 3955 30919 53650 470 204 53816 1219 472 392 617 12 390 5596 12 
34862 53811 4097 53817 397 13763 397 32154 3955 30919 53650 470 204 53818 1219 472 392 848 12 390 5596 12 
34862 53811 4097 44125 397 19738 397 7276 397 53817 397 13763 397 32154 4097 30919 35995 12 470 204 53819 1219 472 392 336 12 390 5596 12 
34862 53811 4097 5924 4097 30919 53650 470 204 53820 1219 472 392 636 12 1512 5596 12 
34862 53811 4097 6252 4097 30919 53650 470 204 53821 1219 472 392 135 12 1512 5596 12 
34862 53811 4097 16876 3955 30919 53650 470 440 53822 1219 472 392 135 12 1512 5596 12 
34862 53811 4097 16876 4097 30919 53650 470 440 53823 1219 472 392 343 12 1512 5596 12 
521 21 1050 2 397 397 1051 12 240 143 53682 12 1217 397 1630 729 397 30919 397 
347 1050 2 397 1051 12 12 635 397 1630 729 397 30919 397 
347 1050 2 397 397 1051 12 12 1217 397 1630 729 397 30919 397 
347 1050 2 397 397 1051 12 52899 12 3519 397 1630 729 397 30919 397 
347 572 51 73 486 1905 
45513 2405 397 16854 397 3899 397 53824 397 53825 3955 30919 53650 470 53826 143 608 53827 472 392 729 12 646 5596 12 
45513 2405 397 16854 397 3899 397 53824 397 53825 3955 30919 53650 470 53826 143 608 53828 472 392 248 12 1512 5596 12 
45513 4229 397 10030 397 4028 644 143 4097 432 167 397 1219 397 282 397 2502 30919 53648 470 53829 143 3880 1219 472 392 636 12 1512 5596 12 
3440 53830 397 53830 1862 397 2862 155 3955 215 53831 219 470 53832 899 472 392 343 12 1512 5596 12 
3440 53830 4229 155 3955 215 53831 219 470 53833 899 472 392 343 12 1512 5596 12 
3440 53830 5924 397 6255 397 16876 155 3955 215 53831 219 470 53834 899 472 392 343 12 1512 5596 12 
3440 53830 5924 397 25942 397 31260 155 4097 215 53831 219 470 1219 53835 899 472 392 623 12 1512 5596 12 
3440 53830 4229 155 4097 215 53831 219 470 53836 899 472 392 623 12 1512 5596 12 
3440 53830 24646 397 16876 155 3955 215 53831 219 470 1219 53837 315 472 392 623 12 1512 5596 12 
521 21 1050 2 397 397 1051 12 240 143 53682 12 1217 397 1630 729 397 30919 397 
347 1050 2 397 1051 12 12 635 397 1630 729 397 30919 397 
347 1050 2 397 397 1051 12 12 1217 397 1630 729 397 30919 397 
347 1050 2 397 397 1051 12 52899 12 3519 397 1630 729 397 30919 397 
347 572 51 73 486 1905 
53838 18471 397 53839 3955 53650 215 53831 219 470 618 9 7551 241 472 392 623 12 1512 5596 12 
53838 53840 397 5620 397 53841 397 18471 4097 35995 12 215 53831 219 470 618 9 2011 241 472 392 512 12 1512 5596 12 
53838 5149 2243 397 5149 1799 397 5149 782 4097 53650 215 53831 219 470 1535 282 53842 241 472 392 246 12 1512 5596 12 
53838 3920 397 53843 397 53844 397 2969 3955 35995 12 215 53831 219 470 53845 53846 472 392 623 12 1512 5596 12 
53838 3920 397 16864 397 53844 397 50961 397 2969 53828 35995 12 215 53831 219 470 53847 53846 472 392 952 12 1512 5596 12 
143 294 193 143 274 6393 193 193 193 
1775 1775 1775 1775 1775 1775 1775 1775 1775 1775 1775 1775 1775 1775 1775 1775 1775 1775 1775 1775 1775 1775 
34862 53811 4097 28054 3955 30919 53650 470 440 53848 1219 472 392 609 12 1512 5596 12 
34862 53811 4097 28054 4097 30919 53650 470 440 53849 1219 472 392 264 12 1512 5596 12 
34862 53811 4097 9016 397 9016 7 3955 30919 53650 470 440 53850 1219 472 392 1257 12 1512 5596 12 
34862 53811 4097 9016 397 9016 7 4097 30919 53650 470 440 53851 1219 472 392 636 12 1512 5596 12 
34862 53811 4097 25942 397 53852 3955 30919 53650 470 440 53853 1219 472 392 1535 12 1512 5596 12 
34862 53811 4097 25942 4097 35995 12 215 53852 53828 41435 12 1028 193 219 470 440 53854 1219 472 392 1254 12 1512 5596 12 
3440 53830 5924 397 6255 397 16876 155 3955 215 53831 219 470 53834 899 472 392 343 12 1512 5596 12 
53838 5149 618 397 5149 333 397 5149 142 3955 53650 215 53831 219 470 343 913 53855 241 472 392 623 12 1512 5596 12 
521 21 1050 2 397 397 1051 12 240 143 53682 12 1217 397 1630 729 397 30919 397 
347 1050 2 397 1051 12 12 635 397 1630 729 397 30919 397 
347 1050 2 397 397 1051 12 12 1217 397 1630 729 397 30919 397 
347 1050 2 397 397 1051 12 52899 12 3519 397 1630 729 397 30919 397 
347 572 51 73 486 1905 
2977 124 392 644 12 1512 2606 73 17 12860 827 143 644 1166 2660 74 52929 12 
419 3357 6337 45 4578 17 53474 12 
208 1209 42980 109 195 3867 18431 12 
195 34862 17 45513 53648 164 294 34774 12 
4578 397 6337 397 53474 445 
3040 648 2 3990 499 28 1905 73 486 
3040 144 2 650 347 3990 15 73 430 921 28 486 
3040 827 2 51 15 73 21 434 12 
51 21 2 28456 143 50273 143 53856 215 73 306 33450 12 68 124 9 16319 51 2088 12 
445 670 12591 6165 3390 18 8 1379 21 15 73 
430 219 
73 486 215 3990 1412 306 33399 37230 219 
105 2 1775 1775 1775 1775 1775 1775 1775 1775 1775 1775 1775 1775 1775 1775 1775 1775 1775 1775 1775 1775 1775 1775 1775 1775 1775 1775 1775 1775 1775 1775 1775 1775 
16 2 1775 1775 1775 1775 1775 1775 1775 1775 1775 1775 1775 1775 1775 1775 1775 1775 1775 1775 1775 1775 1775 1775 1775 1775 1775 1775 1775 1775 1775 1775 1775 1775 824 824 52807 16 445 
5913 45 2228 45 1284 2 1775 1775 1775 1775 1775 1775 1775 1775 1775 1775 1775 1775 1775 1775 1775 1775 1775 1775 1775 1775 1775 1775 1775 1775 1775 1775 1775 1775 1775 1775 1775 1775 
2476 2 1775 1775 1775 1775 1775 1775 1775 1775 1775 1775 1775 1775 1775 1775 215 236 4157 219 
139 140 2 1775 1775 1775 1775 1775 1775 1775 1775 1775 1775 1775 1775 1775 1775 215 4 279 419 35 150 440 481 499 15 73 219 
1381 31 680 143 1058 1059 445 
470 472 4578 470 472 4632 470 472 53474 
1058 1059 4118 2 1775 1775 1775 1775 1775 1775 1775 1775 1775 1775 1775 1775 1775 1775 1775 1775 1775 1775 1775 1775 1775 1775 1775 1775 1775 1775 1775 1775 1775 1775 1775 1775 1775 1775 
39049 632 2 1775 1775 1775 1775 1775 1775 1775 1775 1775 1775 1775 1775 1775 1775 1775 
7482 2 1775 1775 1775 1775 1775 1775 1775 1775 1775 1775 1775 1775 1775 1775 1775 1775 1775 1775 1775 1775 1775 1775 1775 1775 1775 1775 1775 1775 215 1403 219 
240 143 628 16 2 1775 1775 1775 1775 1775 1775 1775 1775 1775 1775 1775 1775 1775 1775 1775 1775 1775 1775 1775 1775 1775 1775 1775 1775 1775 1775 1775 1775 824 215 3990 1412 193 193 219 
53650 650 12663 80 834 
648 219 641 144 219 641 827 219 641 644 219 641 1420 143 834 2977 317 2513 141 392 644 12 1512 
834 