Subject: 532 1166 5686 
49 195 15 1971 3199 521 21 1050 2 397 397 1051 12 1549 438 12 1217 653 639 
1549 438 49 195 15 3199 571 12 653 639 
81 45 68 124 208 92 273 445 12 21 60781 20 45 6482 4441 
23 28 4242 12 46 38 12 
532 1166 5686 
1184 17 5634 54361 
231 11909 17 1238 1184 231 
231 1166 5036 231 2298 17 1237 3324 5634 1166 
231 2298 5634 455 231 53416 5634 36411 765 2298 
231 6255 306 15 1285 231 18425 1948 45 274 44126 20 
231 1050 2 397 397 60523 12 63331 12 1217 231 532 1166 6261 240 143 628 432 143 964 
231 20618 20743 231 3314 1166 839 215 107 1237 219 
231 8797 1422 231 1129 21 2745 8797 16 317 3981 
231 4148 1166 60960 231 2119 1166 54361 
277 2 
231 11909 17 1238 1184 231 
215 4036 12 2149 219 
63332 
215 18958 4 22742 45 3170 317 8011 219 
648 143 21884 143 34764 143 63333 41409 298 
648 12 34921 50786 49 28 60013 10670 50786 60783 12 1319 4 9 53402 1129 21 8 9 465 55788 4 392 3885 21016 60013 16979 3264 12 81 45 1324 49 840 430 17 5912 143 964 12 
144 12 383 45 1740 45 1826 45 4729 2168 45 17478 45 54761 317 384 2 
648 12 17293 45 7829 45 2714 548 45 409 12 
144 12 1453 1947 215 34916 548 45 1225 3580 45 37062 45 85 143 49021 45 7721 317 37896 219 
827 12 2743 4307 45 62501 17 9722 
644 12 1238 1947 215 3031 45 10049 45 409 12 219 
729 12 5322 548 215 10095 45 1202 45 409 12 219 
448 12 3586 45 1048 45 17 6481 2885 
248 12 63334 19646 3520 17 14210 
617 12 1537 45 1086 45 63335 45 409 12 
1257 12 3361 215 35677 45 7217 347 63336 219 
848 12 408 17293 45 1836 17 63337 
336 12 1139 45 2580 
827 12 7759 2 
648 12 1225 1237 5926 215 49 3696 34774 45 21357 45 8694 45 63338 17 46200 219 
144 12 819 1238 215 6279 17 1740 219 
827 12 1333 55124 45 6176 17 2403 
231 1166 4427 231 143 63339 1351 5634 1237 49 9 532 3314 1166 3199 12 2529 14215 1164 1416 306 47 35056 611 12 81 45 1324 648 143 21884 143 34764 143 63333 49 9 39 31 298 34297 1237 347 6456 20 125 2 
231 2298 5634 455 231 143 6548 5634 36411 2298 455 45 550 45 941 21 3042 45 28913 21 8136 532 1166 41068 5634 4 628 540 13097 109 963 4 9257 140 130 38 2867 20 12 81 45 1324 648 143 21884 143 34764 143 63333 347 6392 15198 109 2298 455 2 
231 6255 306 15 1285 231 143 70 12634 941 185 21 481 483 12 44126 15 6255 143 41162 143 60981 306 15 6822 1285 63340 540 38 3305 306 15 53402 2416 49 392 10928 17 26 11405 28 49196 12 38 274 3832 109 14032 1114 12 81 1324 49 840 430 1141 1414 2 648 143 6255 143 41162 143 60981 215 1285 63341 219 12 
231 1050 2 397 397 60523 12 63331 12 1217 231 143 55702 827 6261 240 143 628 1237 49 392 7905 12 1512 12 28 80 3552 648 45 1857 45 1857 240 143 4756 833 45 2119 1368 1237 49 6261 38426 17 392 454 1114 2606 294 5912 143 964 306 15 17798 12 81 45 572 17798 4118 43373 49 15 5912 143 964 109 28 231 5912 964 455 12 231 
231 20618 20743 231 143 839 49 20618 20743 49 392 646 12 3324 49 532 3314 3602 12 107 9 1237 12 81 45 1324 648 143 21884 143 34764 143 63333 49 959 430 12 
231 8797 1422 231 143 1129 21 3210 273 16 2171 49 1166 35151 5777 
308 9 5491 31 18571 15 1971 61 12 81 45 1324 648 143 21884 143 34764 143 63333 347 1981 2298 2404 
1050 2 397 397 55386 12 1217 397 63342 397 2377 12 28982 138 34903 653 827 151 30144 49 959 430 12 
231 4148 1166 54361 231 143 81 45 1324 648 143 21884 143 34764 143 63333 49 959 430 12 
21112 125 28 62831 2 
72 38 220 107 467 21 128 184 840 461 125 434 45 81 45 149 21 68 626 12 
6460 109 149 3591 17 650 5247 195 4 28 627 2665 2018 17 6460 109 13 3591 12 
38 18 77 6617 125 195 670 62831 12 