Subject: 221 157 219 7 9024 470 87 1614 38 5 930 219 
1276 
17425 
221 157 230 
4390 
1276 30 930 230 
317 
14322 
683 127 1614 133 
470 
317 
1634 585 217 1276 17425 217 
20 
2995 22 872 157 1049 14 
6110 203 24 
19986 203 
133 46 
7709 19 316 19 16563 19 18569 19 
3427 19 
17 3366 19 868 24 24 24 
477 22 157 2427 292 
313 413 9024 
1614 
20 470 46 
1763 
1050 20 1120 7 4924 7 5227 855 7 3256 7 2181 7 5444 
7 87 8907 5799 7 4142 7 6460 1368 7 3405 7 2482 
2478 
56 409 16579 60 7 1763 1554 13544 7 4544 141 3787 7 429 14 
85 
414 5256 122 7 20 571 19 571 630 24 24 24 
230 
630 203 
350 
902 219 
221 454 
40 35 2771 1794 522 884 885 80 17828 3989 20 
27 
309 6068 24 
350 
902 40 35 2771 1794 522 884 885 24 
259 625 
91 
3275 40 17829 19 1506 87 1722 5 351 40 522 15626 
885 
413 249 516 71 5199 20 19556 14 940 553 5967 
15626 
45 522 884 885 24 
80 313 
944 
91 24 24 24 1573 1193 19 422 10575 14327 122 80 3170 905 71 2353 40 
530 
15 1122 230 15 7645 16383 18 1056 71 15 1131 
1132 239 
28 136 102 7 18 3229 19 390 413 13391 7021 5 21893 
5230 
84 590 84 16764 15 19549 14 3616 14 4897 11881 2240 91 
16486 522 21894 24 
1384 
15 122 19 1384 15 16442 19 400 102 7 18 3229 219 