Subject: 37 46 2600 24 197 2341 219 
193 2601 19 
449 313 413 234 206 1277 28 2602 15 1578 352 24 0 2128 45 
87 313 413 366 22 1892 630 1702 150 390 2 1278 151 1499 15 197 24 1942 38 15 
888 1674 593 55 15 288 24 264 24 53 2603 24 
488 
7 2604 
192 193 221 19 
192 
192 241 470 415 197 1674 20 2605 71 22 2606 16 24 
192 
192 2601 2607 
192 
192 479 479 479 479 479 479 479 479 479 479 479 479 479 479 479 479 479 479 479 479 479 479 479 479 479 479 479 479 479 479 479 479 479 479 479 479 479 479 479 479 479 479 479 479 479 479 479 479 479 479 479 479 479 479 479 479 479 479 479 479 479 479 479 479 479 479 479 479 479 479 479 479 479 479 479 
192 40 285 19 146 286 40 287 51 288 24 264 24 53 20 289 71 15 290 
192 14 15 6 217 291 197 7 292 217 24 
192 
192 293 46 295 46 187 187 293 24 288 24 264 24 53 187 293 187 197 7 292 24 298 
192 294 46 295 46 187 187 288 24 264 24 53 187 320 187 197 187 321 7 294 24 298 
192 287 260 46 295 46 187 187 267 24 296 24 53 187 297 187 166 187 166 24 298 
40 285 19 146 286 40 287 51 288 24 264 24 53 20 289 71 15 290 
14 15 6 217 291 197 7 292 217 24 
293 46 295 46 187 187 293 24 288 24 264 24 53 187 293 187 197 7 292 24 298 
294 46 295 46 187 187 288 24 264 24 53 187 320 187 197 187 321 7 294 24 298 
287 260 46 295 46 187 187 267 24 296 24 53 187 297 187 166 187 166 24 298 