Subject: 10507 378 4805 2436 24 349 184 24 491 
1415 763 768 3 102 768 720 3 139 475 96 
4805 19 57 19 20 3789 412 
1455 40 15 288 3105 864 56 10508 60 378 4805 19 2436 24 349 184 24 491 24 
5 134 1252 46 
1192 11072 11073 40 1557 
1192 136 3141 71 15 3370 850 
1192 3390 187 245 3670 136 139 187 968 214 3632 
7 7 7 7 7 7 7 7 7 7 7 7 7 7 7 7 7 7 7 7 7 7 7 7 7 7 7 7 7 7 7 7 7 7 7 7 
3 139 475 96 19 3 102 768 720 1565 139 3059 1421 102 96 19 22 1565 763 96 22 1338 475 922 102 768 968 763 102 
11072 11073 40 1557 
22 157 3082 14 15 288 56 8729 60 349 1194 12 15 1183 24 11074 251 19 237 12 
532 40 2019 22 11075 2887 40 22 1158 56 10543 2770 
11076 19 532 55 15 43 60 24 
22 1633 1295 91 4217 5 251 12 46 
3180 288 24 3181 24 1192 213 
3180 288 24 1442 24 1192 213 
1389 670 1158 1586 
1389 1479 2569 1976 56 162 3313 494 497 60 
1586 
31 56 3313 24 1394 219 211 344 60 1586 
29 24 2669 24 216 56 217 3080 11077 217 60 213 
29 24 11078 56 344 60 213 
1589 
1183 766 211 157 1183 56 3313 494 0 497 60 213 
665 1586 
1158 1421 211 766 24 11074 56 60 213 
29 24 127 24 216 56 1421 60 213 
1589 
1988 56 102 60 1586 
29 24 2669 24 216 56 102 60 213 
1589 
1589 
1589 
230 1079 14 46 
1920 288 1158 1122 24 2562 56 456 1733 12 3 46 1710 11079 60 
246 12 46 
1183 46 187 3 46 187 11079 187 1122 24 2562 
20 5 1158 413 35 3620 40 2333 15 1994 1183 71 1563 87 
3539 43 508 24 
83 22 251 12 2174 71 1054 91 151 40 3864 1994 
11073 20 43 7 1387 294 71 22 10543 405 24 
136 3141 71 15 3370 850 
3143 80 22 157 3082 14 15 288 349 1194 19 20 80 2528 71 
2238 71 1849 1783 123 55 15 288 3105 864 24 
3143 80 532 40 2980 20 1910 55 2519 14 10 7141 24 
230 1295 19 11080 12 22 11081 230 3141 19 20 11082 12 1700 
40 609 24 
15 435 1674 83 84 3141 80 618 123 19 220 15 157 5205 80 
3460 24 568 585 4205 1528 12 904 40 2019 627 435 20 157 24 
313 92 19 1564 19 151 22 3141 169 71 585 523 19 20 313 643 40 
383 22 251 91 2346 585 11080 3132 24 869 405 14 329 83 22 
7076 12 11083 28 15 194 1295 46 
3180 288 24 1963 24 1192 213 
1389 670 2019 1586 
1389 1479 2569 154 56 11080 2423 60 
1586 
230 56 1411 139 211 0 213 139 
1396 24 
129 2 96 585 3623 91 12 5830 28 3677 19 20 313 413 418 
537 370 605 22 1503 930 46 
1389 670 1383 1586 
1389 1479 2569 1976 56 162 3313 494 497 60 
1586 
162 475 211 29 24 11084 56 217 1183 24 3623 217 60 213 
29 24 127 24 216 56 475 60 213 
1589 
1589 
55 226 1737 19 153 288 349 30 19 5 9791 127 217 3691 3692 217 19 237 12 
22 412 230 46 
2652 3681 3286 187 3941 7 344 
22 3658 14 3632 413 35 1052 354 46 
31 313 643 40 1225 3761 3632 19 869 405 14 329 568 12 
11083 28 15 194 930 19 237 70 221 15 8693 542 
5540 14 15 3670 11085 40 22 1183 24 409 14 936 3671 
151 22 1174 7 11086 575 1395 56 91 12 19 141 80 8395 71 429 631 
2 1710 1421 335 10818 2 60 19 20 6051 1935 1396 14 15 3622 12 1673 
33 24 15 3623 532 12 869 540 10718 7 334 19 237 415 15 6660 
14 11087 3657 11 84 436 56 869 1395 60 19 20 458 3671 84 
550 87 2191 1396 24 
3180 288 24 3181 24 1192 213 
1389 670 11088 344 1586 
1389 1479 2569 1976 56 162 3313 494 497 60 
1586 
665 1586 
11089 11090 157 11089 56 217 127 217 60 213 
11091 11092 157 11091 56 11090 19 217 10718 334 217 60 213 
230 56 1411 768 211 2 1710 1421 2304 2 213 768 
230 56 1411 768 211 2 1710 1421 2304 2 213 768 