Subject: 5 12 157 354 2425 24 334 3558 18136 
1 2 3 643 40 1615 936 102 7 1814 239 211 767 
350 15 194 351 40 4458 17 86 45 522 884 885 46 211 767 
295 46 187 187 21871 24 53 187 285 
5 12 157 354 295 46 187 187 21871 24 53 
7 18813 6721 8714 7 1505 17 2230 21872 40 15 1824 24 
7 3577 7169 2991 7 2630 40 15 7590 14 15 7169 1049 219 
7 21873 7 3683 1352 20 3524 4797 24 
7 15855 7 221 17 2230 11162 40 17 21874 24 
7 18813 6721 8714 7 1505 17 2230 21872 40 15 1824 24 
402 313 2 254 1102 500 25 2346 40 35 22 3400 71 15 11162 3570 239 45 
4500 274 403 313 413 665 17 2983 38 15 427 14 15 11725 18813 
6721 8714 4813 3416 157 15554 12895 354 46 
295 46 187 187 21871 24 53 
7 3577 7169 2991 7 15 7590 20 15 21875 24 
21876 2 96 12975 535 71 15 7169 2405 12692 55 388 1171 403 19 20 
25 2 1278 221 35 4226 1243 55 17 8362 24 313 2 1278 35 450 40 2630 40 
1047 21877 21878 20 21879 20 3346 45 14867 20 16891 230 
13324 19 55 387 15 983 403 14 2135 354 491 24 552 340 24 568 31 313 643 40 1265 
15 6169 14 22 2627 14 1824 1056 7590 1463 2617 40 46 
295 46 187 187 21871 24 53 
7 21873 7 3683 1352 20 3524 4797 24 
55 2103 25 2 96 8237 446 674 7135 84 15 21880 391 40 
1931 593 22 18252 194 22 21881 156 40 15 5567 24 24 24 129 2 96 15 
2135 11132 14 15 3175 8901 24 24 24 173 12557 19 3200 20 1329 
1352 45 221 15 3524 15012 21882 354 46 
295 46 187 187 21871 24 53 
7 15855 7 221 17 2230 11162 40 17 21874 24 522 157 11162 15855 12 
1488 905 22 306 19 20 31 313 1868 2 3 2041 127 904 1797 25 12 40 4545 
15 2360 20 6174 11162 19 1 2 3 4618 219 1481 12 225 45 17 
10627 20 15 2126 642 313 625 17 2230 11162 12 71 17 
12530 24 20 390 2 37 1254 902 40 260 328 313 151 432 375 24 230 22 
157 11162 13415 2152 592 40 46 
295 46 187 187 21871 24 53 
11741 
479 1710 187 479 211 767 
187 187 968 1710 1192 1192 1192 1192 1192 1192 1192 1192 1192 1192 1192 1192 1192 1192 1192 1192 1192 1192 1192 1192 1192 1192 1192 1192 1192 1192 1192 1192 1192 1192 1192 1192 1192 1192 1192 1192 1192 1192 1192 1192 1192 1192 1192 1192 1192 1192 1192 1192 1192 1192 1192 1192 1192 1192 1192 211 767 
5464 1393 10032 24 53 917 230 21883 239 592 40 5464 10032 219 211 767 
479 479 1393 479 5464 2 96 354 593 40 1192 1192 552 1413 9768 1192 1192 211 767 
7 7 7 7 7 7 7 7 7 7 7 7 7 7 7 7 7 7 7 7 7 7 7 7 7 7 7 7 7 7 7 7 7 7 7 7 211 767 
1393 21884 234 71 1919 336 24 7702 1393 192 157 2128 