Subject: 3769 2813 11569 
1192 1192 1192 2801 2813 11569 1192 1192 1192 
11570 2801 648 40 313 
15 2801 2813 11569 12 22 4048 3395 14 157 1216 
20 161 937 40 2813 354 46 295 46 187 187 267 24 2813 24 2801 24 53 
3413 230 4816 20 4817 80 354 15 2249 24 
3769 3377 
390 2 254 11571 522 723 7 414 127 522 157 391 20 1303 7 112 165 
928 500 313 402 219 295 46 187 187 267 24 2813 24 2801 24 53 
3619 46 
1192 1192 1192 1192 1192 1192 1192 1192 1192 
344 60 157 46 11572 
349 60 157 46 11573 
352 60 157 46 11574 
364 60 157 46 11575 
63 60 157 46 3602 11156 4159 
892 60 157 46 11576 
491 60 157 46 4028 523 3291 
334 60 157 46 11577 
336 60 157 46 11578 
345 60 157 46 11579 1134 1674 230 288 
2282 60 157 46 11580 56 288 919 60 
447 60 2543 46 11581 4124 3685 
332 60 2543 46 1188 3228 19 288 1262 
2027 60 2543 46 11146 2220 
337 60 2543 46 11582 1831 230 288 
339 60 2543 46 1188 11583 
2348 60 2543 46 11584 3228 10142 
3290 60 288 2887 199 40 264 230 11507 670 
658 60 8901 230 17 4944 2801 288 2035 219 
767 60 377 30 655 4850 
275 60 2801 655 10559 
2286 60 3836 2249 7 166 6073 14 15 3175 219 
344 60 157 46 11572 
1192 1192 1192 1192 1192 1192 1192 1192 1192 1192 1192 1192 1192 1192 1192 1192 1192 1192 1192 1192 
11572 525 221 15 5975 14 15 1667 11572 
20 19 10595 6351 11585 19 11507 379 19 1080 11586 19 20 
11527 24 
349 60 157 46 11573 
1192 1192 1192 1192 1192 1192 1192 1192 1192 1192 1192 1192 1192 
295 46 187 187 267 24 2813 24 2801 24 53 187 378 187 11573 
11573 12 22 6012 288 523 230 5964 469 1188 2032 
6017 45 432 469 2029 24 15 2433 2346 84 1079 22 462 2029 19 20 
27 4856 22 11587 1720 15 7141 5851 71 
15 2029 24 
352 60 157 46 11574 
1192 1192 1192 1192 1192 1192 1192 1192 1192 1192 1192 1192 1192 1192 1192 1192 1192 1192 1192 1192 1192 1192 1192 1192 1192 1192 1192 1192 1192 1192 
295 46 187 187 267 24 2813 24 2801 24 53 187 378 187 11588 
12 22 670 91 11589 11 230 8396 
627 2923 24 15 11590 670 71 15 1667 12 22 670 230 
3285 4251 19 11591 19 20 3622 8396 71 11 24 
12 22 1314 6212 1462 14 11590 
91 4895 11592 6699 19 15 2366 40 368 3848 7 11593 
2902 45 2770 2352 56 875 206 40 35 1626 230 1626 
11594 60 19 571 4838 11595 1502 19 20 3244 11596 24 
364 60 157 46 11575 
1192 1192 1192 1192 1192 1192 1192 1192 1192 1192 1192 1192 1192 
295 46 187 187 267 24 2813 24 2801 24 53 187 378 187 11575 
11575 12 22 6721 7 3117 56 21 1395 7 214 3117 60 288 1079 187 246 
670 852 24 136 11575 19 22 3105 413 11597 10839 19 11598 19 
11599 19 20 2543 5799 71 6721 7 3117 2352 19 20 885 19 611 19 
3890 19 20 4 2352 71 507 1183 2419 24 
63 60 157 46 3602 11156 4159 
1192 1192 1192 1192 1192 1192 1192 1192 1192 1192 1192 1192 1192 1192 1192 1192 1192 1192 1192 1192 1192 1192 1192 1192 
295 46 187 187 267 24 2813 24 2801 24 53 187 378 187 11157 
15 2801 3602 11156 4159 56 11157 60 10542 3853 3646 14 288 
1054 24 15 11157 4895 15 2801 467 1424 19 22 157 648 
91 11158 15 9935 4895 14 22 288 523 24 
892 60 157 46 11576 
1192 1192 1192 1192 1192 1192 1192 1192 1192 1192 1192 1192 1192 1192 1192 1192 
11576 56 8729 60 12 22 1750 7 40 7 1750 1932 8385 1869 1314 71 
288 24 25 12 1260 40 159 55 221 288 7 3433 2806 40 530 
15 4257 230 4908 288 1932 1502 20 4854 11502 
25 40 1669 1932 1502 240 3996 24 22 3985 14 15 2801 
3416 1705 3105 1832 19 288 56 8729 60 1262 19 1462 344 24 344 24 491 1667 12 
2461 24 
491 60 157 46 4028 523 3291 
1192 1192 1192 1192 1192 1192 1192 1192 1192 1192 1192 1192 1192 1192 1192 1192 1192 1192 1192 1192 1192 1192 1192 1192 1192 1192 1192 1192 1192 1192 1192 1192 1192 1192 1192 1192 1192 1192 
295 46 187 187 267 24 2813 24 2801 24 53 187 378 187 11148 
4028 523 3291 441 4319 19 3152 19 1823 19 3299 
20 2576 4028 43 1387 1054 646 1322 2419 153 
55 1849 2806 24 8147 
334 60 157 46 11577 
1192 1192 1192 1192 1192 1192 1192 1192 1192 1192 1192 1192 1192 1192 1192 1192 
11577 12 22 4124 3685 230 324 4028 1747 7 1387 
11600 1054 24 25 100 172 22 11600 98 
91 2051 11577 19 20 409 5355 11577 1054 24 
336 60 157 46 11578 
1192 1192 1192 1192 1192 1192 1192 1192 1192 1192 1192 1192 1192 
295 46 187 187 267 24 2813 24 2801 24 53 187 378 187 11578 
11578 7 11601 1612 230 288 12 22 11602 11 2433 237 6542 
507 1781 19 76 1770 19 8975 20 10609 24 
345 60 157 46 11579 1134 1674 230 288 
295 46 187 187 267 24 2813 24 2801 24 53 187 378 187 11603 
11579 1134 1674 230 288 12 22 850 230 1272 38 
11604 71 15 288 3685 24 
2282 60 157 46 11580 56 288 919 60 
1192 1192 1192 1192 1192 1192 1192 1192 1192 1192 1192 1192 1192 1192 1192 1192 1192 1192 1192 1192 1192 1192 1192 1192 1192 1192 1192 1192 1192 1192 1192 1192 
295 46 187 187 267 24 2813 24 2801 24 53 187 11580 
1192 11605 46 400 15 11605 11581 957 40 467 20 9694 
15 3619 14 22 11606 908 245 22 878 14 412 219 219 
1192 11607 46 665 11607 40 7074 17 1198 
10587 20 38 17 1933 14 1781 7 1770 19 11608 87 
4551 219 
1192 11609 46 22 11610 288 11581 237 3706 288 412 2352 
20 2800 206 230 3244 6664 20 5833 24 
447 60 2543 46 11581 4124 3685 
1192 1192 1192 1192 1192 1192 1192 1192 1192 1192 1192 1192 1192 1192 1192 1192 1192 1192 1192 1192 1192 1192 1192 1192 1192 1192 1192 1192 1192 1192 1192 1192 
295 46 187 187 267 24 2813 24 2801 24 53 187 378 187 11611 
22 157 217 1174 7 11612 2042 1807 217 415 416 584 24 
332 60 2543 46 1188 3228 19 288 1262 
1192 1192 1192 1192 1192 1192 1192 1192 1192 1192 1192 1192 1192 1192 1192 1192 1192 1192 1192 1192 1192 1192 1192 1192 1192 1192 1192 1192 1192 1192 1192 1192 1192 1192 1192 1192 
295 46 187 187 267 24 2813 24 2801 24 53 187 378 187 1188 
15 2543 674 349 24 0 24 364 172 3742 10618 24 
2027 60 2543 46 11146 2220 
1192 1192 1192 1192 1192 1192 1192 1192 1192 1192 1192 1192 1192 1192 1192 1192 1192 1192 1192 1192 1192 
15 157 2128 14 11135 674 0 24 339 24 352 12 3138 38 1188 364 1415 349 24 0 24 352 20 
4487 3138 38 1188 364 1415 344 24 344 24 2027 24 
337 60 2543 46 11584 
1192 1192 1192 1192 1192 1192 1192 1192 1192 1192 1192 1192 1192 1192 1192 1192 1192 
11584 674 0 24 65 38 3742 10618 20 630 379 230 344 24 349 3685 4895 24 
339 60 2543 46 1188 11583 
1192 1192 1192 1192 1192 1192 1192 1192 1192 1192 1192 1192 1192 1192 1192 1192 1192 1192 1192 1192 1192 1192 1192 1192 
6668 412 230 10538 38 1188 230 288 3228 344 24 344 24 2027 24 1739 
1502 10533 24 100 19 22 157 217 1174 7 11612 2042 1807 217 
415 416 584 24 
2348 60 2543 46 11584 3228 10142 
1192 1192 1192 1192 1192 1192 1192 1192 1192 1192 1192 1192 1192 1192 1192 1192 1192 1192 1192 1192 1192 1192 1192 1192 1192 1192 1192 1192 1192 1192 1192 1192 1192 1192 
15 11584 3228 10142 415 416 11613 230 3416 2425 20 1854 24 
3290 60 288 2887 199 40 264 230 11507 670 
2801 7075 40 2529 22 288 2887 199 40 264 19 40 5910 
3431 15 11507 670 71 288 19 1943 25 630 3225 230 
5197 20 166 7 4919 11510 24 264 4307 151 3982 
91 4982 7 1056 379 230 22 199 12 3790 230 585 8830 
40 15 288 1585 24 31 313 20 17 1827 406 11614 83 22 1374 19 
259 286 881 11615 354 11616 51 2116 24 2801 24 53 38 17 1827 2224 
20 22 1221 28 3769 1171 24 5 406 423 35 585 11617 14 15 
199 230 8830 19 21 11618 432 1807 40 1266 2224 24 
15 5482 2520 12 354 46 295 46 187 187 267 349 24 11619 24 2801 24 53 187 11482 187 11620 24 298 
488 71 1422 230 17 379 219 
658 60 8901 230 17 4944 2801 288 2035 219 
1192 1192 1192 1192 1192 1192 1192 1192 1192 1192 1192 1192 1192 1192 1192 1192 1192 1192 1192 1192 1192 1192 1192 1192 1192 1192 1192 1192 1192 1192 1192 1192 1192 1192 1192 1192 1192 
2801 20 2813 151 22 573 14 288 124 9415 230 15 
288 3105 2 96 2206 3627 2 1933 1123 24 8901 230 17 
4944 219 
767 60 377 30 482 4850 
1192 1192 1192 1192 1192 1192 1192 1192 1192 1192 1192 1192 1192 1192 1192 1192 1192 1192 1192 1192 1192 1192 1192 1192 1192 1192 1192 1192 1192 1192 1192 1192 1192 1192 1192 
80 313 9023 157 30 482 239 414 127 15 377 30 
482 4850 19 585 317 11621 3592 630 631 2287 19 2742 5466 
1054 19 124 20 2070 19 5226 28 2801 3030 136 22 517 
1090 14 2801 2806 20 1216 24 
275 60 2801 655 10559 
1192 1192 1192 1192 1192 1192 1192 1192 1192 1192 1192 1192 1192 1192 1192 1192 1192 1192 1192 1192 1192 1192 1192 1192 1192 
15 2801 655 10559 11622 11141 5197 1728 14 
15 2801 655 3105 930 553 151 5226 5466 
102 7 2030 482 136 2801 1216 24 541 2493 71 15 
655 10559 12 22 11623 943 40 4480 17 1049 7 670 
655 24 40 1634 22 3403 14 15 655 3105 930 19 1463 40 46 
295 46 187 187 267 24 3105 24 2801 24 53 187 
2286 60 3836 2249 7 166 6073 14 15 3175 219 
1192 1192 1192 1192 1192 1192 1192 1192 1192 1192 1192 1192 1192 1192 1192 1192 1192 1192 1192 1192 1192 1192 1192 1192 1192 1192 1192 1192 1192 1192 1192 1192 1192 1192 1192 
217 11624 2 40 2813 55 11625 15 6093 1830 71 5145 20 
11626 15 1904 14 1188 20 288 19 71 1694 40 15 
437 11141 11581 2770 20 15 7717 2982 7900 24 
11627 11628 3944 585 4074 2904 40 22 3369 139 5010 40 
131 24 
100 19 11179 4309 4123 505 1233 45 15 2801 11629 690 24 
71 1839 917 149 55 15 1908 2308 1909 19 139 151 1708 38 585 2801 
377 1747 2070 690 230 3570 7 3570 102 7 250 482 19 
1843 11630 2417 19 2201 843 349 8919 71 605 22 352 4197 3710 2542 19 
20 1277 151 2801 6679 71 230 6984 349 761 11631 24 
313 1820 80 11632 20 139 1515 11633 55 15 10543 2237 14 
8384 1173 139 328 35 71 3524 11634 1182 24 217 
7 881 11635 
4808 3280 40 2813 19 390 2 37 1791 157 648 10654 
567 2991 219 
151 22 3070 87 1528 239 259 1715 928 625 28 200 585 102 7 18 
40 11636 51 928 24 2801 24 53 
2801 2813 11569 12 22 3601 14 2801 2813 19 
11570 2801 648 40 313 
295 46 187 187 267 24 2813 24 2801 24 53 
390 5121 313 40 11637 71 886 4992 2813 354 46 
295 46 187 187 267 24 2813 24 2801 24 53 187 886 
4816 20 4817 
313 34 21 1615 432 458 102 7 18 45 928 19 20 390 34 21 1863 
87 11638 17 102 7 18 86 40 470 612 24 
51 136 15 43 40 3409 87 285 
40 3409 40 87 285 45 5 3395 19 1463 40 
295 46 187 187 267 24 2813 24 2801 24 53 187 3409 187 20 2454 15 
3413 24 
51 136 102 7 18 40 3409 87 285 
313 413 100 3409 40 87 285 45 5 3395 28 
200 585 102 7 18 40 287 51 18 24 30 24 2801 24 53 24 71 15 208 
878 14 15 290 14 17 934 19 369 46 
3409 11639 11640 51 11641 11191 11192 
56 102 24 103 24 19 3409 11639 11642 24 11643 51 11644 24 53 11642 11643 60 
291 11639 
56 102 24 103 24 19 291 11639 60 
31 17 102 7 18 86 2361 19 259 420 40 285 17 
2945 11645 1279 313 3409 17 157 11645 24 
