Subject: 585 5121 
139 244 22 3935 14 278 14 1873 4038 24 139 2849 230 17 885 690 20 21677 40 165 1292 133 5 21678 24 350 354 15 351 1805 46 
295 46 187 187 267 24 21679 24 5093 24 1656 
313 413 125 5 20 31 313 643 3409 354 226 3029 690 885 1463 354 106 46 295 46 187 187 267 24 18206 24 53 187 21679 187 1952 349 24 298 
4763 
7 7 7 7 7 7 7 7 7 7 7 7 7 7 7 7 7 7 7 7 7 7 7 7 7 7 7 7 7 7 7 7 7 7 
234 13406 40 168 3029 55 17 723 24 
2362 292 219 2259 230 1468 21680 20 286 4829 354 46 
3029 21681 56 768 60 59 292 219 2259 
40 285 19 350 5 351 46 
259 146 432 489 40 21682 51 21683 24 53 