Subject: 37 46 12 377 109 397 239 
442 19 
488 230 15 231 24 125 489 490 46 
55 330 19 331 332 19 59 491 46 275 340 19 492 493 
494 495 46 442 24 493 51 496 24 53 497 191 46 
192 193 398 19 
192 31 313 399 400 166 7 401 20 372 19 139 402 403 404 405 406 
35 
192 40 407 22 408 38 409 410 411 14 15 109 24 112 71 
192 17 197 412 19 313 413 414 31 15 408 415 416 417 87 21 20 
192 418 31 25 12 71 15 419 109 24 313 34 151 40 420 40 
4 
192 15 408 421 15 109 12 422 24 
192 87 19 423 414 55 424 56 425 60 24 426 56 60 24 25 406 427 22 
428 
192 429 430 15 109 167 24 
498 24 5 130 226 303 499 55 500 139 406 312 31 139 501 40 400 
502 19 503 129 80 409 504 46 
56 344 60 139 433 5 40 505 506 507 508 139 24 102 24 139 433 507 
508 509 56 139 24 102 24 137 19 510 19 99 24 24 24 60 40 511 40 22 512 
109 24 502 80 513 514 108 98 20 515 458 98 
509 34 516 71 157 461 24 31 502 464 123 29 
517 112 5 518 505 220 141 80 21 24 
56 349 60 150 12 15 408 32 239 129 519 12 184 520 521 431 71 
522 523 7 15 523 524 525 526 38 184 
512 106 237 413 35 527 84 15 303 106 24 528 529 22 
98 247 2 3 530 432 23 531 91 413 35 532 40 312 521 
56 533 15 534 535 220 5 92 21 151 22 536 40 180 537 
538 31 25 477 539 540 354 221 60 24 91 541 15 542 19 139 
543 91 19 15 544 14 15 408 518 35 545 83 91 25 
546 547 22 548 549 14 333 24 550 504 91 139 413 402 14 46 
56 22 60 31 15 544 12 545 551 152 56 102 24 103 24 552 346 60 112 22 166 553 
554 22 109 19 112 555 556 187 557 98 20 554 22 109 558 
406 21 35 450 40 156 22 157 109 230 354 559 552 346 24 
56 560 60 31 15 544 12 545 551 561 56 139 24 102 24 552 562 60 112 15 29 
34 563 22 564 14 333 565 40 205 502 20 390 566 40 151 522 
523 530 526 567 352 562 87 568 237 569 570 
530 551 571 368 7 572 31 15 573 14 574 80 575 56 390 569 
151 576 577 578 40 579 574 354 580 333 60 24 
221 5 14 581 12 226 582 20 139 569 35 583 24 432 489 24 24 24 24 
192 84 230 431 7 349 19 129 406 21 35 432 433 40 434 15 435 
192 109 31 22 157 109 12 26 84 22 157 109 436 406 21 35 
192 26 31 129 12 432 109 437 438 24 56 439 219 60 
431 349 12 584 84 585 586 40 21 587 585 588 230 431 344 24 
431 349 518 589 590 35 397 84 139 151 21 591 592 593 38 
22 405 40 234 22 410 166 594 56 595 60 24 
7 7 398 
192 
192 440 5 441 24 24 24 
192 442 24 
192 
192 7 7 7 7 7 443 6 7 7 7 7 7 
192 45 46 398 444 
192 40 46 
192 445 46 446 19 331 447 19 59 334 46 448 340 
192 54 46 12 377 109 397 239 
192 
192 
192 192 193 19 
192 192 
192 192 12 25 397 40 312 449 14 15 194 46 
192 192 
192 192 
192 192 56 344 60 35 450 40 451 452 22 453 83 91 221 454 
56 455 
192 192 45 456 98 19 457 98 56 96 60 19 87 458 459 98 56 96 60 60 
192 400 
192 192 15 419 109 24 
192 192 
192 192 87 
192 192 
192 192 56 349 60 84 460 84 22 217 157 109 217 12 26 434 221 458 461 
192 230 
192 192 22 462 453 230 463 455 15 109 56 96 60 464 26 45 15 
192 192 456 98 19 457 98 19 87 458 459 98 56 96 60 24 
192 192 
192 192 
192 192 390 151 15 433 230 465 22 466 83 91 15 303 467 40 
22 
192 192 106 19 28 15 166 45 432 98 87 457 468 19 12 15 249 469 
192 192 109 24 
192 192 
192 192 241 470 151 432 471 472 55 473 5 24 24 24 24 
192 192 
192 192 432 260 12 474 24 24 24 
192 192 
192 192 7 7 398 
192 192 
192 192 
192 192 475 24 96 24 390 413 21 400 166 401 20 476 477 31 390 478 24 
192 192 
192 192 479 479 479 479 479 479 479 479 479 479 479 479 479 479 479 479 479 479 479 479 479 479 479 479 479 479 479 479 479 479 479 479 479 479 479 479 479 479 479 479 479 479 479 479 479 479 479 479 479 479 479 479 479 479 479 479 479 479 479 479 479 479 479 479 479 479 479 479 479 479 479 
192 192 398 444 
192 192 480 19 481 482 483 24 
192 192 398 51 481 24 484 
192 192 267 24 481 24 484 
192 192 56 485 60 486 7 487 
192 192 
192 192 
192 
192 192 40 285 19 146 286 40 287 51 288 24 264 24 53 20 289 71 15 
192 290 
192 192 14 15 6 217 291 197 7 292 217 24 
192 192 
192 192 293 46 295 46 187 187 293 24 288 24 264 24 53 187 293 187 197 7 292 24 298 
192 192 294 46 295 46 187 187 288 24 264 24 53 187 320 187 197 187 321 7 294 24 298 
192 192 287 260 46 295 46 187 187 267 24 296 24 53 187 297 187 166 187 166 24 298 
192 192 
40 285 19 146 286 40 287 51 288 24 264 24 53 20 289 71 15 290 
14 15 6 217 291 197 7 292 217 24 
293 46 295 46 187 187 293 24 288 24 264 24 53 187 293 187 197 7 292 24 298 
294 46 295 46 187 187 288 24 264 24 53 187 320 187 197 187 321 7 294 24 298 
287 260 46 295 46 187 187 267 24 296 24 53 187 297 187 166 187 166 24 298 