Subject: 10507 378 4805 569 2282 19 3377 
1415 763 768 3 102 768 720 3 139 475 96 
4805 19 57 19 20 3789 412 
1455 40 15 288 3105 864 56 10508 60 378 4805 19 
569 2282 19 3377 24 5 134 1252 46 
1192 1332 11755 
1192 1840 858 
1362 46 40 1286 25 3244 40 452 1266 1238 14 
378 4805 19 390 80 136 15 6846 61 249 24 390 80 
184 2505 136 6806 20 573 40 452 1238 14 
378 4805 24 
7 7 7 7 7 7 7 7 7 7 7 7 7 7 7 7 7 7 7 7 7 7 7 7 7 7 7 7 7 7 7 7 7 7 7 7 
1332 11755 
71 15 288 56 8729 60 1272 3685 19 15 6545 217 11756 217 11757 
40 22 4242 2040 11758 91 12 6868 545 28 15 
11459 24 15 6545 217 11759 217 11757 40 22 2040 11758 532 
660 6801 11 24 22 11756 545 28 15 11459 12 3773 
11760 84 22 11761 19 660 22 11759 12 1947 9734 84 22 11762 
6018 878 627 11 3671 24 
71 15 288 349 1194 19 129 2 96 22 157 3082 91 1637 313 
40 1914 1332 11755 19 91 12 19 11755 14 1626 5463 24 
40 125 904 5 1886 19 1715 2 96 391 354 22 561 1295 46 
3180 288 24 10647 24 1192 213 
3180 288 24 10647 24 535 24 1192 213 
3180 3184 24 10592 24 1192 213 
3180 3184 24 10592 24 11 24 1192 213 
670 11763 3185 11764 1586 
187 187 10938 15 11759 
1389 2569 3782 56 1002 103 60 1586 
31 56 219 11765 56 60 60 
427 213 
665 1586 
11766 768 211 11767 56 60 213 
1411 11768 211 11769 56 60 213 
4274 3876 211 768 24 11770 56 11768 60 213 
103 24 11771 56 768 24 11772 56 60 60 213 
103 24 11773 56 3876 24 2687 19 3876 24 6984 273 3876 24 11774 7 344 19 
3876 24 2687 273 352 19 3876 24 6984 273 3876 24 11774 7 344 60 213 
1589 
1988 56 102 60 1586 
29 24 2669 24 216 56 102 60 213 
1589 
1589 
187 187 3761 15 1968 14 15 11759 230 11775 
187 187 20 312 11117 56 60 7 7 5 12 540 150 15 
187 187 11759 11478 
3127 1494 2569 11776 56 4274 3876 60 1586 
31 56 3876 211 211 1392 60 
427 213 
2687 211 3876 24 2687 213 
6984 211 3876 24 6984 273 3876 24 11774 7 344 213 
8190 211 364 213 
11774 211 344 213 
11117 56 60 213 
1589 
1589 
1389 670 11759 1586 
1389 1479 2569 1976 56 162 3313 494 497 60 1586 
11777 5479 211 157 11777 56 217 11759 4153 217 60 213 
5479 24 11778 56 157 11779 56 60 1586 
1389 2569 11780 56 11781 102 60 1586 
29 24 11078 56 0 60 213 
1589 
1589 60 213 
11782 1041 211 157 11782 56 345 19 2395 60 213 
1041 24 11783 56 157 11763 56 60 60 213 
11784 4995 211 157 11784 56 60 213 
4995 24 1402 56 1041 60 213 
5479 24 11785 56 60 24 1402 56 217 4299 217 19 4995 60 213 
5479 24 11786 56 60 213 
5479 24 11284 56 425 60 213 
1589 
1589 
22 11759 897 12 5851 71 288 1134 1674 
56 10619 60 56 8729 60 1258 10592 845 24 15 897 6115 
11759 2554 83 84 3782 20 11787 1480 24 
11764 12 585 2235 14 5 897 24 
40 1914 22 1332 11759 19 313 5148 22 11788 19 11763 19 
45 5 3764 24 
40 10938 15 11759 19 313 433 40 208 418 15 456 2687 19 6984 
2040 24 313 312 5 28 6992 15 456 11759 2040 84 
585 11789 608 15 11 56 11769 60 24 5 2040 12 112 3744 
608 585 2687 19 6984 3545 136 11770 24 71 458 307 19 869 405 14 
6027 15 3545 14 15 11759 71 409 11 12 84 22 3622 
11789 608 15 11 24 641 19 8693 7 2237 19 1692 4836 
15 3545 84 585 2687 19 6984 6415 55 15 8362 24 40 10938 15 11759 19 
15 8362 6415 12 1274 24 
15 11759 12 11760 84 22 6019 878 38 8190 364 20 11774 
344 19 490 20 40 15 4157 14 15 456 3622 24 
71 1694 40 15 3782 251 230 11763 19 129 2 96 641 
33 251 91 313 433 40 289 19 15 11776 251 24 
31 313 4458 15 11776 251 45 15 1295 1805 19 313 34 
1362 91 3281 15 11756 11790 11791 19 91 12 19 11792 11793 24 
15 11776 251 6115 15 11794 1146 230 15 1332 11759 
9734 28 3782 24 908 5 251 19 15 11 1041 12 21 1248 
11571 84 15 11759 11478 24 568 15 11776 251 12 540 
5461 24 
313 413 400 15 1332 11759 3082 40 1914 1626 90 14 
11755 19 83 84 585 139 7 11795 11759 24 
1840 858 
71 15 288 1272 3685 19 15 6545 217 1840 217 2410 
11757 40 3405 14 858 19 230 1295 19 71 909 585 169 
3132 56 28 1840 60 40 22 251 91 415 22 1840 1556 24 
288 349 30 4077 641 400 14 15 6545 19 
15 1840 670 24 585 169 14 869 14 15 1840 1674 
56 11796 19 11797 19 11798 60 172 
22 217 11799 24 217 15 11799 12 585 1085 288 169 14 432 369 24 
71 458 307 19 22 1840 169 12 22 3791 230 22 1840 24 
25 2 96 3750 11800 40 585 11512 169 541 22 3791 
230 585 11512 24 
15 1872 258 5 3082 12 33 12 91 15 288 1697 
11801 1545 133 15 1840 1674 19 20 898 38 
206 24 40 125 904 5 1886 19 3283 585 1295 46 
3180 288 24 668 24 11802 24 1192 213 
1389 670 11802 1586 
1479 1840 11803 213 
1479 2569 766 56 60 1586 
162 96 211 157 162 56 217 11497 217 60 213 
11803 211 157 11796 56 96 60 213 
1589 
1389 1479 2569 1976 56 162 3313 494 497 60 1586 
187 187 611 1697 56 22 162 38 184 1604 40 25 60 
766 56 60 213 
29 24 127 24 216 56 217 347 11804 211 217 273 11803 24 234 56 60 60 213 
187 187 159 1697 11801 178 184 
187 187 630 606 11805 593 
2660 11806 211 2660 24 2661 56 60 213 
152 1468 211 11806 24 11807 56 60 213 
152 11808 213 
312 1586 
11808 211 1468 213 
11806 24 11804 56 60 213 
1468 211 11806 24 11807 56 60 213 
1589 660 56 1468 192 11808 60 213 
29 24 127 24 216 56 217 1279 11804 211 217 273 11803 24 234 56 60 60 213 
1589 
1589 
5 930 554 593 20 3989 1921 251 766 19 237 
71 3311 19 1718 22 162 24 
129 80 3709 240 585 523 406 215 40 151 409 
1612 422 15 154 14 1697 3370 19 20 15 1840 
1674 1317 5 24 71 15 1295 1805 19 22 11796 169 
12 545 593 19 38 15 162 84 537 11799 24 150 15 251 
1498 19 15 162 12 1697 56 533 230 15 11796 
169 6193 40 25 60 24 220 15 1697 11801 415 21 159 595 19 
20 568 15 11799 14 15 11796 169 12 1953 605 
15 234 251 24 112 15 1697 11801 10623 19 11809 178 
184 1555 606 12 11805 24 15 11799 12 2041 558 19 
20 5 333 25 2 96 1392 24 71 458 307 19 150 1697 3370 
222 19 15 11799 12 217 11810 24 217 
25 2 96 100 397 40 3761 22 11811 230 15 1840 169 24 
15 1840 169 12 3159 40 15 11811 56 217 11812 217 60 354 409 
431 1279 15 11799 12 11810 24 
5 92 21 1305 215 589 571 19 220 25 2 96 1306 2174 71 
22 1090 14 1054 24 230 1295 19 869 14 15 3370 
1674 71 15 288 349 1194 19 11813 19 3243 400 14 
11796 858 24 22 11813 415 15 6660 91 11814 
71 15 1355 80 11815 150 184 2505 71 400 24 87 40 1564 25 630 
10929 19 11816 11814 80 54 40 541 11815 150 15 
1697 11801 10623 24 6262 19 5 466 12 1843 
28 136 22 11796 169 84 22 3791 55 15 3755 1062 19 
20 112 176 4858 22 11811 14 11796 858 
622 11817 56 15 3755 11814 60 151 416 11810 28 15 1697 
11801 24 
641 1295 12 15 400 14 11797 858 19 622 
11817 80 11810 347 15 288 1057 1737 1690 
585 11818 236 24 313 413 400 5 369 14 1840 169 
40 1580 11819 19 240 22 11820 10 2034 12 1881 
11821 19 220 569 35 462 593 28 15 1697 11801 71 128 
40 606 3766 24 
24 24 24 24 24 24 24 24 24 24 24 24 24 24 24 24 24 24 24 24 24 24 24 24 
7 934 
15 401 55 15 10507 884 885 80 532 230 9 264 
2888 56 8729 60 4951 249 24 40 4458 17 370 45 15 885 19 
125 3409 187 285 490 24 
7 526 
489 239 146 17 526 55 15 10507 378 4805 40 46 
11533 51 264 24 53 
7 3409 187 285 
15 10507 378 4805 80 445 40 313 233 313 3081 40 3409 
150 313 610 84 22 10507 3403 24 40 285 45 10507 286 19 
1463 40 15 194 86 20 666 15 286 86 313 1870 40 
4458 45 15 884 885 46 
40 1634 22 10507 3403 20 3409 40 5 3395 1463 40 46 
295 46 187 187 288 24 264 24 53 187 10507 187 
7 293 
313 2 1278 683 15 10507 378 4805 293 354 46 
7 4008 
4008 3377 264 2888 19 483 24 221 6261 6413 24 
10583 3492 1574 8933 19 7278 7279 19 3494 10584 961 24 
5 2022 12 3127 28 4008 24 230 630 203 19 125 46 
15 10507 378 4805 80 1869 28 11534 11535 24 
10507 378 4805 
569 2282 19 3377 