Subject: 37 46 8706 1192 24 1666 1669 2352 
354 1430 46 2212 244 349 187 3290 187 1125 19 313 191 46 
192 494 3985 40 2050 497 
192 
192 11010 11011 191 46 
192 192 
192 192 15 5087 1564 91 1669 1192 24 1666 1677 151 40 1463 55 15 217 852 
192 192 2973 217 24 5 12 1797 1066 40 2996 230 585 523 19 220 904 312 
192 192 313 2996 25 230 585 1844 239 
192 192 
192 192 12 129 409 405 40 234 29 24 1689 40 391 449 71 15 1942 
192 192 1183 87 55 15 2603 230 15 1192 24 1666 2352 239 
192 
192 
192 11099 19 
192 
192 139 244 3080 22 855 134 71 17 132 24 31 313 1623 585 1844 40 
192 383 1669 412 55 15 1831 19 3144 2 3 5 1488 40 1715 313 
192 56 2744 60 11068 38 15 1831 1552 239 
1529 24 
192 87 312 313 151 6423 2266 71 653 19 20 313 1499 643 40 1631 15 
192 1831 11100 3747 15 24 1666 71 556 11101 239 
1529 19 139 312 151 6423 2266 24 139 643 585 1077 166 40 40 35 450 40 
400 206 56 40 423 545 15 29 333 60 908 4812 7 11100 22 1666 24 
7 7 
11010 11011 11010 51 11021 24 53 
7903 653 320 2390 46 56 11022 60 11023 7 11024 
11025 11026 9748 
11027 19 11028 5234 674 63 720 349 1565 892 
230 11019 11020 20 15 288 10920 
7 552 7 