Subject: 217 4082 55 3766 217 230 217 2030 1191 217 21554 
2030 943 833 18815 219 217 4082 55 3766 219 217 
312 313 151 22 2030 943 87 22 18815 91 313 2 37 3779 239 
80 313 3794 14 587 22 498 217 943 217 20 21 587 1066 1189 4082 40 315 40 213 1506 20 1286 409 1500 3650 38 239 239 239 
80 313 917 230 1050 553 80 519 217 1189 217 239 56 1050 553 80 4051 40 2370 1120 3158 20 1120 4626 3655 60 
312 313 433 22 3675 6572 14 217 1189 217 4082 239 
413 313 1286 354 559 1920 344 19 2742 87 630 55 1573 1506 239 
640 2 3 313 215 40 315 40 1050 553 151 540 71 547 15 303 2308 2411 233 141 80 217 568 1189 217 71 13415 22 2030 943 87 18815 239 
31 313 151 255 458 1298 40 234 4082 71 15 1908 91 151 10966 40 3683 593 40 1120 6392 19 5 12 1626 631 1614 612 313 2 254 2201 219 
902 2 96 500 522 1613 80 596 46 
217 390 1209 416 3821 1920 345 19 2742 22 2991 55 18 19521 56 928 132 5412 18 60 20 522 1311 21555 133 1920 2295 19 2742 22 2991 24 1277 390 563 22 564 2907 55 102 7 18 3484 20 522 1311 105 590 422 1920 3534 19 2742 22 2991 219 91 2 96 344 14327 22 3175 219 24 2423 
217 286 3484 11821 226 1827 45 18259 19 141 16849 522 1311 20 17921 522 3649 14 6808 4082 71 4538 217 21556 
217 141 80 15 404 1675 55 15 1310 323 19 139 625 233 139 519 3193 24 217 7942 
390 80 21 917 230 22 869 14254 5248 7 390 80 917 40 4088 22 152 6545 1174 7 4010 56 313 413 15973 3422 60 21557 15604 2236 
390 18119 20 80 2516 71 2492 217 2030 943 217 20 217 18815 217 4082 24 91 2 96 522 249 2030 219 
383 249 31 313 80 1500 20 21 1499 5908 219 
21 221 4624 17416 230 5 930 19 56 15 5205 91 312 413 1286 22 564 14 3650 60 40 683 127 31 17 1827 21558 383 14097 1468 344 7 380 7 21559 7 21560 3422 2308 2411 22 2549 
40 35 7604 45 15 884 885 350 217 231 217 20 369 217 4458 217 71 15 54 878 112 350 217 146 217 20 17 86 34 35 7604 45 221 3655 8719 24 