Subject: 1468 2698 3650 219 1267 21050 3061 219 
25 2 96 425 219 1468 2698 3650 45 1920 3503 40 1920 1982 19 2742 20 
630 12 123 40 313 230 2030 156 593 19 13360 19 6826 19 
7692 19 15608 19 17516 19 920 20 630 24 1468 3650 12 
123 230 4803 1438 19 7966 15755 19 4298 19 15209 10567 
20 1443 33 5 3650 12 1468 24 25 1267 415 40 35 21895 19 
21896 219 
11172 19 6227 19 4989 19 15742 19 21897 19 2746 80 8019 40 5 
1468 3650 24 184 21898 19 184 950 7 21899 19 184 855 13408 19 
184 19440 19 184 4924 414 19 184 2473 149 24 5 1193 2037 5875 
20 15 21900 34 1863 5435 422 1171 14036 3606 24 230 17 1468 
203 2341 19 146 1920 352 2369 20 2396 40 46 21901 1138 24 
5055 203 4299 19 21902 362 21903 24 956 24 19 15419 24 2355 19 14371 
5190 19 1901 21904 24 259 289 17 370 19 86 19 2698 624 833 2458 24 
475 24 96 24 589 33 219 259 289 17 2698 624 833 2458 19 
568 390 413 3382 17 4626 1438 833 4069 38 15 1443 3225 
2037 5875 71 522 930 24 
5 6 19771 38 15 1131 1132 7660 4069 
91 1935 19447 20 15804 15 200 14 16326 5197 
286 84 590 84 15 3521 170 5197 286 10494 91 100 
19447 20 15804 15 200 14 16326 5197 286 24 
21905 7 390 140 71 22 1468 1276 24 1860 2 3 313 239 
234 17 1468 1276 467 20 286 354 