Subject: 1920 6946 22 3175 230 3390 767 11095 7 
40 17416 40 1286 1920 6946 22 3175 230 3390 767 11095 19 259 286 
21655 2077 51 13502 24 53 
38 46 1529 139 643 40 1286 1920 6946 24 24 24 24 
71 15 54 878 
20 313 34 1615 585 286 38 3413 55 500 40 312 40 1286 1920 6946 230 3390 767 11095 219 219 219 
643 40 1615 15 1443 21656 4866 55 15 1276 239 
643 40 1771 904 40 1286 1920 2296 585 8138 45 85 55 15 1276 239 219 219 219 
25 34 21657 313 38 904 3421 5 1633 19 18163 19 904 40 3091 34 505 230 313 24 
902 2 96 904 313 34 1615 15 1443 21656 4866 55 15 1276 219 
286 46 
21658 2077 51 13502 24 53 
38 46 165 682 17 18163 4866 71 15 54 878 20 313 34 35 10053 149 38 15 880 19 2990 219 219 219 
558 40 1615 5 14029 3091 19 168 165 682 17 18163 4866 71 15 54 878 20 286 40 46 
21658 2077 51 13502 24 53 
1907 24 1 2 3 3238 19 40 1286 1920 6946 230 3390 767 11095 19 
286 46 
21655 2077 51 13502 24 53 
38 46 1529 139 643 40 1286 1920 6946 24 24 24 24 24 71 15 54 878 20 313 34 234 5 5445 203 24 24 24 24 2990 219 
14089 40 313 28 15 2310 14 2 5 2 286 34 35 14091 5533 28 200 585 102 7 18 38 217 4458 217 71 15 54 878 24 423 1501 231 20 146 20 390 34 4458 313 45 522 860 24 259 934 7 5 12 22 869 333 884 24 1610 313 24 