Subject: 433 12894 230 85 10606 239 
925 21748 19 
390 151 15 85 12992 18477 17 14844 241 21 643 313 40 625 133 24 24 24 24 24 24 
15404 12894 230 10606 215 12684 19 7683 19 5666 21749 19 13272 20 21750 24 24 2046 14 15 429 14 17 85 219 219 219 219 
409 1298 1623 313 40 18818 438 15209 219 219 219 
31 313 406 215 630 203 133 5 1298 19 87 458 522 2743 14 458 18482 1298 215 344 1656 333 85 11896 19 12894 127 17109 87 19789 21751 19 112 259 3110 1277 219 219 219 
383 14097 1468 344 7 16528 7 21752 7 21753 2687 3503 230 630 21754 87 2362 522 2603 354 
267 24 24 53 
3110 323 219 
17920 21755 250 1478 12 585 3510 9171 17920 21756 
5 6 130 8613 28 22 166 14 6770 2780 2 4168 16383 102 7 18 30 24 31 
313 1870 40 35 7604 45 5 17467 2 96 3655 8719 19 259 231 
38 15 54 217 4458 217 20 5 30 34 27 1722 313 
45 1120 3655 8719 24 