Subject: 1715 5789 102 7 18 505 230 1421 219 25 519 413 234 1421 6576 
390 1317 409 14 15 404 16383 102 7 18 8032 55 15 1276 24 16383 102 7 18 413 234 313 15 404 10643 55 15 1442 24 500 3243 5 1323 14 2615 568 7137 12 15 1839 91 313 1463 40 15 4633 2385 24 21 215 1423 1444 87 3380 7164 91 15 4633 2385 415 40 312 221 15 1466 24 14037 230 14037 16383 102 7 884 12 100 15 1443 4045 24 390 312 221 15 884 230 313 24 313 1499 530 928 38 15 3815 219 25 2 96 91 1633 219 
500 390 1317 46 
1192 1094 9649 1227 87 458 3351 
1920 7483 24 335 230 344 7 14327 102 7 1814 445 24 
1920 10575 24 335 230 352 7 14327 102 7 1814 445 24 
1920 12014 24 335 230 63 7 14327 102 7 1814 445 24 
1920 380 24 335 230 491 7 14327 102 7 1814 445 24 
1920 3526 24 335 230 345 7 14327 102 7 1814 445 24 
390 100 151 7146 5718 219 
1192 11556 1227 46 
1920 10575 24 335 230 344 7 14327 102 7 1814 445 24 
1920 8353 24 335 230 349 7 14327 102 7 1814 445 24 
1920 344 19 2742 24 335 230 352 7 14327 102 7 1814 445 24 
383 230 13109 5718 219 2353 1277 219 219 219 20 234 15 1243 10643 219 
568 258 21 1863 928 22 383 20 125 500 25 12 91 390 413 312 230 313 24 383 3422 17524 7 21697 7 21698 19 390 80 71 3494 24 251 14 2371 19 21699 414 3650 2353 87 4596 3458 24 
2310 46 
18334 918 17524 7 21697 7 21698 
1463 40 21700 335 51 21701 24 53 40 35 7604 24 259 184 18 13062 19 21702 15626 24 