Subject: 1 2 4231 2 5629 2107 12 
4425 20591 45 
7 925 68 2107 2971 2 
231 573 1365 10510 35009 1738 45 568 
1443 1473 45 21 9630 18089 8804 12 
28 1738 229 2586 2589 45 4778 45 6562 45 347 
14203 12 573 125 443 218 4373 35 77 
35010 921 573 11026 12 573 1365 1708 
35 111 3859 9982 11027 573 
2161 14486 45 35011 1510 34 
164 35012 12 231 
35013 35014 
143 143 143 20591 9469 35007 101 2 
41 
41 90 5629 77 2946 3579 130 231 4371 
41 573 31 6567 125 
41 549 231 138 215 306 231 549 231 9461 3579 21 1833 
41 4778 45 2352 45 14203 45 
41 12708 409 138 
41 35008 12 
41 
41 
41 
41 
41 
220 38 7618 193 138 
1522 21 15 17894 6230 306 7618 193 5992 12 
1050 2 397 397 7992 12 7618 12 1217 