Subject: 1705 2628 143 335 1148 143 421 648 
42 22 45 
862 861 9 294 421 31 28 1705 2628 12 
130 38 181 83 45 28 1705 2628 112 1339 74 35741 45 
28 1085 424 1484 109 1705 215 3574 74 2394 2395 219 
17 112 281 74 35742 9066 17 2394 2395 12 
130 35741 3306 20320 4 250 45 28 1705 2628 112 35743 
4 1108 17 136 12 35741 144 45 28 1484 31 2139 4 1705 34 
19881 35741 1339 4 247 136 215 424 3553 
35742 9066 45 3247 3553 3267 3434 219 12 35741 144 
124 369 35744 28 1705 2628 45 281 74 35742 9066 17 
35745 35746 12 28 429 421 31 28 35747 2628 3552 
9 2385 109 28 429 1209 31 35741 144 3544 12 
21 3522 50 122 461 45 28 2628 124 369 2094 
4 1056 17 124 200 23 28 1705 2628 3314 455 
179 9 294 421 124 2094 45 419 18 273 38 28 5681 31 6642 
17 28 2739 31 28 1446 30 31 28 2628 12 
419 925 34 38 18 861 68 294 2072 959 494 12 
1501 21 28 1705 2628 17 3592 49 4221 
397 35748 84 77 102 21 35741 144 302 3472 12 3473 
2600 17 6842 109 28 1705 2628 164 65 1530 12 
306 96 97 45 35742 17 35745 
1705 2628 143 335 1148 143 421 648 
281 74 35742 9066 17 35745 35746 
13 1501 347 3592 49 215 17230 219 4221 21 35741 144 302 3472 12 3473 
5681 31 6642 1905 45 1446 30 23 
824 2406 2385 31 35741 144 2 
28 1484 31 2139 4 1505 1506 1507 
49 28 1909 338 397 847 397 136 21 337 397 1259 397 335 
824 427 13744 21 28 35741 144 109 143 1479 1135 
322 9083 31 2234 3 4 1506 
215 13468 31 8432 35749 219 
322 1705 156 1108 45 1705 156 136 45 1705 156 335 
824 1537 109 1705 143 1846 2578 
322 19372 109 1505 1506 1507 
17 1162 1706 4 1738 45 1091 130 386 31 
28 236 35750 109 1162 1706 
17 573 1365 215 35751 45 6041 45 1304 1016 143 644 607 136 219 12 
322 19874 236 936 109 1505 1506 1507 
215 1705 150 1082 219 45 1887 45 1588 45 952 143 246 1886 335 12 
322 239 239 12555 14040 12940 306 573 1365 
17 1475 1947 150 150 45 20419 1085 1484 
1433 517 45 1887 45 1588 45 892 1886 335 12 
322 429 236 936 109 3 2234 4 1506 45 
1887 45 1588 45 454 1886 335 12 
824 2474 31 12325 1705 143 1846 2578 
322 1705 143 2405 2 28 9537 236 382 
109 1505 1506 1507 
2643 45 952 143 1304 1038 2405 397 488 892 1551 2405 
322 4343 143 2405 2 429 236 382 109 3348 1506 
2643 45 952 143 1304 1038 2405 
322 1513 143 2405 2 28 9566 236 382 
109 1329 3 
8113 176 45 892 730 143 144 846 2405 397 488 952 956 2405 
322 1310 143 2405 2 9047 1085 382 109 1329 3 
7370 45 892 229 143 144 1886 2405 397 488 848 3391 2405 
322 2506 143 2405 2 10091 5549 5550 236 382 109 
1162 1706 17 573 1365 
9548 45 3969 45 639 143 623 1839 2405 397 488 1304 3595 2405 
322 2153 143 2405 2 28 19879 236 382 
109 430 574 17 
1153 31 4693 4 1162 143 371 384 
5398 45 827 143 248 1038 2405 397 488 1535 2955 335 
322 19443 143 1082 2 28 9537 236 382 
109 3101 3 2019 
8043 45 448 143 617 511 335 397 2532 387 74 337 607 335 
322 16045 143 1082 2 28 431 236 382 109 1706 340 
8043 45 448 143 617 511 335 397 2532 387 74 337 607 335 
