Subject: 1 2 1324 14 369 54456 143 57231 143 6378 
4425 57192 2 
7 207 2170 208 31 28 52705 139 18443 109 28 3519 45 86 
161 150 204 
1241 824 322 824 440 824 747 824 7 824 1241 824 913 34 7 3050 150 440 1522 67 12 7 6582 21 52790 45 56784 45 52795 45 17 20 
11066 193 
7 150 282 9 1371 18567 45 952 28520 972 45 2641 12551 17 47 536 65758 193 
7 150 938 205 3311 21 57192 5933 109 28 3519 49 754 1010 17 6582 20 193 
765 1894 31 28 255 213 1324 14 1324 182 9 431 92 12 7 8 
3536 
54235 125 195 765 28 423 193 953 138 86 68 124 9 532 45 
5338 34925 1166 143 107 91 60835 36675 12 
7 150 282 1457 487 23 3314 45 4 132 57112 45 274 5830 49 38 21 1324 259 419 
35 7952 1320 411 12 
31 203 7 436 193 953 84 7 82 38 5933 8 195 28 28913 193 
2 143 219 
72 38 8 184 463 45 1324 14 23 3314 49 298 430 12 7 482 21 
36 17 3832 15 1166 12 
7 8 28 55085 21 3359 38 7572 819 12 
7289 18 77 6282 21 15 3314 45 15 105 18 107 77 18431 347 37614 45 
7 150 282 259 52709 60540 17 52789 45 1324 14 369 20718 54456 143 57231 143 6378 
393 434 397 6744 57108 1324 369 109 141 648 143 54456 143 57231 143 6378 
7750 65759 12 12 132 53037 124 65760 33453 45 1324 14 369 109 54456 143 57231 143 6378 
2983 97 45 
52919 
3054 12 132 65761 124 
231 772 14029 45 772 819 17 9 990 52715 55183 231 