Subject: 1058 1059 17505 8673 193 65889 
3357 4578 397 4632 4 15 13039 347 6230 193 193 193 193 
1058 1059 574 49 434 17 236 53898 
28 96 4222 4 28 1347 1544 23 648 12 729 3471 
3357 195 3986 1058 12143 125 184 2298 2404 347 125 184 1225 306 70 1971 2375 193 193 193 193 
12086 1036 578 49 1200 12 204 12 53898 395 637 397 848 397 7284 
49 9 298 15603 1324 9916 143 3242 143 53571 347 6460 487 193 328 193 
36377 31 3602 3357 1058 12143 45 86 20 1930 193 193 193 193 
12559 921 28 53473 8379 31 6230 11475 17 7207 15 1166 74 23 1557 454 3471 12 
85 2135 17 3616 485 125 15 2298 2404 193 193 193 193 
419 18 1211 38 306 28 1366 38 87 21 3357 1058 12143 12 
3260 41192 1370 827 1166 2660 193 193 193 193 
1410 125 28 235 144 3867 2 
2563 215 9 219 
9 12 17505 61 21 3357 4578 45 4632 45 1009 4634 17 8438 12 
167 12 10890 5920 21 3357 1058 12143 125 9 3981 347 125 184 1225 306 70 1971 2375 12 
1219 12 11068 35995 1237 17 1333 1947 12 
2563 215 167 219 
9 12 17505 61 21 3357 4578 45 4632 45 1009 4634 17 8438 12 
167 12 5920 21 3357 1058 12143 12 
72 38 73 74 139 347 51 45 419 35 41192 15 17505 61 1370 827 1166 2660 12 
161 164 827 1438 21 36 1339 2 
648 12 6460 109 68 3979 21 2974 28 298 15603 486 
347 
144 12 1324 434 23 28 235 140 2 9916 143 3242 143 53571 
347 
827 12 2974 28 235 486 17 51 20 182 21 434 23 2 9916 143 24995 143 65879 215 1200 12 204 12 9 12 219 
650 31 1166 215 4322 195 34 4702 219 2 1971 1775 1775 1775 1775 1775 1775 1775 9502 13039 1775 1775 1775 1775 1775 1775 1775 628 73 1775 1775 1775 1775 1775 1775 1775 
105 1775 1775 1775 1775 1775 1775 1775 1775 1775 1775 1775 1775 1775 1775 1775 1775 1775 1775 1775 1775 1775 1775 1775 1775 1775 1775 1775 1775 1775 1775 1775 1775 1775 1775 1775 1775 1775 1775 1775 1775 1775 1775 1775 
139 215 2088 1285 219 1775 1775 1775 1775 1775 1775 1775 1775 1775 1775 1775 1775 1775 1775 1775 1775 1775 1775 1775 1775 1775 51 215 2088 1285 219 1775 1775 1775 1775 1775 1775 1775 1775 1775 1775 1775 1775 1775 1775 1775 1775 1775 1775 1775 1775 1775 1775 1775 1775 
273 16 1775 1775 1775 1775 1775 1775 1775 1775 1775 1775 1775 1775 1775 1775 1775 1775 1775 1775 1775 1775 1775 1775 1775 1775 1775 1775 1775 1775 1775 1775 2739 1775 1775 1775 1775 1775 1775 1775 1775 1775 1775 1775 1775 1775 1775 1775 1775 1775 1775 1775 1775 1775 1775 1775 1775 1775 1775 1775 1775 1775 
5913 1775 1775 1775 1775 1775 1775 1775 1775 1775 1775 1775 1775 1775 1775 1775 1775 1775 1775 1775 1775 1775 1775 1775 1775 1775 1775 1775 1775 1775 1775 1775 1775 1775 1775 1775 1775 1775 2228 1775 1775 1775 1775 1775 1775 1775 1775 1775 1775 1775 1775 1775 1775 1775 1775 1775 1775 1775 1775 1775 1775 1775 1775 1775 1775 1775 1775 1775 1775 1775 
2476 1775 1775 1775 1775 1775 1775 1775 1775 1775 1775 1775 1775 1775 1775 1775 1775 1775 1775 1775 1775 1775 1775 1775 1775 1775 1775 
2600 1775 1775 1775 1775 1775 1775 1775 1775 1775 1775 1775 1775 1775 1775 1775 1775 1775 1775 1775 1775 1775 1775 1775 1775 1775 1775 1775 1775 1775 1775 1775 1775 1775 1775 1775 1775 1775 1775 1775 1775 1775 1775 1775 1775 1775 1775 1775 1775 1775 1775 1775 1775 1775 1775 1775 1775 1775 1775 1775 1775 1775 1775 1775 1775 1775 1775 1775 1775 1775 1775 1775 1775 1775 1775 1775 1775 1775 1775 1775 1775 
68 124 107 70 3359 347 3506 49 9 17505 61 45 251 489 9 15547 37404 9878 17 9 298 4204 15603 12 
195 17505 561 18 77 525 17 3572 74 70 1269 12 151 12 7 12 1219 12 6583 400 12 
195 430 752 124 1541 15547 45 17 18 77 78 21 70 8673 574 9396 213 18 66 38 17 1211 15 4159 485 12 
72 38 8 293 68 273 4 1409 347 72 38 467 21 77 6617 125 68 110 45 81 13 70 273 21 65881 302 1193 3884 12 2426 306 28 2744 5247 4 28 627 1479 12 