Subject: 4759 49 4196 35247 
143 143 
4091 215 2196 38 219 58 870 34 15 273 16 77 4077 
21 347 9474 125 28 133 110 231 35247 302 1243 12 320 12 350 231 12 
72 38 93 482 68 2135 21 77 1838 45 81 13 9 626 
182 21 231 11091 302 1243 12 320 12 350 231 306 28 235 
215 1318 130 3376 219 4 9 824 1371 824 1479 4 28 824 6290 824 31 28 626 2 
2720 1269 648 8288 648 167 827 167 4196 35247 613 302 1243 12 320 12 350 
28 626 1906 77 651 654 45 306 359 15546 347 1056 12 
72 38 220 107 482 68 2135 21 77 1838 45 2858 3213 68 626 
17 28 3214 18 77 35249 12 
72 15 642 18 107 3318 38 21 13 28 3509 8856 130 9 1371 
1479 45 38 229 8162 20 568 35250 45 435 259 2 
2720 1269 648 8288 648 167 827 167 4196 35247 4089 
613 302 1243 12 320 12 350 
72 38 8 184 463 67 28 3617 31 28 110 5338 45 81 
66 231 35247 143 2382 302 1243 12 320 12 350 231 12 
192 193 
11091 302 1243 12 320 12 350 