Subject: 6113 9 298 5499 21 65620 
6113 9 298 5499 21 65620 274 74 16378 670 2404 
1050 2 397 397 1051 12 65682 12 1217 
65683 150 204 8866 11048 17 4118 648 35299 2445 369 2529 6230 53002 12 
3558 765 848 1010 306 765 827 9881 8064 12 9815 150 204 11048 124 9 1342 11048 158 
20 150 204 107 274 4 57291 12 200 4 7773 65620 177 28 54532 20555 
5873 12 259 997 92 4 65620 1981 434 4 160 1616 15 54532 347 125 15 
1055 12 
347 369 109 143 1479 259 6460 487 23 1050 2 397 397 1051 12 65682 12 1217 
11954 28 54326 9758 17 28 508 28913 21 3539 12 
21 77 6617 125 357 184 959 430 
6460 487 2723 2 5247 302 65682 12 1217 