Subject: 10883 7925 193 3992 3326 729 
6230 1166 221 38 12 12 12 12 49968 138 
8 38 4080 2 
298 52957 138 215 439 150 440 548 219 
2298 2404 138 215 502 49 1538 251 38 8 21 8 8064 219 
49457 138 215 5488 17 59703 219 
240 143 55450 138 215 26 150 1 990 45 251 445 306 35775 31 389 219 
1424 11009 215 941 21 77 43022 306 35775 31 757 219 
240 143 282 9 7 1193 282 9 241 741 240 440 7 1241 913 781 322 241 741 204 193 193 
20 150 204 9 2177 193 72 38 150 1 107 568 15 1225 21 2698 18489 45 
38 150 1 949 483 109 28 5681 12 7 1929 34 91 229 
85 61466 306 68 626 45 259 7 150 587 445 77 133 21 38 
1319 12 
347 45 72 38 150 1 35903 374 45 111 274 18467 6631 17 
7 3050 150 440 7874 38 120 12 251 18794 45 28 822 124 4 28 59653 12 4089 
17 72 38 90 220 306 392 390 45 1857 21 392 12354 45 438 12 1529 2606 1209 45 111 68 
626 124 49 38 12 
28 235 124 70 3521 31 15 2483 44124 72 38 
8 9 8366 34 52963 38 274 392 454 12 1074 45 109 28 1971 45 
38 35 481 483 248 2660 9 1867 45 952 954 9 517 12 12 12 837 1427 38 
18509 45 4157 35 3078 4 125 195 765 28 423 193 
4157 2606 517 3382 44124 397 16849 44124 397 37450 44124 
648 392 7343 12 1529 392 24646 12 1529 392 848 45 13322 12 1529 
144 392 7523 12 1529 392 648 45 55453 12 1529 392 639 45 6190 12 1529 
827 392 285 12 1529 392 144 45 17068 12 1529 392 454 45 37715 12 1529 
729 392 648 45 23824 12 1529 392 644 45 438 12 1529 392 390 45 1862 12 1529 
848 392 144 45 1876 12 1529 392 617 45 1862 12 1529 392 1876 45 1857 12 1529 
1535 392 827 45 766 12 1529 392 618 45 4229 12 1529 392 12354 45 438 12 1529 
28 260 124 12 12 12 2473 220 38 2698 1510 4157 12 
670 945 317 2612 124 274 13383 193 
28 36377 3992 143 7536 12 729 
848 9881 31 28 47 96 273 2588 1357 19798 193 193 
28 36377 3992 143 7536 12 729 45 124 28 10107 96 8366 31 
542 331 19798 4 28 423 328 12 161 164 359 411 
3867 19798 34 35 38221 306 28 819 31 68 3992 12 
121 5865 144 1010 12 419 150 938 837 58621 6607 306 68 3326 12 
28 36377 3992 143 7536 12 729 124 48791 31 848 9881 
53679 317 5455 9175 273 2588 143 38 35 3042 
133 130 1028 130 38 128 28 3992 193 215 450 28 231 2473 419 220 20 231 
1337 2214 1905 219 12 1320 2939 3894 1318 1876 45 1857 
273 2588 12 161 164 445 5990 317 6305 2588 109 68 3992 12 
5990 2 
38 36 765 390 6215 31 1876 45 1857 1320 31 5990 540 10668 
765 729 45 1857 45 1857 2588 12 28 5990 2588 164 21153 1876 3471 
36189 23 92 31 4099 17 199 2191 11004 28 
4099 420 143 111 65927 130 36189 12 
195 31 28 235 9327 8 205 6617 
125 7536 12 729 
5054 107 413 2 
4739 12 1217 
39268 12 1217 
60044 12 1217 
27386 12 1217 215 6831 74 5990 17 107 2567 23 68 92 219 45 
1309 45 12 24402 45 12 10089 45 12 2426 45 17 359 2228 9327 1885 
4 12 434 
359 236 9327 576 109 68 3992 12 445 
24779 12 1217 317 12 3519 193 193 193 
359 231 11440 231 2588 12 195 231 58623 231 199 43993 499 12 
487 150 204 2473 419 36 28 55661 273 
2588 1357 19798 193 193 
648 12 9022 141 9881 1000 31 273 2588 199 43993 17 
5248 9671 12 68 368 45 12512 45 5031 28 110 
921 9 43272 140 12 
144 12 212 8796 110 31 1862 141 4778 397 9518 199 576 21 
1425 28 1316 837 959 12 359 2588 306 58624 347 
43716 10408 41702 12 
827 12 9 818 8796 2939 112 576 21 9604 508 31 28 
231 2298 55662 231 273 2588 125 443 1316 12 508 31 
28 1316 419 58625 199 1446 31 34740 2588 12 208 110 45 
4 2259 45 777 765 4114 3471 55663 4 20 12 670 9135 
408 79 443 4786 31 2588 21 12086 12 
644 12 9 231 14023 2684 231 4514 6261 273 110 31 58626 17 
597 4514 143 1971 3836 58627 112 576 21 
32549 670 1316 31 1510 255 213 45 4 9 58628 
17 58629 11010 45 18537 195 3199 255 213 
518 21 37475 28 2612 3199 1706 31 195 
92 143 352 273 12 670 10099 31 443 6205 124 
28 8866 208 3346 13353 17 20 13097 670 
1316 31 51155 17 58630 10239 12 
729 12 4 2001 21 28 414 45 419 65 10442 9 10099 
34 419 5883 5820 517 12 68 10099 3894 
53283 2588 45 17 2588 31 1510 213 
8 114 21 77 6617 125 184 17 195 133 1316 
215 68 124 15619 21 28 44129 143 499 331 31 110 3346 
74 28 32929 45 409 219 12 
54649 68 3992 12 12 12 
124 881 21 38 3312 21 7690 195 1316 
17 411 49468 31 670 12937 45 833 28 4642 441 
31 4427 670 3390 58631 1461 6822 3530 12 
28 3986 2923 124 12 12 12 12 
2854 124 7140 1395 317 298 31 195 28 231 9774 231 317 231 34740 231 
2588 576 74 670 8362 21 1907 58632 2589 
21 769 1316 12 419 8382 12440 31 954 31 4099 
17 35775 31 7804 4 73 21 3359 38 28 55661 
17 58633 3992 31 819 2588 275 19798 
13353 193 
50 15 3199 849 21 184 208 31 670 1876 1316 
31 1876 45 1857 215 848 9881 4 195 219 124 881 21 50 
648 45 1857 45 1857 397 208 9881 31 670 12937 2588 21 
9500 28 310 3793 45 6165 4179 45 409 12 12099 150 440 38 489 
13 274 1876 45 1857 3915 31 648 45 1857 45 1857 462 138 274 2937 515 
1508 38 187 36 72 38 102 648 45 1857 45 1857 568 670 819 
1316 193 306 670 1316 38 18 13 982 17 36 959 1508 12 
670 110 18 966 4 2 
4240 3793 49364 
4240 6165 49364 
959 49514 54361 158 982 19784 317 393 143 49159 
982 66 306 4514 143 8443 58634 213 482 28 
3519 49 7997 193 
38 150 587 36 1876 31 28 55661 273 6215 1357 19798 193 
1320 31 670 294 433 33595 4 819 17 649 12 
359 44098 837 479 1276 21 12452 68 1387 
8366 12 38 1906 572 20 17 7843 49 1897 193 
68 8366 18 4700 21 77 28 96 31 20 150 204 331 9687 21 
184 3992 4 3614 31 954 17 483 4140 3933 20 21 3264 12 
359 44098 18 1355 11440 28 2954 31 515 20 12860 
49 434 21 2706 68 838 8366 12 
419 58636 13285 819 45 17 419 924 3050 150 440 7925 
184 8366 1397 20 9825 670 231 772 3031 231 5615 49 819 12 
231 38 35 7690 28 195 31 28 6134 347 38 35 7690 125 28 96 231 193 
28 36377 3992 143 7536 12 729 124 28 96 193 
58636 464 109 68 208 347 38 18 8901 499 109 28 
508 6238 185 21 3264 19798 12 12 12 1909 193 
72 38 8 184 840 463 347 21 198 70 73 45 
38 35 1324 434 352 23 2 
648 143 6255 143 4111 143 59730 17067 12 2331 
28 36377 3992 143 3326 729 
824 824 824 824 824 369 445 392 29856 12 1529 193 824 824 824 1775 
68 80 124 6238 49 28 997 7778 2660 45 38757 28 80 18 77 
392 48826 12 1529 259 73 369 193 1074 45 4242 143 1479 38 3559 36 515 38 63 49 193 
21 73 670 273 575 45 2858 3990 499 28 
22274 73 486 1905 17 51 670 157 328 12 
419 3357 4578 45 4632 45 53474 45 17 4190 74 51 12 
22274 73 486 
1775 1775 1775 1775 1775 194 193 7 187 435 21 73 36377 7536 12 729 273 2588 
49 445 392 29856 12 1529 12 
824 81 1410 208 31 28 235 49 2977 12 12 
1775 1775 1775 1775 7 187 435 21 128 132 575 19655 12 7 150 282 1141 
392 1535 49 2977 12 215 3526 434 1907 70 4148 392 646 49 2977 219 
1775 1775 1775 1775 7 187 435 21 128 132 575 144 517 2531 12 7 150 282 1141 
392 848 49 2977 12 215 3526 434 1907 70 4148 392 646 49 2977 219 
425 105 1775 1775 1775 1775 1775 1775 1775 1775 1775 1775 1775 1775 1775 1775 1775 1775 1775 1775 1775 1775 1775 1775 1775 1775 1775 1775 1775 1775 1775 1775 1775 1775 1775 1775 1775 1775 1775 1775 1775 1775 1775 1775 1775 
5913 45 2228 45 1284 1775 1775 1775 1775 1775 1775 1775 1775 1775 1775 1775 1775 1775 1775 1775 1775 1775 1775 1775 1775 1775 1775 1775 1775 1775 1775 1775 1775 1775 1775 1775 1775 1775 1775 1775 1775 1775 1775 1775 1775 1775 1775 1775 
139 2589 1775 1775 1775 1775 1775 1775 1775 1775 1775 1775 1775 1775 1775 1775 1775 1775 1775 1775 1775 1775 1775 1775 1775 1775 1775 1775 1775 1775 1775 1775 1775 1775 1775 1775 1775 1775 1775 1775 1775 1775 1775 1775 
51 2589 1775 1775 1775 1775 1775 1775 1775 1775 1775 1775 1775 1775 1775 1775 1775 1775 1775 1775 1775 1775 1775 1775 1775 1775 1775 1775 1775 1775 1775 1775 1775 1775 1775 1775 1775 1775 1775 1775 1775 1775 1775 1775 1775 1775 1775 
273 16 1775 1775 1775 1775 1775 1775 1775 1775 1775 1775 1775 1775 1775 1775 1775 1775 1775 1775 1775 1775 1775 1775 1775 1775 1775 1775 1775 1775 1775 1775 1775 1775 1775 1775 1775 1775 1775 1775 1775 1775 1775 1775 1775 
650 31 1058 1059 2 
1775 1775 1775 1775 1775 1775 4578 1775 1775 1775 1775 1775 4632 1775 1775 1775 1775 1775 53474 
1058 1059 4118 1775 1775 1775 1775 1775 1775 1775 1775 1775 1775 1775 1775 1775 1775 1775 1775 1775 1775 1775 1775 1775 1775 1775 1775 1775 1775 1775 1775 1775 1775 1775 1775 1775 1775 1775 1775 1775 1775 1775 1775 1775 1775 
9828 632 1775 1775 1775 1775 1775 1775 1775 1775 1775 1775 1775 1775 1775 1775 1775 1775 1775 1775 1775 1775 1775 1775 1775 1775 1775 1775 1775 1775 1775 1775 1775 1775 1775 1775 1775 1775 1775 1775 1775 1775 
105 109 1059 1775 1775 1775 1775 1775 1775 1775 1775 1775 1775 1775 1775 1775 1775 1775 1775 1775 1775 1775 1775 1775 1775 1775 1775 1775 1775 1775 1775 1775 1775 1775 1775 1775 1775 1775 1775 1775 1775 1775 1775 1775 1775 1775 
441 392 1775 1775 1775 1775 1775 1775 1775 1775 1775 1775 1775 1775 1775 1775 1775 1775 1775 1775 1775 1775 
215 1403 219 7482 2 641 1775 1775 1775 1775 1775 1775 1775 1775 1775 1775 1775 1775 1775 1775 1775 1775 1775 1775 1775 1775 1775 1775 1775 1775 
7 45 1929 34 7 207 11601 28 36377 7536 12 729 16 3992 45 
86 28 3992 124 8204 45 1319 9486 28 3992 229 77 257 45 445 72 20 
124 275 21 77 28859 12 23 540 92 20 18 77 42039 306 28 310 8366 12 
632 2 641 1775 1775 1775 1775 1775 1775 1775 1775 1775 1775 1775 1775 1775 1775 1775 1775 1775 1775 
38 229 51 15 73 21 434 23 2 648 143 24305 143 7311 143 65928 
4322 74 51 1184 193 
72 38 187 435 21 51 9 4322 45 37563 15 4322 1905 17 51 20 21 
670 157 998 306 195 2707 21 2 648 143 24305 143 7311 143 65928 
824 824 824 952 4087 51 1184 824 824 824 81 37563 15 
4322 487 17 51 20 21 434 23 648 143 24305 143 7311 143 65928 
72 38 51 9 4322 45 161 124 359 87 49 38 21 13 28 546 4322 12 
419 18 498 964 9 294 4322 45 306 28 2933 430 125 15 
546 4322 12 195 4190 18 77 915 49 400 13125 12 215 248 143 848 2660 219 
481 34918 21 2 231 4524 1184 231 
143 653 143 653 143 653 143 653 143 143 653 143 653 143 653 143 653 143 653 143 653 143 653 5247 4441 653 143 653 143 653 143 653 143 653 143 653 143 653 143 653 143 653 143 653 143 653 143 824 824 824 824 824 824 824 824 824 824 824 824 824 824 824 824 824 824 824 824 824 824 824 824 824 824 824 824 824 824 824 824 824 824 824 824 824 824 824 824 824 824 824 824 824 824 824 824 824 824 824 824 824 824 824 824 824 824 824 824 824 824 
220 107 149 21 68 626 143 
21 77 6617 125 460 8364 2 