Subject: 1642 1082 2 5812 430 
98 99 101 2 
41 42 1642 1082 452 45 
41 
41 1642 1082 124 509 1276 17 91 31 38 18 8 1339 1960 499 
41 28 277 31 15 1061 2563 12 306 28 925 31 528 31 91 95 4 
41 68 2954 45 487 164 91 1832 430 109 2473 38 35 1448 
41 1884 317 2747 12 68 430 124 65 1357 109 28 1642 1082 2298 2404 12 
41 
41 148 19 21 1841 38 4 1884 45 
41 
41 98 99 45 
42 22 45 
46 38 49 28 1061 430 12 7 187 435 65 21 672 38 7 38 
90 
1075 132 387 23 2747 49 5812 12 7 8 2033 49 9 1371 1044 
23 2747 251 7 8 107 293 184 4759 779 12 
5813 38 4 269 49 15 95 45 7 207 148 19 21 5120 38 4 
1884 12 
9 12 5814 45 
143 143 
653 653 653 653 653 653 653 653 653 653 653 653 653 653 653 653 653 653 653 653 653 653 653 653 653 653 653 653 653 653 653 653 653 653 653 653 653 653 653 653 653 653 653 653 653 653 653 653 653 653 653 653 653 315 12 5815 5814 1232 
3274 12 31 1225 340 1232 1068 2 141 843 333 1633 5626 2243 
176 31 1580 1232 51 2 141 843 333 1633 5816 4711 
952 45 1628 5817 597 1629 1232 240 143 628 2 5814 302 1636 12 1637 12 1630 
1631 1580 644 45 1632 1232 
1050 2 397 397 5818 12 1637 12 1630 397 763 5814 1232 
