Subject: 1 2 4231 2 35214 150 338 936 109 4372 1162 29673 12 17 
35215 
183 2 5338 143 11437 143 1193 302 11438 143 10124 12 1217 
11439 2 6261 
149 143 21 2 11437 143 1193 302 11438 143 10124 12 1217 
109 606 45 1535 3048 7284 45 35216 35217 101 2 
41 
41 4372 1162 928 17 35215 
41 
41 936 23 35214 14330 215 3419 45 9381 219 
41 
41 3419 45 9381 45 1839 636 902 143 343 902 7284 
41 
41 936 3314 455 
41 1050 2 397 397 1051 12 13611 12 7987 12 11691 12 20 397 763 35214 
41 
41 35214 7284 3314 455 
41 1050 2 397 397 1051 12 3419 12 3420 397 35214 
41 
41 28 35218 441 31 1162 829 21 35219 12020 109 28 185 2744 
41 2224 12270 8384 4 760 347 2979 4 35220 143 4372 
41 2189 1417 21 9144 28 7728 31 1353 35221 35222 17 
41 6387 2690 12 
775 229 467 21 3088 231 7558 3605 231 306 6177 21 
68 2690 12 35223 12101 45 35224 17 757 12511 
2097 49 2744 8009 45 2097 540 164 6117 107 23 28 1313 31 
35221 35222 12 251 38 187 65 1916 21 861 34198 35225 
255 213 35 2949 38 477 9 356 67 2473 26 572 28 2097 9586 
2234 17 1742 12 
4133 23 68 1313 31 10437 3261 45 
41 111 45 419 1029 21 77 4 87 31 5788 1438 31 8800 45 4356 
41 17 12918 4372 1346 1461 35226 31 9 762 140 31 
41 2744 1348 4 760 12 9926 347 1112 2346 1505 1362 
41 31 1162 928 125 7818 573 164 35227 306 528 159 21 
41 1211 222 1438 12 779 45 20 7918 21 77 3870 2473 17590 430 35 
41 96 77 2434 4 115 9990 6 49 1162 1163 45 
41 49 20 21 77 869 1357 21 35228 10226 561 12 
41 
41 161 164 3550 21 2892 34 68 1145 18 1207 48 959 
41 1032 9 4572 6475 31 2354 143 28 143 13275 1329 3 341 12 23 
41 28 310 92 45 184 3986 35229 4 68 2088 124 12096 21 8 
41 7898 33385 109 28 185 2744 2224 17 35220 143 4372 
41 2189 4 597 164 2256 2434 17 576 49 561 12 
41 306 443 2870 4 188 45 28 936 1817 21 3989 109 28 421 31 
41 2175 2585 1337 49 2515 4372 430 125 
41 7818 573 17 9990 1362 31 10437 1162 1163 12 4 
41 2259 45 419 2574 4 143 4200 3261 31 9631 4635 31 
41 28 1464 1337 17 1362 17 2411 31 261 1277 
41 7222 306 2114 45 10437 45 2207 17 12176 1148 12 
4133 530 21 14 124 28 605 34 9976 8 3597 
541 215 2234 219 17 1029 21 8 9610 230 28 1162 31 2473 20 
1930 12 347 926 20 481 2193 21 2937 34 3198 26 4430 934 20 4 
28 429 198 138 90 9976 8 3597 541 259 47 2100 274 
74 5491 138 90 9 1353 2234 77 3597 74 5491 184 959 1032 9 
1225 2234 90 77 3597 74 5491 138 72 35230 45 1353 2234 112 
3597 74 35221 17 2231 1453 45 2473 124 20 34 419 230 28 
2347 32 138 35 38 2937 31 184 411 1485 4 540 9976 230 28 
2097 49 208 31 769 3986 20508 138 926 34 1844 9 7864 130 21 2473 
28 2097 31 2234 199 230 138 
35008 
20 124 369 2348 21 2563 9 35231 109 28 4073 31 28 
236 1462 7960 540 187 10055 21 12782 1662 4 848 28520 2 
1329 5608 2 
