Subject: 7207 6165 1876 3471 12 12 3357 1058 12143 12 12 359 41192 388 193 193 470 66193 472 
7207 6165 964 21 390 3471 12 12 12 12 
3357 1058 12143 765 28 1971 12 12 12 12 12 359 41192 388 193 193 
502 1058 397 984 1058 397 359 1058 12 12 12 12 12 824 824 824 359 1021 824 824 824 
20 274 1931 150 440 1384 143 8139 7985 4156 
359 39569 388 49 1036 143 574 193 
1427 757 299 38 125 392 29116 21 392 5665 21 36 432 964 
419 299 12086 49 41192 388 193 193 193 
864 3359 259 85 13350 31 20 193 193 
419 53395 4 62399 28 235 2 
824 824 52976 3199 
824 824 628 73 193 139 6165 
824 824 3314 371 1166 
824 824 1971 371 1166 
824 824 294 1166 824 824 532 1166 
824 824 2942 193 193 419 220 20 195 193 193 193 
8139 124 1530 193 193 
824 824 14881 21 4242 31 68 240 143 628 49 66 430 193 193 
41 41 41 41 41 1971 504 
125 34 776 109 45 28 49196 124 2974 17 28 483 18 77 485 
821 921 15 1166 9722 61 1370 952 21 1809 954 12 259 
38 18 8 45525 49144 1357 5865 3923 193 193 193 
15 8424 18 77 240 143 6282 9 581 45 17 38 18 77 240 143 6282 70 
1865 42823 45 195 21054 12 369 45 226 68 839 124 1443 
49 952 954 9 517 248 2660 9 1867 45 38 18 77 357 4157 17 
1476 483 4 15 18509 193 193 193 
20 150 204 274 34 941 193 193 193 
419 65 3359 1237 17 5920 19975 12 
306 670 1237 839 45 38 35 369 85 139 45 17 628 4157 45 
3357 1058 12143 17 35128 15 1166 21 35775 31 294 
4158 12 195 31 68 506 1461 15 2745 2901 1225 193 193 193 
21 16227 15 54147 38605 1166 45 419 3359 70 
1158 5920 45 17 3837 575 12 9 5920 18 3318 
38 21 128 28 7883 4162 677 2606 825 1357 12 
41 41 41 41 41 41 66 430 