Subject: 419 482 38 49 9 4559 4099 
419 164 148 49 294 18074 49 4559 317 48877 54394 12 20 3196 77 15 
10897 419 164 1413 21 861 12 
49 959 430 45 81 149 21 68 273 306 28 4778 2 959 2377 
4 28 627 1479 12 
81 1844 434 15 2 143 
143 105 2 
143 962 2 
143 2476 2 
143 5913 2 
21 95 434 3801 38 28 1457 430 12 
81 220 259 445 72 4559 45 48877 347 3028 17388 124 31 70 1543 21 38 12 
20 18 85 38 445 9 2351 1614 21 1437 68 1129 12 
96 97 45 
40 18429 
143 143 143 143 143 143 143 143 143 143 143 143 143 143 143 143 143 143 143 143 143 143 143 143 143 143 143 143 143 143 143 
817 2 38 164 107 109 9 133 110 45 17 68 124 9 208 143 92 273 12 72 419 
439 150 440 36 70 270 45 38 150 587 4430 914 125 434 184 959 12 
38 164 6617 74 7928 12 