Subject: 3372 1129 2 4 8998 8800 
573 3028 397 573 1365 37782 
37783 45 11044 12 45 9 3260 143 2165 9788 9789 36102 425 
9304 70 2231 45 10407 143 9429 160 21 95 306 28 
1453 45 3996 17 3261 31 762 45 36170 573 
4 70 1971 9114 12 
28 8398 2442 18 35851 9 2159 2140 4 1709 
573 3028 306 2596 4 1170 3028 17 8998 
8800 12 2596 4 4566 17 36668 762 573 2166 
1370 9 2044 1507 9114 222 130 37089 347 
204 143 833 124 1403 12 2596 306 10884 574 124 
70 8207 12 28 8398 2442 18 35851 3076 1021 143 8436 
17 1826 12157 12 4148 37784 2 2596 
306 1738 45 1329 3 45 17 1507 2596 12 
8198 16911 2 23 1557 9 8875 150 204 3269 4 
4282 45 1238 45 1225 340 347 9 1846 
16912 2103 35849 548 306 762 573 2166 12 
419 3359 9 14040 17324 45 37785 45 17 10898 575 12 
37783 45 11044 12 124 70 9500 1129 17103 12 
1891 2413 84 19 769 35860 4 1158 
486 21 2 
5373 302 37783 12 1217 
36323 2 1984 37786 
37783 45 11044 12 
37787 37788 4592 
37789 45 3815 37790 
143 143 143 143 143 143 143 143 143 
4783 21 28 9595 302 13847 12 9345 12 1309 133 110 12 
21 9253 45 13 70 273 626 21 11091 302 13847 12 9345 12 1309 
306 28 7255 231 9253 9595 231 4 28 6290 31 28 626 12 