Subject: 9633 15 50122 347 10827 
143 143 143 143 143 143 143 143 143 143 143 143 143 143 143 143 143 143 143 143 143 143 143 143 143 143 143 
143 7207 15 37793 2483 
143 9633 15 50122 347 10827 
143 7207 55001 17 37006 
143 10 55006 
143 2277 2622 35 220 
143 7207 61437 17 9987 
143 77 159 21 8 8360 959 225 9 517 
143 2700 15 8448 571 
542 92 21 1022 65675 53229 921 15 2261 45 92 124 864 259 572 20 21 
542 1446 2365 12 
73 670 37404 1460 21 9633 15 50122 347 10827 49 
670 3990 6567 31 392 1257 12 1529 12 419 18 20776 15 1460 21 38 1370 2660 31 
357 15 680 12 13376 4441 164 1905 12 
73 74 628 13 680 21 2 
741 12 1219 12 4424 
848 5919 11537 
62516 45 4 65676 
481 474 21 3047 15 16 9533 21 7812 2531 12 