Subject: 1 2 4231 2 2298 2404 4649 
41 926 2622 8 9 9083 347 184 3949 21 430 109 
2298 41 2404 4649 138 7 8 9 2351 451 251 7 112 3209 72 
2622 41 777 9 502 9083 35232 45 347 72 2622 124 3868 
1960 4 68 41 2088 369 12 
42 35233 45 
306 1914 21 15 2259 1021 31 2739 649 2 419 8 
12669 9 657 306 28 2739 143 371 4649 31 2298 449 12 
450 670 358 2 35234 1221 12 45 3402 321 12 2 2739 130 1544 776 49 1051 
2743 35215 12 4 2 215 35235 2461 12 45 35236 151 12 2 219 35237 150 2405 143 
649 143 371 1152 430 1379 45 35238 45 1089 45 2405 45 
35239 143 35240 12 20 124 9292 125 132 2457 23 
1050 2 397 397 3403 12 3404 12 3405 397 763 35234 397 1142 12 5051 
97 
35241 
35241 35234 45 2383 176 31 3085 
10149 12 781 12 35242 644 45 35243 35244 827 45 21418 10649 
1068 12 141 7523 144 35245 45 240 143 628 2 35234 302 3404 12 3405 