Subject: 1324 49 451 215 8365 219 
143 143 143 143 143 1014 413 626 143 143 143 143 143 
41 125 8991 143 1193 143 3214 302 10004 12 853 12 590 606 6284 343 333 2 135 2 608 4284 
632 2 606 45 343 6284 4284 333 2 336 2 2243 1018 
149 143 21 2 19435 302 19436 12 19437 12 1217 
3238 2 8991 143 1193 302 10004 12 853 12 590 
183 2 8991 143 1193 143 3214 302 10004 12 853 12 590 
125 2 19435 19438 
21 2 389 31 28 110 
627 2 1324 49 451 215 347 6463 19439 49 451 219 
641 143 17091 143 30 2 448 12 0 1219 143 143 17091 74 19440 19441 
641 143 2911 2 590 12792 
649 143 447 2 8109 
641 143 1000 2 6246 
627 2 1314 2 19442 340 
19356 2 19443 12 17903 
125 2 19444 302 19445 12 19446 12 853 12 590 
632 2 609 6284 1512 343 2 1799 2 1973 4051 
2072 2 7785 400 176 
1324 49 451 
429 236 10890 382 109 19442 340 215 19447 150 3876 219 
2643 45 6372 
892 1551 250 
1823 
19442 340 124 9 48 19448 4342 31 1353 1162 17 542 
2569 8 49 531 122 205 19449 21 167 143 19450 17 19451 
19452 19453 12 19447 1128 70 236 8437 49 28 
379 45 2411 17 6475 31 1086 921 443 19454 
1367 19455 17 12196 1127 540 7885 6189 28 
1435 31 4341 340 17 502 19456 12 28 2918 31 28 382 
124 21 2867 9 597 1743 31 19442 1142 1370 28 6188 
424 1132 45 21 2574 294 775 21 19457 306 3385 
96 2893 12512 45 21 3032 399 3862 21 28 2483 10898 
31 19442 340 4 28 1166 423 45 17 21 1455 28 972 19458 
19459 13898 31 28 19442 11461 306 9 294 19458 19459 566 
540 124 959 516 21 28 9277 19460 12 28 382 18 77 6016 
4 9 12580 19461 2457 21 3522 28 19462 31 19463 
19464 1391 17 19465 19466 12 
3989 
1142 31 1543 1833 45 251 164 107 864 21 2 
9623 2261 21 2700 19467 19468 12 
19469 8292 6189 1353 1740 17 19470 12 
19471 306 28 2261 143 19472 8767 31 28 19473 12 
8219 28 9655 31 28 1353 6290 407 19474 19475 12 
294 561 49 972 1127 215 19476 45 19477 45 409 12 219 12 
19478 143 19479 3514 306 19480 17 397 347 19481 19482 12 
2261 143 122 19483 21 16398 28 12097 17 19484 12 
19485 5201 49 1353 9256 2906 12 
19486 19487 19488 109 19489 17 19490 19491 12 
1550 277 
412 164 1521 21 1549 451 21 28 1116 1176 23 28 
235 16 2 
3253 19492 45 19447 1116 1176 
127 31 2636 45 430 384 17 560 
7785 400 176 
792 19493 2642 
2643 734 648 0 345 45 6372 
273 2 19444 302 19446 12 853 12 590 
195 764 84 1448 28 1116 1176 74 892 511 4284 12 
451 84 107 9144 5620 4778 17 84 77 752 4 1158 
10106 12 1056 347 654 164 2350 45 251 1552 17 2744 143 9726 
10106 164 65 4779 12 4167 229 77 102 130 3950 347 4 773 
566 2939 10106 45 222 130 2860 17 19494 12 1550 74 273 124 3037 
2573 12 451 18 77 1523 74 9 1173 31 23 1557 754 19495 
1780 12 19496 451 18 77 14580 12 
2340 1915 
358 1550 2 892 511 4284 
1555 31 473 2 512 3595 250 
382 2 892 1551 250 
1116 756 
19497 597 1176 
19498 321 12 19499 45 125 6189 
1116 774 143 7711 
19500 19501 45 9277 19502 1598 
3253 19492 45 7785 400 176 
1116 756 
8415 1219 12 19503 45 429 10187 31 19442 11461 
3267 11979 45 16536 400 4207 
19504 2734 19505 19506 45 729 143 2050 19507 1816 31 9439 19508 
3966 3955 45 7785 400 176 
19509 12627 45 19510 
315 12 19511 19512 45 245 49 1852 3361 
315 12 7704 19513 45 1002 
12021 19514 45 7785 400 176 
19515 19516 45 19517 5118 
19518 19519 45 7785 400 176 
19520 19521 143 19522 45 5770 19523 
315 12 19524 45 13293 19525 49 9 10 3193 236 
315 12 12010 19526 45 7785 400 176 
7327 4202 45 215 19527 12352 19442 11461 219 
315 12 19528 45 1353 19529 245 
19530 19531 45 13906 19532 11044 
19533 19534 45 19535 19536 
17183 45 19537 641 
1430 1043 17 4494 1176 
1581 45 28 19538 
3314 455 2739 
143 143 143 143 143 75 413 626 143 143 143 143 143 