Subject: 4731 2 28747 193 
143 143 143 143 143 143 143 143 143 143 
125 2 28748 45 28749 470 1793 2 28750 302 28751 12 774 12 590 472 
102 2 7156 45 646 15733 2405 448 2 891 11753 
21 2 150 21627 150 158 150 7327 28752 150 158 150 13828 28753 150 158 150 3451 19801 150 158 28754 45 28755 2461 
627 2 4731 2 28747 193 
41 143 143 143 143 143 546 626 143 143 143 143 143 
41 125 2 28756 28757 470 1793 2 28756 12 28757 302 28758 12 1217 472 
41 102 2 646 3391 2405 609 2 147 
41 21 2 28759 28760 158 28761 28762 852 158 28763 28764 158 150 3060 150 158 150 580 150 158 150 12627 150 158 
41 150 28765 150 158 150 10071 150 158 150 8993 150 158 150 28766 150 158 150 13011 150 158 150 28767 150 158 150 12987 150 158 150 3971 150 158 
41 150 28768 150 158 28748 45 28749 158 150 28769 150 
41 627 2 4731 2 28747 193 
41 
41 824 824 824 3828 2 68 626 28770 125 28 1971 824 824 824 
41 
41 
41 
41 143 143 143 143 143 546 626 143 143 143 143 143 
41 125 2 28771 28772 470 2723 2 2461 12 1219 12 28772 302 23001 12 28773 12 853 12 590 472 
41 102 2 646 3391 2405 609 2 246 
41 21 2 8164 158 7327 158 12679 158 3451 28774 158 3451 28775 158 28776 158 11973 158 
41 28756 158 10390 
41 627 2 4731 2 28747 193 
41 
41 
41 41 41 260 2 72 38 90 11416 19728 45 187 38 17 953 138 
41 41 41 270 2 231 7 187 107 11416 19728 45 86 419 84 107 11416 
41 41 41 19728 45 86 72 419 199 9659 21 11416 19728 45 111 419 
41 41 41 187 11416 19728 45 251 419 62 11416 19728 45 540 124 953 
41 41 41 7 187 107 11416 19728 12 231 
41 41 41 143 143 8901 28777 4 28 2149 8901 391 28778 
41 41 41 231 13671 7 329 4559 17 450 1510 4333 28779 28780 195 765 
41 41 41 28 423 45 7 35 150 440 95 251 28781 12 7 2173 7 150 151 6582 21 77 28782 
41 41 41 435 
41 41 41 34 45 251 107 306 195 1510 28783 17 19865 17 7203 12 231 
41 41 41 143 143 28784 28785 
41 41 41 
41 41 41 231 7 5419 150 440 17684 9 28786 12 515 7 106 112 7223 21 28787 
41 41 41 306 28 1190 12 231 
41 41 41 143 143 577 28788 45 3805 294 3273 5913 28789 45 
41 41 41 5826 
41 41 41 28790 34 214 13346 21 63 2051 9847 12 
41 41 41 
41 41 41 
41 41 41 231 10028 18472 12 72 38 150 1 19837 45 38 150 938 230 9 47 2340 
41 41 41 386 31 15 2261 12 231 
41 41 41 143 143 28791 28792 45 1616 70 14384 21 2111 
41 41 41 28793 49 9 11033 28794 28795 
41 41 41 
41 41 41 231 7 150 938 4430 777 3986 20519 28796 109 184 411 386 31 132 
41 41 41 6290 12 231 
41 41 41 143 143 18152 10120 45 176 31 28797 28798 
41 41 41 19 
41 41 41 
41 41 41 231 3526 31 28 28799 45 8021 58 208 31 28 7883 
41 41 41 28786 
41 41 41 4222 4 28 2476 12 231 
41 41 41 143 143 28789 28800 11644 45 8021 45 1774 
41 41 41 
41 41 41 231 419 150 1 985 21 6526 68 3390 559 5150 12747 12 231 
41 41 41 143 143 13245 28801 45 6125 2051 28802 21 28 10801 
41 41 41 28803 
41 41 41 
41 41 41 231 7 150 282 107 985 21 8 91 12242 28804 1461 670 
41 41 41 451 12 419 164 28 2469 12 231 
41 41 41 143 143 28805 28806 19319 109 28 7925 31 
41 41 41 28807 
41 41 41 3864 
41 41 41 
41 41 41 231 34 28808 28809 12280 21 77 20735 21 19865 74 9 
41 41 41 28810 45 17 7 150 282 274 28 208 21 220 20 12 231 
41 41 41 143 143 9 28811 2442 4 10073 
41 41 41 
41 41 41 231 7 439 150 440 767 419 106 6459 4 564 68 990 2476 497 
41 41 41 125 
41 41 41 37 12 161 199 990 2589 31 255 213 539 294 14170 45 
41 41 41 17 28 20565 199 28812 1413 21 3832 20 49 
41 41 41 7997 12 231 
41 41 41 143 143 5580 9469 
41 41 41 
41 41 41 231 1894 68 9984 124 28813 12366 12156 12 231 
41 41 41 143 143 14587 28814 4013 6171 28815 
41 41 41 
41 41 41 231 20 983 150 440 28816 34 150 204 28817 28 9114 12 20 150 204 28 
41 41 41 28818 4 670 5486 17 11054 34 164 312 20 12 231 
41 41 41 143 143 3805 434 15225 143 2469 12021 28819 
41 41 41 
41 41 41 231 72 38 82 34 9699 31 3203 521 109 45 15 20409 17 28820 
41 41 41 18 77 13208 1457 499 125 1389 15 9912 12 231 
41 41 41 143 143 3805 3935 492 28821 28822 28823 
41 41 41 
41 41 41 231 7 6582 9835 12 7 6606 13827 964 4 11081 12 231 
41 41 41 143 143 3805 434 15225 143 2469 12021 28819 
41 41 41 
41 41 41 231 20 150 204 359 28824 21 256 34 28 28825 90 521 208 
41 41 41 185 347 212 12 231 
41 41 41 143 143 98 28826 45 434 2469 
41 41 41 231 7 8 9684 31 132 2745 143 2159 9684 143 251 7 439 150 440 
41 41 41 3559 
41 41 41 4758 306 37 12 231 
41 41 41 143 143 98 28826 45 434 2469 
41 41 41 
41 41 41 231 419 150 938 221 21 28827 17 672 6607 2 2473 48 9175 5486 220 
41 41 41 419 87 138 231 
41 41 41 143 143 4435 28828 
41 41 41 
41 41 41 231 7 112 1866 306 4148 2886 34 112 28829 
41 41 41 218 125 28 4755 12 7 13395 4 28830 34 
41 41 41 30 12 231 
41 41 41 143 143 28831 28832 8396 45 125 2051 28833 143 28834 28835 
41 41 41 
41 41 41 231 13889 124 9 4160 2228 12 20 124 9 532 2228 12 20 124 9 2228 
41 41 41 34 124 74 1948 12 20 124 218 125 28 411 2449 6538 12 
41 41 41 505 45 
41 41 41 195 6538 164 218 45 251 20 150 204 221 9 4133 4160 
41 41 41 600 12 231 
41 41 41 143 143 12021 28819 45 434 21642 
41 41 41 
41 41 41 231 28 2744 231 19613 231 983 150 440 9431 4 28836 12 9 19613 124 9 
41 41 41 8820 435 28837 28838 12 231 
41 41 41 143 143 17309 28839 45 28840 28836 28841 17 28842 
41 41 41 28843 
41 41 41 
41 41 41 231 419 439 150 440 9751 28844 12 419 2858 28845 3039 
41 41 41 4786 31 255 12 231 
41 41 41 143 143 28831 14225 28846 45 28847 28848 
41 41 41 
41 41 41 231 72 419 439 150 440 18093 45 419 1853 28 4998 31 10060 12 231 
41 41 41 143 143 12021 28819 
41 41 41 231 419 164 1027 49 70 14592 363 34 229 347 229 107 
41 41 41 2219 12 231 
41 41 41 143 143 12021 28819 
41 41 41 231 13279 45 508 31 5692 150 204 28849 3078 125 
41 41 41 8063 12 231 
41 41 41 143 143 28850 28851 
41 41 41 231 28 6108 31 2261 18 77 28852 12 231 
41 41 41 143 143 12021 28819 
41 41 41 
41 41 41 231 7 112 2110 109 9 11282 31 16521 8873 45 17 28 445 
41 41 41 5504 
41 41 41 7 8 124 34 7 4602 150 440 244 132 16521 7836 4 127 259 7 
41 41 41 90 19383 306 1510 255 12 231 
41 41 41 143 143 12021 28819 
41 41 41 
41 41 41 231 515 9 8373 20 124 21 13260 208 150 204 188 12 347 107 21 8 9 188 
41 41 41 124 528 47 28853 12 2473 6548 34 124 12 231 
41 41 41 143 143 12021 28819 
41 41 41 
41 41 41 231 20 124 513 21 77 487 4 28 990 2228 31 10554 12 12 12 231 
41 41 41 143 143 12021 28819 
41 41 41 
41 41 41 231 15 5114 20580 18 77 19787 6238 1551 7348 86 
41 41 41 419 293 4545 34 38 3854 497 12 229 19404 28854 38 12 
41 41 41 38 
41 41 41 229 28855 72 161 124 9 2671 4 15 12911 12 231 
41 41 41 143 143 1617 31 1801 1184 45 28856 45 6167 
41 41 41 
41 41 41 231 419 6060 49 28 1409 4 977 1867 150 204 358 4 540 419 
41 41 41 9694 34 2847 12 28857 28858 112 9 28859 4 28 28860 
41 41 41 12526 12 419 8894 45 31 203 45 34 2847 12 28858 124 9 13128 
41 41 41 4 28 28860 28861 12 231 
41 41 41 143 143 3808 4545 4 28 28862 773 45 9 3935 
41 41 41 986 
41 41 41 
41 41 41 231 72 28863 58 9 984 18512 45 26 35 28864 68 28865 4 23 
41 41 41 4496 130 26 521 21 1870 17 20 18 9122 769 18512 
41 41 41 11004 
41 41 41 28 4496 12 17 28 997 1850 45 179 26 18510 964 20322 45 
41 41 41 161 150 587 
41 41 41 77 9 13594 12 231 
41 41 41 143 143 3451 204 12 28866 45 28867 2384 
41 41 41 
41 41 
41 41 1775 1775 1775 1775 1775 1775 1775 1775 1775 1775 1775 1775 1775 1775 1775 1775 1775 1775 1775 1775 1775 1775 1775 1775 1775 1775 1775 1775 1775 1775 1775 1775 1775 1775 1775 1775 1775 1775 1775 1775 1775 1775 1775 1775 1775 1775 1775 1775 1775 1775 1775 1775 1775 1775 
41 41 36 15 6822 45 298 273 23 1050 2 397 397 1051 12 6824 12 1217 
41 
41 
41 824 824 824 824 824 824 824 824 824 
41 28771 28772 
41 1617 31 7198 
41 28773 176 
41 28868 1068 2 141 891 215 0 219 28869 28870 
41 3083 729 729 17313 51 2 141 891 215 0 219 28869 28871 
41 6372 273 2 
41 2461 12 1219 12 28772 302 23001 12 28773 12 853 12 590 
41 824 824 824 824 824 824 824 824 824 
28 7739 400 31 3911 8423 124 406 4 3911 359 28872 12 
406 157 2 147 3083 4423 3908 45 2014 4121 144 144 22046 12 
28 7739 400 31 3911 8423 124 28873 74 28874 45 24304 17 2901 
4173 10700 12 
68 240 143 628 626 124 15547 17 49 572 74 28 15549 445 12 72 
28 626 124 293 74 2622 411 1032 28 15549 45 81 611 
28 626 21 28 183 74 2733 21 20 17 111 6631 28 626 
125 15 1225 12 
150 1971 240 143 4756 164 107 9751 16319 12 28 7739 400 31 3911 
8423 926 107 3357 10108 49 538 869 21 68 626 121 
20 112 102 12 150 