Subject: 36 15 1166 109 28 1971 369 193 193 
1971 3199 48803 5684 653 639 
70 109 143 1479 3199 203 653 639 
36 15 1166 109 28 1971 369 193 193 
8 38 968 67 1544 15 2745 1971 1166 138 220 38 435 28 
605 31 1960 179 38 482 17 653 9 0 125 28 12227 31 15 2745 3314 138 653 9 0 20714 
31 653 9 0 11078 21 9 3372 34 2529 359 1342 925 31 4561 19609 138 653 9 0 20 150 204 
92 21 7954 1476 15 54136 11614 17 3042 54182 28 52760 52963 
34 164 528 869 5820 517 109 28 1971 12 653 639 
161 58 4430 205 9 10 92 21 3042 15 2745 1166 12 306 28 
1971 4 20 150 204 20611 28 460 124 47 12397 49 109 1479 3199 12 
509 9 1166 109 28 2298 124 941 45 251 38 87 28 1366 193 34 150 204 515 7 
1211 12 653 639 
28 653 9 0 1971 3199 48803 5684 124 70 6230 653 9 0 3199 203 65597 
3212 38 87 21 36 1339 12 20 124 218 125 184 411 3199 
2385 38 8 3870 12 7 7786 38 1461 1320 3040 38 87 21 85 21 6825 
9 1349 109 1479 1166 12 125 1476 9 2298 455 45 509 20 6016 45 
305 3946 39 21 3836 20 17 3933 4 28 57555 12 653 639 
68 203 124 28 966 31 765 646 1010 31 6165 17 3199 49 
2596 12 653 9 0 28 1335 827 648 397 144 1010 7 8 205 109 28 1971 148 23 1438 
21 481 483 12 653 9 0 7 8 576 17 9 759 1855 31 3199 1362 12 4 28 
75 20 195 3378 3192 21 68 12 38 35 8 9 13729 8366 251 72 359 208 
4663 67 20 38 18 4430 36 184 4158 12 34 150 204 515 109 143 1479 
3199 124 195 67 45 509 38230 49 9 8366 17 1476 20 65598 
28 8424 21 7690 125 653 9 0 38 45 653 9 0 9 653 9 0 653 9 0 13511 34 124 1349 12 653 639 
195 1349 1971 3602 8 9 2351 3385 4 2194 12 12 12 9 219 9 2298 
2404 167 219 9 8366 653 9 0 1219 219 9 185 21 3616 28 8366 17 151 219 4158 12 653 9 0 7 2482 38 
2473 1320 3040 31 28 185 12 653 639 
68 1209 959 255 18 77 8379 14202 17 1184 109 1479 34 1355 
1397 193 38 35 8 9 3981 18432 15 3867 369 193 653 9 0 4 68 37552 45 
3040 143 74 143 3040 109 143 1479 3199 203 12 12 12 653 639 
653 1512 38 18 2188 2473 21 36 1971 1379 49 298 12 653 639 
653 1512 38 18 2188 2473 21 6825 15 2745 2298 2404 12 653 639 
653 1512 38 18 65 2188 177 21 36 298 1237 34 1375 20 653 9 0 941 65599 
15 2745 2404 1370 1614 308 6476 109 1479 2596 347 1225 
1507 1162 12 653 639 
653 1512 38 18 2188 2473 17 177 21 8 15 3981 6016 5054 298 12 653 639 
653 1512 38 18 2188 177 21 36 6261 273 1237 5054 298 17 2473 21 
572 1510 2950 21 2867 15 1166 12 653 639 
653 1512 38 18 2188 177 17 2473 21 44126 15 3867 109 28 1971 49 
298 193 653 1512 38 18 2188 2473 21 6825 231 11612 231 3946 39 21 6526 28 8064 21 
15 455 921 189 4158 12 653 639 
653 1512 38 18 2188 2473 21 36 1446 6843 31 35775 31 550 1237 
820 259 38 35 93 7894 37 1397 38 7690 12 653 639 
653 1512 38 18 2188 2473 21 3357 1058 12143 109 1479 49 15 3867 306 359 
16849 388 45 359 1058 4322 17 359 1036 347 5912 964 388 12 259 56219 
49 68 203 328 17 36 109 28 3260 6608 21 4149 109 28 1971 12 653 639 
487 124 515 91 37616 31 28 203 8 56 12 653 639 
7 653 9 0 13153 28 1971 3199 48803 5684 144 1910 2663 12 653 9 0 121 7 6389 
195 28 6191 17 28 2298 12576 3099 7 27 132 3981 17 
54717 20 568 28 1362 4 28 203 12 653 9 0 7 112 53060 179 4157 
1339 963 4 49 670 34223 3867 1166 12 28 429 517 419 3863 
20 7 221 754 4157 45 28 431 517 7 221 2116 12 653 9 0 68 124 990 193 653 9 0 192 49 
195 15 95 12 653 9 0 653 639 
40 65600 45 65601 45 65602 12 653 639 
7 653 9 0 1012 4211 28 2177 34 7 653 9 0 90 3357 1058 12143 23 132 653 9 0 3981 
28 653 9 0 310 517 7 653 9 0 3507 964 49 28 504 12 653 9 0 7 653 9 0 112 4224 3192 653 9 0 74 653 9 0 132 653 9 0 400 653 9 0 49 
9 653 9 0 17505 61 17 106 107 482 21 19871 21 9 653 9 0 122 6196 65603 653 9 0 392 784 
9 653 9 0 76 34 212 653 9 0 504 4428 12 7 207 65 36383 765 392 639 9 76 109 
1971 653 9 0 1379 653 9 0 130 7 653 9 0 369 36 20 298 12 653 9 0 7 653 9 0 112 40118 23 65604 7 653 9 0 4080 653 9 0 20 
17 542 3212 38 653 9 0 1445 12 653 9 0 28 96 392 5661 7 653 9 0 1355 653 9 0 4140 193 653 639 
40147 65605 45 653 9 0 63554 45 11436 
439 150 440 6821 964 68 1129 21 85 13350 31 68 52760 3359 12 
179 38 73 28 48803 5684 38 18 128 28 2974 203 4 1003 
486 17 28 203 109 9 827 12 729 231 11925 12 38 65 36 1379 21 9 7627 
39755 2298 2404 177 38 35 6456 28 1237 38 18 87 21 
2890 15 2298 2404 17 2867 20 12 653 639 
653 1512 298 1971 1379 653 639 
653 1512 298 2298 2692 1237 653 639 
653 1512 298 2298 33387 653 639 
653 1512 298 6261 628 1237 653 639 
653 1512 3357 1058 12143 306 12 12 653 639 
359 16849 388 193 653 639 
359 1058 653 9 0 4322 193 653 639 
359 5912 143 964 388 193 653 639 
653 1512 2188 21 3047 231 11612 231 653 9 0 3946 39 193 653 639 
653 1512 44126 15 2298 2404 49 298 193 653 639 
653 1512 298 273 653 9 0 1316 653 639 
653 1512 3040 143 74 143 3040 4441 653 639 
653 1512 13388 21 36 1508 193 653 9 0 653 639 
73 369 17 128 68 818 12831 298 193 193 193 653 639 
73 369 17 38 18 128 5665 45 1857 44008 273 2588 63454 125 70 
6230 504 1370 28 977 454 2660 12 653 9 0 38 18 36 9 16115 17 9 
7627 21 1379 28 231 240 143 110 231 125 9 8054 2298 2404 306 15 1971 
3199 48803 5684 12 653 9 0 34 150 204 107 195 193 653 9 0 7 18 6061 1211 454 2660 31 
3199 17 1333 1947 407 273 653 9 0 215 7 4784 299 392 4114 2606 4087 49 
11909 1184 12 219 653 9 0 653 639 
4579 109 21 15 20629 161 150 204 959 193 38 65 36 959 1032 1876 483 1476 
1166 1537 12 443 1537 1320 2949 38 67 9 1402 1166 34 
38 35 3042 12 12 38 35 837 521 921 1166 18432 443 1537 193 653 639 
12447 369 193 193 193 653 639 
8366 105 2 1971 3199 48803 5684 392 2995 12 1512 653 639 
38 18 128 15 48803 5684 74 434 628 12 653 9 0 28 5684 3552 12 12 12 653 639 
653 27760 12 729 231 9956 19855 233 28 6642 31 28 3199 203 12 653 639 
653 1512 28 2974 203 4 1003 486 12 653 639 
653 1512 15 16115 17 7627 21 1379 28 109 143 1479 203 12 653 639 
12414 4600 483 182 5697 653 639 
15 13813 13388 193 653 9 0 72 68 430 124 107 3212 7 8 
56 20 124 17 959 45 7 18 1211 9 2974 5495 12 653 9 0 13388 21 36 
1508 193 653 9 0 7 207 259 9675 4 28 430 7 1211 34 72 38 164 107 
7813 39315 7 18 5495 15 483 12 653 9 0 653 639 
38 18 107 77 53278 45 7 5697 20 193 653 639 
143 143 143 143 143 143 143 143 143 143 143 143 143 143 143 143 143 143 143 143 143 13208 487 17 628 143 143 143 143 143 143 143 143 143 143 143 143 143 143 143 143 143 143 143 143 143 143 143 143 143 143 143 143 143 143 143 143 143 
1971 3199 48803 5684 73 486 143 1285 22012 648 
21 73 74 628 13 392 2995 12 1512 833 392 644 12 1512 204 317 747 834 392 891 12 4114 4322 347 483 73 
34918 21 2 653 639 
4664 35982 45 65606 240 12 4592 204 45 9832 167 143 4253 45 65607 45 3815 65608 653 639 
105 1775 1775 1775 1775 1775 1775 1775 1775 1775 1775 1775 1775 1775 1775 1775 1775 1775 1775 1775 1775 1775 1775 1775 1775 1775 1775 1775 1775 1775 1775 
16 1775 1775 1775 1775 1775 1775 1775 1775 1775 1775 1775 1775 1775 1775 1775 1775 1775 1775 1775 1775 1775 1775 1775 1775 1775 1775 1775 1775 
16 1775 1775 1775 1775 1775 1775 1775 1775 1775 1775 1775 1775 1775 1775 1775 1775 1775 1775 1775 1775 1775 1775 1775 1775 1775 1775 1775 1775 
5913 45 2228 45 1284 1775 1775 1775 1775 1775 1775 1775 1775 1775 1775 1775 1775 1775 1775 1775 1775 1775 1775 1775 1775 1775 1775 1775 
273 16 1775 1775 1775 1775 1775 1775 1775 1775 1775 1775 1775 1775 1775 1775 1775 1775 1775 1775 1775 1775 1775 1775 1775 