Subject: 470 9792 472 9 597 143 2918 1400 49 1993 1504 138 
4425 45 
7 8 9 570 34 150 204 2576 21 220 70 14444 1993 1484 12 215 161 
112 628 67 68 836 158 192 49 28 2076 193 219 
49 68 45 419 87 70 1400 34 35000 1993 238 12 7 861 4 
1775 1985 2101 1775 17 4 9074 317 35836 91 1708 49 1993 
238 34 164 39245 45 347 568 91 2259 39246 21 36 559 28 
39247 12 
124 161 70 1400 34 187 3904 184 1993 3519 138 
58 2622 1003 20 3192 347 2174 20 138 
7 777 968 31 568 28 208 9074 317 35836 11802 49 39245 45 109 
238 34 1775 12736 150 440 1775 39245 12 215 7 220 4069 68 18 1844 28 6459 
270 45 251 925 419 35 39246 20 21 9493 28 1021 12 219 260 2 161 124 9 
11107 
321 215 9492 49 641 1232 9605 31 641 219 397 397 641 124 28 6836 419 150 1 9422 
540 124 52 9 39248 8149 45 17 7 439 150 440 83 2473 21 5736 20 12 
39249 130 4 39250 2397 138 19691 2397 138 91 411 
331 31 39249 138 
192 49 184 17 195 45 
39251 