Subject: 1 2 34352 5097 705 34353 
34354 34355 99 45 
81 672 231 34356 231 143 425 45 26 8 6463 222 9699 31 11489 4 769 839 12 
2377 302 34356 143 34357 12 1095 653 639 
24 34358 27018 653 4523 
14514 143 34359 
34360 747 12 34361 
143 143 143 143 143 546 626 143 143 143 143 143 653 639 
125 2 98 99 653 639 
21 2 14514 653 639 
102 2 3891 45 2955 618 45 2405 644 2 623 640 
627 2 34352 5097 705 34353 
34352 16448 16383 34362 14514 34363 
16506 34364 34365 34366 2 653 639 
34367 2 34305 8179 34306 
34368 2 98 
34369 2 99 
240 143 34370 2 613 302 1243 12 320 12 350 
549 2 4425 193 7 8 9 6185 31 20580 17 34314 31 34305 17 7 207 148 49 9 34306 306 68 1823 12 164 38 3524 31 184 222 34306 45 1553 74 14514 347 212 34315 138 46 38 4 269 12 98 99 653 639 