Subject: 
194 419 220 15198 52885 52883 13723 193 2248 
72 38 45 15 425 347 70 52886 8 70 52885 52883 44111 
111 81 1324 434 17 861 499 2473 419 35 95 38 128 28 483 34 28 
9818 6538 38 164 52887 137 12 
419 8 2159 1543 4 1439 52885 52883 13723 4 15 
5913 17 2088 12 
54350 124 28 8866 1191 4 28 423 11521 4 28 15198 17 
6185 31 52883 13723 12 
1383 419 164 574 765 9922 9881 7804 9713 31 13723 4 28 
1620 6538 12512 12 419 8 2329 8058 4 8202 5820 5913 4 28 434 
17 4 508 492 8067 12 
38 8 7289 21 13260 17 3212 21 8442 74 2916 12 161 124 
5054 359 64 21 38 12 
419 35 77 3386 41409 298 23 648 143 21884 143 9805 143 54351 4 28 434 347 72 38 164 4 6744 1324 9032 143 52888 143 54352 12 
38 35 1324 952 954 2606 517 12 
46 38 49 15 92 12 
68 3946 124 2094 17 102 499 74 2 
243 3836 384 45 54353 45 3170 54354 12 
21 77 6617 125 670 133 110 81 273 434 23 
4788 302 54355 12 20907 143 2356 12 1217 306 5247 4 28 627 1479 12 