Subject: 1307 143 110 9660 1783 
1307 143 110 9660 1783 
1142 2891 4 68 421 1833 2 
648 219 35251 150 1514 2 1314 
74 35252 6744 
144 219 1324 49 451 143 35253 1514 143 488 9611 1028 
74 9529 2018 
827 219 28 35254 31 237 3947 12 
74 231 240 12 35255 231 
644 219 144 380 22039 150 3876 1324 215 306 839 317 1446 387 2377 219 
74 936 16840 35256 
729 219 3449 302 2874 12 35257 12 3815 
74 282 12 35258 302 3558 12 853 12 590 215 3449 35258 219 
448 219 1314 2 135 902 236 382 109 1329 3 
74 34431 302 34432 12 34433 12 1309 215 35259 747 12 3978 219 
248 219 1324 49 936 2403 
74 4789 302 10086 12 10087 12 10088 12 10089 
632 2 1015 45 847 607 250 336 2 337 2 1795 143 11435 
125 2 35252 6744 
21 2 
627 2 35251 150 1514 2 1314 
626 143 619 2 
1446 2684 430 124 1357 125 28 35251 150 1514 3905 23 
1324 49 451 
431 236 35252 8110 109 
2231 1433 1447 
21 77 915 23 28 653 639 
19712 16965 6653 35260 1101 5392 1098 1099 1100 1101 14419 
215 35261 219 4 1241 653 35262 45 1090 
4 3514 306 28 19712 4660 11101 151 653 2082 4048 653 240 617 204 17 35261 
247 343 143 264 45 1108 
7 12 3862 
19712 4660 11101 151 653 2082 4048 653 240 617 204 45 1241 653 35262 45 1090 17 
35252 45 236 1225 340 35263 45 6744 397 1632 
415 12 1800 31 28 382 
35251 653 35264 124 1847 130 9 1852 382 21 35265 653 35264 215 431 
236 35252 8110 109 3229 2636 219 12 1404 1111 164 2147 
8189 31 28 19712 4660 11101 151 653 2082 4048 653 240 617 204 45 1090 17 35266 
340 35263 215 35252 219 45 6744 397 1632 12 
5021 12 2918 31 28 382 
653 847 
28 1435 31 35251 653 35264 124 21 6610 9667 1362 45 6 17 1366 
10602 10 1453 17 1740 31 1433 1447 384 12 
443 294 3387 35 18096 
653 167 248 294 11490 4 1506 1086 
653 167 248 9990 1362 49 1163 17 17496 31 384 
653 167 248 35267 1611 371 1473 
1370 28 1527 31 17291 17 1447 12 
68 236 8110 45 9 35268 31 28 10407 1349 1841 
915 4 3344 215 1200 12 741 12 219 4 250 215 35251 653 35269 219 45 9304 21 1211 9 8437 49 28 
15552 31 1955 1508 67 28 423 31 2231 1447 
4 28 1347 12 28 363 2566 2569 17 775 125 
1433 45 17098 17 291 8225 21 2564 17 2223 28 
561 12 
17409 12 1142 653 639 
653 639 
1501 164 1502 4 1527 371 109 28 110 1905 45 540 124 
16850 445 12 1501 125 294 1036 1527 18 77 
4133 1530 12 
653 167 248 408 1923 17 17496 
653 167 248 1453 1447 17 2156 17385 
653 167 248 2231 368 17 8366 1453 
653 167 248 35270 1238 
653 167 248 1225 1468 17291 
653 167 248 2231 1740 384 
653 167 248 4099 8965 
653 167 248 8964 
653 167 248 1962 384 
653 167 248 12641 45 35271 17 1433 35226 
1221 12 236 424 756 215 32794 219 
151 12 282 12 14747 45 170 215 11867 1176 219 
151 12 13469 45 1090 215 1176 219 653 847 
241 12 35272 45 284 215 15225 143 1176 219 653 847 
5149 12 35273 45 16915 653 847 
747 12 747 12 35274 45 1331 653 847 
1221 12 35275 45 1090 653 847 
241 12 35276 45 35277 653 847 
241 12 151 12 35278 45 391 653 847 
321 12 35279 45 1090 653 847 
747 12 9 12 35280 45 1200 12 741 12 653 847 
741 12 35281 45 8031 
282 12 35282 45 1090 653 847 
2461 12 35283 45 1090 
1269 12 35284 45 5692 
204 12 35285 45 294 13942 
1219 12 1219 12 35286 45 391 
151 12 440 12 35287 45 1200 12 741 12 
321 12 13063 45 1200 12 741 12 
741 12 6371 45 1200 12 741 12 
17410 12 418 31 451 653 639 
653 847 
195 378 451 18 108 4 28 382 401 45 27 74 
35252 291 25 12 28 401 18 77 1357 49 28 8852 23 
28 382 12 4 2001 45 412 31 9 1180 140 31 9667 
451 18 77 1521 21 1549 3044 2953 49 418 4 9 
818 421 31 28 1181 109 1468 1225 143 17867 1238 45 540 
18 77 2264 21 28 35251 150 1514 17 35265 150 1514 8131 12 653 639 
13217 12 1550 31 2953 
9391 412 164 870 21 13 70 2080 31 2862 4778 49 
367 74 28 236 424 756 12 195 6987 1906 77 
1003 4 1103 45 1544 306 9 35288 1198 31 28 1021 45 28 
1508 3531 45 769 9398 17 9 4280 306 272 548 12 72 
412 2892 34 959 277 164 829 21 35289 28 1119 
1031 31 28 358 45 26 229 1833 9 1412 9080 12133 34 18 77 
2666 23 28 35290 31 28 236 424 756 12 
653 639 
28 2080 84 65 1833 2 
653 167 248 361 31 382 215 35251 653 35264 219 
653 167 248 361 31 1464 358 
653 167 248 412 2587 45 9084 45 2588 
653 167 248 105 31 365 21 66 49 1041 
653 167 248 240 143 628 16 17 51 140 31 66 365 
653 167 248 105 31 1845 540 96 9397 28 358 215 2734 12 729 8816 219 
1501 164 1530 125 1510 1960 4 1347 17 3312 
2596 4 28 1142 31 68 382 130 505 130 125 8864 12 28 
382 2234 124 1103 12 
653 847 
20 124 7745 21 1549 6987 74 1158 628 215 654 549 219 21 
347 3191 74 51 347 628 215 144 1322 219 21 28 235 
16 2 
35252 6744 653 847 
321 12 322 12 323 13756 653 847 
35291 45 35292 440 0 1219 648 5149 0 653 847 
6744 653 847 
51 2 141 648 143 5957 143 26423 143 35293 
273 2 35252 302 35294 12 10384 12 3815 
20517 12 1511 45 1139 17 411 1501 
653 847 
2119 1959 109 28 235 1142 164 4 4442 45 4078 
1389 5501 2 
143 430 2019 17 1610 237 1504 
143 772 143 7895 3229 2636 49 762 4073 1453 1447 
143 1919 21 28 2461 2234 49 3229 2636 
143 2089 237 1504 
143 1610 1611 143 371 35295 1740 
81 1046 28 35251 150 1514 2298 455 49 1446 2684 430 109 1511 
17 1139 12 
2622 5928 21 3169 9 1531 347 2411 45 124 870 21 66 
28 2384 31 28 382 45 315 12 577 13469 215 240 143 628 2 13469 302 35261 12 1105 
397 139 2 141 2992 143 146 143 2249 143 1250 143 1529 397 51 2 141 2992 143 146 143 2249 143 1250 143 15612 219 1397 1551 1535 45 1108 12 
22202 12 2618 17 387 
653 847 
20 124 28 1547 31 28 2582 21 8 28 382 401 
1357 49 28 8852 12 9600 45 28 2618 1905 164 21 77 
1541 12968 2 
653 167 248 1550 31 6987 3391 337 45 1108 
653 167 248 1555 31 473 1551 337 45 1108 
653 167 248 2531 31 1446 451 229 1535 45 1108 
1446 387 124 4558 23 5676 5545 17 3552 2257 21 195 
35251 653 35264 17 35265 653 35264 1849 45 35296 143 7267 35297 45 4492 143 4493 45 
382 10676 397 1801 839 17 382 401 12 1446 143 92 
2492 45 213 8 9 2432 570 619 143 1059 45 229 4292 306 9 35298 74 
13187 401 17 28 382 10676 397 1801 839 12 416 
10676 397 1801 839 10671 18 77 18431 49 8220 758 17 
2492 12 28 401 35 77 11314 4692 12 
641 12 1042 
653 847 
9834 1045 18 77 869 23 9289 5900 17 1042 23 
2348 4222 215 107 413 4 28 387 578 219 18 77 1357 
6125 387 215 1446 277 18 6482 306 28 462 31 473 219 12 
21710 12 1801 17 17585 3544 653 639 
653 847 
9 1801 839 215 382 10676 17 35299 219 45 18 77 1091 
17 65 77 1357 49 8220 758 12 
653 847 
1241 653 35262 45 28 972 6258 2857 31 35300 45 124 7784 4 28 
35301 143 35302 16923 4 28 7785 31 1090 12 14025 125 542 
2439 109 28 11624 4233 31 28 35303 883 3847 45 28 2857 124 
70 8398 17585 6816 45 528 1370 941 1448 31 28 35304 3381 21 
28 8396 17 28 2908 35305 21 28 7785 12 
653 847 
28 1110 124 1064 14179 125 13479 45 638 14179 125 9274 
17 28 2908 35305 17 2117 14179 125 35306 12 20 35 77 
2164 3386 74 5486 45 35307 772 6604 7730 347 2642 12 
35308 12 430 
1446 2684 430 109 1404 1111 215 35251 150 1514 17 35265 150 1514 219 124 
1357 130 1528 2 
143 35251 150 1514 2 1050 2 397 397 1051 12 35294 12 10384 12 3815 397 35252 397 35251 1514 12 5051 
143 35265 150 1514 2 1050 2 397 397 1051 12 35294 12 10384 12 3815 397 35252 397 35265 1514 12 5051 
49 840 430 81 66 2 
653 167 248 35252 6744 45 321 12 322 12 323 13756 45 35291 45 35292 440 0 1219 648 5149 0 45 6744 
240 143 628 2 35252 302 35294 12 10384 12 3815 
51 2 141 648 143 5957 143 26423 143 35293 
139 2 141 648 143 5957 143 26423 143 35309 
1051 455 2 1050 2 397 397 1051 12 35294 12 10384 12 3815 397 35252 
653 167 248 315 12 577 13469 45 2384 35251 653 35264 397 35265 653 35264 45 35310 144 321 45 8768 143 35261 45 1241 653 35262 45 1090 
240 143 628 2 13469 302 35261 12 1105 
139 2 141 2992 143 146 143 2249 143 1250 143 1529 
51 2 141 2992 143 146 143 2249 143 1250 143 15612 
143 143 143 143 143 143 143 143 143 143 143 143 143 143 143 143 143 143 143 143 143 143 143 143 143 143 143 143 143 143 
632 2 606 45 848 607 250 636 2 1064 2 891 141 4122 
125 2 9529 2018 
21 2 6523 302 851 12 4598 12 1309 45 16996 302 851 12 2497 12 1309 45 35311 302 4685 12 13299 12 853 12 590 45 
627 2 1324 49 451 143 35253 1514 143 488 9611 1028 
626 143 619 2 
68 1083 112 102 21 2119 1316 12 118 72 38 293 
1123 1322 12 
1324 49 451 2 215 35253 824 1514 219 
236 936 109 561 31 237 1504 215 17 411 
2231 384 219 21 318 
11125 45 5692 1886 1257 143 336 45 
1108 
764 2 
81 1549 448 1322 31 1404 9 390 2744 2080 17 9 3920 2744 
1534 31 15 358 21 947 4 10078 45 391 74 607 12 1535 45 250 12 
628 451 21 28 382 9613 12 
382 9613 2 
9861 35312 
35253 382 9613 
2523 12 31 10078 23 9670 12 14174 
3274 12 31 20597 12 317 3416 12 5543 12 
321 12 322 12 323 35313 
10078 14174 45 774 35314 143 35313 
215 11734 219 32493 143 11656 
215 11734 219 32493 143 35315 215 51 219 
35316 302 628 12 35317 12 1309 
817 28 235 1915 2 
3797 45 607 12 1535 45 250 2 2080 45 1534 137 12 
3079 45 334 12 646 45 250 2 1555 31 473 
3079 45 1303 12 848 45 1108 2 1556 1027 39 137 
161 124 840 430 109 28 35253 3314 455 23 2 
131 1142 1833 2 
1971 1184 
2231 2232 
10099 1365 
1484 1153 
35318 10895 
10812 1504 
35319 17 567 1337 
35320 1740 
362 35321 
1742 863 
10820 17496 
362 1170 1171 
2234 619 397 10054 
1152 10895 
430 8800 
3535 11487 
33673 612 6108 3028 
3535 7814 8176 
1237 1238 
8422 3264 2526 
11260 826 17 2526 
1489 863 
362 1740 
573 11264 
1058 1153 
8424 3028 
7 925 21 450 38 23 28 936 12 
116 45 
35322 35312 45 
597 1176 
653 653 653 653 653 653 653 653 653 653 653 653 653 653 653 653 653 653 653 653 653 653 653 653 653 653 653 653 653 653 653 653 653 653 653 653 653 653 653 653 653 653 653 653 653 653 653 653 653 653 653 653 653 653 653 653 653 653 653 653 653 653 653 653 653 653 653 653 653 653 653 9529 2018 
237 1504 561 1524 
35323 341 45 2643 2642 45 35324 45 9272 9554 343 1257 684 45 6372 
240 143 628 2 204 12 151 12 747 12 2018 302 35323 12 774 12 590 
653 653 653 653 653 653 653 653 653 653 653 653 653 653 653 653 653 653 653 653 653 653 653 653 653 653 653 653 653 653 653 653 653 653 653 653 653 653 653 653 653 653 653 653 653 653 653 653 653 653 653 653 653 653 653 653 653 653 653 653 653 653 653 653 653 653 653 653 653 653 653 817 2 68 626 229 2586 430 8204 21 11624 
8422 259 184 35325 1197 45 586 347 2397 31 542 
6642 124 1541 15554 12 
143 143 143 143 143 143 143 143 143 143 143 143 143 143 143 143 143 143 143 143 143 143 143 143 143 143 143 143 143 143 
632 2 606 45 848 607 250 609 2 1064 2 343 141 339 215 1810 634 219 
125 2 231 240 12 35255 231 
21 2 35326 302 35327 12 1630 
627 2 28 35254 31 237 3947 12 
626 143 619 2 
8816 2 237 1504 237 3947 35328 237 2636 35329 
143 143 143 143 143 143 143 143 143 143 143 143 143 143 143 143 143 143 143 143 143 143 143 143 143 143 143 143 143 81 417 143 143 143 143 143 143 143 143 143 143 143 143 143 143 143 143 143 143 143 143 143 143 143 143 143 143 143 143 143 143 143 143 143 
7707 
28 
747 9 1241 151 167 322 322 741 322 1269 1241 240 1200 241 9 1193 1219 322 282 321 1200 440 9 440 7 322 1241 
28 429 31 754 433 4 28 3348 1611 1135 
1050 2 397 397 1051 12 12297 143 391 12 2426 397 35330 397 35326 12 1056 
28 35254 31 237 3947 124 369 1357 49 15198 125 
2010 176 25 17 245 31 2009 276 12 68 
3986 294 5036 49 28 237 2636 1132 2529 9 35331 
31 430 109 237 1484 17792 45 6 45 8223 17 
1237 11261 45 17 561 12 28 35254 3552 591 
1832 279 3361 6143 1349 561 31 1610 
237 1504 4 1036 1527 222 130 10879 17 11879 45 
1238 45 9502 2045 45 9325 17 35332 45 1741 45 
3085 45 857 17 1166 45 1225 340 45 17 28 35333 17 
13140 12 
208 31 28 4160 9903 31 68 35254 124 34 20 58 205 
1351 21 2982 964 21 632 2 130 237 1484 6 45 35334 143 
35335 45 17 561 7227 21 1131 45 28 35254 
18 3832 11470 74 276 294 5703 17 7199 21 9301 143 
4718 5703 12 28 3990 437 31 28 35254 3341 31 648 45 1876 
9 644 143 2861 449 27 4 9988 143 6561 1519 45 540 18 77 2684 
74 3530 31 35336 27 5820 2041 524 12 28 1158 
437 45 21 77 35337 4 3391 1108 251 369 1357 49 
269 15198 45 3552 28 2974 649 31 28 35254 
109 3992 143 8032 45 833 1468 1379 21 28 945 30 31 28 
35254 150 204 649 109 28 423 759 2298 12 1423 28 35254 
2216 11546 35338 306 28 945 35339 31 2397 12 
28 35254 31 237 3947 124 1948 386 31 9 9257 
2141 52 28 3348 1611 1135 45 540 
3552 35340 14386 4 3517 17 2089 3947 12 
3990 437 2 249 250 12 1257 641 618 6296 215 6557 641 28456 7379 219 12 
2116 143 417 35341 35342 21 35343 35336 12 
648 45 13682 449 45 1862 6318 45 287 0 143 35344 143 35345 143 827 12 
1158 437 2 3391 1108 12 3992 143 8032 833 423 759 2298 1379 12 
287 0 143 35344 143 35346 143 648 12 
840 430 45 1141 277 31 9 818 34487 
80 3359 2432 395 28 75 31 250 45 229 77 2008 23 2 
1050 2 397 397 1051 12 12297 143 391 12 2426 397 35330 397 35326 12 1056 
17 
347 74 50 240 143 628 347 3536 628 21 2 
3267 35347 
2010 176 25 
7342 14005 1490 
294 3273 45 3170 35348 143 35349 
51 2 215 648 219 14593 143 11735 143 35350 
240 143 628 2 35351 302 12297 143 391 12 2426 
5681 31 6642 
6358 
9074 35352 17 35353 35255 
35354 
8432 9 33395 
2473 21 572 68 35254 
386 9 1919 
9 648 237 3947 2 28 3128 
9 648 12 648 28 12249 3128 
2461 913 17704 
9 648 12 144 28 16572 17 12429 3128 
100 9 35355 
9 144 953 237 1504 138 
3253 2461 35356 
9 144 12 648 1534 
9 144 12 144 515 124 9 237 1484 138 
9 144 12 827 9 5112 3534 31 1610 237 1484 9115 
386 167 10092 1920 31 237 3947 
167 648 28 1610 35357 
100 9 35355 
167 648 12 648 35358 17 237 1504 2 28 508 2080 3620 
167 648 12 144 28 35359 143 35360 35357 
167 648 12 827 35361 1504 
167 648 12 644 28 35362 35363 35357 
167 648 12 729 1990 863 
167 648 12 448 9 817 109 35364 17 35365 
167 648 12 248 34852 109 9 1823 
167 144 237 1484 11485 
35353 35255 
167 144 12 648 1919 
167 144 12 144 11683 
167 144 12 827 35366 17 35367 
167 144 12 644 772 73 11485 
167 144 12 729 1442 6572 11485 
167 144 12 448 1112 6572 11485 
167 144 12 248 818 11485 
167 144 12 617 9 9990 1988 
167 144 12 1257 35368 11485 
14523 1095 17598 
167 144 12 848 2013 8121 49 1380 9 1484 11683 
35369 167 35370 
167 827 237 1484 865 
8432 1193 35371 
167 827 12 648 1919 
167 827 12 144 10859 31 237 1484 6 
167 827 12 827 3 2097 
167 827 12 644 35372 31 865 
167 827 12 729 865 17 4273 
167 644 573 2886 17 7876 1704 
7725 322 16277 
167 644 12 648 1919 
167 644 12 144 573 1359 17 35373 
167 644 12 827 28 35374 31 35375 6552 430 
167 644 12 644 573 10438 1337 
167 644 12 729 9 150 279 244 150 367 
167 644 12 448 573 1163 9686 
167 644 12 248 567 2102 
167 644 12 617 10651 35376 
167 644 12 1257 12922 35376 
167 644 12 848 2100 1163 1148 
167 644 12 336 9629 
167 729 1484 3261 1337 
167 729 12 648 1919 
9074 35352 
167 729 12 144 35377 35034 31 237 1504 17 542 561 
10206 35378 
167 729 12 827 12576 35379 1504 
3488 321 35380 
167 448 237 1504 2 9 1990 863 8395 
1975 282 1976 
167 448 12 648 1919 
167 448 12 144 4649 17 7389 
167 448 12 827 1409 15031 
167 448 12 644 4273 
167 448 12 729 2411 
386 1219 237 1484 6 
1219 648 2345 6 
1219 648 12 648 1371 143 5531 1504 
98 282 35381 
1219 648 12 144 35382 35383 
6022 167 35384 
1219 648 12 827 35385 4215 1504 
35386 747 35387 17 3253 167 35388 
1219 648 12 644 8935 237 1504 
14518 35389 17 35390 35391 
1219 648 12 729 35392 17 411 4215 143 371 1504 
1581 35393 17 9861 167 35394 
1219 648 12 448 2345 35395 1504 
8433 35396 
1219 648 12 248 2345 35397 1504 
35353 35255 17 35398 2461 35399 
1219 648 12 617 362 1506 1504 
11456 781 11979 17 35400 282 7725 
1219 144 2346 6 
1219 144 12 648 35401 6 
14514 35402 
1219 144 12 144 5089 6 
35403 9 17790 215 1219 144 12 144 12 648 219 45 3488 17789 215 1219 144 12 144 12 648 45 1219 144 12 144 12 827 219 45 
17 35404 1275 35405 215 1219 144 12 144 12 144 219 
1219 144 12 827 2346 35395 1504 
35406 35407 
1219 144 12 644 2346 35408 1504 
4665 35409 
1219 827 9054 3 
204 35410 35411 17 167 35412 
1219 827 12 648 1919 
1219 827 12 144 13002 9054 3 
1219 827 12 827 3892 9054 3 
1219 827 12 644 1362 31 11547 1221 17 1772 
1219 827 12 729 3892 9054 3 1362 
1219 827 12 448 572 31 237 17 411 4278 35413 4 
9054 3 
1219 827 12 248 35368 17 2055 1144 
386 151 1307 1473 
151 648 4344 143 2089 384 
35398 2461 35399 17 35414 35415 
151 648 12 648 1919 
151 648 12 144 2089 2166 17 1162 1163 1148 
151 648 12 827 4344 143 2089 1708 
151 648 12 644 35397 4344 143 2089 1269 143 35238 827 1400 
151 648 12 729 2089 237 1504 
151 648 12 448 12924 1506 143 371 35358 
151 648 12 248 2189 31 2089 237 1504 
151 648 12 617 35416 35417 17 12463 237 1504 
151 144 237 143 3517 384 
1221 11456 1561 
151 144 12 648 2227 31 3517 3947 130 9 12942 49 
8436 237 408 9499 1453 1440 
151 144 12 144 3517 3947 1473 21 8436 1440 
4 237 3947 
151 144 12 827 294 1527 49 3517 3947 1086 4 237 
384 
386 240 237 1484 11261 
240 648 237 1484 8223 11261 
240 648 12 648 1919 
11502 204 35418 
240 648 12 144 237 1484 35419 21 8223 11261 
35420 151 35421 17 35353 35255 
240 648 12 827 35422 35423 3996 31 237 1504 
13476 9 35424 
240 648 12 644 1087 1468 13702 11261 
35425 35426 
240 648 12 729 1488 11261 
7 35427 17 3253 913 35428 
386 1269 561 31 237 3947 
1269 648 237 1484 561 
1269 648 12 648 1919 
18036 19352 33425 
1269 648 12 144 1990 4649 
35429 705 824 22094 
1269 648 12 827 35430 8212 
35431 35432 
1269 648 12 644 35385 4215 
8432 12139 
1269 648 12 729 573 11264 
14556 35433 
1269 648 12 448 566 574 
5580 35434 
1269 648 12 248 1742 574 
35435 35436 
1269 648 12 617 10884 574 
35437 321 517 
1269 648 12 1257 1740 
3253 2461 35356 
386 913 237 1504 4 1961 2 279 3361 
913 648 10879 17 11879 
913 648 12 648 2346 9700 31 35438 4074 
35439 282 35440 17 5105 730 5484 
913 648 12 144 1489 863 
5580 35434 
913 648 12 827 35441 1489 863 568 237 1504 
7725 282 35442 
913 648 12 644 2914 1742 863 568 3 2935 35443 
35435 35436 
913 648 12 729 237 1504 49 35444 863 
3451 35445 45 9336 35446 17 18441 35447 
913 648 12 448 9 237 1484 49 566 1743 
35448 204 35449 45 35450 35451 17 5580 1193 10300 
913 648 12 248 28 1036 31 237 1504 21 566 9700 17 
185 143 776 826 
8432 12139 
913 144 1238 
913 144 12 648 1740 31 9 918 2567 35452 1325 568 362 
1506 1504 
11456 781 11979 17 35400 282 7725 
913 144 12 144 35318 1484 1740 74 237 1484 
35453 35454 
913 144 12 827 237 1504 21 35455 10067 49 9 10662 1826 
1484 
35456 35457 
913 144 12 644 237 1484 35458 49 9 772 143 6604 13854 3230 
282 9958 35459 17 26253 28146 35286 
913 144 12 729 237 1504 49 1421 1739 35460 2576 
12021 9529 
913 144 12 448 35461 6280 4278 1484 4 1453 17 17291 31 
35462 
35398 2461 35399 45 98 2502 35463 45 35464 35465 17 3060 9636 
913 144 12 248 362 1740 31 9 4349 8792 6605 
35466 741 4609 45 11456 1219 35467 45 321 17724 35468 17 
2391 151 10936 
913 144 12 617 3535 368 3028 17 11260 2526 568 1610 
237 1504 
11644 35469 17 18036 9 19521 
913 144 12 1257 237 3028 31 9 35470 35124 
4789 35471 17 98 781 35472 
913 144 12 848 362 2512 35473 306 11269 1997 
2362 35474 
913 144 12 336 9 11400 1036 35475 49 35476 237 35423 
3821 1269 9900 17 17721 167 16277 
913 144 12 618 35397 35238 827 1400 49 863 31 8089 4 35477 
35478 
35398 2461 35399 
913 827 9502 2045 
913 827 12 648 237 1504 49 1740 31 12547 362 35479 
440 741 35480 17 151 913 35481 
913 827 12 144 237 35482 49 35483 384 2 35484 35485 2019 
130 70 3521 
1004 35486 45 1607 35487 17 35488 35489 
913 827 12 827 10889 31 34967 11286 568 3260 3 
237 1504 
35437 151 35490 17 13758 282 35491 
913 644 9325 17 35332 
913 644 12 648 9 237 1484 49 2526 31 4359 35492 2899 
2410 35493 
913 644 12 144 237 1504 49 826 31 4359 567 16922 
4 10070 21081 17826 
240 240 35494 17 18036 151 35495 
913 644 12 827 9 237 1484 8807 49 35496 3261 
35497 14132 
913 644 12 644 9 237 1484 49 34991 11560 1846 4359 
17826 
35498 35499 17 8902 35500 
913 729 1741 
913 729 12 648 362 1506 1504 4 35501 31 758 306 
17384 35502 35503 12799 
35504 35505 45 11456 781 11979 45 35400 282 7725 17 
9099 167 13952 
913 729 12 144 237 1504 49 4337 31 35506 34950 
14121 35507 
913 729 12 827 237 1504 49 35508 35509 863 
35510 9 35511 
913 729 12 644 9 237 1484 21 8378 35512 17 294 35513 4 
35514 306 35515 9041 20950 
35516 35517 45 4788 35518 17 9099 282 11140 
913 729 12 729 35361 237 1504 49 28 9425 9700 31 
3999 4074 
35519 6600 17 8232 35520 
913 729 12 448 9 237 1484 49 28 1172 31 35521 2054 
2957 35522 17 1562 9 35523 
913 448 3085 45 857 17 1166 
913 448 12 648 1036 31 9118 143 2390 10067 21 28 3261 31 
2540 13491 
1269 35524 
913 448 12 144 3201 8424 3793 306 237 1504 
577 2640 17 35525 19518 
913 448 12 827 237 1504 49 4561 561 
35526 240 35527 824 35528 17 9 1241 35529 
913 448 12 644 35530 31 35531 9686 568 9 237 1484 
18036 35532 
913 248 1225 340 
913 248 12 648 237 1504 17 1353 143 1225 2175 
3821 2461 14743 17 3977 240 35533 
913 617 35333 17 13140 
913 617 12 648 12664 12221 2856 568 237 1504 
1562 9 2461 35534 17 7725 1221 1241 12130 
913 617 12 144 237 1504 49 10678 35535 
5580 35434 
386 747 28 237 1484 1086 1132 
747 648 460 1086 4 237 3947 
747 648 12 648 2044 11005 31 237 1504 
35536 143 8040 35537 
747 648 12 144 237 1504 2 2233 45 1610 45 1307 
747 5580 35538 
747 648 12 827 28 460 31 237 1504 
2461 913 17704 
747 648 12 644 2488 49 460 1086 4 237 1504 
8432 9 33395 
110 31 1612 
11012 
35353 35255 45 258 143 4 143 6170 31 28 35254 31 237 3947 
1086 1762 
35327 240 143 628 2 35326 302 35327 12 1630 
1219 12 321 12 29334 
1630 143 9884 35539 1051 143 2739 2 1050 2 397 397 1051 12 35327 12 1630 397 3200 12 1056 
1632 3583 3583 12 35327 12 1630 2 397 6501 397 451 397 237 397 13727 
143 143 143 143 143 143 143 143 143 143 143 143 143 143 143 143 143 143 143 143 143 143 143 143 143 143 143 143 143 143 
632 2 332 45 135 607 250 618 2 1529 2 608 141 4122 215 33453 219 
125 2 936 16840 35256 
21 2 1307 143 110 302 851 12 1308 12 1309 
627 2 144 380 22039 150 3876 1324 215 306 839 317 1446 387 2377 219 
626 143 619 2 
144 380 936 1083 17 1324 
215 306 839 317 1446 387 430 219 
17409 236 936 109 1610 1611 17 1610 2261 
653 847 653 847 109 28 35540 31 11879 143 22039 150 3876 
7795 31 35541 45 13323 45 28 13328 2476 45 2509 
511 636 902 215 2059 219 17 135 902 215 978 219 250 
2356 7656 2 176 31 28 13328 2476 215 10348 397 13320 219 
143 3349 31 5609 
824 1617 31 1506 17 5609 31 340 
143 3349 31 316 
824 1617 31 1225 340 17 1610 1611 
824 1617 31 1924 17 430 384 
11032 74 2 
143 35542 35543 45 13323 45 28 13328 2476 
143 35544 35545 45 35546 45 28 13328 2476 
143 35547 45 5398 45 2509 
1800 756 2 
35548 35549 653 847 176 31 28 13328 2476 1762 
10390 35550 176 31 28 13328 2476 1762 
35551 753 176 31 28 13328 2476 
35552 35553 176 31 28 13328 2476 
4052 35554 176 31 28 13328 2476 
1430 1902 17 839 3340 2 
35555 151 150 35556 653 847 35557 35558 
9418 35559 653 847 282 12 9365 35560 
10331 35561 653 847 35562 11900 397 9 
9418 35563 397 22274 35564 35565 
21744 35566 35567 35568 
35569 35570 35557 35571 
3320 13719 294 45 28 2045 31 11879 164 369 505 3568 
17 12506 505 12968 3544 4 28 424 1132 130 9 
830 12 26 8 3568 9 140 31 2233 17 6238 2184 
306 548 4 1846 1124 222 130 1610 1611 45 9325 45 
1225 340 45 5609 45 5608 45 17 8964 12 68 58 10453 21 9 
140 31 218 35572 31 28 6053 31 11879 45 17 45 
4 6526 45 21 9 140 31 218 1473 21 542 19897 12 534 45 
70 2696 31 11879 34 58 107 293 48 442 124 515 164 28 
261 35540 31 11879 45 4 2233 17 1610 384 12 
28 1332 49 68 936 124 28 260 45 35 11879 77 
7817 4639 17 4021 308 70 1743 31 542 
35540 138 28 1434 31 68 936 164 21 3088 68 260 125 
9 140 31 218 7394 17 4 28 760 31 28 35540 31 
11879 4 1404 2233 17 1610 384 12 
21 2223 17 8334 68 421 45 68 936 18 1121 1122 70 
236 1524 31 4213 775 213 164 3868 19326 4 28 
1440 31 11879 17 542 261 35540 12 20 18 77 9757 21 
2580 17 9989 1525 31 28 115 659 31 548 109 28 
35540 31 11879 4 2233 17 1610 384 125 16572 45 
12429 45 14387 45 12176 45 17 1610 1611 
7394 12 20 18 1211 70 2340 17 10478 1129 49 1404 
294 17 3568 775 4 2114 340 17 1846 1527 21 
8442 70 964 143 21 143 632 17 5183 35573 31 208 31 28 508 10092 
463 4 184 10851 21 1929 11879 12 419 4133 467 21 
2574 2491 10658 2492 17 427 417 143 10658 
775 21 1548 12 
1119 1142 21 77 2891 2 
824 28 5859 31 13595 4 3614 31 35540 
824 14387 2210 31 11879 17 542 35540 
824 28 10827 2585 2261 17 11879 
824 3517 17 9324 2210 31 28 35540 31 11879 
824 12429 1473 21 28 35540 31 11879 
824 2100 362 384 17 28 35540 31 11879 
824 2160 28 35540 31 11879 4 1610 384 
824 28 10827 2585 28 16840 31 11879 4 2233 17 
1610 384 
1521 3066 2 
28 235 35574 775 4 28 1503 31 362 11799 17 
11879 8 378 35110 21 1548 28 936 17 21 85 386 
4 28 379 17 35575 1849 2 
34468 7391 653 847 143 143 11997 176 45 590 
5580 35576 143 143 5590 5598 245 45 391 
35577 35578 143 143 14308 7369 1095 5398 45 2509 
35579 20744 143 35580 653 847 143 143 176 31 10128 45 391 
14555 14556 13952 143 143 24 45 391 
5580 35581 143 143 1570 1095 35582 1095 35583 45 
17 245 19720 45 1089 45 1090 
35584 1600 1095 35585 653 847 143 143 5656 8946 45 170 
1519 2 
28 936 18 77 1847 130 9 155 31 1960 1849 45 2103 
28 1521 3066 45 17 3931 1849 45 4 540 378 2934 
752 74 209 18 77 2712 17 13439 12 1320 1960 
1531 18 3341 31 9 208 4087 379 45 74 208 31 28 1521 
3066 45 5038 74 9 597 260 17 2411 1909 3558 21 195 
209 12 9 3931 379 1531 18 65 77 35586 4 540 
1180 3931 764 18 8 848 21 1535 4406 3796 49 1615 
379 12 411 3931 5680 1849 18 65 77 413 4 28 
1540 12 817 2 28 1824 2234 31 28 936 18 77 1103 12 
839 
2059 45 511 636 
1259 2 454 1530 317 1919 12 143 
9 12 35549 317 440 12 35550 12 
847 2 1529 1531 648 12 143 
144 2495 648 17398 12 1320 141 648 397 144 17398 12 31 463 17 2411 12 
648 12 648 12 143 35587 7391 2 231 2261 130 11879 231 12 
648 12 144 12 143 5580 35581 2 231 28 9325 31 11879 231 12 
336 2 454 4492 9499 12 
618 2 1529 3931 379 1531 648 12 
636 2 1535 1533 317 3931 5680 1531 648 12 
1535 12 1064 1531 144 12 143 
144 2495 648 17398 12 1320 141 648 397 144 17398 12 31 463 17 2411 12 
144 12 648 12 143 35577 35578 2 231 28 35540 31 11879 4 1353 
1136 231 12 
144 12 144 12 143 35579 20744 143 35580 2 231 35588 2 9 1384 31 
35589 486 231 12 
1254 2 1535 20577 9499 12 
1254 2 1064 3931 379 1531 144 12 
978 45 511 135 
847 2 1529 1531 827 12 143 
144 2495 648 17398 12 1320 141 648 397 144 17398 31 463 17 2411 12 
827 12 648 12 143 5580 35576 2 231 187 143 77 143 35590 231 12 
827 12 144 12 143 14555 14556 13952 2 231 4978 143 35368 384 231 12 
336 2 454 4492 9499 12 
618 2 1529 1531 644 12 143 
648 1522 648 17398 12 141 648 397 644 17398 12 31 463 17 2411 12 
644 12 648 12 143 35584 1600 1095 35585 2 231 6461 1742 17 2135 138 2 
70 3261 31 28 3540 31 2899 17 92 4 3906 11879 231 12 
215 2411 1531 2576 636 2 1535 21 636 2 454 219 
636 2 454 1533 317 3931 5680 1531 144 12 
609 2 1529 2411 1531 317 1276 31 936 12 
1254 2 1529 20577 17 7834 964 12 
832 17 1550 4441 2 
387 
964 21 21110 196 18 77 378 21 1548 28 936 12 
387 18 64 608 12 1857 35591 12 215 10669 392 805 219 45 336 12 1857 35591 12 
215 10669 392 791 219 49 2492 45 17 18 1833 4492 45 1533 45 17 20577 
1320 517 45 1122 306 9 39 31 28 936 174 12 28 387 578 
229 77 484 1553 74 1035 397 5421 347 74 236 400 655 12 
1080 84 77 869 74 35592 28 486 1905 17 50 20 
1122 306 28 8393 822 31 680 21 28 16 1905 12 72 38 
467 45 38 229 65 273 20 306 239 22039 150 3876 387 150 109 28 627 1479 12 
195 1080 215 17 4188 219 1906 77 293 1397 9442 109 
3079 45 2955 646 45 250 193 
817 2 
824 387 926 107 1207 28 1550 31 9 3931 12 
824 195 570 1080 1207 822 31 570 659 45 1553 74 9 
39 31 9 8175 6126 347 74 9 3507 849 125 9 2032 31 
1617 347 3349 12 
824 28 516 387 578 1906 77 293 1397 387 35 
77 11976 12 1080 18 77 11976 4 28 73 31 581 31 
1446 680 395 390 8 205 11976 12 
1550 
161 18 77 1462 49 964 21 639 2934 21 77 2712 74 196 12 
1893 764 164 874 1521 49 3931 379 23 28 
936 12 443 84 1412 17 9079 4268 1508 31 370 
548 347 28 1002 17 659 31 10852 548 1846 21 28 627 31 28 
936 45 17 77 359 959 1032 3968 449 31 654 549 45 81 12 
764 18 77 525 17 1180 109 70 10852 6280 395 13978 
8 205 378 347 395 9442 109 3079 45 2955 336 45 250 45 
1463 124 28 8343 12 
412 18 77 2601 31 1326 347 9090 1370 2978 2660 31 
581 31 769 1550 45 17 23 1557 208 365 31 1320 378 
3931 1906 1548 28 936 12 
764 84 77 102 407 273 347 397 17 3133 628 21 28 16 
1905 45 17 84 1833 28 1446 2587 31 195 412 17 769 
8225 45 1122 306 9 1446 66 16 45 3852 140 45 51 
140 45 17 273 16 12 81 1022 239 22039 150 3876 1550 150 109 28 627 
1479 31 28 626 12 
387 17 1550 16 
35548 35549 215 22039 150 3876 219 
176 31 28 13328 2476 
3274 12 31 1506 17 5609 31 340 
321 12 322 12 323 31774 
35593 13323 215 35594 219 
2509 
240 143 628 35595 3876 302 6167 12 13320 12 5363 
51 1795 143 610 143 608 1819 1973 215 824 5931 2 231 21 35551 753 143 22039 150 3876 231 219 
139 2 1795 143 610 143 608 4711 1529 215 17067 12 35596 219 
1051 2 1050 2 397 397 35597 637 12 3473 12 13320 12 5363 397 12067 397 1536 397 35598 397 22039 3876 397 22039 3876 12 35599 
387 486 2 
28 35540 31 11879 143 22039 150 3876 143 13323 143 250 143 618 143 636 397 135 
429 105 2 1775 1775 1775 1775 1775 1775 1775 1775 1775 1775 1775 1775 1775 1775 1775 1775 1775 1775 1775 1775 1775 1775 
599 105 2 1775 1775 1775 1775 1775 1775 1775 1775 1775 1775 1775 1775 1775 1775 1775 1775 1775 1775 1775 1775 1775 1775 1775 1775 1775 1775 1775 1775 
105 17 16 31 7656 2 1775 1775 1775 1775 1775 1775 1775 1775 1775 1775 1775 1775 1775 1775 1775 1775 1775 1775 1775 1775 1775 1775 1775 1775 
1775 1775 1775 1775 1775 1775 1775 1775 1775 1775 1775 1775 1775 1775 1775 1775 1775 1775 1775 1775 1775 1775 1775 1775 1775 1775 1775 1775 1775 1775 1775 1775 1775 1775 1775 
1775 1775 1775 1775 1775 1775 1775 1775 1775 1775 1775 1775 1775 1775 1775 1775 1775 1775 1775 1775 1775 1775 1775 1775 1775 1775 1775 1775 1775 1775 1775 1775 1775 1775 1775 
3852 140 2 1775 1775 1775 1775 1775 1775 1775 1775 1775 1775 1775 1775 1775 1775 51 140 2 1775 1775 1775 1775 1775 1775 1775 1775 1775 1775 1775 1775 1775 
215 81 1833 195 236 17 35600 35601 10049 829 219 
273 35602 2 1775 1775 1775 1775 1775 1775 1775 1775 1775 1775 1775 1775 1775 1775 1775 1775 1775 1775 1775 1775 1775 
650 31 387 2 
322 176 12993 347 1234 215 608 12 1857 35591 219 
322 570 347 8175 16843 215 336 12 1857 35591 219 
215 822 31 570 659 1403 219 
322 411 143 143 81 1546 215 608 12 1857 35591 12 219 2 1775 1775 1775 1775 1775 1775 1775 1775 
680 2 
322 648 12 143 680 74 1035 347 5421 869 499 21 2 
35548 35549 215 22039 150 3876 219 
49 28 3812 441 4 7365 35603 17 102 21 28 16 1905 
215 72 38 164 2255 21 588 49 9 1035 4 35603 45 111 9 1035 4 
475 882 45 2444 13519 45 1106 35604 45 347 434 7804 35 77 
378 45 251 4 68 279 648 12 1857 35603 1906 77 4077 21 216 13724 
875 23 68 75 12 219 
322 144 12 680 74 236 400 655 21 2 35548 35549 215 22039 150 3876 219 
400 2 35543 
61 359 2 35605 143 35606 143 338 143 9411 12 35607 12 17906 143 248 
824 39 31 655 1403 215 195 655 388 1906 77 484 74 28 183 219 
72 20 124 107 261 215 347 124 47 1376 219 21 481 4188 74 208 31 28 
414 1362 81 66 28 871 215 23 28 16 1905 45 17 
35608 74 273 219 21 2223 261 71 1043 12 
115 1527 31 2567 1086 17 1543 215 81 1546 219 2 
2340 1915 6141 2 
824 1550 31 2934 74 9442 109 3079 45 2955 336 45 250 12 
824 387 488 124 9442 109 3079 45 2955 646 45 250 12 
840 430 35 77 2008 17 184 463 35 77 114 
824 74 50 70 273 626 21 35595 3876 302 6167 12 13320 12 5363 
215 306 231 430 3214 231 109 28 627 1479 219 12 
824 347 2 74 2916 35551 753 109 141 1795 610 608 4711 1529 215 17067 12 35596 219 
824 347 2 74 50 9 51 21 35551 753 215 22039 653 167 25636 219 45 14505 1095 2073 45 
10348 397 13320 109 141 1795 610 608 1819 1973 12 
824 23 2 1050 2 397 397 35597 637 12 3473 12 13320 12 5363 397 12067 397 1536 397 35598 397 22039 3876 397 22039 3876 12 35599 
824 66 16 49 184 3682 74 417 2 
35548 35549 
14308 5396 8860 35609 347 13326 35610 35611 
14505 1095 35612 35612 13319 
35613 31774 653 847 31774 35614 
35593 1194 14773 35593 13323 
8860 35609 13326 13327 
17253 397 9 653 847 35615 
143 143 143 143 143 143 143 143 143 143 143 143 143 143 143 143 143 143 143 143 143 143 143 143 143 143 143 143 143 143 
632 2 332 45 135 607 250 618 2 2248 2 1529 141 1017 
125 2 282 12 35258 302 3558 12 853 12 590 215 3449 35258 219 
21 2 35616 302 3447 12 3448 12 774 12 590 45 35617 143 273 302 851 12 12422 12 1309 45 8968 143 110 302 30044 12 304 45 
627 2 3449 302 2874 12 35257 12 3815 
626 143 619 2 
818 421 31 1610 1611 4 1741 
2475 1610 1611 4 1741 
765 28 423 759 2298 
1324 49 451 
20 124 584 21 2892 34 45 982 1032 3968 1010 2663 45 28 423 759 
2298 215 1051 219 106 107 837 9301 12 4 222 9 1893 92 45 28 1051 58 
12674 5046 28 185 4 540 1162 124 2094 45 
34746 45 576 17 143 508 31 195 143 35618 12 1610 1611 
215 1662 219 90 107 77 2893 12874 74 68 9111 2 1315 9177 8 
205 35619 21 1437 28 4787 17 3357 28 9977 
69 74 28 1051 9111 12 3999 561 8 3559 
35620 9 4213 3540 4 28 1136 31 1662 1086 17 20 124 
874 107 12218 34 91 31 28 16542 9177 21 
11550 28 2483 31 28 1051 49 1662 1086 164 963 125 28 
1610 1611 4 1741 1132 12 92 124 369 964 49 9 
4322 776 12 
28 1610 1611 4 1741 1181 10247 764 21 
9 818 421 2264 21 2475 1610 1611 4 
1741 765 28 423 759 2298 12 28 1436 31 68 818 421 124 21 
9128 28 115 2228 31 28 2229 4 28 2018 4 73 21 
1211 460 6311 17 9 35621 2369 49 840 3387 2 
419 482 28 421 21 77 70 964 143 21 143 632 17 35622 6605 31 
430 67 28 1119 1508 3531 259 2342 4 28 2018 12 
28 421 18 1833 451 2160 2210 31 28 1126 
2483 31 28 1051 21 1947 28 1136 31 2475 1662 
561 4 1741 45 222 130 2 
322 2475 1662 1144 4 1741 765 28 1051 12 
322 2175 45 1145 45 17 8990 31 1662 561 765 28 1051 12 
322 2475 1379 21 3999 1162 17 573 9134 12 
322 2231 3999 12166 7279 765 28 1051 12 
322 1164 143 371 3999 561 568 28 1051 12 
322 2475 3999 2101 384 765 28 1051 12 
322 2475 3999 8969 765 28 1051 12 
451 9460 1478 1543 2709 1148 143 2965 74 
23 1557 822 143 31 143 2343 561 143 17 451 6143 
35623 143 4214 561 306 10407 9667 649 164 
1012 1530 12 2953 18 77 6391 74 10117 45 
1333 819 17 4325 31 379 74 23 1557 373 
374 1558 213 164 3855 4 28 2018 12 
451 84 77 752 74 1551 454 902 45 1108 4 208 31 28 235 1438 2 
17327 628 2 13 729 215 3968 219 1322 31 28 2975 21 28 3342 258 
23 16 1905 12 
1158 628 2 13 70 1158 30 21 282 12 35258 302 3558 12 853 12 590 12 
3583 2 13464 70 1158 30 21 
34542 130 3583 568 15 273 16 130 7627 12 111 45 2424 
15 1550 407 273 21 28 3342 258 23 28 16 1905 12 
1158 6843 31 451 35 77 752 4 184 1519 45 
1141 6496 45 1552 45 6815 45 8083 45 17 84 77 9145 
2968 4 12 5149 45 12 1284 45 347 12 7205 1519 12 72 38 1549 9 2968 2939 
407 1158 628 45 77 474 21 35624 20 49 6382 13448 12 
8395 412 164 3037 2573 21 66 28 3342 258 23 2 
3449 35258 
1162 7634 245 
28 3558 176 
19534 4433 45 20551 35625 
1620 1621 21832 248 448 345 
139 2 141 891 215 35626 219 35627 
51 2 141 891 215 35626 219 35628 
273 2 282 12 35258 302 3558 12 853 12 590 
2340 1915 164 2 
1551 454 902 45 1108 2 1550 31 1446 358 12 
1038 1535 902 45 1108 2 1555 31 473 347 9090 12 
247 1535 902 45 1108 2 1550 31 838 2975 12 
28 818 421 124 2697 21 108 74 3965 136 12 395 28 
418 31 28 818 421 45 9 1051 2404 18 2385 430 
67 28 1550 45 367 45 17 418 368 23 2 
6150 49 28 4442 31 2953 164 1357 125 28 
1051 2404 347 125 28 3342 258 12 
3449 
143 143 143 143 143 143 143 143 143 143 143 143 143 143 143 143 143 143 143 143 143 143 143 143 143 143 143 143 143 143 
632 2 332 45 135 607 3876 1535 2 147 2 1970 35629 
125 2 34431 302 34432 12 34433 12 1309 215 35259 747 12 3978 219 
21 2 16996 302 851 12 2497 12 1309 45 16978 143 514 302 34743 12 2497 12 1309 45 
627 2 1314 2 135 902 236 382 109 1329 3 
626 143 619 2 
1827 1324 49 451 
28 8863 236 382 109 1329 3 
1038 617 143 618 45 1108 
35630 45 35631 45 391 
28 8863 236 382 109 1329 3 
215 1513 143 1514 219 18 77 915 23 34433 176 4 35630 45 
35631 125 1038 617 21 1038 618 45 1108 12 1513 143 1514 124 774 143 200 
306 28 9537 1840 382 109 3348 3 
2019 215 6523 143 1514 219 45 17 28 2582 12813 468 
2184 2585 28 373 1182 12 28 1513 143 1514 839 
6382 3552 9 1894 517 31 1139 109 1038 617 215 1091 
4 1328 306 6523 143 1514 219 45 9 1333 839 34 2199 
125 1038 1257 1461 1038 336 45 17 9 517 31 1511 109 
1038 618 12 
764 164 1521 34 4268 8944 45 2013 45 
17 2114 3028 1086 4 195 1527 31 1329 
3 12 4 2001 45 451 125 1846 1124 215 240 12 913 12 45 
430 1149 45 4282 45 1990 863 219 34 
1987 306 362 1611 45 215 10264 143 219 1443 1162 
928 45 347 215 10264 143 219 1443 1162 2072 164 
1530 12 764 34 4268 28 1036 31 1329 
3 1362 21 1342 143 423 1440 164 2573 45 251 
222 764 84 5423 21 597 1148 31 1329 
3 45 3198 35632 1140 3 1362 347 
2716 28 9591 31 3568 1362 4 
2594 35633 8081 12 
412 1906 1549 644 2357 31 769 764 45 130 
505 130 9 39 31 769 361 455 407 1158 628 12 28 
133 2588 49 2357 164 2 
824 824 3536 628 824 824 824 824 4634 628 824 824 
34434 3978 397 1513 143 1514 34434 3978 397 1513 143 1514 
1617 31 1225 340 1617 31 1225 340 
323 35634 45 7960 167 4171 608 3083 4592 12 7785 
34433 176 1044 26566 45 5902 23 34433 
35630 45 18855 35635 391 35630 45 18855 35636 391 
29076 143 9840 143 35637 215 4634 628 2707 219 
764 1906 947 74 824 824 3391 333 45 1108 12 824 824 
473 2431 18 77 6282 74 824 824 1551 952 45 1108 12 824 824 
1556 143 1027 1322 18 77 137 74 824 824 134 1254 45 1108 12 824 824 
9 39 31 28 361 455 84 77 102 407 1158 628 
21 1513 1514 302 34432 12 34433 12 1309 74 824 824 3391 639 45 1108 824 824 215 817 
28 632 219 12 
28 361 455 84 35638 1320 4703 1550 45 4 
2001 21 528 102 1461 1158 628 12 28 361 
455 45 1404 28 1158 17 4703 6843 45 84 77 
7363 130 1528 2 
361 2 
365 215 204 219 306 16 215 5363 219 2 
2080 215 438 2744 446 219 2 
8816 2 
273 16 31 66 365 2 
139 140 31 66 365 2 
1123 1550 1198 215 72 9431 219 2 
28 361 455 84 77 35639 125 28 1119 6290 31 28 
358 12 28 1119 6290 84 1833 28 358 150 204 361 17 
2080 45 251 107 28 412 45 8816 45 347 66 
430 12 
28 1119 6290 215 9082 35639 361 455 45 251 1141 
3212 3191 222 130 361 45 2080 45 4167 45 6317 45 
17 2076 219 31 9 1550 1906 107 9144 824 824 609 824 824 449 
7363 130 1528 2 618 776 6298 45 1371 143 6292 
215 35640 653 0 12 35641 6296 347 0 12 35642 9554 219 45 9 446 
2606 143 455 549 2930 31 729 12 729 6296 215 135 12 1529 9554 219 45 17 9 446 
2606 143 455 549 8148 31 248 12 729 4 215 264 9554 219 12 72 28 1176 20843 
34 9 1550 835 7276 3908 6296 347 35643 3908 
20855 215 1389 618 3424 45 1371 1462 4635 219 45 111 28 
1550 18 77 527 308 367 45 17 70 
6827 18 77 1866 21 28 365 215 204 219 12 764 
306 549 109 1404 8128 31 1320 455 164 2573 12 
49 2974 1550 2584 45 130 505 130 430 
109 387 45 5812 45 1511 45 17 1139 45 450 
347 13 273 21 
1513 1514 302 34432 12 34433 12 1309 12 
143 143 143 143 143 143 143 143 143 143 143 143 143 143 143 143 143 143 143 143 143 143 143 143 143 143 143 143 143 143 
632 2 1015 45 609 607 3876 336 2 454 2 2992 2655 
125 2 4789 302 10086 12 10087 12 10088 12 10089 
21 2 1307 143 110 302 851 12 1308 12 1309 
635 2 4789 302 10086 12 10087 12 10088 12 10089 
627 2 1324 49 936 2403 
626 143 619 2 
1324 49 936 2403 
8863 236 382 109 1329 3 
1038 618 45 1108 
1446 17 1894 517 1511 18 77 915 109 978 45 1038 618 45 
1108 235 28 1333 839 31 28 8863 
236 382 109 1329 3 215 1513 143 1514 219 12 
936 2403 164 1521 4 195 1527 31 1329 3 12 
936 209 18 77 1403 21 4292 49 28 1119 1513 143 1514 
382 12 161 18 77 70 4148 578 49 936 2257 12 
2403 49 1511 84 77 9 446 31 754 215 827 219 449 
4 447 45 17 84 2586 2 
322 9 936 361 12 
322 9 1333 1334 31 28 936 17 542 1434 12 
322 70 6827 31 953 28 936 124 1383 31 1543 
21 28 1329 3 1132 12 
322 9 1334 31 28 936 1519 45 1141 1521 3066 45 
1138 45 17 2411 1849 12 81 1833 28 447 31 
92 3041 49 28 936 17 9 1464 420 12 
322 9 1334 31 28 367 17 358 1326 368 34 
18 77 5038 12 
322 28 2587 45 3133 17 273 2588 45 17 139 2589 31 
28 936 2582 45 833 826 31 28 1176 17 397 347 
1388 936 66 12 
322 9 1464 9081 45 72 184 45 109 936 2257 12 
322 9 110 31 775 17 397 347 1086 1536 34 548 4 28 
2088 17 3196 77 1891 4 5827 28 1464 936 
215 68 110 87 107 77 413 4 28 827 455 9081 219 12 
81 13 936 2403 17 1846 2623 45 9145 
74 1158 628 4 651 654 549 45 21 2 
10280 4789 
936 1176 
273 2 4789 302 10086 12 10087 12 10088 12 10089 
403 1086 2022 45 1285 35644 
35645 35646 1490 45 204 12 781 12 
8021 45 151 12 1219 12 35647 143 35648 391 
2403 84 77 102 130 1028 130 261 45 251 1906 77 293 
74 511 644 45 250 12 1555 31 473 347 9090 18 
77 6282 21 28 6018 74 3391 448 45 1108 12 1836 31 
378 1511 18 77 869 1357 407 28 423 143 759 2298 215 450 
16 1905 219 12 2582 31 378 1511 18 77 2134 
49 1196 17 2615 9 1324 49 451 17 832 
49 769 1511 12 28 1513 143 1514 1511 1176 1432 9 39 31 
1320 378 936 1314 74 3391 639 45 1108 49 5680 109 
28 1513 143 1514 1051 2404 12 28 1326 31 451 45 196 45 17 
411 936 3995 9210 222 130 28 2358 31 
1556 143 1027 39 31 28 936 401 164 28 10108 
31 28 936 2582 12 1513 143 1514 18 77 2134 49 1430 
1043 215 7 12 240 12 45 1889 45 7748 219 45 6185 31 936 
387 388 45 17 2871 17 2531 31 28 936 
401 12 1513 143 1514 18 5733 936 2582 
49 2348 17 864 875 215 240 12 913 12 45 190 49 4440 
1556 143 1027 401 45 586 219 12 
1540 1534 
1550 31 936 2403 2 511 644 45 250 
1555 31 473 347 9090 2 3391 448 45 1108 
378 936 11161 137 2 3391 639 45 1108 
1556 143 1027 401 137 2 229 1304 45 1108 215 8173 219 
1511 2 1038 618 45 1108 
959 1832 430 109 28 1511 17 1513 143 1514 229 77 
275 23 28 1513 143 1514 2298 2404 2 
143 143 143 143 143 143 143 143 143 143 143 143 143 143 143 143 143 143 143 143 143 143 143 143 143 143 143 143 143 143 
75 31 1307 143 110 9660 1783 
824 824 824 824 824 824 824 824 824 824 824 824 824 824 824 824 824 824 824 824 824 824 824 824 824 824 824 824 