Subject: 1971 2387 1170 1524 
1971 2387 1170 1524 215 231 65571 231 219 2628 
429 38669 335 
5681 31 6642 
215 648 219 597 
215 648 9 219 1919 
215 648 167 219 5883 
215 648 1219 219 514 
215 144 219 367 
215 144 9 219 4118 648 143 65572 143 19785 143 298 2387 37738 9591 470 6456 302 1051 12 65571 12 2426 472 
215 144 167 219 1324 49 4307 397 375 
215 827 219 66 430 
215 648 219 597 
215 648 9 219 1919 
28 2918 31 28 65571 124 21 1121 1122 255 1891 4 28 3260 54209 17 14024 253 423 31 385 317 28 1971 12 65571 124 1351 130 70 3558 9827 21 255 31 195 1124 12 65571 2529 9 1855 31 530 1184 21 542 389 45 222 130 2 
3358 9 5036 6816 49 1369 12 2048 389 35 2188 125 1320 411 4 9 16168 17 6398 2565 45 19798 161 124 1379 21 28 1971 12 
10652 9 2298 2404 45 540 7924 9 990 140 31 255 21 4691 1461 461 17 48911 16825 12 
419 164 3559 148 49 2387 9622 215 68 3552 20540 1369 193 219 21 152 3867 347 220 4307 12 
13671 261 419 18 4618 21 16319 1825 38441 49 3867 17 1184 12 
17 43273 161 124 959 21 65571 1032 274 28 1971 193 28 65571 124 9 37687 8437 869 964 74 20 150 204 12634 8896 1170 6816 12 
215 648 167 219 5883 
670 3981 10998 21 20902 17 10999 12 46 38 49 195 15 95 17 6842 12 
670 1424 49 294 133 110 1237 10998 12 
215 648 1219 219 514 
65571 124 1960 109 9623 1430 6191 17 16849 3588 12 
65571 124 65 1960 109 277 34 187 11001 670 1524 21 8 37450 14464 12 
65571 187 435 21 1548 70 1516 48507 12 
130 28 65571 10998 21 10999 45 161 18 77 959 4307 45 317 1170 466 12 
20 150 204 70 2494 92 21 77 70 65571 1825 12 
215 144 219 367 
215 144 9 219 4118 648 143 65572 143 19785 143 298 2387 37738 9591 470 6456 302 1051 12 65571 12 2426 472 
38 947 3314 306 15 294 1225 12 474 45 20 20725 189 392 648 45 6255 45 251 38 8 20 195 143 143 762 65573 6612 45 61061 31 62385 45 65574 31 65575 16995 12 2358 124 9 47664 12 130 26 6336 38 4 28 13039 45 5820 9895 445 4334 208 185 12 38 6482 195 28 4441 45 6526 20 109 17 3212 124 7990 143 38 164 47 8785 31 1897 12 
524 1892 38 3042 21 2596 53692 1440 17 20371 408 52804 26820 12 181 91 1237 25863 347 42851 58 65576 306 8694 120 12 130 1397 45 38 12543 60012 954 1413 21 6608 20 3192 45 251 68 92 21 359 41435 12 111 208 517 45 3835 274 121 28 42980 2199 499 45 20 9181 1960 12 179 38 41648 45 38 450 9 65577 1409 626 34 970 541 67 4215 45 347 61055 45 347 91 222 3203 12 
6463 38 150 587 12543 9 356 31 92 49150 3510 17 13351 306 15 1225 150 204 65578 143 251 72 38 439 150 440 8 28 92 347 28 12157 45 38 150 587 23472 28 49670 3192 21 28 2662 2964 17 4293 954 49 769 2620 143 64 231 5991 231 10861 504 12 111 38 150 587 63 231 959 231 21 36 20 2205 12 20 150 204 4142 435 443 34 38 87 4118 648 143 65572 143 19785 12 
4118 648 143 65572 143 19785 74 4118 648 143 2387 37738 425 2858 1375 474 34 15 7748 124 6572 17 1960 12 1397 38 432 2354 109 9 1237 53205 21291 56540 45 4118 648 143 65572 143 19785 55452 28 65579 109 19790 8223 45 4 68 279 9 984 4215 65580 4 1119 4215 12 
10951 10652 384 65581 28 1479 2585 8223 17 1237 12 179 9 839 4694 21 1379 9 3845 45 4215 347 2741 45 8694 37773 28 3214 12 591 5615 2950 2949 38 34 26 164 7823 28 8223 45 251 26 35 150 440 93 2949 72 28 1021 5706 306 28 8223 45 28 1237 34 18560 20 347 8694 12 4118 648 143 65572 143 19785 34833 28 1021 74 13187 28 2100 10652 408 12 
28 839 4334 109 9 9956 19855 17 3894 542 2745 5455 21064 10652 408 17 19646 53422 12 179 20 2199 9693 45 7289 7258 2585 37 17 28 2387 8223 12 4118 648 143 65572 143 19785 35 485 18537 37305 45 52233 45 42924 17 4215 45 3801 37 9 47806 11061 17 103 38 2428 26 6821 65582 12 
7808 45 68 35232 3547 9591 1537 6388 8223 65583 1032 4341 10861 2950 143 143 86 20 8202 34833 28 19337 18192 34 35 77 2900 179 1237 7985 4 28 185 12 179 20 926 2385 9 1021 306 15 7748 45 38 35 77 9675 34 20 124 9697 65584 28 408 17 1476 28 5499 182 21 28 2964 12 179 4118 648 143 65572 143 19785 2258 28 195 2603 45 20 124 12382 21 6132 34 28 421 124 9 1237 347 41192 208 12 
49 28 34528 12977 45 4118 648 143 65572 143 19785 2199 9 6224 31 773 8223 4190 12 20 15608 306 28 56505 17 217 23 28 9726 45 547 65585 45 32929 35458 17 1342 92 18573 12 125 161 45 20 12691 1461 9 155 31 1156 17 12661 17 4097 9693 45 17 12204 28 1156 65586 1948 12 121 34 45 1852 17 40453 42924 45 9956 17 584 37305 17 1119 4215 164 1853 1461 769 65587 12 
208 13350 31 542 532 2861 124 34 4118 648 143 65572 143 19785 8808 65588 125 6203 1119 4215 21 12095 1119 4215 17 111 182 120 109 5820 6821 12 876 195 31 1119 4215 124 7811 12 359 411 37738 35 220 68 86 26 8 21 65589 9 762 13177 31 20 7997 12 121 6218 306 9 4322 31 3044 4215 45 4118 648 143 65572 143 19785 1537 109 15 2387 17 542 2179 12 20 2932 9 1508 5680 306 9 4572 6821 347 7223 49 1320 9677 12 72 3212 4190 499 45 38 8 28 13813 31 11891 34 15 2387 150 204 65590 164 9 143 673 12 
28 8366 1931 150 440 6132 34 38 164 34528 12977 12 21 1853 20 45 38 6526 2354 15 2387 45 198 28 4118 648 143 65572 143 19785 11925 4 28 9956 3845 9 17 6526 15 2387 109 12 28 8204 41648 59519 17 10652 408 12261 15 2387 17 111 8808 2199 195 28 9693 45 306 359 1170 37739 72 38 435 12 28 9693 439 150 440 47661 184 408 8081 45 259 837 9 4346 35 572 20 308 228 31 312 15559 12 611 121 729 143 848 1614 17 28 2385 18 77 1027 12 
161 124 959 21 2387 1021 8436 1032 9 456 8223 4322 45 251 72 38 35 150 440 220 34 45 38 35 12543 9 356 31 92 148 1389 28 6459 18439 12 
96 31 195 45 4118 648 143 65572 143 19785 124 45801 306 359 8134 109 542 572 347 2397 259 38 93 35 150 440 521 6459 3801 20 9 4618 12 
470 6456 15 298 2387 10861 302 1051 12 65571 12 2426 472 
215 144 167 219 1324 49 4307 397 375 
419 164 3559 148 49 1825 535 109 294 2387 17 2074 3867 21 367 12 17 419 65 1843 389 21 1549 769 8366 4307 12 
215 827 219 66 430 
13245 2469 302 65571 12 2426 
35233 65591 302 65571 12 2426 
65592 1236 302 65571 12 2426 
3981 1051 12 65571 12 2426 
16 65571 64859 2393 37119 12 9832 794 38255 45 3170 64430 
139 215 21066 219 65593 143 65594 
51 215 21066 219 65593 143 65594 
215 1219 219 136 143 1082 1971 2387 1170 1524 12 195 13124 5836 12 
38 8 293 68 240 143 628 2628 130 9 966 31 15 387 21 28 
65571 12 38 229 955 68 240 143 628 2628 504 23 184 92 74 50 70 
240 143 628 21 110 143 9253 302 65571 12 2426 12 28 627 1479 17 626 
6290 164 107 576 4 574 28 3214 45 17 35 77 2423 38 435 12 
49 959 430 109 28 65571 81 1981 1050 2 397 397 1051 12 65595 12 2426 397 