Subject: 1 2 
5641 707 21 3007 45 1645 5642 2786 4841 
5604 5605 
143 143 143 143 143 143 143 143 143 143 143 143 143 143 143 143 143 143 
23 338 2 609 653 1773 653 1773 646 397 729 397 335 141 624 45 38 101 2 
41 2748 1925 12 5605 45 
41 
41 5643 905 2744 1514 5644 2 2294 5645 897 5557 746 21 5646 
689 1642 1082 12 
41 
41 14 912 
41 
41 1760 1222 
41 
41 5614 101 2 
41 
41 41 721 3120 21 3007 691 734 5602 5603 747 1194 5647 
41 41 
41 41 5604 5605 
41 41 143 143 143 143 143 143 143 143 143 143 143 143 143 143 143 143 143 
41 41 23 336 2 4303 653 1269 0 653 1773 952 397 729 397 335 141 624 45 38 101 2 
41 41 41 653 1219 648 653 240 827 653 240 648 653 1269 0 653 240 248 653 1269 644 653 1095 653 5596 653 240 648 12 653 1219 144 653 666 653 1269 827 653 5048 653 240 1257 653 1774 653 240 644 653 666 653 1269 729 45 
41 41 41 
41 41 41 282 653 240 729 653 240 648 653 1269 729 653 1269 644 653 1095 653 1269 644 653 240 248 653 5048 653 240 729 653 1269 0 653 240 1257 653 1269 827 653 1269 644 653 666 653 4524 653 1095 653 1773 653 666 653 1269 729 653 240 617 653 240 648 653 1095 653 240 617 653 240 729 653 4524 653 240 648 653 5048 653 240 648 653 1269 827 653 240 648 653 1269 144 653 240 729 653 5048 653 240 248 653 1773 653 240 729 653 1269 648 653 5598 653 1269 827 653 1269 1257 653 240 827 653 240 1257 653 240 648 653 1269 644 653 240 248 653 240 644 653 240 1257 653 666 653 1269 648 653 240 827 653 1774 653 5048 653 1269 1257 653 1269 827 653 240 248 653 1269 644 653 666 653 1269 729 
41 41 41 653 240 617 653 240 729 653 1269 648 653 240 1257 653 5048 653 666 653 5599 653 1269 827 653 1269 248 653 666 653 4524 653 240 729 653 4523 653 666 653 1269 729 2 243 203 5606 1611 215 1642 653 1822 219 45 
41 41 41 653 1773 653 240 729 653 240 617 653 5554 653 1773 653 240 648 231 653 635 653 240 248 653 1269 248 653 240 648 653 5048 653 240 1257 653 5596 653 1095 653 635 653 1774 653 240 617 653 240 248 653 1269 827 653 240 248 653 5596 653 240 648 653 240 1257 653 1219 729 653 1269 448 653 240 648 653 1269 648 653 1773 653 666 653 240 827 653 5554 653 1269 144 231 45 653 1269 644 653 666 653 666 653 1269 0 653 666 653 4523 653 666 653 1269 0 653 240 1257 653 240 617 653 240 648 653 5048 653 5600 653 5048 653 5048 653 240 648 653 240 729 653 5048 653 240 644 653 240 1257 653 240 648 653 1269 448 653 5554 653 1269 648 653 240 729 653 240 1257 
41 41 41 653 1269 644 653 666 653 1269 729 653 1269 144 653 1269 448 653 666 653 240 1257 653 1269 644 653 240 248 653 1269 644 653 5554 653 1269 144 653 1269 827 653 240 648 653 1269 144 653 1269 827 653 1269 644 653 666 653 635 653 240 729 653 1269 644 653 240 648 653 1269 0 653 1269 644 653 1269 729 653 1269 248 653 240 1257 653 240 648 653 5596 653 5600 653 1269 644 653 1773 653 1095 653 1773 653 240 648 2 
41 41 41 231 653 1219 144 653 240 648 653 1269 827 653 240 1257 653 5596 653 1095 653 5596 653 240 648 653 240 1257 653 1219 729 653 1269 448 653 240 648 653 1269 648 653 1773 653 666 653 1269 827 653 1773 653 5554 653 5048 653 240 248 653 1219 827 653 5048 653 1269 1257 653 1269 827 653 240 1257 653 240 648 653 5596 653 1095 653 1219 729 653 1269 0 653 240 1257 653 1269 827 653 1269 644 653 1095 653 1773 653 240 248 231 
41 41 41 
41 41 41 653 151 644 653 666 1642 653 1822 653 240 644 653 240 1257 653 666 653 1269 648 653 240 827 653 240 648 653 5048 653 5598 653 5048 653 240 729 653 1269 644 653 240 648 653 240 1257 653 240 648 653 1269 0 653 5600 653 1269 644 653 240 248 653 5048 653 1219 729 653 4524 653 4524 653 240 248 653 5048 653 240 1257 653 5596 653 1095 653 1219 729 653 1269 644 653 240 648 653 240 1257 653 1269 648 653 240 729 653 4523 653 240 648 653 151 644 653 240 729 653 1269 248 653 5048 653 240 248 653 1269 644 653 1095 653 1269 144 653 3992 653 666 653 240 248 653 1773 653 666 653 1269 827 653 5599 653 5048 653 240 248 653 1269 144 
215 653 1219 729 653 1219 729 653 151 644 653 3992 219 
41 41 41 653 1269 827 653 240 729 653 1269 827 653 1269 729 653 5048 653 240 729 653 1269 648 653 240 827 653 240 648 653 1269 827 653 4523 653 240 648 653 1773 653 240 729 653 1269 644 653 240 248 653 5048 653 1219 729 653 1269 729 653 1269 648 653 1269 1257 653 1269 0 653 240 648 653 5601 653 5596 653 1095 653 151 827 653 1269 729 653 5048 653 1269 644 653 666 653 5048 653 240 1257 653 1269 827 653 1269 644 653 240 1257 653 5596 653 1095 653 1219 729 653 1269 0 653 240 1257 653 1269 644 653 1269 648 653 666 653 1269 0 653 1095 653 151 644 653 240 729 653 1269 248 653 5048 653 240 248 653 1269 644 653 1095 653 1269 144 653 3992 653 666 653 240 248 653 1773 653 666 653 1269 827 653 5599 653 5048 653 240 248 653 1269 144 
41 41 41 215 1085 2479 756 31 1610 1611 143 1757 219 12 653 5597 
653 1269 644 653 5600 653 1269 0 653 666 653 1269 144 
41 41 41 653 240 644 653 240 1257 653 240 729 653 2536 653 240 648 653 240 827 653 1269 1257 653 240 827 653 1095 653 1269 144 653 1269 644 653 666 653 1269 729 653 1269 827 653 1269 248 653 666 653 4524 653 240 729 653 4523 653 666 653 1269 729 653 240 729 653 4523 653 5048 653 240 648 653 240 1257 653 1269 644 653 666 653 635 653 240 729 653 1269 827 653 666 653 240 827 653 240 729 653 240 1257 653 240 648 653 5596 653 5600 653 1219 648 653 240 827 653 1269 648 653 666 653 5048 653 666 653 1773 653 240 1257 653 5596 653 5600 653 1219 1257 653 5048 653 1269 827 653 1269 644 653 240 1257 653 1269 644 653 666 653 5599 653 1269 644 653 666 653 151 248 653 240 648 653 5048 653 4523 653 1269 1257 653 5048 
41 41 215 653 635 653 1219 648 653 1219 1257 653 151 248 219 45 
41 41 41 
41 41 41 653 3815 653 1269 648 653 1095 653 1269 644 653 240 248 12 653 151 644 653 666 1642 653 1822 653 240 617 653 240 648 653 240 644 653 240 1257 653 240 729 653 2536 653 240 648 653 1269 248 653 240 617 653 240 729 653 4523 653 240 648 653 1269 0 653 5600 729 653 5554 653 1269 1257 653 1269 144 609 653 1219 1257 653 666 653 1269 729 653 4524 653 4523 653 666 653 1269 729 335 12 
41 41 41 
41 41 41 653 151 0 653 240 729 653 1269 648 653 240 1257 653 1269 827 653 1269 827 653 5600 653 1269 644 653 240 729 653 1269 648 653 240 729 653 1269 144 653 1269 0 653 4524 653 240 248 653 1269 648 653 666 653 1269 448 653 666 653 1269 648 653 4523 653 240 729 653 1269 144 653 240 827 653 240 1257 653 240 648 653 1269 644 653 666 1642 653 1822 653 1773 653 1269 0 653 666 653 1269 648 653 240 729 653 4523 653 1269 644 653 240 729 653 5048 653 240 648 653 1269 0 653 1774 653 1269 648 653 240 729 653 1269 644 653 240 729 653 240 648 653 1269 0 653 5600 653 1269 644 653 666 2739 2 
41 41 41 1050 2 397 397 1051 12 1243 12 320 12 350 397 2478 397 1654 397 1642 1082 
41 41 41 
41 41 41 653 151 644 653 666 1642 653 1822 653 240 617 653 240 648 653 240 648 653 1269 0 653 666 653 1269 644 653 240 729 653 4524 653 240 729 653 4523 653 1269 644 653 240 648 653 240 1257 653 240 648 653 1269 0 653 5600 653 240 644 653 240 1257 653 240 648 653 4524 653 5554 653 2536 653 240 729 653 240 1257 653 1269 144 653 240 644 653 240 1257 653 240 648 653 5596 653 240 729 653 5596 653 1269 648 653 240 1257 653 1773 653 5554 653 5048 653 1269 1257 653 5048 653 666 653 1773 653 240 1257 653 4524 653 240 248 653 1269 644 653 5598 653 5048 653 1269 827 653 240 729 653 240 144 653 240 648 653 1269 827 653 240 1257 653 5596 653 1774 
41 41 41 653 240 617 653 5554 653 1773 653 240 648 653 1269 644 653 240 648 653 635 653 240 248 653 1269 248 653 240 648 653 5048 653 240 1257 653 5596 653 1095 653 1269 144 653 635 653 1774 653 240 617 653 240 248 653 1269 827 653 240 248 653 1269 144 45 1511 653 1269 827 653 240 729 653 240 729 653 1269 448 653 240 648 653 1269 648 653 1773 653 666 653 240 827 653 5554 653 1269 144 653 1269 644 653 240 248 653 1269 144 653 635 653 240 248 653 1269 248 653 240 648 653 5048 653 240 1257 653 5596 653 1095 653 1269 144 653 635 653 1774 653 240 617 653 240 248 653 1269 827 653 240 248 653 1269 144 45 
41 41 41 653 1269 827 653 1269 729 653 5048 653 240 729 653 240 644 653 1269 648 653 4523 653 240 729 653 1269 144 653 240 827 653 240 1257 653 240 648 653 1269 0 653 240 648 653 1269 648 653 666 653 1269 729 653 1269 827 653 4523 653 240 648 653 1269 827 653 240 248 653 1269 644 653 666 653 1269 729 653 5554 653 1269 648 653 240 827 653 666 653 1269 729 653 1269 448 653 666 653 240 1257 653 1269 644 653 240 248 653 1269 644 653 5598 653 5048 653 5596 653 240 648 653 240 1257 653 240 648 653 5048 653 666 653 240 1257 653 5596 653 1269 644 653 5554 653 1269 144 653 1269 827 653 1269 729 653 240 448 653 240 248 653 1269 644 653 1095 653 1269 827 653 240 729 653 240 1257 653 1269 144 653 240 827 653 240 1257 653 240 648 653 1269 644 653 666 
41 41 41 653 1269 0 653 240 648 653 1269 648 653 5600 653 5048 653 5596 653 240 648 653 240 1257 653 1269 644 653 666 653 1773 653 5554 653 4524 653 4524 653 666 653 5048 653 1269 644 653 240 248 653 1269 144 653 5554 653 1269 648 653 240 729 653 1269 729 653 5048 653 240 648 653 1269 144 653 5596 653 240 648 653 240 1257 653 1269 644 653 1269 1257 653 5048 653 240 729 653 1269 448 653 240 648 653 1269 648 653 1773 653 666 653 240 827 653 5598 653 5048 653 1269 644 653 240 248 653 1269 144 653 635 653 240 248 653 1269 248 653 240 648 653 5048 653 240 1257 653 5596 653 1095 653 1269 144 653 635 653 1774 653 240 617 653 240 248 653 1269 827 653 240 248 653 1269 144 12 
41 41 41 653 1219 729 653 1269 0 653 240 1257 653 1269 827 653 1269 729 653 5048 653 1774 653 1269 0 653 1269 644 653 240 729 653 1269 644 653 240 648 653 240 1257 653 1269 827 653 240 729 653 1269 827 653 1269 729 653 5048 653 666 653 1269 0 653 1269 644 653 240 1257 653 5596 653 1095 653 1773 653 666 653 1269 648 653 1269 448 653 1095 653 1269 644 653 666 653 1269 0 653 1269 648 653 5600 653 240 827 653 1269 648 653 240 648 653 1773 653 1773 653 240 648 653 1269 644 653 666 653 1269 729 653 1269 827 653 1269 248 653 666 653 4524 653 240 729 653 4523 653 666 653 1269 729 12 
41 41 41 
41 41 41 653 151 827 653 1269 644 653 666 653 1269 827 653 1269 248 653 666 653 4524 653 240 729 653 4523 653 666 653 240 648 653 5048 653 240 648 653 1773 653 5554 653 5048 653 240 729 653 1269 644 653 240 648 653 240 1257 653 5048 653 240 648 653 1269 827 653 1269 729 653 1773 653 1773 653 240 729 653 1269 644 653 5554 653 1269 248 653 666 653 1269 729 653 5048 438 143 1877 653 240 729 653 1269 648 653 240 729 653 1269 729 653 5048 653 240 248 653 1269 644 653 5554 653 1269 144 45 653 1773 653 240 729 653 1269 644 653 240 648 653 1269 0 653 1269 644 653 1269 729 653 1269 248 653 240 1257 653 240 648 653 5596 653 666 653 4523 
653 1269 448 653 666 653 240 1257 653 1269 644 653 240 248 653 1269 644 653 5554 653 1269 144 
41 41 41 653 240 648 653 4524 653 4524 653 1774 653 5596 653 240 648 653 240 1257 653 240 729 653 1269 0 653 240 648 653 240 827 653 240 827 653 240 729 653 4524 653 1773 653 240 648 653 1269 644 653 4523 653 240 729 653 1269 144 653 5596 653 240 648 653 240 617 653 5598 653 1269 144 653 1269 644 653 240 648 653 1269 644 653 240 729 653 4524 653 240 729 653 1269 729 653 1269 644 653 240 648 653 4523 653 240 648 653 1269 248 653 1269 648 653 5600 653 5048 653 240 1257 653 240 648 653 1269 0 653 240 648 653 1269 648 653 240 648 653 1269 644 653 240 248 653 1269 648 653 240 729 653 4523 653 1269 644 653 240 648 653 240 1257 653 1269 827 653 240 248 653 1773 653 240 648 653 5048 653 1269 644 653 240 1257 653 5596 653 1095 
41 41 41 653 240 644 653 1269 648 653 240 648 653 1269 827 653 1269 644 653 240 248 653 1269 648 653 240 1257 653 5600 653 1269 644 653 240 248 653 1269 644 653 240 648 653 1269 827 653 1269 644 653 240 248 653 1269 248 653 1269 648 653 1095 653 1269 827 653 240 248 653 1269 644 653 240 248 653 1269 144 653 1773 653 240 248 653 1269 248 653 240 648 653 5048 653 240 1257 653 5596 653 1095 653 1269 144 653 1773 653 1774 653 240 617 653 240 248 653 1269 827 653 240 248 653 1269 144 653 1269 827 653 240 729 653 666 653 240 1257 653 5596 653 666 653 5048 653 666 653 1773 653 240 1257 653 5596 653 5554 653 1269 144 45 653 240 729 653 1773 653 1269 0 653 666 653 1269 648 653 240 1257 653 5596 653 5554 653 1269 144 45 
41 41 41 653 240 1257 653 240 648 653 1269 644 653 1269 648 653 240 1257 653 5596 653 5554 653 1269 144 45 653 240 644 653 240 1257 653 666 653 240 1257 653 5596 653 240 248 653 1269 644 653 240 1257 653 5596 653 5554 653 1269 144 45 653 1269 0 653 666 653 4524 653 240 1257 653 1269 644 653 240 1257 653 1269 827 653 1773 653 240 1257 653 5596 653 5554 653 1269 144 653 5596 653 240 648 653 240 1257 653 240 144 653 240 1257 653 666 653 1773 653 240 248 653 1269 248 653 240 648 653 5048 653 240 1257 653 5596 653 5554 653 1269 144 653 240 729 653 1269 448 653 240 648 653 1269 648 653 1773 653 666 653 240 827 653 5554 653 1269 144 45 653 5596 653 1774 653 1269 644 653 240 1257 653 1269 0 653 666 653 1269 729 
41 41 41 653 240 648 653 1269 0 653 666 653 240 644 653 240 729 653 240 1257 653 5596 653 5048 653 5599 653 240 729 653 1269 644 653 240 648 653 240 1257 653 5596 653 240 648 653 240 1257 653 240 648 653 1269 0 653 5600 653 1269 644 653 240 648 653 1269 827 653 1269 248 653 240 729 653 1269 644 653 240 1257 653 5596 653 1774 1511 653 1269 0 653 666 653 1269 729 653 240 644 653 240 1257 653 666 653 1269 648 653 240 827 653 240 648 653 5048 653 5598 653 5048 653 666 653 5048 653 1269 644 653 240 648 653 240 1257 653 1269 827 653 1269 644 653 240 648 653 1269 0 653 4524 653 240 648 653 4523 653 1269 827 653 240 1257 653 240 648 
41 41 41 653 1269 644 653 666 653 1269 729 1642 150 1082 12 
41 41 41 
41 41 41 653 151 0 653 240 648 653 1269 648 653 240 648 653 5596 653 240 648 653 4524 653 666 653 5599 653 1773 653 240 729 653 5600 653 1269 0 653 1269 1257 653 1269 144 653 240 729 653 5048 653 240 248 653 1773 653 240 729 653 1269 648 653 5598 653 1269 827 653 240 729 653 1269 644 653 240 729 653 1269 644 653 666 653 1269 729 653 1269 144 653 1269 448 653 666 653 240 1257 653 1269 644 653 240 248 653 1269 644 653 5554 653 1269 144 653 1269 644 653 666 653 1269 729 653 1773 653 240 729 653 1269 644 653 240 648 653 1269 0 653 1269 644 653 1269 729 653 1269 248 653 240 1257 653 240 648 653 5596 653 666 653 5599 653 1269 827 653 240 648 653 1269 144 653 1269 644 653 1773 653 1095 653 1773 653 240 648 653 1269 644 653 666 653 1269 144 
41 41 41 653 240 827 653 240 1257 653 240 648 653 1269 644 653 240 248 653 240 644 653 240 1257 653 240 729 653 2536 653 240 648 653 240 827 653 1269 1257 653 240 827 653 1095 653 1269 644 653 666 653 1269 729 653 240 617 653 240 729 653 1269 648 653 240 1257 653 5048 653 666 653 5599 653 1269 827 653 1269 248 653 666 653 4524 653 240 729 653 4523 653 666 653 1269 729 45 653 5596 653 240 648 653 240 617 653 5598 653 1269 144 653 5596 653 240 648 653 240 1257 653 5600 653 1269 0 653 1269 1257 653 1269 144 653 240 729 653 2536 653 240 729 653 1269 644 653 1774 653 1269 827 653 240 729 653 1269 644 653 240 729 653 1269 644 653 240 248 
653 240 644 653 1269 729 653 5048 653 240 648 653 1269 644 653 5600 653 1269 644 653 240 248 653 1269 644 653 240 648 
41 41 41 653 666 653 240 1257 653 5596 653 666 653 5048 653 666 653 1773 653 240 1257 653 5596 653 1095 653 1269 144 653 240 729 653 5048 653 4523 653 1269 827 653 1269 248 653 1269 729 653 1269 827 653 240 248 653 1269 144 653 1269 644 653 1269 1257 653 5048 653 1269 448 653 666 653 240 1257 653 1269 644 653 240 248 653 1269 644 653 5598 653 5048 653 1269 0 653 666 653 1269 729 653 240 617 653 240 648 653 1095 653 240 617 653 240 729 653 4524 653 240 648 653 5048 653 5048 653 240 648 653 240 729 653 1269 0 653 1269 1257 653 1269 448 653 240 729 653 4524 653 240 248 653 240 617 653 666 653 5599 653 5048 653 240 648 653 1269 0 653 5600 653 1269 644 653 240 248 
41 41 41 653 240 644 653 240 1257 653 666 653 1269 648 653 240 827 653 1774 653 5048 653 1269 1257 653 1269 827 653 240 248 653 240 648 653 1269 729 653 1269 644 653 666 653 5599 653 1269 644 653 666 653 1269 729 653 1269 827 653 240 248 653 1773 653 240 648 653 5048 653 1269 644 653 240 1257 653 5596 653 666 653 5599 653 240 827 653 240 729 653 240 827 653 666 653 5048 653 5600 653 1269 644 653 666 653 1269 144 653 1269 827 653 1269 644 653 240 248 653 1269 248 653 5598 653 1269 648 653 240 648 653 1773 653 240 648 653 1269 144 12 
41 41 41 
41 41 41 653 1219 729 653 5596 653 1773 653 5554 653 1269 648 653 666 653 1269 729 653 1269 144 653 1269 644 653 240 248 653 1269 144 653 666 653 1269 648 653 240 827 653 240 648 653 5048 653 1269 1257 653 1269 644 653 240 1257 653 5596 653 1095 653 1269 144 653 240 729 653 1269 0 653 240 1257 653 1269 644 653 1269 648 653 666 653 1269 0 653 1095 653 1269 144 45 
41 41 41 653 5597 653 1269 0 653 1269 648 653 5600 653 240 729 653 240 644 653 1269 648 653 666 653 1269 144 
41 41 41 653 1219 644 653 1269 648 12 653 3815 653 1269 1257 653 5048 653 1269 827 653 1269 644 653 240 648 653 5048 653 1269 644 653 4523 653 5048 653 666 653 1269 144 653 1219 644 12 653 151 827 653 1269 0 653 1269 729 653 1269 648 653 5600 653 1269 0 653 666 653 1269 729 653 4524 653 666 653 1269 144 
41 41 41 2859 4088 2 1219 2 4089 4090 4089 1903 4089 1116 12 5607 
41 41 41 
41 41 5604 5605 
41 41 2084 31 5608 
41 41 176 31 267 
41 41 1617 31 5609 17 5610 31 340 
41 41 1808 5580 5611 2464 45 267 3362 608 45 268 
41 41 1068 397 51 2 141 454 143 648 143 5612 45 51 2 141 454 143 648 143 5613 45 240 143 628 2 5614 302 3448 12 350 
41 
41 2859 4088 2 1219 2 4089 4090 4089 1903 4089 1116 648 12 5607 
41 
41 2859 4088 2 1219 2 4089 4090 4089 1903 4089 5557 12 5607 
41 