Subject: 470 9792 472 39162 2 9 8363 21 39163 215 17425 30 219 
470 595 125 28 9345 245 49 3229 2636 133 110 
306 6169 31 1193 12 9 12 39164 143 39165 472 
9345 6626 4 3229 2636 215 39162 219 
21 2 39162 1524 
125 2 1193 12 9 12 39164 
9 8363 21 39163 215 17425 30 219 
143 143 143 143 143 143 143 143 143 143 143 143 143 143 143 143 143 143 143 143 143 143 143 143 143 
28 1335 373 39166 8 39167 9 39168 13538 4 28 
572 31 11107 143 371 1362 4 9 759 1855 31 561 
39169 109 1447 31 1475 143 1476 4 70 9114 31 
4693 17 39170 31 430 12 
1926 31 11107 2019 8 772 39171 12 251 515 
124 107 8815 4726 124 34 1926 31 11107 2019 5538 
9 10092 36296 143 143 28 10059 21 8136 109 515 229 77 
52 10879 143 371 430 12 222 430 124 39172 
74 28 235 12 6132 34 7 933 23 9 323 233 18433 31 
2119 13522 17 486 28 11643 2 215 9 219 161 164 67 13978 
18433 158 215 167 219 508 164 762 158 17 215 1219 219 9 2351 164 532 12 28 260 124 2 
515 124 28 11107 34 9 18426 7235 23 1998 124 7132 
762 7712 532 138 11107 2019 62 270 68 260 
86 161 124 359 12942 1370 28 2019 21 2427 28 
12147 31 11643 4 9 486 34 39173 1948 21 3947 12 28 
310 1021 6197 4 28 2230 2 
143 143 4784 1562 7212 125 548 23 67 448 640 12 515 124 28 
11107 34 1562 124 3314 23 448 2 454 640 138 515 124 28 1212 
92 23 540 28 11107 34 1562 124 3314 124 772 138 
143 143 7 220 107 83 13067 150 204 962 251 132 11643 164 2 215 9 219 20 124 47 
13162 34 13067 124 972 158 17 215 167 219 20 124 7877 34 13067 124 
107 10660 12 515 124 28 11107 34 13067 124 7132 10660 
7712 972 138 
143 143 641 124 9 6117 2475 1998 6836 306 532 2173 17 
532 37070 12 515 124 28 11107 34 641 124 7132 532 7712 
762 138 
143 143 641 17 2502 164 1342 143 36332 2054 45 306 2502 653 1269 215 641 219 12 132 10879 31 1269 
124 2214 74 215 9 219 72 641 124 532 111 2502 124 532 158 215 167 219 72 641 124 
9597 111 2502 124 762 158 215 1219 219 72 641 124 762 111 2502 124 532 12 641 124 9 
6117 2475 1998 6836 306 532 2173 17 532 
37070 12 515 124 28 11107 34 2502 124 48 9257 1032 641 138 
143 143 641 17 2502 164 1998 2054 564 9706 4 28 432 
1200 653 6834 0 45 648 45 12 12 12 45 639 6835 45 306 2502 653 1269 215 641 219 12 132 10879 31 28 11107 
2397 31 641 45 321 45 124 2214 74 2 215 9 219 72 641 124 532 111 
11107 124 2620 158 215 167 219 72 641 124 9597 111 11107 124 772 158 215 1219 219 
72 641 124 762 111 11107 124 2620 12 132 10879 31 1269 124 
2214 74 2 215 9 219 72 641 124 532 111 2502 124 762 158 215 167 219 72 641 124 9597 
111 2502 124 532 158 215 1219 219 72 641 124 762 111 2502 124 762 12 515 124 28 
11107 2397 31 2502 138 515 124 28 11107 34 2502 124 
9597 138 
143 143 78 28 573 4 8381 425 10099 45 515 124 28 
11107 34 132 11602 229 77 18458 138 4 68 279 45 28 270 
6225 109 10879 143 371 430 540 124 107 4 8381 
425 10099 12 
143 143 7 207 3207 23 9 1055 17 8 9 20779 11602 12 7 672 28 9941 
231 2473 122 187 20 85 14 21 3845 21 28 5922 138 231 9941 
3940 231 67 639 143 646 1614 12 231 11107 2019 62 270 28 
260 86 28 270 124 371 109 10879 143 371 
430 12 
4 443 4572 2230 143 143 2230 7235 8802 125 
12083 1496 143 143 28 597 1021 124 34 31 2598 31 
12891 31 39174 3579 2578 45 78 9 2213 31 
35997 143 371 17 10879 143 371 430 12 28 39175 31 28 
12719 124 34 10879 143 371 430 124 4784 2214 
4 9 2233 2234 143 143 9 2234 540 11107 2019 62 
1929 17 1423 124 107 1888 21 3904 12 
132 2230 164 1471 21 8363 28 39176 1993 
1370 28 1710 1132 34 11107 2019 35 3904 184 
331 31 430 45 1141 430 540 124 10879 143 371 12 
534 45 20 124 261 143 143 130 39177 4 28 235 143 143 21 
39178 773 11107 2019 45 3424 45 4 9 185 34 21041 21 3424 9 
2690 21 8136 109 10879 143 371 430 12 28 
4273 4 260 3513 754 1477 11549 2 215 9 219 
1269 143 4273 158 215 167 219 1269 12 913 143 4273 2 17 215 1219 219 
304 143 4273 12 959 1208 2 
215 9 219 1269 143 4273 3513 39179 45 34 124 45 
37555 125 38725 2166 21 2089 2166 45 4213 21 9 4273 
31 3424 540 124 39180 130 3424 141 12 4 3424 141 45 12891 45 15031 45 
8447 45 8813 17 3212 3191 164 8036 21 8 2089 
39181 45 34 124 45 77 9 1384 31 3269 12 4 2259 45 
12891 2214 130 2620 45 772 45 107 47 772 45 409 12 164 
10465 130 7209 31 2089 9313 31 28 12927 39182 347 45 
39183 45 130 5688 9308 31 769 7736 9706 12 
215 167 219 1269 12 913 143 4273 3513 2089 39184 31 
2054 45 15031 45 8447 45 409 12 45 4213 21 9 4273 31 
3424 540 124 39180 130 3424 141 141 12 74 2089 39184 31 9 6836 45 641 45 
515 124 8894 124 9 12603 31 28 6224 31 641 921 2089 39185 45 
306 9 39186 528 9 39187 31 9706 31 641 540 164 7235 1122 
74 45 7995 45 17097 45 347 9451 12 49 
3521 45 2089 39184 31 28 6836 962 39188 542 
9706 921 2089 39185 11549 47 10660 45 10660 45 4605 143 16588 45 
972 45 47 972 45 409 12 2416 15031 31 222 39185 164 4784 
4362 21 77 20387 347 39189 12 3554 45 39184 
2688 28 35669 3564 31 28 1353 188 21 36256 2713 17 
13039 430 12 
215 1219 219 304 143 4273 3513 70 2001 21 3424 141 141 31 9 
2690 21 2427 28 12147 31 39190 2903 4 9 
2233 2234 45 306 28 1743 34 222 39190 2443 
130 39191 31 11643 12 304 143 4273 31 3424 13967 21 
10879 143 371 11107 2019 39180 130 28655 12 
10879 143 371 2019 31 1985 2101 3038 
294 1440 17 294 2488 4 28 1136 31 11107 
2019 12 20 124 34242 34 4 963 1010 161 18 77 9 
37555 125 3424 21 28655 158 226 28655 39192 28 3564 31 
39193 2019 21 1987 306 13000 1440 4 540 
1475 143 1277 430 124 9 2213 31 3964 17 
11643 12 
4 1534 45 6121 21 28 2689 39194 31 1710 1993 45 
3424 124 107 4093 49 4641 306 13000 1440 12 515 124 
539 49 68 2918 124 28655 12 
515 112 56 414 229 77 10441 130 70 12675 11529 
34 11107 2019 124 4 87 31 1311 1461 
4273 12 251 515 58 21 77 4726 45 4 2001 45 124 34 
1311 31 11107 2019 124 829 251 107 4093 12 
1208 45 161 124 9 8815 915 1993 34 11107 2019 45 
38455 347 107 45 124 4093 49 4641 306 184 347 195 1148 
540 8384 21 3860 39195 347 39170 31 430 12 
251 515 124 3309 9112 2603 124 34 68 124 107 28 279 12 
28 2165 1359 31 1440 540 3525 4 28 33635 45 
1453 17 34819 31 430 397 2231 384 1432 
34 195 1277 2106 77 39196 49 1422 12 515 68 
3508 21 124 9 87 49 2518 31 9 20947 31 2106 
540 45 4 1372 45 164 48 959 1367 1032 26 164 4 9 
13542 143 12512 8087 12 222 9 20947 347 1118 124 3229 2636 143 143 
9 37687 6185 31 12702 143 1918 2106 
9468 2040 389 164 2089 1506 45 2034 45 3517 
2636 45 1985 2636 45 34967 2636 17 1329 
3 2019 12 28 12332 39197 31 3229 2636 765 184 
208 31 542 38198 3038 34 45 4 28 460 45 508 
430 397 2231 384 18 77 31 1307 650 45 39198 
2119 1372 31 2106 21 1987 306 4693 45 
5688 45 39199 45 39170 45 3860 1743 17 
3860 4755 12 
3370 97 21 195 45 
39200 
39200 9 12 39164 
2084 4 28 8119 127 17 1762 45 
9345 6626 4 3229 2636 215 39162 219 
851 342 45 1617 31 39201 
176 31 9835 
9345 45 3815 39202 143 39203 
1068 397 157 2 215 9017 219 39204 143 4125 51 397 157 2 215 9017 219 39204 143 39205 
1068 397 3314 2 215 9017 219 22011 143 39206 51 397 3314 2 215 9017 219 22011 143 39207 
273 2 39164 302 851 12 9345 12 1309 
143 143 143 143 143 143 143 143 143 143 143 143 143 143 143 143 143 143 143 143 143 143 143 143 143 143 143 143 143 143 143 143 143 143 143 143 143 143 143 143 143 143 143 143 143 143 143 143 143 143 143 143 143 143 143 143 143 143 143 
21 417 15 2600 21 28 39162 1524 45 81 13 37 21 
14 215 39164 302 851 12 9345 12 1309 219 306 635 21 100 35829 
215 35829 302 851 12 9345 12 1309 219 
72 38 1355 482 21 5247 1897 125 68 133 110 45 
38 35 13 628 21 306 28 235 
8856 4 28 6290 31 15 273 626 2 
9253 39162 143 1524 
347 125 212 61 45 
9253 39162 143 1524 