Subject: 67 37549 4 762 4073 
669 
7 8 2666 91 5703 4 68 8437 67 568 37549 21 7819 28 4558 9820 109 3039 3897 12 20 1465 21 77 9 3260 17 9116 1400 9687 21 28 5112 39442 1362 12 
534 45 37549 39472 125 28 36296 31 28 2861 31 28 20907 20 7916 12 179 140 31 1369 347 3897 12791 21 9 762 4073 45 256 45 36377 45 408 18 2164 12910 86 31 28 4215 58 205 576 964 12 
124 161 184 185 21 12720 306 68 600 138 35 7 572 2527 1381 21 1524 1369 921 7994 429 17 7819 1370 28 3511 138 
46 38 193 
97 
39473 
1981 1050 2 397 397 1051 12 39437 12 1217 397 2377 45 15 298 2298 143 371 3682 2445 12 
39437 12 1217 12 2261 109 28 39474 12 
143 143 143 143 143 143 143 143 143 
4783 21 28 9595 302 13847 12 9345 12 1309 133 110 12 
21 9253 45 13 70 273 626 21 11091 302 13847 12 9345 12 1309 
306 28 7255 231 9253 9595 231 4 28 6290 31 28 626 12 