Subject: 4365 294 1166 49 15 2088 193 
28 52705 1166 
1129 21 18467 
28 1200 12 204 12 68 1209 193 
68 124 107 9 23352 839 193 
19653 1446 92 18489 109 9 
386 92 6280 193 193 193 
294 6457 7724 60203 2000 540 1022 15 10897 109 9 
7724 
164 9 61783 2487 11004 1133 12 
369 49 28 429 92 443 2000 164 1357 4 28 1200 12 204 12 
28 1200 12 204 12 3264 18 10999 21 35775 31 2000 1370 28 997 
618 143 1254 524 2182 21 1347 1780 12 419 164 8956 12591 
6205 
213 164 148 21 85 13350 31 9 8202 60020 3264 1129 
4 
769 2088 12 161 164 38605 10038 1495 28 2476 12 12 12 12 12 12 5830 193 
11862 124 3212 193 
419 8 2030 28 294 9118 143 504 2901 417 1059 21 85 
13350 
31 68 3535 3264 1129 12 2901 417 12143 2216 28 
52941 
31 28 235 12222 2 
1061 17 8401 3264 392 438 
21016 
57548 1059 392 848 
21016 
57547 392 454 
21016 
28 1129 124 2 
386 347 1446 92 
359 18432 1403 
359 1481 2596 347 157 
1403 
195 5634 1166 193 
17877 2950 
1357 
49 9 298 1166 575 23 359 50099 2 
648 143 21884 143 37496 143 65913 
81 459 21 1285 
1269 25214 179 38 1324 12 
8424 504 2268 164 
1357 
3079 143 2059 1257 2 1529 207 143 1257 2 1529 640 4036 978 143 3891 618 2 1529 640 21 617 640 4036 12 
72 38 164 3526 28 1200 12 204 12 81 51 15 105 45 2974 139 140 
1141 2476 1285 17 9 502 92 49 434 21 1324 38 21 215 1623 219 26528 143 65914 12 
419 18 3820 21 15 3214 130 1028 130 261 12 
68 3359 124 107 2432 4 195 
66092 84 107 77 2170 70 3359 
4 6538 177 28 425 124 107 406 12 
72 38 359 3806 9987 21 
128 273 125 434 
45 81 273 434 45 
6460 487 
12 