Subject: 3981 33387 445 392 1257 12 1512 397 8741 12 
419 3359 2298 33387 49 28 235 2659 10260 2 5151 644 12 0 916 62172 644 
130 2620 130 392 1257 12 1512 397 76 45 484 3603 347 16533 45 833 9 392 264 12 1512 432 143 964 578 
195 670 7279 164 37631 66515 41246 42916 66516 155 
670 7220 124 371 109 12071 2228 31 28 2229 66517 
824 824 824 1324 369 193 193 193 49 277 21884 143 59663 143 2356 215 66518 219 824 824 824 
670 33387 3552 2 
298 193 193 193 387 31 9 4342 347 655 
11007 48719 
66519 48719 
14875 2405 13819 298 193 193 193 
48719 240 143 628 8673 
48719 60049 
1446 1740 240 143 628 7759 
952 4087 6822 3583 1379 3583 12 62821 12 1217 
15 2745 13462 143 13463 2422 
14023 40141 182 143 26820 
26820 46123 
37624 1947 
7986 2028 1947 
5664 1947 
16319 2659 215 47634 219 1379 
1342 2607 397 1156 
454 517 483 182 5697 
310 517 432 143 964 
952 4087 1379 17 4187 31 15 2404 
1379 5188 
824 60969 36 818 4138 2473 67 824 
1324 49 277 21884 143 59663 143 2356 215 66518 219 