Subject: 3397 143 110 2 25729 143 435 3261 31 231 37996 231 9131 138 
70 9631 7902 4 215 195 138 219 2013 17293 31 1329 
3 124 34 28 11107 
2397 576 21 7894 9 4705 12380 124 8854 21 
34 576 21 2698 28 
865 573 12 220 38 83 31 548 34 38992 68 7902 138 7 
207 148 1208 49 
25729 143 435 17293 31 222 3 1950 12 1412 45 72 70 38993 
35 5383 28 5615 2397 
111 28 10597 18074 9 38994 1382 12 251 161 164 2348 1438 
21 12845 28 8926 
34 28 373 9308 77 231 999 231 12 208 222 8876 31 
2275 7653 1389 28 105 31 
231 38995 231 1920 397 9131 45 251 20 6458 499 68 983 150 440 515 7 
482 12 220 38 83 31 2423 
3191 1277 138 
192 
143 143 7193 
141 141 141 141 141 141 141 141 141 141 141 141 141 141 141 141 141 141 141 141 141 141 141 141 141 141 141 141 141 
141 4296 11430 
141 1225 340 1617 45 176 2050 11500 
141 7193 302 3453 12 3454 143 143 1051 12 851 12 3453 12 3454 397 5182 397 7193 
141 141 141 141 141 141 141 141 141 141 141 141 141 141 141 141 141 141 141 141 141 141 141 141 141 141 141 141 141 
143 143 143 143 143 143 143 143 143 143 143 143 143 143 143 143 143 143 143 
3397 1132 110 
