Subject: 34301 65922 2 
68 626 124 1471 49 38614 445 765 28 962 31 1254 347 608 12 72 38 
164 107 31 14217 962 45 347 164 107 1891 4 38679 649 35784 45 
6631 68 626 369 17 3357 670 1321 12 21 77 6617 125 68 
110 45 81 149 306 28 627 231 5247 231 12 
1530 21 28 52705 45 96 7747 43952 2404 109 28 1971 12 
85 9 933 23 515 38 164 3087 12 52715 450 195 31 434 11416 17 
72 38 672 9710 14 17 132 17894 18 220 2423 38 482 12 
359 1384 515 15 3332 124 419 8 20 45 59841 45 62427 45 53533 45 
61066 45 52708 45 65923 45 64943 12 419 18 220 2423 
21 3832 38 43275 193 193 193 1319 38 52715 38 3050 150 440 482 21 955 193 193 193 
259 52715 450 434 23 1050 2 397 397 1051 12 65924 12 1217 347 1050 2 397 397 1051 12 65925 644 1200 12 1217 