Subject: 7690 5299 143 63628 3874 12 66691 
63628 4207 
8142 2 60385 
676 2 52733 
427 80 2 392 648 12 2992 
782 1867 6224 2 392 12 2249 143 827 12 1529 
42819 14728 2 644 12 248 9881 
4558 48046 2 648 12 827 9881 
192 21 2469 28826 45 28 12196 1313 31 60390 4 670 17898 
11054 58 2111 9 3986 421 12 4 9 64229 9748 31 769 1551 2439 45 
28 28826 7759 3944 109 134 264 902 34 26 66692 9 7972 
5030 4 28 60390 3031 45 540 18 13007 11471 31 7804 4 
3594 12 208 10944 31 68 60076 18 77 63628 4207 45 9 28816 
1740 425 306 9 39503 368 49 9971 60390 21112 12 
11862 124 3212 306 2620 143 7747 11600 45 17 419 2892 161 124 9 1342 8379 
1129 49 60385 12 28 42819 18467 70 195 143 92 772 23 392 827 4 1839 130 17876 
11003 34 28 294 4010 14210 14160 215 48919 219 3578 187 18526 
4 74 1886 7284 12 111 9 7710 3264 66693 6237 49 341 11600 4 597 45 
5038 74 28 4143 1551 48919 1083 34 102 63628 42819 21 9 373 143 1209 
2620 23 2249 4170 12 
419 435 28 2177 34 60385 58 9 532 140 31 42819 14728 45 306 9 45569 48046 
31 274 648 12 827 9881 12 28 425 124 19605 298 45 52966 13518 124 10669 454 3471 45 17 
26 164 9 10655 425 12 769 1166 2563 124 21 11403 66694 16168 
1127 2030 23 3986 11905 12 769 429 7690 499 112 9175 11054 1127 45 
5338 31 28 368 34 21111 60390 12 60385 2029 17590 60395 45 11044 12 45 540 
58 9 565 143 39565 341 34 13102 60397 17 60398 125 11054 12 
670 372 2 7690 63628 42819 23 66695 45 148 49 28 3263 21 
66696 28 36391 4240 10461 3386 977 1209 12 66 28 425 23 215 35092 219 57231 143 66697 
49 959 430 12 
21 4196 21 28 460 2474 17 21 128 17 21 128 4148 430 
173 28 63628 1129 45 81 6460 109 28 3979 1905 17 18467 13 12 
15545 2 70 45018 31 63628 3874 12 484 9 578 31 392 1257 45 6252 49 28 533 31 28 
66691 2628 12 35111 1383 2745 42819 31 60385 45 17 229 7690 347 3616 42819 23 184 
92 121 28 15552 31 68 2385 12 7289 4 68 2628 84 77 44352 130 
4173 4070 12 68 1896 124 107 9 44353 21 7690 347 3616 45 17 68 926 107 66698 
21 77 9 2974 3261 31 28 425 1076 12 15198 31 68 3263 229 77 2170 
52748 45 17 229 966 4 28 6108 31 91 347 195 31 184 4173 869 12 1832 430 
67 63628 3874 12 229 77 2008 109 143 1479 23 2119 4561 2298 8025 12 
653 653 653 653 653 653 653 653 653 653 653 653 653 653 653 653 653 653 653 653 653 653 653 653 653 653 653 653 653 653 653 653 653 653 653 653 653 653 653 653 653 653 653 653 653 653 653 653 653 653 653 653 653 653 653 653 653 653 653 653 653 653 653 653 653 653 653 653 21112 4441 2 2723 2 282 1775 66699 302 56914 12 1217 138 627 653 5247 143 60385 