Subject: 
3115 18645 714 18646 707 21 2802 691 18647 2 
8077 8077 8077 8077 8077 8077 8077 8077 8077 8077 8077 8077 8077 8077 8077 8077 8077 8077 8077 8077 8077 8077 8077 8077 8077 8077 8077 8077 8077 8077 8077 8077 8077 8077 8077 
18648 2 3282 18649 12 6601 12 905 4445 18650 746 732 18651 18652 3102 14192 
18653 12 322 8353 700 18654 718 18655 45 8255 45 18656 12 322 
18657 700 18658 14 3116 5325 45 18659 746 3294 746 
18660 898 18653 1661 12 
734 3115 4385 45 7 18661 1661 18662 18663 45 18664 18665 
18666 45 746 3115 18667 45 18668 45 14 8622 18669 18670 45 14192 18671 45 
18672 18673 8777 45 18674 18675 746 18676 1670 1645 18677 746 687 18678 
18679 3161 18680 1661 1194 5191 18681 45 18682 18683 5123 12 
3150 732 18684 898 18685 18686 734 18687 215 18688 219 746 322 
18657 714 2786 18689 215 322 18690 219 18691 684 5350 714 21 18653 
1655 3115 4385 45 3014 322 18020 1661 687 18692 714 21 18693 12 
747 18694 18695 1655 21 18649 746 18696 21 18697 18653 707 
684 18698 12 18699 3282 11134 215 18700 45 2783 18701 219 12 
322 18702 685 705 4399 684 18703 12 18704 736 17550 1661 45 
18705 8671 1656 14516 1656 18668 2 
143 18706 3280 45 18707 18708 12 700 12 12 12 700 21 1296 711 12 705 5938 
18709 1296 4474 3771 6446 4820 6665 3280 12 700 18710 12 
322 18020 1661 45 18711 746 18712 45 18713 2 
143 5568 700 12 12 12 
143 3969 1291 14 6653 45 700 18707 12 7396 5568 158 700 18714 45 18714 5239 18715 12 
1722 684 718 18716 45 1722 12 18717 684 18718 6417 1670 18719 746 
684 1291 18720 12 3014 45 5717 684 21 6594 1727 158 1645 14 18721 45 7 
18722 4399 746 684 3280 18723 12 18706 3280 45 705 1645 21 
18724 12 1291 1645 6594 158 
143 5085 959 45 4406 4413 4871 18659 12 1645 1656 18725 18726 746 1645 
718 5185 1296 18727 746 18728 12 1645 18729 707 1737 684 
18730 14 1296 1194 2 18731 45 4539 18670 1194 1291 18669 
18732 12 
143 4539 18670 1194 1291 18669 1645 12 12 12 12 3969 1291 3280 6653 45 705 1645 18724 45 
5717 1645 18733 687 18734 3280 684 6726 1296 4474 45 705 6590 45 5717 684 
21 6594 45 18706 3280 700 4871 18735 12 12 12 
143 1290 45 2789 732 4836 2829 18736 12 1645 18737 18726 45 1645 
5236 905 15799 746 6702 1645 718 5185 2 4539 18670 1194 1291 18669 
18732 12 
143 18670 1194 1291 18669 18732 12 12 12 705 6590 5239 18715 45 705 6590 45 1291 
684 6594 12 1194 1291 18669 18732 12 12 12 18732 12 12 12 
18738 45 18666 714 732 18653 45 746 18739 684 18740 5473 
695 45 18741 18742 707 684 18743 1656 18668 746 21 18653 718 12 
1291 4385 1670 18744 684 18745 732 18746 4837 45 7 18694 45 
1670 18747 1291 1693 2803 18748 1655 1656 8642 8667 1661 18649 45 
18666 746 5311 684 18682 1655 718 18749 18750 12 322 18702 
18751 12 1727 2803 18752 12 1291 684 3757 7402 158 18143 684 18740 12 
705 4399 684 18753 701 12 21 18754 2 1645 18755 1656 18756 1661 8527 
736 18757 1661 18649 12 18741 18758 707 684 687 3286 746 18759 2 
143 18731 45 18760 18669 1194 1656 12 12 12 2783 705 21 6418 3733 12 18761 45 
4539 18670 1194 1291 18669 18732 12 2783 45 705 18762 3726 12 1645 
1646 684 691 3277 704 45 732 18670 691 3280 18763 1291 18669 18732 12 
18764 45 705 18765 3742 45 1722 684 18766 1656 18767 18768 
18769 12 732 18670 691 45 700 1194 1291 18669 18732 12 12 12 
16170 4938 18770 746 7 1099 2846 18694 6437 684 18771 
714 718 18749 18750 18772 898 2810 718 12 322 18702 45 18773 18774 45 
18143 684 4406 18775 701 45 746 8283 7 18694 18719 18772 898 
18653 718 45 1656 18776 746 718 3283 2 
143 18777 45 732 18670 691 45 700 18669 1194 1291 18732 12 
747 18694 45 8699 6601 45 687 18778 18779 45 3757 18780 3115 
18781 4944 18782 45 746 1661 3283 18783 2 
143 3773 45 746 8603 4413 701 18784 12 282 150 18785 12 
215 18786 219 
143 18761 45 18787 45 2536 
215 18788 10687 219 
143 18789 45 18790 45 18787 45 12 12 12 18791 5123 45 240 158 
17274 68 21 28 4258 31 231 8695 231 125 28 18792 12 12 12 
7550 1740 143 20 150 204 28 445 185 21 8163 15 18793 
179 38 12884 20 4 15 18502 143 18794 150 204 18795 
7750 7 2892 4 7550 1740 193 
18796 143 20 1339 306 9 4572 18797 
369 7 861 20 93 584 21 18798 
7750 7 2892 4 18796 193 
18799 143 7 150 282 445 1894 28 852 7 576 21 77 
3547 4773 18800 2354 31 14 
7750 7 2892 4 18799 193 
143 143 143 143 143 143 143 143 143 143 143 143 143 143 143 143 143 143 143 143 143 143 143 143 
18801 897 18802 18803 45 2676 691 3299 18802 18804 
5159 16027 18805 746 5159 18806 18807 5203 684 18808 0 781 
21 18809 1676 282 150 18810 14828 18811 897 18812 746 897 18813 21 18814 
732 18815 897 18816 45 746 732 18817 897 897 3283 684 440 150 18818 827 781 4416 18819 12 
109 9 13594 425 161 777 205 9 7925 31 9 818 18820 
52 231 373 18433 215 18821 219 17 2041 18822 231 12 28 445 185 21 36 68 18820 112 
21 481 9 139 143 1324 21 28 13594 425 12 
9 18502 45 82 150 204 1324 104 18823 45 4428 34 18820 259 55 3919 21 
1324 28 13594 425 17 73 20 12 137 21 984 1980 55 18824 28 
6459 140 12 
9 852 18825 2 
852 2 669 12 
18823 2 4425 45 7 4060 72 38 150 938 221 231 373 18433 17 2041 18822 231 
852 2 359 251 7 150 938 221 373 18433 17 2041 6296 12 
18823 2 124 34 9 13594 138 
852 2 359 251 34 150 204 9 18826 502 4180 12 12 12 
714 1676 18827 21 18828 158 
705 18827 12 1726 150 715 700 18829 12 
143 143 143 143 143 143 143 143 143 143 143 143 143 143 143 143 143 143 143 143 143 143 143 143 143 143 143 143 143 143 143 143 143 143 143 
15074 1755 3289 18830 1296 18831 18832 215 18833 2 18834 219 12 
18832 193 707 1304 18835 746 788 18836 193 
18832 827 45 1857 18837 12 746 3748 45 18832 729 45 1857 18837 193 
18832 18838 45 18832 18839 193 
18832 714 1656 18840 193 