Subject: 6871 66365 6758 66366 
6871 66365 215 66367 4318 6871 219 66368 6758 66369 66370 66371 12 
66372 66373 45 66374 66375 12 
66372 3182 15037 34085 66376 6919 66377 66378 66379 
66380 6919 66381 66382 45 66383 66384 7177 4318 66385 3186 66386 
6919 66375 6921 66387 12 
66388 6792 66389 66390 12 66391 6792 66392 66390 3185 6792 66393 66394 66392 12 
653 653 653 653 653 653 653 653 653 653 653 653 653 653 6871 215 66395 219 66365 66368 6758 52136 12 66370 
14962 45 47080 45 
11773 150 7044 4318 7150 6986 3182 4315 7000 4318 15824 3173 4312 6792 52039 66396 6749 
6919 66397 7078 45 11715 66398 7078 4312 66373 45 66399 7073 12 4309 42379 
6865 66400 7078 6919 66401 6760 4312 7078 66402 12 66403 3186 66404 
66405 4317 66406 3186 52136 12 66407 45 66403 6792 66408 6893 66409 3173 
10571 6792 66408 47102 66410 66411 215 231 66412 231 3173 
46050 34131 4318 66413 12 12 12 219 7160 6934 3186 52136 12 66407 12 6760 3175 66414 4309 6881 
52108 66408 4312 3182 66415 4318 15950 3173 3182 66416 7079 6773 6854 45357 
6808 66417 4318 34147 3173 8681 41801 66418 3173 7177 4318 66419 4312 6792 66420 6865 
45159 12 
3180 45 3175 66421 6776 66422 3186 52136 12 66407 66423 7500 6934 3183 66409 215 3177 
66424 6758 66425 6760 7101 3177 66424 11358 12 12 12 219 3182 45304 6909 
66426 6919 66401 3173 3182 66427 6934 6783 11358 66428 12 
66429 3182 7078 66430 4315 66431 3185 3183 66409 4312 3182 18299 3173 3182 3186 
66432 12 12 12 6921 11358 7024 3186 4318 66433 12 12 12 4309 66434 15106 4317 11329 4318 66435 
66436 4312 4318 7423 3185 66437 66438 6921 6945 3182 6795 4318 6993 6775 12 12 12 4309 
66439 6893 7044 4318 66440 66441 6912 66442 6893 
66443 12 12 12 6921 11358 7578 4318 47277 47220 11395 3186 66444 7429 66445 
4312 66446 45 11395 3185 66447 6867 4318 66448 3183 66449 3173 6871 
7044 4318 66450 4318 66451 66452 15810 66453 3185 66454 4312 3182 66455 
3173 3182 66456 12 12 12 66457 4312 3183 66458 3173 66457 4312 15471 
66459 14680 12 66460 215 6788 66461 66462 219 6887 6927 4318 66463 215 66464 219 3173 
10613 10612 4317 4309 66465 7017 3185 66466 4318 18225 6792 66467 12 12 12 66460 6766 
231 66468 231 66469 6893 66470 215 6854 4317 4315 11326 14689 47262 66471 
7044 4318 66472 12 12 12 6776 7169 6781 18248 158 3173 6775 47308 7067 6921 66473 
66474 4312 7023 158 158 158 219 
6951 4318 66475 6786 6795 4318 6772 66476 66477 66478 4312 3182 42324 6774 66479 45 
6951 4318 66475 6766 66480 4312 3182 11792 6909 66481 66482 4318 43493 
66483 143 66484 12 7078 66485 66486 11358 12 12 12 6789 7078 48222 66486 11358 12 12 12 
11358 48340 3173 6921 11358 66487 12 12 12 
14962 45 47080 
4309 41803 6749 45 4309 66488 4317 3181 215 6956 4318 6957 14913 42387 219 3182 7078 66489 
6760 6909 66490 11715 66398 7078 4312 66491 12 49705 45 4317 6773 231 66492 
6934 66493 15387 231 11346 15811 6786 3186 47306 6919 66494 45 66399 
7073 45 3186 47306 3182 66495 66496 6760 3173 6789 66497 6774 
66498 7078 12 
66499 
143 143 143 143 143 143 143 143 143 143 143 143 143 143 143 143 143 143 143 143 143 143 143 143 143 143 143 143 143 
6871 66500 66501 6758 66366 2 
6899 219 66502 6792 33876 6865 66503 45 66504 4312 144 43488 6792 41922 827 
45337 7284 6934 6766 848 7188 4318 7189 6766 618 3186 50358 
3173 42531 4318 45345 3185 6766 15185 66442 2 
14669 219 11752 1257 45337 2 66505 66506 6934 3186 52136 12 66407 215 66507 639 219 
14674 219 11752 609 45337 2 66505 6774 44944 7044 4318 66508 48224 215 66509 219 
3173 66510 66511 66512 6758 
3189 219 11752 623 45337 2 66505 6919 33876 6865 66503 3173 66510 
66511 66512 6865 66513 12 
7174 219 11752 454 45337 2 7125 11390 51664 6893 66514 6758 52136 12 66407 12 
36 15 6822 45 298 240 143 628 125 6823 6824 23 1050 2 397 397 1051 12 6824 12 1217 12 