Subject: 4768 514 215 14348 219 338 2 338 45 956 827 45 7284 2 124 2502 144 741 12850 1449 
4768 514 215 14348 219 338 2 338 45 956 827 45 7284 
1775 514 2 
148 49 9 7285 49 2506 7284 
35206 2 124 2502 144 741 12850 1449 9 1021 138 
294 35206 2 515 124 28 6567 31 8424 273 138 
1775 1237 2 
36144 384 17402 35996 144 12 0 1443 3028 397 7389 1470 
1211 7625 535 4 1342 143 92 
1775 1837 2 
36144 384 573 1365 865 45 1194 6326 45 3391 646 143 1304 45 7284 
573 1365 2 10461 7 317 415 12 11860 45 956 1304 21 1303 144 45 7284 
36145 150 204 237 2636 1837 45 6049 45 8011 45 1303 143 730 7284 
1775 35998 2 
36146 36147 928 31 36148 
36149 9973 306 36150 21 2168 573 11023 17 573 1365 504 
36151 150 204 36152 7908 130 9 4282 1237 773 23 5770 
36153 36154 833 2971 36155 883 400 10999 8424 2161 
36156 1086 13389 36157 827 12 0 8299 573 1365 1237 
36158 2529 14042 7625 3199 1184 
1775 9657 2 
294 9657 3578 3507 74 28806 
36159 5615 12860 1436 23 2298 12848 
536 3204 18484 4 2405 
1775 5373 2 
36160 45 17392 45 391 2 4013 45 4282 17 3028 23 36161 
36160 45 17392 45 391 2 4013 45 1162 17 1166 3261 23 36161 
36160 45 17392 45 391 2 4013 45 384 3261 397 22869 23 36161 
36162 45 3969 45 391 2 8198 1184 3199 4013 23 36163 
1194 1195 45 3815 45 391 2 573 4560 397 28843 23 5113 143 1846 167 144 167 45 1405 143 36101 
20563 45 20084 45 391 2 3199 28843 23 35961 3199 1524 
294 3273 45 3170 45 391 2 1762 143 573 3028 317 35157 215 36164 6230 219 23 36027 
294 3273 45 3170 45 391 2 1762 45 35854 1597 23 36027 
1775 156 2 
2385 109 28 2506 2405 1173 109 9656 17 573 1365 
32 2 1162 1706 17 573 1365 45 28 2377 143 2089 1484 215 33149 219 1518 
2012 2016 109 1709 3 125 11404 
1775 3588 2 
8014 127 109 2231 573 3261 4 210 45 3048 512 143 454 45 7284 
1775 1314 2 
8197 16274 12 421 109 1365 2298 143 371 573 49 17577 561 
4768 514 215 14348 219 45 28 4213 240 143 2628 109 573 1365 17 
2298 1365 1142 45 8053 36165 141 6287 9533 9 76 12 
49 182 1148 45 9 1460 21 1237 45 1597 45 3570 45 
5373 45 1837 45 3588 45 35784 45 156 45 15414 45 17 
959 521 21 1050 2 397 397 1051 12 4768 12 1217 397 
41 763 763 763 68 421 45 1141 1446 549 124 23 2 
1050 2 397 397 1051 12 4768 12 1217 397 514 397 7284 397 1241 338 
41 763 763 763 514 2 
824 98 5580 45 148 49 9 7285 49 2506 7284 
8639 17 36166 16276 28 997 160 21 77 7285 49 28 
2506 382 12 505 45 8639 3545 12 23 1557 1370 573 1365 
36167 12 12 12 12 
143 143 143 
824 14104 10158 143 2528 45 35206 2 124 2502 144 741 12850 1449 9 1021 138 
28 977 4768 35206 8082 182 9 1209 17 114 
4 15 115 573 1365 1961 45 515 10429 31 632 
1503 124 1449 10456 74 2502 144 741 12850 138 12 12 12 
143 143 143 
824 14104 10158 143 2528 45 294 35206 2 515 124 28 6567 31 8424 
273 138 
28 294 35206 45 131 74 14552 36168 45 
17479 231 2473 48 6567 35 3570 36 125 3261 31 8424 273 138 231 
164 1510 2661 8802 18546 347 35 4223 430 77 13474 138 12 12 12 
41 763 763 763 1237 2 
824 12021 36169 45 36144 384 17402 35996 144 12 0 1443 
3028 397 7389 1470 
35996 215 36170 362 7389 36171 219 30 144 12 0 124 
1357 49 13002 1172 23 
1050 2 397 397 1051 12 36144 143 384 12 1217 397 36172 397 36173 12 1056 12 65 6456 12 12 12 
143 143 143 
824 36174 36175 45 1211 7625 535 4 1342 143 92 
187 38 435 21 7207 2404 36176 308 1377 8223 17 
1237 36177 138 220 38 4321 3616 17 964 3616 15 3867 
7817 138 164 38 8085 67 2927 9656 308 12 12 12 
41 763 763 763 1837 2 
824 12021 36169 45 36144 384 573 1365 865 45 1194 6326 45 
3391 646 143 1304 45 7284 
36144 384 45 36178 2405 8386 45 124 3358 573 1365 1837 4 1194 
6326 45 3815 3391 646 143 454 45 7284 12 
1351 49 1404 573 1365 13988 17 1780 45 28 1837 216 12 12 12 
143 143 143 
824 13476 9815 45 573 1365 2 10461 7 317 415 12 11860 45 956 1304 21 1303 144 45 
7284 
3078 21 4742 68 8013 158 611 306 33450 4 573 1365 
9180 15 36179 1427 3207 4 28 18512 31 11860 150 204 36180 17 1823 
36181 12 28 36182 2498 4 3391 18 1211 28 7990 2907 21 12 12 12 
143 143 143 
824 36183 36184 45 36145 150 204 237 2636 1837 45 6049 45 8011 45 1303 143 730 7284 
36145 17402 294 865 1915 49 7284 
481 3593 21 1548 28 997 36185 31 36145 150 204 231 1398 237 
1504 21 1166 45 1347 17 10656 231 17 231 243 237 12 12 12 
41 763 763 763 35998 2 
824 36146 36147 928 31 36148 
824 36149 9973 306 36150 21 2168 573 11023 17 573 1365 504 
824 36151 150 204 36152 7908 130 9 4282 1237 773 23 5770 
824 36153 36154 833 2971 36155 883 400 10999 8424 2161 
824 36156 1086 13389 36157 827 12 0 8299 573 1365 1237 
824 36158 2529 14042 7625 3199 1184 
41 763 763 763 9657 2 
824 294 9657 3578 3507 74 28806 
824 36159 5615 12860 1436 23 2298 12848 
824 536 3204 18484 4 2405 
41 763 763 763 5373 2 
824 35922 36186 45 36160 45 17392 45 391 2 4013 45 4282 17 
3028 23 36161 
2134 49 2092 17 3842 195 573 1365 1959 17 
36187 243 1709 1337 17 1366 21 8424 
9700 45 928 45 4321 143 18432 45 10827 1153 45 12 12 12 
143 143 143 
824 35922 36186 45 36160 45 17392 45 391 2 4013 45 1162 17 
1166 3261 23 36161 
5237 17 1131 10099 3199 1959 49 2441 1166 
36188 17 2003 3199 2950 12 95 352 45 1131 17 
12582 2228 143 31 143 28 143 2229 10099 3199 45 1709 6 12 12 12 
143 143 143 
824 35922 36186 45 36160 45 17392 45 391 2 4013 45 384 3261 397 
22869 23 36161 
4702 769 4 143 4200 384 1162 17 1333 12157 21 3529 
1166 1440 74 7923 231 573 143 9053 36189 143 1918 231 
1950 4 195 1406 31 28 384 2261 143 3202 17 8424 12 12 12 
143 143 143 
824 100 2461 12 36190 45 36162 45 3969 45 391 2 8198 1184 3199 
4013 23 36163 
36163 316 45 11044 12 45 124 9 573 10104 425 12 419 164 2162 
17424 573 1365 45 3261 17 2057 1184 21 28 
4213 9741 45 36191 17 36192 3570 12 4 28 12 12 12 
143 143 143 
824 13245 4203 45 1194 1195 45 3815 45 391 2 573 4560 397 28843 23 5113 143 
1846 167 144 167 45 1405 143 36101 
68 1405 143 36101 45 13825 505 143 1113 1194 1195 36102 425 124 28 
10856 31 9 28829 294 331 31 10099 397 1424 11011 341 34 
18 2671 28 185 419 8438 45 5506 21 45 17 7690 5113 19728 12 12 12 12 
143 143 143 
824 13877 36193 45 20563 45 20084 45 391 2 3199 28843 23 35961 
3199 1524 
130 9 10407 35777 1825 31 28 35997 17 3261 
1617 45 38 18 548 1122 306 411 423 143 8876 
2490 21 481 7898 1501 4 2576 17 12 12 12 
143 143 143 
824 36095 36194 45 294 3273 45 3170 45 391 2 1762 143 573 3028 317 
35157 215 36164 6230 219 23 36027 
1762 143 573 3028 317 35157 215 36164 6230 219 143 
1537 21 21642 143 8366 1136 215 36164 6230 219 
12 12 12 
143 143 143 
824 36095 36194 45 294 3273 45 3170 45 391 2 1762 45 35854 1597 23 
36027 
3845 3831 36195 17 8366 10953 49 36027 150 204 36196 
1597 12 9180 9 294 1166 49 28 423 150 204 8866 1932 
3836 341 143 36027 12 14792 164 70 2435 386 31 12 12 12 
41 763 763 763 156 2 
824 10206 10207 45 2385 109 28 2506 2405 1173 109 9656 
17 573 1365 
2385 109 28 2506 2405 1173 
9656 17 573 1365 2 5687 28 8394 
12 12 12 
143 143 143 
824 3451 977 45 32 2 1162 1706 17 573 1365 45 28 2377 143 2089 
1484 215 33149 219 1518 
419 187 435 21 377 28 6466 31 670 294 32 2 
231 1162 1706 17 573 1365 45 28 2377 143 2089 1484 215 33149 219 
1518 231 12 12 12 
143 143 143 
824 9363 36197 45 2012 2016 109 1709 3 125 11404 
132 2012 2016 109 231 1709 3 125 11404 49 2343 
7970 125 9 4342 12 1036 21 8299 
430 8800 231 12 12 12 
41 763 763 763 3588 2 
824 100 35829 45 8014 127 109 2231 573 3261 4 
210 45 3048 512 143 454 45 7284 
41 41 41 41 3306 49 10660 775 1357 193 
488 49 3306 561 2 1535 12 956 7284 
763 763 763 1314 2 
824 10206 10207 45 8197 16274 12 421 109 1365 2298 143 371 573 49 
17577 561 
1324 49 451 
818 421 31 28 8197 1181 109 2636 
1365 2298 143 371 573 49 240 143 1166 561 12 12 12 
41 763 763 763 4159 2 
1510 213 12873 28 2433 3807 7289 12 
1510 213 971 28 2433 3807 3212 12 
9317 21 12401 36198 
41 763 763 763 67 4768 2 215 450 1051 12 4768 12 1217 397 67 12 1056 219 
764 2 273 3897 1277 21 573 1365 17 1162 1706 21 
258 302 4768 12 1217 4 12 19919 347 1056 1519 12 627 1479 84 
4268 28 3816 45 240 12 913 12 45 231 30762 143 143 1237 49 2527 231 12 
81 3832 3625 49 451 17 1841 2474 1893 215 