Subject: 8 38 205 148 49 541 435 68 138 
38 150 1 
357 68 86 38 150 938 2903 70 1543 4 357 430 
67 1971 371 3602 45 74 54339 4 1461 208 31 670 36332 
8448 12 72 38 439 150 440 482 21 128 460 2529 347 
1041 125 434 45 5247 14 4441 108 23 28 
75 31 68 849 12 
220 
38 861 1897 309 12 12 12 
515 150 204 
997 138 
359 
1384 515 6520 45 38 87 21 77 1901 12 
20 150 204 4558 34 28 4180 1009 599 187 77 4 4561 
2896 121 3087 274 754 54340 12 38 4430 968 
38 150 151 77 8012 435 38 164 45 251 487 38 164 12 
72 
38 150 151 435 21 77 35903 16319 143 259 38 17 15 599 8 515 150 204 
539 21 10442 15 54341 17 41868 45 12869 31 28 2228 
31 28 10829 45 81 1981 670 2404 143 419 35 2482 38 2473 21 481 
70 416 3968 45 2978 45 13978 9911 7804 347 959 
1370 28 997 454 2660 193 
68 
983 150 440 67 54342 12278 143 419 150 587 9630 28 13720 
52975 31 2473 21 220 68 3040 143 74 143 3040 306 359 5488 
3836 45 17 359 18432 193 
68 
983 150 440 70 23352 45 17 20 1931 150 440 3190 1484 3199 143 259 38 150 1 107 
985 21 77 9611 17894 17 599 389 12 4 2177 45 
20 3050 150 440 77 122 1397 26 150 1 9611 38 143 4059 
21 83 515 38 150 1 312 34 58 38 12 12 12 
54343 9 294 
1313 31 33450 
3091 1476 
959 483 
298 
125 5858 45 251 96 31 195 12 12 12 
54344 125 
28 26820 17 54345 31 12322 17 28 3263 3264 193 
8438 9 19788 
294 185 21 481 483 143 
2111 386 31 28 648 3471 213 545 2698 9 54346 45 41232 18489 
76 143 121 143 76 143 121 143 76 143 17 3042 28 368 3923 193 
21 
4322 434 499 45 6460 109 670 2846 12 12 12 
72 15 
628 2632 1931 150 440 5680 28 2846 45 37563 347 6460 68 3979 2 
1050 2 397 397 1051 12 54347 12 1217 397 54348 12 5664 
21 44129 143 499 31 184 460 2529 17 397 347 4787 
125 
434 45 6460 487 12 
419 
439 150 440 3616 347 2176 15 430 306 184 1084 20977 45 
17 670 10099 124 47970 14023 12 
15 3214 21 77 6617 18 77 54349 3923 12 
143 143 143 143 143 143 143 143 143 143 143 143 143 143 143 143 143 143 143 143 143 143 143 143 143 143 143 143 143 143 