Subject: 751 2 2299 2300 12 2301 1642 150 1082 
1655 2 2302 2300 12 2301 1642 150 1082 
143 143 143 143 143 143 143 143 143 143 143 143 143 143 143 143 143 143 143 143 143 143 143 143 143 143 143 143 143 143 
2294 326 45 848 1683 45 2303 848 2 1529 45 898 1240 12 2304 
317 2305 45 689 2306 2307 45 2308 2309 
2299 2310 2311 2301 689 1642 150 1082 12 
2312 2310 2313 700 684 2314 2315 2316 2317 
2310 2318 707 2294 1641 689 1642 150 1082 714 2294 1654 12 
691 2319 704 747 2320 1645 1722 684 2321 898 1757 45 
2322 1312 902 2323 746 2324 2325 2326 2315 2327 
2328 12 
691 1758 
1230 1220 
143 143 
1232 315 12 1230 1220 1068 12 2 141 454 143 648 143 1233 1232 
1232 2329 1234 141 454 143 648 143 1235 215 1236 219 1232 
1232 1237 17 1162 1238 1239 12 1232 
1232 1240 12 31 316 317 318 1232 
1232 1241 12 1219 12 204 12 241 12 231 320 231 1232 
1232 327 325 326 51 2 141 454 143 648 143 1242 1232 
1232 268 240 143 628 2 1230 302 1243 12 1265 12 1266 143 440 12 350 1232 
125 143 606 607 608 135 2 618 2 636 335 
611 143 612 2 613 
293 2 215 125 613 302 614 219 74 615 215 616 143 617 12 448 397 617 12 448 12 618 219 619 1252 2330 158 606 45 1257 846 136 1254 2 848 2 337 141 624 
125 2 625 99 
626 143 619 2 
627 2 1642 1082 1224 
21 2 1230 215 1230 1220 219 45 613 215 625 99 219 45 
1244 215 1760 1222 219 
632 2 606 45 1257 846 136 1254 2 848 2 337 141 624 215 633 634 219 
641 143 642 2 643 470 30 144 12 644 645 646 472 
647 143 30 2 648 12 0 
649 143 650 2 549 397 651 158 652 653 434 143 654 
649 143 655 143 656 2 248 657 
649 143 447 2 2331 
659 2 660 
641 143 661 143 659 2 855 
641 143 661 143 659 144 2 663 
641 143 664 2 665 666 952 240 2332 9 
42 43 12 2333 45 
46 38 49 2334 670 594 12 15 832 21 670 
127 124 93 70 2335 49 434 12 
534 45 419 164 2336 306 28 235 1021 2 
137 21 28 488 49 670 1828 45 540 124 109 848 397 248 397 171 45 419 777 21 
66 212 1956 21 216 28 1845 31 1711 143 1712 
3 12 28 160 419 2337 124 43 12 1193 12 2071 45 213 58 65 
778 1831 21 670 594 12 
419 925 34 68 124 274 9 1333 2338 17 419 187 435 21 
2339 28 235 1422 2 
70 2340 2341 4 670 839 259 2342 124 9 1522 109 2343 3 45 
540 187 216 28 2344 31 1483 3 1473 45 
1141 2345 17 2346 1337 17 1134 109 
2347 143 371 1704 12 371 109 15 466 4 28 2088 31 
1329 3 20 1465 34 38 164 28 445 160 213 90 1844 
222 9 1224 12 
220 38 861 670 1828 2348 138 72 194 45 90 38 2349 434 306 
15 2350 361 49 28 1522 17 9 47 1895 1334 215 274 
9 2351 2352 219 45 2353 328 259 34 419 35 13 28 1828 
2354 74 644 640 215 2355 219 109 848 397 248 397 171 138 
192 120 49 15 678 149 12 419 164 93 501 38 35 
436 4 28 127 12 
96 97 45 
1760 1222 