Subject: 1 2 1224 174 49 1642 150 1082 
2289 45 204 150 4965 707 21 240 143 628 12 
14 6403 685 6404 1645 6405 898 6406 12 
1721 45 705 3679 704 700 6407 684 6408 1296 1753 732 
6409 6410 6411 1676 2308 5796 2771 12 
4464 5159 700 6407 684 2308 3114 21 466 685 
1753 718 639 397 648 397 2405 12 
4907 1727 684 700 6412 14 21 420 691 12 
70 2783 6413 14 734 909 684 3650 1291 711 4399 684 1682 12 
4965 45 4485 12 
143 143 143 143 143 546 626 143 143 143 143 143 
125 2 98 99 
21 2 2546 302 3002 12 3003 12 350 
635 2 14 158 6414 302 3002 12 3003 12 350 
158 1230 1220 
632 2 653 151 644 653 240 729 653 1269 644 653 1774 653 1269 648 653 1269 644 653 240 248 45 648 653 1219 644 653 240 729 653 5596 653 240 729 653 1773 653 240 144 653 1269 648 653 4523 653 666 653 1269 729 335 827 2 1795 653 1773 653 1773 
627 2 1224 174 49 1642 150 1082 
41 6415 3628 1298 45 
41 
41 4907 3150 684 6416 3742 6417 12 
41 897 6418 322 6419 704 734 6420 6421 898 6422 746 6423 12 
41 3630 1658 3652 6417 746 897 3757 6424 1676 705 6425 193 
41 2780 14 21 6406 1676 1645 6426 707 21 6427 6428 45 
41 897 6418 322 6419 704 1645 6429 684 6430 12 1726 150 1727 21 
41 6431 4405 45 1645 6432 3282 702 6433 215 6434 848 906 219 
41 14 6435 21 231 819 6279 4 2506 231 12 21 6433 715 1645 700 
41 21 6436 1676 1645 6437 898 6438 3713 689 6439 45 1676 
41 1645 6440 14 2294 4992 689 1329 3 734 4964 
41 4996 12 1298 2293 746 3282 702 6358 1676 6441 45 21 4387 
41 6442 902 6443 689 6439 12 
41 
41 3102 3103 689 6444 45 1645 6432 684 2308 6445 3294 21 
41 3155 6446 732 6409 12 3113 2308 6445 21 6447 6448 
41 746 2308 6449 21 6176 12 
41 
41 4382 635 21 273 746 736 6450 45 1676 3679 6451 5005 
41 4822 689 936 12 
41 
41 3057 45 897 6418 322 6419 684 6452 3165 689 707 684 687 
41 6453 2780 14 902 6454 12 
41 
41 3638 3721 193 
41 
41 1301 
41 
41 