Subject: 148 49 50096 9141 48004 
774 143 19788 317 50096 9141 48004 193 
20 150 204 4430 205 10 193 
15 36 193 
648 219 50096 
144 219 774 143 19788 306 883 69064 2404 148 49 1430 1912 
827 219 298 43542 3836 
644 219 298 1443 1971 3199 408 
729 219 7625 4178 21 9215 2623 
3042 60407 17 1476 483 328 193 
959 430 2 
439 150 440 4293 1427 411 35111 5912 964 17 85 15 
2350 2088 763 763 763 763 5912 964 369 193 
450 38 4 28 8385 69065 
9253 
763 763 763 763 763 763 763 763 763 763 763 763 
68 240 143 628 58 205 102 4 10821 306 195 2228 17 
11033 6150 17 2430 12 21 9253 125 68 
110 45 13 9 8086 240 143 628 21 
2723 2 69066 302 57949 12 1217 138 653 627 2 81 5247 14 125 15 110 
143 143 
482 21 9253 125 68 110 138 
13 9 626 21 67681 143 9253 302 67682 12 47785 12 1217 