Subject: 16332 5097 556 3471 68977 17333 68978 
195 670 8364 164 102 57602 21 28 1464 1620 6538 11033 2584 49 
399 240 143 628 2 976 2625 7135 215 9 219 215 144 219 215 1219 219 31 204 12 42032 12 81 450 28 4242 31 
68 626 49 840 430 17 21112 4441 193 
34354 68979 68980 3660 68981 45 
68982 16421 16449 68983 10513 68984 6272 35232 5097 35232 3660 16337 68985 68986 68987 3660 
10513 68988 68989 68990 193 16291 68991 16383 68992 68993 3660 24 68994 68995 68996 
16470 68997 16349 45 68998 16291 10513 16381 68999 24 69000 69001 143 3660 69002 16303 69003 
68985 143 69004 60058 143 504 69005 12 
16291 69006 17333 35060 69007 69008 69009 69010 69011 69012 69013 143 5363 19623 10513 
69014 68984 69015 69016 70 45 69017 7992 448 143 69018 143 69019 69020 
16344 3660 4 69021 69022 23369 392 0 45 135 653 0 45 454 4231 2778 5889 69023 12 40378 138 
16434 69024 16291 50942 50867 69025 50827 69026 16313 69027 2457 
41 41 41 41 41 41 41 41 41 41 41 41 41 41 41 41 41 41 41 41 41 41 41 41 1050 2 397 397 69028 397 60058 12 5051 
69029 16291 16288 143 16303 16291 68991 10384 68992 69030 69012 16349 193 
24 7630 69031 
1046 317 8205 45 15226 
69032 16419 16291 6272 69027 69033 69034 69035 69036 
16291 40349 16313 41 41 41 41 41 41 41 41 2723 2 69037 302 55055 12 1217 138 627 653 5247 
3660 69038 16291 35060 16506 240 143 628 12 
2606 976 2625 45 7135 215 9 219 215 144 219 215 1219 219 31 204 12 42032 45 840 54459 21 38 74 28 183 229 77 
19787 23 359 64 21 38 74 6670 68 240 143 628 21 2723 2 69037 302 55055 12 1217 138 627 653 5247 