Subject: 144 12 1257 3471 1543 193 54591 
4578 306 445 9 144 12 1082 3471 12745 347 1257 12 1082 3471 10852 12 
824 824 1876 3471 9971 6230 11068 5697 45 17 9 648 143 6460 580 680 
824 824 952 143 4087 6230 61 4013 
824 824 4156 4 454 33456 
824 824 359 1840 578 
824 824 3049 50185 3508 2098 298 1061 347 18492 49 5820 7770 4140 306 15 4578 1059 
824 824 1876 3471 9971 11068 54592 215 7776 219 6230 9569 1024 
824 824 3042 36383 483 1457 369 193 
824 824 15 2941 109 28 1059 49 4077 14210 
824 824 2298 952 143 4087 6230 61 1153 
824 824 655 11068 52801 21 28 1059 17 3042 36383 483 12 
49 959 430 17 70 6230 1036 81 85 9 3315 21 1981 670 2404 12 
21 77 19704 6617 125 670 4561 514 13742 19 9 626 21 
54593 302 1793 636 12 12 1217 650 231 5247 231 4 28 627 1479 12 
195 5247 3592 164 1442 54349 12 