Subject: 298 34301 12 12 12 12 
442 195 56428 45 17 8366 68941 193 193 193 
161 124 9 294 1347 13970 4 1971 3836 45 
17 2298 53766 12 419 35 3529 195 31 15 1440 12 
82 670 17589 5182 7217 45 1453 45 2356 45 17 2867 
15 294 347 2003 2298 2404 12 419 18 1844 38 28 
35623 4214 4 328 150 204 3836 9701 12 419 3359 
48719 1462 45 449 45 17 9 62505 63581 4553 
2659 12 419 8363 38 21 4618 670 5615 575 17 450 
274 2473 53416 670 548 35 77 49 15 1166 12 
81 6460 109 28 3979 1905 21 1981 670 2404 193 193 193 
1050 2 397 397 13755 12 438 12 17314 12 38749 397 68942 29193 