Subject: 1642 150 1082 867 
42 98 45 
7 150 282 585 45 251 7 150 938 21 6322 38 215 68 124 137 21 670 6323 193 219 12 12 12 
7 2142 21 1642 150 1082 977 1038 17 328 7 150 938 205 114 49 373 
867 2 
648 12 28 581 1277 21 28 680 31 28 382 578 158 
144 12 28 581 1277 21 28 5496 23 28 2747 12 
72 20 124 107 9 584 1382 49 38 45 90 38 13 37 21 14 74 51 81 138 
602 45 220 38 83 21 4577 7 35 672 49 37 138 
132 51 140 124 215 141 2995 219 143 6324 143 6325 12 
46 38 47 48 45 
6326 6327 
653 653 653 653 653 653 653 653 653 653 653 653 653 653 653 653 653 653 653 653 653 653 653 653 653 653 653 653 653 653 653 653 653 653 653 653 653 653 653 6326 6327 
176 31 6328 143 1225 340 1617 
6329 6330 815 143 6331 2085 143 284 
1068 12 2 215 141 2995 219 143 6324 143 6332 
51 12 2 215 141 2995 219 143 6324 143 6325 
240 143 628 2 6327 302 2062 12 2063 12 20 
653 653 653 653 653 653 653 653 653 653 653 653 653 653 653 653 653 653 653 653 653 653 653 653 653 653 653 653 653 653 653 653 653 653 653 653 653 653 653 