Subject: 1828 49 28 1642 1821 127 
42 43 12 1222 45 
46 38 47 48 120 49 50 15 1446 1828 
21 2356 1642 143 1082 4 268 12 7 293 28 2357 12 
81 1878 9 1893 379 31 15 1828 
49 28 597 2358 568 2359 2360 12 
148 19 21 1841 38 120 4 2361 45 
2362 2363 
1757 1176 
653 653 653 653 653 653 653 653 653 653 653 653 653 653 653 653 653 653 653 653 653 653 653 653 653 653 653 653 653 653 653 653 653 653 653 653 653 653 653 653 653 653 653 653 653 653 653 653 653 653 653 653 653 653 653 653 653 653 653 653 653 653 653 653 653 653 653 653 653 653 653 653 653 653 653 653 653 653 653 653 653 653 653 42 1757 1825 1816 2364 45 
20 150 204 132 2365 21 1843 38 21 28 136 1757 597 2358 12 20 18 
85 198 2 
109 2366 45 1839 512 45 136 
609 2 1535 321 12 282 12 143 1254 2 1064 321 12 282 12 
2361 45 1620 1621 
23 2361 2035 45 2367 1044 215 2368 109 28 2369 2370 219 
139 2 141 891 215 0 219 2371 2372 750 
51 2 141 891 215 0 219 2371 2373 2374 
4 2375 306 28 636 902 2376 1085 382 109 1610 
1611 215 2132 143 171 219 12 49 959 2377 109 28 382 1046 2 
1050 2 397 397 1051 12 2378 12 2379 12 853 12 590 397 2132 171 397 12 
1464 2380 2 
648 12 2381 
144 12 2382 31 28 1614 31 28 977 597 2358 109 134 646 45 1108 45 2383 
827 12 2384 150 204 1840 2385 
644 12 1236 150 204 17 2386 150 204 1840 2385 
729 12 2387 1176 150 204 2385 109 2132 143 171 74 2388 2389 
448 12 2390 756 150 204 2385 109 2132 143 171 74 2391 2392 
248 12 1757 1061 2393 839 215 2385 74 2394 2395 219 
617 12 2396 2 294 2397 2398 17 1158 30 215 2385 74 781 12 2363 219 
1257 12 294 401 276 2399 49 2132 215 2385 74 781 12 2363 219 
848 12 659 17 460 31 2400 2 28 1158 2401 109 1662 215 2385 74 240 12 2402 219 
336 12 1642 143 1082 2 379 31 373 2403 215 1331 17 268 219 17 2404 1326 
618 12 2132 143 2405 2 2406 2385 215 2385 74 2407 2408 17 2409 143 1565 2410 219 
636 12 2387 1176 49 2132 143 2405 2 2411 31 2412 2413 17 1475 
135 12 2132 143 2414 2 379 31 2403 17 2404 1326 
1535 12 2415 49 136 17 335 
609 12 1757 2416 388 49 136 17 335 
343 12 1757 150 204 2417 2418 2398 17 28 1757 2419 1116 
1254 12 2420 31 28 294 1757 1829 
264 12 2416 659 31 2421 
639 12 294 30 31 28 1085 1662 2422 
608 12 184 411 1166 
333 12 1538 
72 38 8 2423 21 1907 21 28 2380 45 81 2424 28 1757 469 74 
1839 848 45 136 45 17 81 82 434 83 74 273 215 2425 302 1757 12 2426 219 130 
1028 130 261 251 359 1892 1032 1839 848 45 136 45 213 18 2427 15 
1816 23 28 597 2358 347 2428 38 13 9 2429 12 419 87 21 
83 68 45 226 969 617 31 670 2430 970 34 28 597 2358 150 204 
2431 164 2432 445 72 1894 31 28 834 2433 31 28 2286 164 
1125 347 2434 12 
130 38 35 450 125 28 2380 45 419 8 47 2340 2431 21 481 45 
259 34 20 124 2435 34 195 1825 2421 164 2434 12 
313 419 8 314 293 9 1828 125 1090 215 2436 219 21 2356 2132 143 2414 
4 2437 38 35 1449 1549 840 2403 125 15 1816 21 28 1757 
469 12 
4 2001 45 7 187 435 21 831 38 34 2438 49 28 2387 1176 
2439 49 2132 143 2405 35 1449 77 752 12 222 2438 84 77 
2440 74 516 2441 1979 17 1833 9 2079 2083 45 
462 31 1947 17 9 1198 74 28 2442 34 204 397 214 18 8 28 92 
829 21 2443 130 9 2387 1176 49 2132 143 2405 12 28 2438 35 77 752 
407 273 21 28 1757 469 12 
192 49 15 2186 12 
148 19 21 1841 38 195 4 2361 45 
116 45 
2084 2362 2363 
1757 1176 
43 12 315 12 2362 2363 
1762 31 28 2444 1086 2445 49 1662 
2446 2447 273 2 2363 302 2446 12 1095 
2448 827 51 2 141 2449 2450 2451 2452 
151 143 2453 2454 231 2455 45 1331 139 2 141 2449 2450 2451 2456 
2457 2 1050 2 397 397 1051 12 2446 12 1095 397 763 2363 397 
