Subject: 41975 
237 1504 8 205 7811 21 41975 7818 12 
28 1508 2008 121 9 848 143 7873 4321 143 7893 199 
2189 2 644 
8804 7811 2 42020 
3812 677 2 0 12 42021 
11378 4222 2 
11379 4222 2 
1409 20907 2 
0 648 144 827 
0 42022 42023 337 648 
648 4175 42024 10490 1764 
144 783 10030 42025 0 
827 3884 42026 246 3877 
130 20 35 77 3870 45 161 124 48 1044 49 4568 12 
143 237 1504 865 1400 124 47 3792 49 34 2861 31 865 
432 17 259 9 476 11447 112 9962 21 220 12 
143 2152 45 70 2954 58 205 869 21 6633 28 1021 34517 74 28 
762 2923 2585 2189 1163 540 13297 21 5895 
4076 21 1241 12 1241 12 534 45 959 10951 1337 84 77 576 12 