Subject: 192 193 
4425 98 193 
7 293 74 51 28 373 867 7 114 38 49 12 
46 38 47 48 45 
6326 12 
653 653 653 653 653 653 653 653 653 653 653 653 653 653 653 653 653 653 653 653 653 653 653 653 653 653 653 653 653 653 653 653 653 653 653 653 653 653 653 6326 6327 
176 31 6328 143 1225 340 1617 
6329 6330 815 143 6331 2085 143 284 
1068 12 2 215 141 2995 219 143 6324 143 6332 
51 12 2 215 141 2995 219 143 6324 143 6325 
240 143 628 2 6327 302 2062 12 2063 12 20 
653 653 653 653 653 653 653 653 653 653 653 653 653 653 653 653 653 653 653 653 653 653 653 653 653 653 653 653 653 653 653 653 653 653 653 653 653 653 653 