Subject: 37862 3981 818 
1087 514 9812 
3079 45 3391 827 45 2405 
425 25 7925 
3831 2298 11967 542 45531 21 532 1166 
9622 21 2564 2165 6047 49 6230 
1912 12 
164 38 20714 31 8139 309 38 515 15 2298 
16 124 45 17 38 8 7289 21 3820 306 138 
28 423 759 2298 124 369 28 8866 17 21036 
2165 35681 4 28 423 12 
35 38 3084 15 425 8888 9 2298 
1912 49 445 392 25949 12 1529 138 215 17877 1357 219 
1457 369 45 72 38 5912 964 49 670 1184 1616 28 
76 31 3391 45 3831 2298 18 1211 15 
425 9 1350 12269 45 55146 1351 729 
455 3981 49 445 392 25949 12 1529 34761 392 68631 12 1529 12 
7 5697 15 8362 124 109 28 2298 12 3318 
15 425 21 2489 125 9 55146 
1351 3981 17 38 18 128 448 524 31 
298 33387 306 15198 215 392 1877 12 1529 6567 219 
419 35 2706 9 772 819 1971 1912 49 
15 1166 34 35 95 6825 294 38459 49 
15 4158 67 15 
8366 347 504 12 
670 7279 1211 38 306 235 2 
440 143 827 7222 143 28 21036 7222 
1357 328 
1082 12 1257 3471 68632 13388 
952 397 248 11416 4187 31 7279 
14023 1446 182 143 26820 506 12 
49 959 430 173 68 504 45 81 
66 434 407 240 143 628 23 68633 729 302 39508 12 1217 
9712 38 164 1891 12 
72 38 199 10440 109 68 110 74 5412 17 467 21 77 6617 125 
460 8364 45 81 149 306 231 5247 231 