Subject: 419 87 57543 193 
42 460 2329 45 
38 35 548 23 3314 317 432 15 2745 954 12 3042 53431 536 
483 4 9 1893 92 
359 986 3836 193 
15 3372 18 77 21 7203 17 628 55141 49 670 425 12 38 
18 128 392 12 646 49 1320 17 5820 20618 38 7203 17 628 
499 12 
274 6482 670 4572 4441 17 38 18 77 1476 483 
130 941 130 
648 11491 144 11491 827 
49 3521 7203 17 628 438 55141 17 38 18 128 
392 390 12 1529 12 7203 17 628 3920 17 38 18 128 392 5665 12 1529 12 7203 
17 628 2405 17 38 18 128 392 2862 12 1529 17 959 
4430 1397 58 161 205 70 13144 185 21 481 483 125 
3314 193 
670 425 150 204 3314 133 839 124 1351 49 255 306 
3547 347 359 2596 17 1128 4572 45 3040 74 3040 
4441 12 
161 124 359 1481 2596 347 818 12157 829 109 15 
386 45 274 20743 55141 12 
419 87 28 95 31 13267 17 7195 3314 5890 435 38 12 
86 419 164 33609 306 548 17 8 959 1032 670 5182 
35 3904 12 419 8 369 9463 670 133 839 17 164 
9464 21 1448 36377 959 306 670 2529 11004 28 
434 17 6744 12 
670 408 31 20743 17 133 55141 124 47 4572 17 
941 21 220 193 
38 18 107 77 1403 21 7690 55141 347 190 20580 12 
419 18 20887 40149 195 60530 23 359 64 21 38 12 419 10452 
38 34 130 9 452 4 670 839 38 18 4430 8 21 
628 2423 1120 347 43621 12 
161 164 359 61997 21 2564 45 17 161 359 14216 21 5912 12 38 
35 548 130 48 45 347 130 3547 130 38 482 12 680 49 1320 
20618 38 13 499 124 13388 193 
487 124 515 38 18 128 179 38 36 15 429 575 12 
14578 38 18 861 1876 55141 45 1876 7209 17 1876 6165 
462 1027 21 7203 17 628 
130 1028 130 38 164 506 306 20743 17 133 443 429 
462 45 15 680 18 947 3838 45 38757 12 195 38 
8 21 220 124 21 73 959 298 47948 17 7203 17 628 959 
55141 21 481 959 483 12 
670 6165 2717 540 38 18 77 20743 17 133 18 
2586 
430 16450 670 10407 3930 18572 34 419 164 
3836 52744 12 130 9 298 52813 38 18 128 9 
818 3586 36332 23 392 952 12 1512 45 5054 298 45 274 49 
3343 670 3314 59731 839 12 
833 38 18 36 15 2745 818 1285 140 45 259 34 419 18 
83 2473 48 38 164 21 36 484 12 17 21 481 1 143 13376 31 
959 55141 45 34 670 425 47948 47 4572 49 38 12 
419 164 3801 38 68 298 12831 86 419 482 38 21 77 
9675 4 670 425 17 21 7812 34 419 18 77 312 
1166 306 38 49 9 122 92 12 
10898 31 68 3372 2 
648 12 38 220 107 8 21 18566 15 1125 3372 45 21 19653 959 483 
23 3314 
144 12 38 35 481 2585 392 144 45 2862 21 392 644 45 2862 9 76 4150 109 28 
441 31 92 38 164 8161 21 12543 20743 17 133 
55141 
827 12 68 124 9 990 1129 49 28 2492 45 65012 45 
45546 758 347 1510 213 164 3314 9510 12 
21 16319 15 2439 17 21 2482 434 34 38 164 5648 67 
53431 416 18489 23 3314 419 1207 9 208 143 92 387 
578 31 392 667 12 1529 12 
68 578 4199 28 64 31 15 4143 3042 964 575 45 540 
3552 1876 55141 45 1876 7209 17 1876 6165 462 17 9 
3586 45 15 387 578 18 77 5699 182 21 38 
3838 38757 12 
483 182 5697 193 
419 5697 34 130 1028 130 38 7203 17 628 15 429 1877 
55141 38 18 77 484 392 7848 12 1529 17 15 387 578 18 
77 5699 12 
591 31 38 4060 953 20 124 829 21 63 9 823 21 36 9 
3372 12 20 124 86 419 164 148 49 255 34 9579 482 
21 548 125 3314 12 
824 72 827 12 1857 255 6336 434 26 4428 21 3042 1960 125 3314 
17 419 102 499 827 12 1857 19975 298 21 5820 208 12 17 111 1894 
31 28 255 3919 107 21 548 45 68 187 77 9 2483 6108 
31 959 1032 392 394 45 1857 4 2349 150 204 17 2977 34 419 8 102 
499 21 255 34 439 150 440 482 21 548 
419 8 65013 68 3617 21 481 474 34 38 93 482 
21 548 17 23 1557 3043 15 429 575 12 
21 36 1339 328 81 3252 15 387 578 31 392 667 
4322 45 483 73 17 6392 499 28 1036 1905 17 
628 21 2 
67794 774 
54502 
65015 59835 37119 4118 6249 
9846 5913 45 3815 65016 
5913 1775 1775 1775 1775 1775 1775 1775 1775 1775 1775 1775 1775 1775 1775 1775 1775 1775 1775 1775 1775 1775 1775 1775 1775 1775 1775 1775 1775 1775 1775 1775 1775 1775 1775 1775 1775 2228 1775 1775 1775 1775 1775 1775 1775 1775 1775 1775 1775 1775 1775 1775 
1284 1285 1775 1775 1775 1775 1775 1775 1775 1775 1775 1775 1775 1775 1775 1775 1775 1775 
3852 140 215 204 219 1775 1775 1775 1775 1775 1775 1775 1775 1775 1775 1775 1775 1775 1775 1775 1775 1775 1775 1775 1775 1775 1775 1775 1775 1775 1775 1775 1775 1775 1775 1775 1775 1775 1775 1775 1775 1775 1775 1775 1775 1775 
240 143 628 16 1775 1775 1775 1775 1775 1775 1775 1775 1775 1775 1775 1775 1775 1775 1775 1775 1775 1775 1775 1775 1775 1775 1775 1775 1775 1775 1775 1775 1775 1775 1775 1775 1775 1775 1775 1775 1775 1775 1775 1775 1775 1775 1775 1775 1775 1775 
49 195 4157 45 81 3318 7778 215 248 219 2660 49 2531 17 964 
21 848 2660 12 483 4157 18 966 4 18595 2977 31 15 575 12 
9 
28 67742 133 110 143 450 1050 2 397 397 1051 12 590 12 1086 12 4250 12 1217 397 67742 397 67746 12 1056 
143 