Subject: 1 2 42700 
46 38 45 1230 45 7 293 15 4289 575 12 
419 164 985 21 8 9 8990 1538 1841 1028 45 7 82 38 83 72 7 
8 184 277 49 28 420 12 
42739 
143 143 143 143 143 546 626 143 143 143 143 143 
125 2 1230 1220 470 2723 2 1230 302 1243 12 320 12 350 472 
102 2 264 247 2405 636 2 1304 
21 2 8942 42739 215 42824 219 
635 2 1230 158 613 158 1244 
627 2 42700 
42 42739 45 
7 925 38 8 293 28 838 30 31 28 732 17 28 42755 12 
2182 21 4289 20 58 205 34746 4 28 1850 
215 3507 49 74 42829 219 12 81 1075 12 
90 38 81 1983 434 109 28 420 49 28 235 3052 
215 3506 7482 45 3042 31 3506 219 4 73 21 1983 28 
8448 138 
96 97 
1230 
143 143 
1232 315 12 1230 1220 1068 12 2 141 454 143 648 143 1233 1232 
1232 1234 141 454 143 648 143 1235 215 1236 219 1232 
1232 1237 17 1162 1238 1239 12 1232 
1232 1240 12 31 316 317 318 1232 
1232 1241 12 1219 12 204 12 241 12 231 320 231 1232 
1232 327 325 326 51 2 141 454 143 648 143 1242 1232 
1232 268 240 143 628 2 1230 302 1243 12 320 12 350 1232 
