Subject: 1 2 2012 2016 1846 21 28 17783 34446 20655 
42 22 45 
46 38 47 48 109 15 465 240 143 628 12 130 7 8 314 307 38 
7 207 41591 17 107 11461 12 
251 45 7 2937 34 34 150 204 107 28 41611 21 28 340 12 7 112 3559 
41612 306 28 603 31 17783 34451 12 7 93 2937 34 769 
185 31 34844 603 17 863 31 2578 4 769 603 124 
541 540 1320 41591 58 21 83 4 73 21 77 130 3077 21 28 
41591 8398 2 41613 31 123 12 
125 132 776 31 3620 45 41613 31 123 84 77 28 41614 5113 12 
17783 34451 17 41562 31 769 603 124 274 435 34 12 
15 1988 49 2206 363 1157 863 124 515 7 35 
3088 130 3535 185 31 21140 2231 2493 12 874 45 7 
435 15 2012 2016 17 7 275 20 47 530 12 
81 3832 14 4783 109 15 411 1930 45 1168 409 12 12 12 
96 1204 45 
41589 41590 
109 606 45 618 730 1108 45 98 
99 101 2 
41 42 41589 45 
41 
41 46 38 49 15 465 4778 67 132 2016 12 
41 
41 7 187 77 47 1891 4 3 959 67 15 2745 548 
41 17 15 1543 4 28 17783 34446 20655 12 
41 
41 96 1204 45 
41 
41 98 
41 