Subject: 12850 4118 69472 2 4425 161 
69473 47948 
54915 47948 23 4162 6237 
3958 3837 54915 53648 
51 17 49913 53648 
73 369 352 125 28 425 34 18425 38606 21 
15 1430 38605 9899 17 8163 964 21 454 3471 109 15 15198 12 
73 74 139 2 648 143 21884 143 17377 143 69474 
73 74 51 2 648 143 21884 143 46129 143 58205 
824 824 824 240 143 628 21112 1479 2 648 143 21884 143 9805 143 69475 824 824 824 
63 74 4322 45 1058 1059 347 15198 73 12 
72 15 73 124 74 4322 81 955 15 4322 140 215 628 
4322 179 38 128 18492 219 
72 15 73 124 74 1058 1059 81 955 15 1059 140 141 
9828 632 
72 15 73 124 74 321 12 322 12 81 955 15 2977 397 52807 
2588 17 38 15198 73 140 12 
115 6237 164 130 1528 2 
53648 49 9795 9796 522 2 
644 1193 45 644 321 45 16864 17 155 144 53648 164 369 392 2449 
144 321 53648 164 392 894 
827 3473 53648 164 392 7848 
3899 17 16854 53648 164 392 5661 
5620 17 36037 53648 164 392 4251 
729 321 45 448 321 45 729 20799 17 448 20799 53648 164 392 784 
53648 49 19683 522 
2778 4229 347 609 143 4229 53648 164 369 392 7905 
3958 20489 1410 1877 45 878 17 5150 53648 164 392 7905 
3958 20489 1877 17 878 53648 164 392 894 
3958 20489 5151 45 144 5151 45 144 1269 45 144 913 17 11530 53648 164 392 894 
3958 20489 2901 618 143 19738 53648 164 392 5661 
53648 49 9795 9796 3958 51 522 2 
3958 51 2862 45 5924 45 5620 45 18471 45 22487 648 17 22487 144 53648 164 369 392 784 
3958 51 22487 827 53648 164 392 7905 
670 3958 51 22487 644 53648 164 392 5661 
53648 49 53838 17 3696 522 
69476 69477 17 69478 164 369 392 9830 
69476 241 45 241 141 17 69476 204 53648 164 392 4251 
69476 240 53648 164 392 784 
670 53648 49 45513 69479 
2387 827 45 448 1 45 248 17 336 215 9 454 219 164 369 392 7905 
2387 1877 45 878 45 5924 45 4185 17 13763 215 240 143 638 219 164 392 280 
4114 517 3044 42980 413 109 195 3867 12 
41 41 1981 1050 2 397 397 8875 12 17828 12 2426 397 59635 397 69466 397 17828 143 69467 4118 34534 21 9253 