Subject: 1 2 1642 1082 
42 98 45 
7 8 2915 28 294 2898 45 3312 869 508 31 28 6578 38 
152 12 46 38 49 3344 20 259 6579 12 
306 1914 21 28 358 74 3266 1101 12 4048 12 45 7 2852 7 439 150 440 6580 21 
20 
528 2915 21 132 2898 45 251 34 1931 150 440 93 1029 516 12 
953 
107 274 1022 20 4 130 212 2227 2898 138 20 124 107 93 67 
1329 
3 45 251 560 31 1995 384 124 47 597 17 1846 
21 591 
3385 45 1141 91 2210 31 1329 3 12 7 207 107 474 34 
2622 
187 1929 20 45 213 926 107 83 20 314 12 
20 58 91 4347 45 31 203 45 6581 17 259 1053 12 
143 4052 
143 143 
4071 2528 
1225 340 3274 1044 2 144 12 1795 
176 31 175 139 2 891 143 215 0 219 3362 3363 6499 
2010 2642 51 2 891 143 215 0 219 3362 3363 6500 
175 282 636 1257 645 240 143 628 2 4053 302 851 12 852 12 853 12 590 
1620 1621 12 
3583 2404 2 3583 12 851 12 852 12 853 12 590 4 2422 397 6501 397 1662 397 4053 
1051 2404 2 1050 2 397 397 1051 12 851 12 852 12 853 12 590 397 1662 397 4053 397 4053 12 1056 