Subject: 691 
4425 98 45 
7 207 501 38 221 28 573 12 
41 144 12 508 31 28 3087 9706 164 4 28 36345 6836 17 4 34 279 
41 7 439 150 440 2937 161 124 184 12382 71 21 42448 37 12 
6548 12 
41 827 12 8 38 74 184 5491 205 568 691 49 28 3261 259 2342 138 
28 546 35988 573 432 124 4 9 691 10099 45 251 226 7 439 150 440 435 
691 45 7 274 2669 195 28 6836 7 4428 21 9 2939 45 17 8 205 568 
35046 226 12 259 359 35232 691 143 2950 1357 12 7 207 107 3801 38 28 
546 573 432 226 20 124 13825 762 3312 1315 13963 
2054 31 47 37539 819 306 1836 4 11958 12 20 187 
85 48 531 48 31 15 92 21 36 21 1929 34 12 251 2949 14 72 
38 87 411 9280 45 347 541 12 
2972 49 369 45 
42434 
42434 3918 33393 51 2 141 1064 6241 636 9040 1795 
1617 31 3085 139 2 141 1064 280 2243 1535 15612 
176 31 38503 45 10919 240 143 628 2 42435 302 42436 12 19544 12 10330 
