Subject: 1 2 41975 2 648 3083 1209 2385 
42 1230 45 
41 41 41 82 150 204 3042 306 41975 12 7 1903 28 648 3083 1209 2385 215 4 1103 219 12 
41 41 41 68 124 21 77 752 21 28 674 17 28 1106 6219 
41 41 41 74 247 639 45 28 945 12 181 45 419 18 65 8 21 
41 41 41 9124 20 4 674 17 1106 12 
41 41 41 2666 20 17 13 434 15 2600 12 
3344 28 4441 31 41975 109 28 1106 6219 45 7 8095 
34 28 20322 1479 49 434 124 1839 337 45 259 7 1878 28 2743 
125 369 109 12 49 28 2385 45 26 482 359 959 1032 144 449 45 259 
7 18 6482 15 2385 4 9 959 1893 185 12 
74 28 185 45 130 7 6336 38 4 9 272 240 143 628 45 419 187 435 
21 8 9 2939 233 591 41976 31 28 567 38 
41977 259 34 419 90 8 9 10 1743 31 20 12 
96 97 45 
10269 