Subject: 392 392 392 67809 52745 392 392 392 
17212 45 
18354 67810 67811 17219 3323 2743 17221 9 67812 67813 66723 17219 17221 
14983 1193 150 67814 67815 12 3473 17221 14983 67816 67817 9832 10274 3323 66 45 17221 
14983 67818 833 67819 1095 67820 386 12 
39674 45 3473 67821 17221 67822 12 12 12 45 17221 67823 67824 649 1095 282 150 67825 
16842 45 11602 2461 150 1662 16964 12716 151 150 67826 67827 1101 53416 10274 17221 
17217 45 67819 32440 14983 39714 67828 14843 54120 12 
67829 2461 150 1662 67830 3323 1116 17228 143 67831 45 3321 67832 45 2461 150 2502 1662 18067 16964 
67833 393 17237 1095 
282 150 67834 67835 45 39674 67836 1095 17217 67837 1193 150 67838 
67839 151 150 17252 67840 32440 45 67841 17228 67842 35273 67843 17230 67844 12 
215 22477 67845 1099 5392 67846 193 219 45 22477 67847 67848 13527 150 1248 4036 67849 
261 1095 17217 1095 1193 150 67850 10274 67851 1095 67852 14622 67853 1193 150 67854 13527 150 4036 
1193 150 1971 12 3473 109 204 150 1099 67855 5392 17238 45 215 648 397 144 67856 10274 648 67856 3321 39732 219 67821 
67857 193 
67858 150 67859 45 22477 67860 67861 67853 17221 17230 2563 151 150 67862 67863 
1101 67864 10274 67865 67852 14622 12 3321 67866 45 22477 17221 1843 10274 57028 
67867 3323 32440 42043 1101 14 39727 3473 17221 39649 67868 151 150 39682 12 
392 392 392 67809 52745 392 392 392 
67869 
7 1241 440 241 322 151 1200 1219 440 7 322 1241 
67870 3323 13527 150 109 9 18067 10274 5392 4559 1094 
67870 5392 67871 17219 17221 39649 22870 57028 17223 6653 51494 1095 67872 
67873 12 10274 5895 1095 5392 67874 1095 39652 67871 34308 1971 45 17230 
16225 1095 67872 2340 1095 46016 1095 67875 9 67876 39654 16964 
67877 16965 67878 3473 5621 1116 32440 42043 67879 67880 17217 
67881 1095 1193 150 67850 12 17223 39652 67877 45 109 67882 67883 3473 39652 
67871 67884 67885 2337 1095 67886 12 3323 13527 150 67887 7143 67888 67889 
16964 67890 16965 17224 13527 150 1248 1241 150 2502 9 67817 60454 1099 67891 32440 67892 
67893 1095 67894 10274 3323 13148 1095 67895 12 
67896 62036 67882 10274 67897 17219 1219 150 4036 16964 67898 4572 45 66723 67899 1101 
67900 1095 17217 1095 1193 150 67850 67901 10274 5392 67902 12 6653 67903 
1095 39652 67877 7143 67812 67904 67905 12 1248 2502 9 40732 1095 
67840 32440 2502 39701 67906 1101 67907 2676 1095 67908 1099 67908 12 
67909 67910 17219 1095 833 1099 833 1095 67840 6298 833 151 150 67850 67853 3323 
1116 45 67907 67911 
67912 67913 151 150 1099 17217 67914 12 17221 67915 12115 67916 17221 
1193 150 67917 193 
5621 67870 67849 12 
215 67918 3323 32440 42043 16965 1193 150 39661 17223 5621 67919 219 
67898 57837 1095 67920 17230 67921 
1193 150 67922 151 150 67862 32440 17221 4036 67923 17213 4036 67885 2337 32440 
67924 17221 67925 3473 17221 67926 5621 67927 151 150 2502 67928 17230 67929 67930 
151 150 67931 12 109 67932 67933 1099 2502 67934 67912 67844 151 150 67850 1101 6653 
67935 13527 150 109 2502 67936 39701 67937 12 3473 17221 39649 1193 150 1547 1095 
17217 3321 
67938 390 1857 392 17223 67939 1095 4114 67940 67941 45 67942 5621 1116 32440 
42043 12 
1101 67943 45 67942 143 5621 16964 17218 67890 193 
67944 4036 16964 67922 67945 143 10274 143 67936 67946 1101 
67947 1095 17217 1095 1193 150 67850 193 
17221 1241 150 39649 67948 67868 1095 67949 66 67853 4660 67950 45 1095 17217 
17230 67895 67951 1101 45 5621 67908 1095 67945 45 17221 1241 150 67952 67953 67868 1095 
67954 5392 67902 67955 16965 67956 10274 5392 67957 12 3473 17221 67958 13527 150 10274 17230 
3315 67910 17221 67915 67904 67949 39669 67959 45 17221 39649 
67960 5392 67809 67862 193 5621 1116 1095 37667 10274 67961 
54709 3321 1193 150 39716 1095 67962 3321 67963 67964 10274 5392 60651 193 
1193 150 39716 1095 67963 4036 1193 150 67854 1095 67965 5817 67919 12 67926 3071 6653 
67966 1095 39652 67967 393 67968 1095 67969 67970 
67849 193 833 17221 67971 1101 833 1248 2502 21218 1095 67840 67972 
67862 3321 67963 12 
67926 16964 386 10274 39654 39652 2135 193 5392 37667 10274 67961 
54709 9 67973 3367 67974 1095 67975 12 67944 4036 67976 10274 1193 150 67977 
67978 17223 6653 67826 67979 10274 16538 12 1095 833 45 5621 2035 1095 
1098 1095 8113 1101 5621 12754 2464 1181 7143 67980 13527 150 1248 2502 
67981 67982 390 3471 1101 785 3471 1095 3071 6653 67983 1101 1184 32440 17233 
67984 3321 5392 37667 10274 67961 54709 151 150 17213 5392 46016 4660 
67985 9983 12 1219 150 4036 16964 67986 1095 67987 36377 1095 7804 1101 45 
67839 6653 2862 1857 67988 4660 240 12 1200 12 45 639 3471 151 150 67982 67989 215 
1219 150 4036 143 10274 143 67990 1876 1857 219 7143 67991 67992 52745 67873 3321 16964 
67993 1095 67994 12 67995 
833 45 6653 67996 67997 13527 150 1248 2502 9 390 67998 67988 10274 
67999 39732 68000 10274 5392 
37667 3321 67994 12 
67932 143 68001 39649 143 17221 68002 39652 68003 68004 45 39674 1193 150 67812 68005 45 
37033 53484 4036 68006 10274 1193 150 67877 1095 577 18589 12 7327 68007 9 
68008 3323 13527 150 1248 68009 204 150 1248 68010 67945 3323 13527 150 1248 68011 1101 13527 150 1248 
68012 67945 68013 10274 68014 12 66723 68015 45 53484 68007 9 68016 13527 150 1248 
68017 16964 67809 68018 1099 67994 1101 13527 150 1248 68019 10274 2502 
17220 12 1193 150 3268 9 67941 68020 10274 68007 68021 19899 68022 12 
1248 9 67941 68023 1193 150 3268 1101 9 46597 215 1099 68024 34308 3367 68025 219 2 231 
67944 4036 5392 68026 16965 68027 22477 68028 68029 17213 1101 17219 17221 45 17221 
68030 68029 68031 143 17872 231 12 
67853 5392 37667 3321 67994 45 17221 39649 68032 4373 1095 67935 12 
4660 4186 68033 16965 6653 68034 17219 17221 68035 67835 
1101 4660 4186 68036 4660 68034 68035 3321 68037 17219 17221 39649 
68038 17223 39669 67862 12 4660 67935 32440 68039 68040 4036 
17230 68041 1095 67809 68042 68043 12 67896 68044 13527 150 1099 67934 5817 
67927 14843 1095 1193 150 67850 16964 68045 67890 17221 68030 68046 67995 1101 67995 12 
1193 150 430 17219 17221 68047 17213 4036 67885 2337 17219 2461 150 68048 
1193 150 68049 1095 68050 16600 67982 17225 68051 12 68052 45 67885 
67927 833 68053 45 2461 150 1662 68054 5621 67945 45 2461 150 2502 1662 68055 1101 22477 1193 150 1662 68056 
1099 68057 12 
332 58983 4036 9362 68058 12 1248 2502 9 144 50716 45 5392 68018 16965 68027 22477 
68059 68060 6653 618 68061 67985 9 68062 1095 68063 10274 68064 5817 
17430 1101 332 67957 9 67812 68065 12 67943 67987 68066 
68067 16965 14 68068 5817 67895 45 2461 150 1662 68062 1095 67851 3969 
68069 67993 12 1193 150 68070 68071 45 2461 150 1662 8706 67987 68072 
68073 12 2461 150 1662 68074 10274 4660 68075 1095 3969 68076 1101 10274 17225 68077 
833 1095 667 1857 392 12 1193 150 68078 1241 150 68079 17237 17225 67826 1101 22477 14983 68080 
68081 5621 39732 68082 22477 282 150 1099 68083 12 22477 68084 68085 10274 36825 1099 
68086 3969 67902 16965 68087 3969 68076 1101 68088 16965 68089 
6653 67826 12 9 3323 3315 143 68031 45 67885 2337 1095 67912 2340 4036 68090 
17223 3969 21498 1101 2461 150 68091 67944 17223 5621 251 1095 67861 332 68092 67853 
1193 150 68093 17219 67896 68094 67882 39669 21498 16965 39726 34308 5621 2563 
68095 12 
10292 68096 1095 68097 45 2461 150 1662 67830 3323 1116 3321 67963 12 2041 31379 
68004 45 2461 150 68048 67936 4660 68098 151 150 430 39699 
68099 68100 151 150 67862 12 3071 6653 2530 17219 22477 68101 
68102 68103 68104 16965 17228 1095 6653 12115 14843 35273 
1193 150 68105 4143 68106 
68103 68107 11602 22477 68108 68109 68110 204 150 67887 68111 12 1248 2502 1099 
9 17230 32440 68112 17219 22477 68113 648 1857 1857 392 1099 17230 70 12 67907 14983 68112 17237 
67970 5621 68114 13527 150 1248 67981 68115 17219 2461 150 68116 17230 68117 16965 2502 68118 193 
67841 22477 5621 68119 45 1099 68097 136 2461 150 1662 67830 3323 1116 12 22477 14983 1193 150 1662 
67953 68008 158 67887 7143 68120 68121 332 58983 17223 16964 34690 38172 12 22477 
68122 40850 16965 67896 193 193 193 67943 1193 150 67825 16842 67987 67890 45 16965 
282 150 68123 17219 22477 5621 68124 68125 45 22477 14983 68080 1099 68126 17225 
68127 12 2461 150 68048 1099 1119 17230 68128 16965 17217 1095 1193 150 67850 193 
22477 68080 68129 67841 22477 5621 68108 10292 68114 66723 282 150 68130 
151 150 17252 68131 12 67943 17219 2461 150 1662 68121 5817 68132 1101 17230 68133 45 2461 150 1662 
67883 5621 67945 1101 67991 17219 5621 4781 17219 22477 68080 39675 68106 
1095 68134 1193 150 67850 17219 2461 150 2502 68135 68136 12 39674 45 67841 5392 68137 
151 150 67982 17221 45 2461 150 68138 67995 17230 67844 68139 1101 68140 10292 68141 1095 
1193 150 2696 67886 1095 67945 67944 12 67941 45 2461 150 1662 68142 67896 67853 5621 504 
4660 68143 10292 4118 648 143 6255 143 7629 143 52952 1101 67887 282 150 7143 68144 17219 1219 150 68106 
68145 67886 12 
67943 282 150 68001 68146 17219 1219 150 68106 67886 1101 393 17237 16964 68147 1095 67974 45 
215 67885 2337 1095 68148 219 2461 150 1662 68062 2 231 1101 45 68149 17237 17228 231 12 10292 
68150 45 2461 150 1662 67813 848 1857 67963 12 67907 282 150 9 68151 639 392 16965 644 68152 12 5392 
2337 68153 10292 68141 4660 2661 4036 17219 67907 14983 68154 67819 16965 
1193 150 68155 5817 1116 1101 4660 68152 45 68156 17219 17224 17225 
39648 39701 67813 3321 67963 45 5392 68045 68157 17219 2461 150 1662 1219 150 4036 332 
67927 12 22477 17221 1193 150 68158 1068 17219 1219 150 4036 68090 12 2461 150 68159 17219 67907 14983 17221 
68160 17237 67945 10274 1193 150 68161 12 39674 45 22477 14 68028 68162 17219 22477 14983 68163 
68164 67844 68165 1193 150 67850 17219 67907 14 68166 12 1099 67939 151 150 16964 39721 45 
22477 68167 10274 39675 4660 68098 16965 5621 67962 4118 648 12 10292 636 
42027 45 2461 150 68048 68168 67830 512 68098 16965 5621 67962 4118 648 12 39669 
68169 4036 1095 39675 10292 4781 639 39660 5817 67962 4118 648 1099 
68170 1095 144 68171 12 
3473 17221 14983 6653 39649 17237 67995 68172 45 39658 67995 833 1095 2530 
68173 150 10274 3323 17219 17221 67814 68174 3323 39313 68169 12 
3969 68175 68176 17223 5621 251 1095 17217 390 1857 392 68106 68177 12 10292 454 
42027 45 2461 150 68048 67830 34292 39660 16965 5621 67962 4118 144 12 
39669 68169 1219 150 4036 1095 39675 17230 4781 1095 1876 39660 1101 833 
16965 5621 67962 4118 144 1099 68170 1095 144 68171 12 67955 45 17221 68178 39661 
833 1095 2530 68173 150 10274 3323 17219 17221 1193 150 68179 12 5621 39725 4036 
57837 45 
68180 143 17221 45 17221 67915 39666 39669 68169 1095 390 1857 392 12 60441 45 
2461 150 68048 34292 39660 16965 5621 67962 4118 144 45 3876 1095 833 17219 1193 150 68169 
68181 12 67941 45 22477 14 68028 68182 1101 2461 150 1662 68183 12 10292 68150 1095 35996 45 2461 150 68048 
67830 783 1857 392 16965 1193 150 39716 1095 17225 68184 848 1857 67963 12 67999 39732 45 1248 
282 150 1099 947 17230 67844 833 12 2461 150 1662 67945 68185 17225 68131 1101 22477 14 68028 68186 
16964 68187 68188 32440 68106 35273 68189 12 38866 45 67926 5621 67927 1095 
57028 3323 1116 12 
67896 68094 39669 21498 10274 67953 193 68190 143 17221 45 67896 14983 68191 17237 
16965 17221 10274 67939 17219 17221 14983 1193 150 68192 12 3323 1116 67964 12 3473 
17221 14983 5621 68035 17237 68193 17221 67915 68194 40732 151 150 67850 12 
16965 17219 3323 1116 67964 45 17221 68178 39666 833 1095 639 
39660 16965 5621 67962 4118 648 45 1876 39660 1101 833 16965 5621 67962 4118 144 
1101 17221 68195 390 1857 392 14843 833 1099 4114 67940 12 22477 68028 5392 68196 68197 
17219 67907 67857 193 3473 17221 68198 1095 14983 17237 67894 10274 3323 1116 45 
2461 150 1099 68028 68199 12 1219 150 4036 67880 16964 56988 67922 10274 17230 68200 
68201 1101 4660 68202 68203 12 
3473 17221 68198 151 150 2502 67894 45 68204 35273 5621 1116 1101 17221 
67823 34308 5621 13481 1095 39669 68205 68043 12 3473 17221 68030 17230 68206 
151 150 67862 68207 14843 17219 17221 39649 4660 10424 68208 67841 17228 14843 
17219 17221 68209 67851 1099 67862 45 68210 67944 67841 17230 68041 4660 
67927 12 22477 1193 150 1662 67936 45 17228 193 
68211 45 
9362 68058 
321 12 204 12 2 39649 143 17221 16964 68212 68213 1095 3323 17219 336 4229 68214 1095 729 392 215 783 1857 
392 219 68215 68216 150 67887 39701 3071 68217 34308 16964 5681 1095 9904 138 
1219 150 4036 68153 193 
16964 817 68218 1095 68219 32440 9 68220 3323 1116 12 
1099 68221 3323 1116 1101 30914 68152 45 17221 67915 1099 68222 13527 150 1248 1241 150 9 
22870 68001 7287 3321 17230 53490 12 41203 143 17228 17221 68223 17230 67844 1095 17228 12 
68060 848 50716 45 2461 150 68048 16964 67993 32440 68224 35273 12 67941 45 1099 
12128 45 332 67993 68225 10274 67956 39733 12 22477 68226 68227 5392 67831 
2337 13527 150 68004 67916 17225 67826 68228 35273 12 1099 46016 1095 
68229 45 2461 150 1662 67883 67945 67896 12 3323 1241 150 68106 17237 10274 5895 1095 17228 21976 1095 
1193 150 68078 12 1193 150 13641 1101 5392 68230 68231 68121 5392 198 1095 
1193 150 68078 13526 32440 68232 68227 67812 68233 68060 53492 12 22477 1241 150 1662 
17237 67868 
1095 17221 67990 3323 13527 150 1248 4036 68234 5817 68235 1095 68236 12 12 12 68237 
67987 151 150 67982 17221 1193 150 7143 68238 10274 68239 68240 17223 67992 68069 
21498 12 1248 2502 68232 833 1095 68241 1101 1095 68242 17219 1241 150 68165 67829 
68004 12 5392 42508 68243 68106 68244 12 68037 32440 68245 3323 
13527 150 67887 68246 7143 68136 68247 1101 7143 68248 12 68037 32440 14983 
1193 150 7143 17237 67936 45 68249 3071 68037 32440 1241 150 68231 67819 10274 68250 14843 10274 
68129 45 7143 68251 10292 58063 4660 68252 12 67841 5621 46597 3323 68253 2 231 
6653 36166 68254 833 36166 1101 6653 68252 
68254 833 68252 193 
231 12 6653 68255 68256 1095 17217 1095 1193 150 67850 14983 17221 68257 
67953 1095 17221 68258 14843 1095 68259 58192 45 1193 150 13641 2676 2502 68081 12 
17221 68260 68120 1095 39675 1193 150 430 32440 17221 68261 68262 39669 
68263 68043 16965 5621 39725 1095 39669 21498 66723 68264 48729 1101 68120 
17230 67929 67844 151 150 9177 12 17223 6653 68265 31379 45 17221 68266 17217 
68267 151 150 67850 17219 17221 14983 1193 150 39649 67953 68268 12 22477 68269 67882 
17221 68270 17219 22477 1241 150 68135 67953 18067 17230 68271 1298 14843 67893 393 833 
3473 2461 150 68048 67936 332 68272 1095 68219 143 22081 12 
2461 150 1662 68168 67936 10292 143 68273 1095 644 1857 1857 392 193 22477 14 68028 68274 1095 3323 
1116 67943 67825 67813 833 1095 609 1857 2530 12 
68275 45 22477 68276 67987 68277 32440 68278 10274 39652 
67862 1101 2461 150 1662 67987 17252 1095 30914 2530 17213 1101 68279 25675 12 
68204 3323 1116 68280 17227 3367 4441 12 
14983 5621 68281 68282 151 150 16964 67898 14843 151 150 16964 17218 12 67907 67964 
68283 35273 1068 13527 150 1248 4036 68284 67849 12 68190 143 17221 1095 
17217 68285 3321 67963 16964 68286 1095 2355 3076 67962 10274 39654 
68164 10274 68027 17221 68287 12 1193 150 16964 1095 30914 67840 67924 39661 
67944 10274 390 1857 17252 12 12 12 1101 39669 58983 68288 34308 68289 151 150 67989 12 
68190 143 17221 67882 17219 833 17221 1099 39658 1101 833 17221 67952 1095 
1202 68290 17219 17221 68266 68291 12 
1101 35273 45 332 29397 45 22477 17221 1662 67910 6653 68292 45 1193 150 430 45 6653 
68293 1101 1193 150 67922 1095 68259 68294 68295 12 1248 
1241 150 1099 68296 13527 150 10274 17221 67849 193 68287 143 2502 193 
68297 151 150 39661 3323 1116 10274 5392 68298 45 67841 5392 68137 5621 6298 45 
67926 17230 67844 1095 39669 67927 16965 5621 57028 1101 2502 68299 67904 193 
67926 17230 68133 1101 68300 3323 32440 2676 734 68301 67829 17221 67915 
67894 12 
68047 5392 68302 68303 17219 17221 68304 39666 1101 67844 68165 5392 
67898 7949 17221 67915 5621 68305 45 17221 67915 17217 17237 39733 151 150 67850 12 
17221 67915 68306 39666 3323 17219 17221 2502 67952 68136 12 3071 6653 
68307 17219 17221 39649 68308 68309 67916 17221 67818 39669 
68175 39678 12 67907 67857 193 
68310 5043 45 43032 45 2676 
67870 67849 2355 68311 1116 32440 2676 17221 
17217 67881 4660 68312 1095 392 
7 1241 204 440 241 1200 1219 440 7 322 1241 204 2 
39652 67967 151 150 68313 4660 68314 67964 1099 68267 17219 17221 2502 
68315 12 22477 68028 3039 17219 17221 68304 17217 67885 2337 67853 
390 1857 392 14843 833 17223 6653 68265 4114 67940 12 68297 17219 17221 68316 393 
2732 45 38866 67942 3323 1116 67867 12 3323 1241 150 4036 17237 16964 68147 1095 
67974 215 21976 17230 68317 68148 219 39674 16964 67922 67945 10274 67936 
67947 1095 17217 1095 1193 150 67850 12 68318 45 67870 3323 17219 18354 68319 12 
67841 16965 3071 6653 68320 10274 67961 54709 45 18354 68321 67820 
67993 1099 68322 1095 67998 68323 1101 18354 67992 68324 27972 
68325 12 17223 3071 6653 68326 33200 68327 143 68328 45 109 17221 68329 1095 68330 
1095 67998 68323 16965 39669 67993 1101 18354 68331 17230 68332 
16965 67999 392 67813 12 
39659 39660 68333 3321 5392 67957 1101 17221 39658 39659 68152 3321 
240 143 628 45 68334 45 17221 1241 150 68030 17237 67835 67906 17223 5392 67965 12 
17221 68335 67896 1099 68336 17223 39669 68069 67902 45 68337 14843 
14154 12 1219 150 4036 5392 833 56988 67993 10274 68338 54709 16965 6653 
39660 68339 12 
67870 3323 17219 17221 68178 17217 2 
648 143 68340 68289 4660 644 68152 68341 833 68342 17223 39652 67871 215 
17221 14983 39656 17237 6653 68343 3473 17221 14983 6653 68340 17237 219 12 
824 824 824 1101 45 16965 67999 67962 45 39658 10274 5392 68164 7949 5621 58983 68344 
67853 5621 4118 5817 67962 2 
143 143 143 392 729 12 1529 
143 143 143 5621 58983 1101 5621 4118 5817 67962 17219 17221 68340 
143 143 143 39669 16441 67963 
143 143 143 39669 16441 1095 68345 3133 215 1099 23064 1095 68346 219 12 
143 143 143 68347 39669 16441 34308 1193 150 68348 1099 23064 1095 68346 67853 5392 
67957 12 
67916 17221 68349 39669 39678 45 68350 143 17221 1095 36259 68289 4660 
644 68152 12 17221 68351 68352 68289 1095 30914 68353 68152 17223 
39669 68354 16965 6653 68355 3321 5392 9832 12 
39698 67940 833 68053 45 17221 67915 39675 45 3321 1193 150 68356 1095 
39669 67963 45 30914 68353 68152 12 68357 143 6653 34308 39669 68354 2 
67887 17233 68334 68358 67916 17221 6653 68359 33200 68360 1095 
67840 32440 17221 6653 68361 12 
144 143 817 68362 2 
68035 67912 442 16965 14983 17237 68363 5621 58983 4660 67840 
68364 10274 68365 1095 67999 67962 14843 67992 68366 34308 5392 34690 151 150 16964 
67898 32440 39714 68367 1095 68368 68369 17223 6653 68370 68371 
22081 143 68372 12 67955 45 17221 39656 68373 39659 9177 1101 39659 41191 1099 
67850 12 16964 67890 17219 17221 67952 67904 68374 5392 67898 7949 67907 
67964 45 17221 68375 2911 67896 14983 17221 68376 17237 3473 17221 2502 
68377 67885 2337 12 68190 143 17221 67944 2 39652 67967 10274 67812 68378 
68060 67987 67985 67849 1101 45 3473 17221 5392 68379 5621 
68380 45 67896 68381 1095 14983 833 68193 12 
9 219 68382 22081 143 68372 5392 34690 4660 68152 66268 215 1248 2502 1099 9 644 219 
167 219 67943 67825 68383 6653 644 68152 1101 6653 67825 68172 45 68384 5621 
58983 1101 1193 150 16441 5817 4118 648 3321 39669 68069 58983 1101 16441 12 1219 150 4036 17221 32440 
67823 67941 5621 4118 648 12 1101 45 1193 150 68385 4118 648 68386 5621 4118 144 12 
1219 219 68387 68388 5621 58983 1101 1193 150 16441 32440 68106 68389 10292 67962 4118 144 
10292 67962 4118 827 12 
151 219 68387 5621 58983 1101 1193 150 16441 32440 68106 68389 10292 67962 4118 827 10292 
67962 4118 644 12 
240 219 5621 58983 1101 1193 150 16441 32440 68106 68389 10292 67962 4118 644 4036 67941 68274 
1095 5392 34690 12 39652 68164 9 66723 68264 68390 68391 16964 56988 68392 
151 150 67850 12 67995 16964 67890 45 68350 143 17221 1095 68393 68394 68289 
4660 68395 1101 5131 193 
827 143 67926 39652 67871 1099 60829 45 2502 68374 5392 34690 68396 4660 68395 
1101 5131 45 1101 68357 143 5392 17223 39669 68354 12 14983 68035 68264 
68397 10274 5392 67914 4660 4441 68398 17223 39652 67871 12 
39669 68201 16965 67894 4036 68399 29520 215 17221 39656 
68400 68068 639 392 219 12 1095 67898 68401 45 17221 39649 68168 16964 
68402 1971 1101 5621 67963 4036 68403 12 
1248 2502 9 144 68404 68405 16965 68406 16964 68407 67943 17221 12 
67967 4118 648 2 39661 1095 66985 68408 151 150 68409 12 
68410 17219 17221 68411 1095 67933 10274 68212 68412 68120 16965 68081 
2911 67907 2676 68413 12 68414 17219 17221 1101 68289 32440 17221 68415 
6298 68285 2405 2530 68289 12 68414 67882 17219 6653 68416 
68339 39701 1095 1193 150 68366 1095 0 45 729 3471 12 1099 68417 1095 68418 39700 45 5392 
68303 67924 68001 35273 68419 12 1095 833 45 35273 4660 67840 68308 
39661 4660 68420 1095 68360 1095 2530 10292 7723 1095 2405 12 39674 45 
68421 67853 2355 67938 68082 17221 39658 2405 2530 12 67853 0 45 729 3471 
1095 68416 45 1248 1241 150 2502 21218 17219 848 39660 16965 5621 67962 4118 648 12 1101 45 30914 848 
67840 68422 68289 2405 17252 2530 16965 17230 834 1095 639 
1857 12 
1095 30914 639 1857 67840 67853 16964 68303 1095 0 45 729 3471 45 17221 68423 1876 
39660 16965 5621 67962 4118 144 12 30914 1876 67840 67849 45 32440 
68422 10274 67992 11282 2405 2530 45 39714 17230 834 1095 438 1857 1101 17230 
68235 1095 68416 1095 0 45 729 3471 68308 17221 68424 3920 39660 16965 5621 
67962 4118 827 12 1101 30914 3920 67840 32440 68422 2405 2530 68289 
16965 17230 834 1095 
144 1857 1857 17221 68361 848 1857 68152 4118 644 12 1219 150 4036 848 1857 67890 729 392 
16965 17221 12 
68425 193 39669 67921 834 16965 2355 67938 39707 1095 390 392 141 2862 392 141 729 
1857 392 390 1857 392 16965 17230 834 1095 1764 6245 392 193 193 193 
68190 143 17221 45 17225 68077 45 1219 150 4036 1099 68426 17219 9983 67840 34308 2405 
14983 68308 67819 17221 39661 3321 5392 67957 1101 67945 68063 10274 5392 68298 12 
68427 1095 68428 17230 3315 3323 13527 150 1248 68429 3473 68289 14843 
68109 5392 68430 68431 1876 1857 2530 10292 7723 1095 144 1857 12 
67958 143 17228 45 67987 67840 68308 17217 68280 67841 67896 1101 67831 
833 17219 67896 12 5621 
67962 4118 144 2676 17221 68432 6653 68433 68255 16965 39661 1095 
66985 68408 151 150 67963 1101 17221 68434 67882 68082 17221 68435 4660 
68436 16965 68437 1193 150 39716 68438 151 150 67963 1101 68439 45 68082 39666 4660 
39700 151 150 67963 12 
67967 4118 144 2 68440 4660 68441 39720 34308 1971 12 
17217 1095 5392 67969 34308 5621 3519 4036 67912 67844 68442 1101 1248 68443 4660 
68420 1095 6625 68444 16965 17217 39669 67969 12 
68410 17219 17221 68411 1095 67933 10274 68212 68412 68120 16965 68081 10274 
68445 776 67896 67964 12 68414 17219 39669 251 39714 1095 68068 848 
67840 16965 67894 10274 39669 39313 68446 12 68447 45 3473 17221 
68349 40732 151 150 39720 68444 34308 1971 45 17221 68423 16964 
833 56988 68303 17219 6653 848 68448 12 39674 45 68449 143 2502 67853 848 68416 
1095 68175 46590 12 1101 45 3473 1193 150 109 13345 17219 68289 4660 68075 1095 39669 
1800 1099 68450 68289 848 67882 12 
68204 2355 67938 16965 68451 68173 150 10274 68445 776 6653 67903 19899 
68452 2 
648 5080 68446 2 39659 848 68075 39714 2 848 641 729 392 653 390 392 
144 240 68446 2 39659 848 68075 32440 1099 7143 68453 848 17252 45 
39714 2 1876 641 729 392 653 2862 392 
827 240 68446 2 30914 1876 68075 32440 1099 7143 68453 848 17252 45 
39714 2 3920 641 729 392 653 729 1857 392 
644 240 68446 2 30914 648 1857 68075 32440 1099 7143 68453 848 17252 45 39714 2 848 
1857 641 729 392 653 390 1857 392 
1775 1775 1775 1775 1775 1775 1775 1775 1775 1775 1775 1775 1775 1775 1775 1775 
440 322 440 9 1193 2 1764 6245 392 
143 143 143 68190 143 17221 6653 68077 45 67944 13345 17219 6653 196 14983 
68454 17219 848 67840 68455 12 68287 17230 3315 3323 32440 734 
68456 3473 67999 452 68457 639 67840 193 
143 143 143 60441 39691 68458 1876 196 1101 833 16965 5621 39313 
68446 12 68287 143 2502 193 
67870 6653 644 68152 1101 68082 67887 39701 66268 193 
817 2 143 143 143 39658 39726 729 392 1099 67850 68425 16965 68289 4660 644 
68152 12 
143 143 143 39658 39726 39669 39678 3321 1193 150 68356 1095 5392 67957 67853 
5621 504 1095 68175 42508 12 
143 143 143 68350 143 17221 17219 1193 150 67850 68425 4036 68459 68460 1099 
1193 150 68461 67982 144 68462 1095 68132 1101 34308 1193 150 16964 1095 30914 68462 45 
68463 143 2502 2 143 143 143 5621 4118 1101 5621 58983 5817 67962 17219 17221 68340 
143 143 143 39669 16441 67963 12 
143 143 143 39669 16441 38172 10292 10268 12 
143 143 143 39669 16441 34308 5621 68464 1095 1193 150 68348 215 10292 23064 151 150 17230 68345 219 
1241 150 68465 68466 17237 1095 17217 67894 39669 68076 1101 39659 68077 10274 
39659 68467 193 
68340 5621 67962 4118 648 68468 2 231 28 52966 150 204 1460 21 3836 
49 298 109 28 1971 
36475 67869 
6653 68469 
68470 68471 143 1090 
68340 5621 67962 4118 144 68468 2 231 28 52966 150 204 1460 21 50 6261 
67963 109 28 1971 231 
204 68472 
3920 68473 12 68474 11613 12 4118 4252 
68475 45 68476 45 6744 
2461 644 741 644 2502 448 
68340 5621 67962 4118 827 68468 2 231 28 52975 21 52976 
3199 109 28 1971 231 
282 68477 
64331 45 68478 68479 
1193 150 68480 45 68476 45 6744 
2461 729 781 644 1193 448 
68340 5621 67962 4118 644 68468 2 231 2473 21 2111 9 68481 
38423 28 2168 31 52976 3199 17 28 1971 231 
282 12 61656 
68482 9439 143 68483 
38171 68476 45 6744 
747 144 204 144 741 648 
143 143 143 46276 390 1857 67872 67840 68484 3323 1116 10274 67999 
31379 12 
440 241 1200 1219 204 151 240 204 1200 1219 4309 15155 204 2 
824 68485 3323 2563 67841 67909 39669 68069 67993 193 
824 39728 39690 45 68486 1101 68204 10274 5392 67871 6653 4441 12 
824 68340 6653 644 68152 68487 193 67941 45 17221 6653 67952 67916 
6653 39660 68488 10274 68489 12 17227 5392 60454 45 67829 17221 68490 
16964 39678 68491 151 150 17230 729 392 45 17221 68178 39661 5621 68332 16965 
17221 68492 33200 68493 4660 68326 143 68328 1101 6744 39699 6653 
68494 68495 1101 6653 34439 1095 5392 68496 215 68497 617 4660 4644 54462 1101 
54463 10292 68497 1254 45 5392 976 54464 5817 1285 68334 17219 5621 1285 4660 
68493 68498 7536 12 609 45 6653 4644 11588 1101 21927 45 32440 68499 17219 2 
231 17230 68332 14843 17230 504 68500 68001 68501 1099 68502 1095 1193 150 67850 67830 
231 12 
68503 39726 5621 504 5621 39732 67831 1095 5392 68504 1095 
39660 12 
39728 33713 1101 62472 67853 3323 1116 12 3473 17221 68204 
6653 
4441 67853 68505 45 6653 67903 17233 68452 
193 
1101 45 3321 68464 67945 45 67814 68506 1099 17221 143 67831 1099 67909 
68507 17219 17221 67915 68508 193 
824 824 824 824 824 1221 322 440 241 240 1219 747 240 282 7 1241 1221 240 241 204 1193 240 204 1200 1219 1219 15155 204 824 824 824 824 824 
68204 30914 68509 16965 17221 68123 5817 68510 12 
3473 17221 14983 68490 17237 639 39660 16965 5621 67962 4118 648 17223 17230 68511 1095 
68032 68171 67943 5621 68150 1095 39669 67969 34308 1971 45 68512 
151 150 68513 68173 150 10274 3323 17219 17221 68179 3323 39313 68169 12 
68514 45 16964 224 1095 68171 833 68053 45 17221 68515 39675 10292 67939 
1876 39660 16965 5621 67962 4118 144 12 3473 17221 14983 68490 17237 3323 39691 45 
68512 151 150 68513 68173 150 10274 3323 17219 17221 68179 3323 39691 12 
16964 67890 17219 17221 67952 67830 30914 1876 39660 14843 833 5817 67962 4118 144 45 
17221 39656 17221 68516 193 
9 67851 1095 3323 776 45 5621 68317 68517 1095 68007 143 67831 1101 1193 150 67850 
68425 68518 1095 67837 17223 5621 68317 12 
1248 4036 2340 1095 734 68519 
67999 67890 17219 39669 58983 4036 68520 34308 5392 34690 45 17221 68030 68389 
68521 17230 68522 1095 67936 68523 12 
17221 39656 67831 68524 39669 37555 1099 68525 5392 68526 1095 
68152 1095 67999 4118 17219 6653 67840 17221 68361 12 
3473 17221 68209 67920 833 1095 67935 45 17221 39656 39661 16964 17218 
68527 151 150 67963 1101 68528 5621 46582 10274 36825 12 1248 1241 150 2502 9 
68399 17237 1095 68529 10274 5392 68526 1095 67935 17219 17221 39656 
67920 10274 1193 150 39682 1095 3323 1116 193 
824 824 824 824 824 440 6957 282 322 7 913 1241 9 913 240 204 824 824 824 824 824 
231 3323 1116 67964 45 39674 17221 68178 5621 68524 68280 193 
68466 45 1241 150 68427 17237 1095 68440 39669 58983 17223 16964 2439 68367 45 
67896 14983 68517 17237 1101 17221 68530 68334 40732 1095 67935 
68290 12 22477 68028 16964 68196 68197 17219 67896 67964 12 1219 150 4036 
67904 16964 56988 62580 1095 17217 1095 1193 150 67850 68531 
68532 45 1101 67853 17230 68201 68533 12 3473 17221 68198 1095 67894 45 
68204 5621 1116 68280 1101 17221 67823 34308 5621 13481 1095 39669 
68205 68043 12 231 
42098 68534 68535 45 31121 45 21807 
143 143 143 143 143 143 143 143 143 143 143 143 143 143 143 143 143 143 143 143 143 143 143 143 143 143 143 143 143 143 143 143 143 143 143 143 143 143 143 143 
231 5392 68026 68536 1095 39652 67871 4036 1095 17221 68537 17219 3323 
68317 4036 68538 45 67886 45 68539 35056 1101 16964 67898 
151 150 39666 16964 56988 68526 151 150 67850 1099 67844 1095 67927 12 2461 150 1662 67812 
68540 67987 67890 68297 17219 2461 150 68541 68542 67945 67944 12 2461 150 1662 2147 
68120 16965 68081 3323 13527 150 109 67924 68543 1099 68502 16965 1193 150 2954 1101 
1193 150 67850 9691 68544 12 9 332 3333 68545 45 2461 150 1662 67830 147 52999 392 17223 
6653 1257 68546 68171 45 1101 67907 7227 39726 12 35273 10274 17221 12 231 
48836 9 12 4609 45 31121 12 
231 1241 150 67909 17237 1095 650 68547 45 67896 282 150 9 68121 67987 68171 16965 14 
68548 1095 67894 10274 3323 2563 12 39674 45 67945 68549 17219 22477 68028 45 
2461 150 1662 68062 17219 1193 150 68105 4143 68106 3473 68533 13527 150 1248 1241 150 2502 68232 
67817 5491 1095 14983 17237 39666 68550 1095 39660 16965 10292 67939 
68551 332 67850 12 7750 18550 193 22477 68552 67912 68553 67829 2461 150 1662 67960 3969 
68554 33200 67974 68555 1095 
39660 193 22477 68556 833 151 150 67850 39652 68070 17219 17223 17225 848 68061 
67985 12 5392 2337 68557 10292 68141 1095 39652 67862 4036 17219 67844 68165 
68082 17221 68558 17223 5621 39711 45 1248 1241 150 2502 9 17237 1095 68559 68105 
16965 17230 68345 67882 39690 12 231 
3449 68560 45 3083 143 68561 
231 2461 150 68048 67830 3323 1116 1248 2502 9 67885 67927 1101 22477 1193 150 1662 68562 12 
39674 45 833 68053 45 22477 14 68028 68008 3473 22477 1241 150 68135 17237 68563 17217 17230 
68564 12 22477 1241 150 68048 67817 68213 67853 32440 68489 1099 66 16965 282 150 1099 
68435 16964 17218 68286 12 68334 45 2461 150 1662 68563 68565 34308 5621 2298 1101 144 31379 
833 68053 12 22477 14983 1193 150 1662 17237 68562 68219 143 68031 12 22477 68028 4660 833 68566 1095 
68081 17219 67821 282 150 39682 68294 10274 68567 17225 67868 12 2461 150 1662 68568 843 
1857 392 68060 827 31379 67853 39652 67898 1095 17220 12 67958 17228 45 12 12 67821 
39682 193 231 
68569 68570 45 68571 
143 143 143 143 143 143 143 143 143 143 143 143 143 143 143 143 143 143 143 143 143 143 143 143 143 143 143 143 143 143 143 143 143 
231 1219 150 4036 5392 68572 67890 17219 17228 1101 332 68573 68574 10274 3323 2563 12 
18354 68575 68576 67820 67895 68577 45 1101 68578 45 18354 68579 
67820 67902 34308 5392 68580 1101 18354 68581 4660 68582 1095 67820 67850 12 
5392 68045 68583 34308 68584 68082 3323 2563 68517 16965 17221 1219 150 4036 3473 17221 
2502 68315 12 17223 39669 68585 1101 17223 68219 1095 39669 68076 45 14983 
68586 17237 10274 68365 1095 39652 62580 68587 12 67809 5491 1101 68418 
68588 193 231 
13758 59466 45 55690 45 17304 
143 143 143 143 143 143 143 143 143 143 143 143 143 143 143 143 143 143 143 143 143 143 143 143 143 143 143 143 143 143 143 143 143 143 143 143 143 143 143 
143 143 143 17221 39649 68031 4660 68589 68590 1095 17217 4660 67935 
68591 66268 10292 39710 1095 39659 68051 12 
143 143 143 17221 39649 17230 68592 68593 10274 5392 68594 45 39674 45 17221 68178 68001 
68595 10274 17217 6653 68184 17237 193 
143 143 143 151 150 17252 1099 7143 68168 67936 5392 68196 12 3815 67857 193 
143 143 143 17221 68304 39666 17230 68596 151 150 67850 68597 193 
143 143 143 143 22477 17221 1662 67910 1193 150 430 45 6653 68293 1101 1193 150 62580 1095 
68259 68294 10274 1193 150 68598 193 
143 143 143 1248 1241 150 1099 68296 13527 150 10274 17221 67849 1095 68301 10274 1193 150 2135 193 
143 143 143 68287 33200 68202 45 67887 14983 39701 17219 1095 639 392 12 
143 143 143 68599 68600 143 17221 16965 1193 150 68601 1095 68214 1095 68496 138 
1101 45 13527 150 1099 68490 143 17221 1099 68345 138 
68340 39659 68152 67970 67858 150 67859 12 17221 
68602 68334 5392 6048 32440 17221 68603 68262 
5392 68263 68043 193 
1241 322 440 240 7 282 321 322 241 440 9 1241 440 240 2 
3473 17221 39649 67868 151 150 39682 16965 68604 1099 67862 14843 16965 17221 68605 
67841 67993 14843 16965 68110 2911 17221 68606 67853 1193 150 68607 45 
68608 1099 66 67853 39669 14154 1430 16965 5392 68609 1095 5392 68212 
67993 215 16964 68610 68611 219 16965 16964 39682 68612 12 67887 68613 
68614 10274 39659 463 12 
1095 833 45 5621 504 5817 67921 39713 1095 1193 150 39682 68615 3321 
68616 12 1248 39713 67882 4660 68617 68444 10292 68141 4660 68618 
4660 68619 12 3473 17221 39649 1241 150 68165 68620 260 34308 5392 68621 1095 
3323 66 1095 67974 45 68622 143 5621 10292 14154 1095 5392 1114 5817 
3199 8216 68623 16965 5392 14210 4660 68624 12 
2732 1101 67809 68625 193 68035 4660 68626 12 
321 12 204 12 16965 1193 150 1133 68627 6653 392 3321 4660 3914 