Subject: 87 5634 49 3314 9588 138 
42 52823 45 
419 8 28 3314 4568 49470 15 62273 926 107 482 38 21 83 67 12 12 12 12 12 12 
18539 5634 49 9588 435 13744 45 11053 45 4365 68884 45 63586 17 68885 12 12 12869 31 28 6567 31 15 3314 193 193 193 193 
91 2950 3318 38 21 52895 2003 19605 193 193 193 
72 38 187 435 959 430 67 68 2950 45 347 411 670 12440 31 411 41316 2950 435 648 3083 92 3314 49159 45 5634 499 52799 347 54877 68886 45 111 81 3820 369 193 193 193 
1324 41409 298 648 143 29128 143 6236 143 68887 641 2862 49 959 4364 347 1981 670 3981 23 
1051 12 12 1217 
3820 328 193 
36233 59782 504 3874 124 70 1248 35531 36233 60789 
68 626 112 8826 74 9 1170 31 42940 2778 150 171 6261 240 143 628 1237 12 72 
38 467 21 77 6617 125 68 35156 150 204 460 8364 45 81 149 
306 28 627 231 5247 231 17 68 1237 18 8808 9834 38 
125 769 460 8364 12 