Subject: 36 20523 306 36656 240 143 628 143 648 298 9881 392 392 392 
7 207 118 72 68 3946 130 53539 38 12 81 521 21 68914 302 14096 12 1217 21 77 6617 12 
419 3359 91 31 28 96 6261 240 143 628 6237 109 28 1971 12 6261 240 143 628 35 36 38 28 96 38230 109 28 3519 12 515 1375 68 331 31 3836 259 6238 124 28 2177 34 38 521 21 28 2483 8424 12 107 435 1424 11009 347 3990 3954 34 28 2483 8424 58 21 220 195 28 7136 12 7770 49 7770 6261 240 143 133 124 65 28 508 33600 12 419 220 195 28 133 49 38 12 38 274 1211 434 306 28 3946 193 20 150 204 34 4572 193 
515 419 3359 2 
824 597 5990 1316 347 411 43478 
392 438 12 1529 49 648 143 9881 240 143 4756 102 12 
392 1862 12 1529 49 827 143 9881 240 143 4756 102 12 
392 4229 12 1529 49 729 143 9881 240 143 4756 102 12 
392 6255 12 1529 49 248 143 9881 240 143 4756 102 12 
392 3920 12 1529 49 848 143 9881 240 143 4756 102 12 
419 65 8 9257 19975 193 
824 11519 1316 2 
392 1862 12 1529 49 648 143 9881 240 143 4756 102 12 
392 5924 12 1529 49 144 143 9881 240 143 4756 102 12 
392 648 45 1857 12 1529 49 827 143 9881 240 143 4756 102 12 
75 31 1821 818 45 73 1370 144 2660 17 36 648 298 9881 597 2587 102 12 73 1370 729 1960 2660 17 36 2862 45 1857 143 49196 8368 13540 623 12 259 6354 15 4189 328 193 193 193 
1324 49 4367 19975 193 73 369 193 193 193 17 36 28 1457 38230 193 
259 953 107 1844 434 9 1324 17 450 515 20 124 34 419 35 220 49 38 12 1324 14444 35596 143 53550 143 61895 45 419 164 4 9835 12 1381 31 680 45 53552 4322 483 73 347 400 9812 12 