Subject: 1 2 1685 42314 
3187 4315 7000 4318 7001 4312 6792 42333 42334 12 
11181 4318 11182 6921 6789 4318 42335 7067 6789 42336 6774 
42337 6893 42338 4311 12 6927 4318 6928 3185 3186 42328 45 
3183 42339 6760 42340 45 6776 7169 4318 42341 
3173 7075 42342 6776 42343 3185 7154 4315 
14665 6891 4318 6892 138 
15647 
143 143 143 143 
98 99 101 2 
41 
41 17555 42344 18228 3182 6749 42345 273 12 
41 4309 42200 6789 11387 6774 42346 42347 6758 42348 215 6751 6795 4318 7013 42349 219 12 
41 7432 45 6927 4318 6928 3185 3183 42331 6749 45 6789 42251 2 3186 42328 45 3186 
41 11181 4318 11182 141 1535 12 1857 4312 10612 42350 12 6789 6749 6862 3183 4318 16145 6792 
41 41922 45 15450 7078 42351 3173 6792 42342 6758 11181 4318 42352 3173 
41 7078 41778 42303 3186 42328 12 
41 
41 3186 42353 4311 6760 2 42354 14656 6546 
41 
41 6810 
41 
41 17382 42332 101 2 
41 41 
41 41 3187 45 7169 6789 15653 3182 4311 3184 4317 6885 6789 11387 
41 41 4309 42200 138 
41 41 
41 41 7000 4318 7001 45 
41 41 
41 41 15647 
41 41 
41 41 143 143 143 
41 41 
41 41 98 99 101 2 
41 41 41 
41 41 41 7000 4318 7001 193 
41 41 41 
41 41 41 17382 42332 101 2 
41 41 41 41 
41 41 41 41 3187 45 42315 6871 14898 6893 6913 15940 4312 6792 42200 2 
41 41 41 41 
41 41 41 41 648 12 231 42316 11188 4318 15114 6857 42317 6774 42281 11188 4318 15114 6857 42317 
41 41 41 41 3173 42245 6758 42318 143 42319 231 
41 41 41 41 
41 41 41 41 144 12 231 42320 6857 42305 2 42321 45 42322 42323 3173 15912 231 
41 41 41 41 
41 41 41 41 11366 7317 6790 3182 42324 3185 7070 6943 15489 45 7079 4309 11784 
41 41 41 41 42325 6789 6760 6881 11390 6934 6943 6920 12 
41 41 41 41 
41 41 41 41 6802 7123 45 
41 41 41 41 
41 41 41 41 15647 