Subject: 2147 548 
4425 98 45 
990 38 164 182 12 192 49 15 628 12 7 150 282 501 38 164 1891 4 
1960 306 14 12 7 8 28 310 92 143 1021 130 38 45 3320 12 132 420 
125 369 3928 247 4224 499 21 77 9 356 2201 1032 7 2697 12 132 
4625 8721 45 251 42437 45 1880 644 2580 49 14 21 220 
68 76 158 7 8 221 208 358 7 1775 8 1775 21 3043 1397 7 955 49 
14285 158 17 7 150 938 221 9 9881 532 3385 21 10458 964 109 121 9 1209 17 
9 1894 10659 45 17 21 1878 49 132 14285 5499 12 34 1931 150 440 955 48 
92 49 294 548 1397 7 955 49 14285 4 28 5824 31 3595 12 7 
439 150 440 83 2473 132 1960 1391 18 77 4 14285 45 259 7 439 150 440 83 2473 
48 2147 7 35 220 306 38 125 3192 161 12 7 1916 21 77 182 125 
14285 74 3965 229 12 23 34 92 7 2852 38 18 77 47 563 6218 15 
2016 12 4 1886 7 8 21 42438 9 42439 31 2492 312 8944 
1959 12 28 830 31 1038 17 28 5824 31 1839 7 2563 21 1061 4 
28 35988 1885 964 23 28 3350 1816 16521 42440 1841 4 
7106 448 143 848 1839 21 1844 9 1522 12 28 977 373 1910 16405 1839 7 18 77 4 
42441 49 373 3986 1111 12 
34 33669 373 1414 12 21 42442 4 68 548 1364 195 28 6134 419 8 
21 220 45 347 21 42443 28 548 395 121 1839 12 1404 18 548 306 14 12 7 
439 150 440 87 28 358 1397 28 75 31 28 1209 12 251 7 439 150 440 83 515 38 
164 2576 21 220 121 38 2894 4 15 2016 138 72 15 3593 3318 49 9 
1981 21 38503 45 7 207 7196 474 132 1617 187 435 21 1843 38 21 
3078 487 215 17 63 49 15 1856 219 45 17 419 90 3043 28 548 1122 
91 92 4 28 7885 12 34 187 77 132 2350 1416 45 7 2937 45 251 72 
38 187 435 21 3043 28 358 1397 38 3043 15 1272 12 151 12 34 187 
77 261 65 17 274 1207 9 3547 1 143 2072 31 132 36188 12 
259 45 82 14 83 515 38 5633 12 
85 2940 45 
42434 
42434 3918 33393 51 2 141 1064 6241 636 9040 1795 
1617 31 3085 139 2 141 1064 280 2243 1535 15612 
176 31 38503 45 10919 240 143 628 2 42435 302 42436 12 19544 12 10330 
