Subject: 10054 17 10053 49 1166 17 2901 
10053 17 10054 1184 1357 13353 193 
2298 2404 12597 193 
1324 369 49 9 4159 2 215 11568 219 31793 143 54585 
952 954 9 517 45 1141 54586 17 3380 12 
10054 
419 1211 10054 21 17 125 184 2234 12 215 419 53395 4 2298 2404 12597 193 219 215 419 481 68 368 941 49 38 193 219 
1476 15 2298 2404 1711 143 13113 18 481 9 4642 4642 2923 4 15 1166 193 215 36377 31 255 11416 4 28 434 251 5633 21 5423 45 2666 17 3047 4 769 2745 2234 193 219 
195 54587 143 1085 1924 1141 2444 45 1106 45 7365 45 11958 45 21521 45 981 17 195 757 12 
195 54587 143 44271 1924 1141 8069 45 11956 45 11955 45 21588 45 17 195 757 12 
419 572 445 8198 45 12108 17 6106 12180 193 
10054 1184 65 1357 49 2 
824 3864 45 14217 17 8198 
824 240 143 628 1041 
824 1333 3864 
824 2901 462 
419 572 445 8198 17 6106 12180 
2298 35941 193 419 481 38 933 502 12 3359 670 1184 21 15 1202 369 193 193 
1324 369 49 9 4159 2 215 11568 219 31793 143 54585 
952 954 9 517 45 1141 54586 17 3380 
10053 
442 157 2572 45 17367 45 15060 45 17 411 8198 7538 
824 82 434 85 15 6605 1979 215 2607 45 1156 219 17 54588 20 921 9175 45 1955 45 17 8198 549 1519 12 
10053 1184 1357 49 2 
824 10741 1470 1136 
824 14217 1922 
824 10656 
824 2901 19647 
824 1086 
824 52940 
824 597 35299 
824 21086 17 34227 1536 
824 597 1166 
824 195 54589 164 8198 17 6106 193 
3260 6526 559 17 19655 74 3214 
824 82 434 85 15 6605 1979 215 2607 45 1156 219 17 54588 20 921 9175 45 1955 45 17 8198 549 1519 12 
215 6176 17 54590 1184 1357 219 
1324 369 49 9 4159 2 215 11568 219 31793 143 54585 
952 954 9 517 45 1141 54586 17 3380 
72 28 1479 124 563 45 347 419 220 107 1324 182 4 1809 954 45 81 1324 182 120 12 
161 124 359 87 21 77 6617 125 670 110 45 130 68 124 9 208 92 445 133 12 38 18 107 77 40082 120 74 434 45 251 38 164 1530 21 19 68 240 143 628 21 2622 34 38 467 12 
81 220 107 18467 149 12 
38 1906 1324 
46 38 