Subject: 92 124 916 499 
419 35 445 3357 1876 
294 389 23 68 92 12 419 164 765 1250 369 12 439 150 440 
523 72 38 164 5648 193 
7 207 148 49 9118 143 9429 
255 213 482 21 19653 392 609 45 1857 
4 67 644 143 448 1910 12 308 4998 12 
3210 670 3390 17 82 434 2482 38 
2473 419 35 548 1122 21 
2181 15 2901 4561 
3590 45 1427 9260 757 12 
6825 4561 2487 12 
9604 1058 1059 19605 12 
6825 483 1427 38 164 4 127 
9604 11602 4188 12 
7813 63 2354 15 3314 12 
6633 4561 45519 12 
1844 15 599 9 294 2261 12 
7952 2261 193 193 193 193 193 
36 182 21 14 500 23 
53145 302 69529 12 1217 
21 16319 15 2439 1427 161 124 1449 1462 193 
3054 12 650 5247 4 28 627 1479 17 18467 149 21 
4430 128 212 133 125 14 12 
143 143 
482 21 9253 125 68 110 138 
13 9 626 21 67681 143 9253 302 67682 12 47785 12 1217 