Subject: 13260 34 4065 19581 193 
20 150 204 9 424 2177 2 772 143 59479 53155 2858 439 150 440 548 12 179 38 6524 416 59480 17 59481 45 26 2858 6526 921 19581 12 
251 369 45 9 424 35229 58 3376 34 28 1342 8054 21 18571 19581 124 21 13208 15 59482 31 59480 17 59481 12 20 150 204 359 4060 34 2620 143 59479 34223 3593 8 2111 259 12634 550 443 2660 12 
670 8366 124 28 429 3532 1351 45 195 143 2233 45 59483 143 298 37653 4063 34 2971 38 13208 28 59484 17 13260 28 19581 12 
20 150 204 130 941 130 648 45 144 45 827 193 
68 4063 2971 21 2 
648 12 6526 59480 921 11039 3915 31 19581 12 
144 12 34229 13859 19581 1427 4775 53253 19692 12 
827 12 1425 55818 49 59480 17 59481 12 
49 9 3979 21 670 3981 306 1446 277 17 6230 13376 
5990 1369 
6460 487 672 49 959 2377 193 
670 8366 65 11802 70 3076 1129 49 36031 
17 255 4 28 23352 1479 31 1166 12 81 672 49 3199 2377 
72 38 164 59485 
36 21598 17 36 484 193 
21 77 6617 125 28 110 2723 2 69462 302 27282 12 1217 12 899 138 627 653 5247 