Subject: 6180 2 1642 150 1082 143 6199 3099 
42 1230 1220 2 
68 124 274 9 1893 817 21 4785 67 28 659 31 15 418 
2141 12 164 38 1449 1960 2098 276 28 1642 150 1082 234 130 70 
6199 143 3099 347 8 38 78 964 68 2563 138 
7 933 19 21 15 3793 12 
96 97 45 
116 45 
6228 
41 143 143 143 143 143 6269 653 6270 6271 143 143 143 143 143 
41 6272 2 1230 1220 470 1793 2 1230 302 1243 12 320 12 350 472 
41 6273 207 2 6274 45 609 12 247 335 336 2 2243 
41 70 2 6229 302 553 12 1095 
41 635 2 1230 158 613 158 1244 
41 6275 2 1642 150 1082 143 6199 3099 
41 653 639 
41 42 2847 12 6229 45 
41 653 639 
41 419 164 1891 21 2180 306 38 49 28 418 31 
41 1642 150 1082 32 4 28 6199 3099 155 45 130 38 131 12 
41 653 639 
41 534 45 419 1449 87 125 38 15 6351 109 28 1148 1076 
41 4 670 272 240 143 628 2 653 639 
41 653 639 
41 41 419 8 314 4283 15 3359 17 419 1449 87 91 959 2377 
41 41 125 38 226 91 31 28 412 8 6352 463 540 
41 41 35 445 77 4429 74 28 292 12 
41 41 7 187 1524 28 1835 921 754 6345 2 
41 41 653 639 
41 41 9 12 1510 107 2498 184 1148 12 
41 41 653 639 
41 41 167 12 1510 213 187 435 21 2897 27 548 45 130 124 
41 41 347 3045 2684 2 
41 41 3790 2516 45 3406 2510 
41 41 817 34 26 8 314 293 9 6169 21 1 143 2890 
41 41 125 28 6353 2118 6212 12 
41 41 653 639 
41 41 1219 12 1510 213 187 435 21 6354 28 1457 21 2890 28 
41 41 6355 548 4 28 460 2 
41 41 4260 4261 
41 41 653 639 
41 41 78 28 2918 31 28 418 45 540 124 3548 21 
41 41 486 9 1157 6280 49 840 244 4 1329 3 45 17 
41 41 28 6356 31 28 1835 6357 28 463 1076 414 45 
41 41 7 187 94 15 6351 12 
41 41 653 639 
41 653 639 
41 419 65 1901 9 498 6358 215 81 861 68 2915 130 9 2744 
41 5607 219 45 
41 49 540 419 187 435 21 8 15 2600 12 
41 653 639 
41 5830 49 15 270 12 
41 653 639 
41 653 639 
41 96 97 
41 1230 1220 
41 653 639 
41 653 639 
41 653 639 
41 143 143 653 639 
41 141 653 827 151 653 827 151 653 827 151 653 827 151 653 827 151 653 827 151 653 827 151 653 827 151 653 827 151 653 827 151 653 827 151 653 827 151 653 827 151 653 827 151 653 827 151 653 827 151 653 827 151 653 827 151 653 827 151 653 827 151 653 827 151 653 827 151 653 827 151 653 827 151 653 827 151 653 827 151 653 827 151 653 827 151 653 827 151 653 827 151 653 827 151 653 827 151 653 827 151 653 827 151 653 827 151 653 827 151 653 827 151 653 827 151 653 827 151 653 827 151 653 827 151 653 827 151 653 827 151 653 827 151 653 827 151 653 827 151 653 827 151 653 827 151 653 827 151 653 827 151 653 827 151 653 827 151 653 827 151 653 827 151 653 827 151 653 827 151 653 827 151 653 827 151 653 827 151 653 827 151 653 827 151 653 827 151 141 
41 1232 315 12 1230 1220 1068 12 2 141 454 143 648 143 1233 1232 
41 1232 1234 141 454 143 648 143 1235 215 1236 219 1232 
41 1232 1237 17 1162 1238 1239 12 1232 
41 1232 1240 12 31 316 317 318 1232 
41 1232 1241 12 1219 12 204 12 241 12 231 320 231 1232 
41 1232 327 325 326 51 2 141 454 143 648 143 1242 1232 
41 1232 268 240 143 628 2 1230 302 1243 12 320 12 350 1232 
41 141 653 827 151 653 827 151 653 827 151 653 827 151 653 827 151 653 827 151 653 827 151 653 827 151 653 827 151 653 827 151 653 827 151 653 827 151 653 827 151 653 827 151 653 827 151 653 827 151 653 827 151 653 827 151 653 827 151 653 827 151 653 827 151 653 827 151 653 827 151 653 827 151 653 827 151 653 827 151 653 827 151 653 827 151 653 827 151 653 827 151 653 827 151 653 827 151 653 827 151 653 827 151 653 827 151 653 827 151 653 827 151 653 827 151 653 827 151 653 827 151 653 827 151 653 827 151 653 827 151 653 827 151 653 827 151 653 827 151 653 827 151 653 827 151 653 827 151 653 827 151 653 827 151 653 827 151 653 827 151 653 827 151 653 827 151 653 827 151 653 827 151 653 827 151 653 827 151 653 827 151 653 827 151 653 827 151 141 
653 639 