Subject: 20714 31 1257 21 729 138 9 12 22708 69104 
648 219 220 38 87 416 18489 138 
144 219 220 38 482 21 85 1740 31 15 92 17 11039 138 
827 219 220 38 8 43107 92 109 15 2276 138 
644 219 220 38 8 3590 251 439 150 440 83 2473 21 1448 37 138 
729 219 220 38 435 28 605 31 528 159 21 548 4 15 58062 138 
448 219 164 38 20714 31 28 1257 21 729 839 138 
248 219 187 38 435 21 12543 959 92 306 15 599 138 
617 219 220 38 435 9977 138 
1257 219 187 38 435 21 548 125 3314 138 
848 219 187 38 435 21 432 15 2745 420 138 
336 219 164 38 4 19605 138 
618 219 164 38 9 1371 6828 138 
636 219 164 38 61804 306 15 115 4561 600 138 
135 219 220 38 87 9 2261 138 
72 38 56 194 21 644 499 31 135 463 143 419 8 541 49 38 193 
419 164 148 49 9 864 441 31 255 21 548 306 4 15 2088 12 
72 38 164 1891 4 70 1129 31 9 2261 143 92 45 81 13 15 105 17 240 143 628 16 21 2 
6230 18489 
179 28 441 31 255 419 164 148 49 124 1810 419 18 107 77 2334 2622 3191 12 
72 38 8 9 1021 50 28 626 81 3558 9 294 628 626 5052 
17 13 15 105 17 240 143 628 16 21 241 12 69105 302 43938 12 1217 
21 77 6617 8808 125 68 110 81 13 9 626 306 5247 4 28 627 1479 
21 2 4433 302 69106 12 1217 
68 626 124 528 102 21 38 4 10821 306 1464 11033 16848 215 204 12 53012 143 976 2625 219 12 