Subject: 1 2 5089 486 2 22098 729 3864 
42 859 45 
49 1402 1148 7833 21 28 572 31 42722 45 1046 28 2666 143 14 2939 
34 13728 28 1036 17 397 347 66 28 1277 1116 
42723 12 38 18 861 28 66 277 2 
7 65 4439 38 21 2666 28 42722 143 1846 42724 4 279 184 31 28 
1440 38 164 42725 8 314 205 6136 2 
1050 2 397 397 1051 12 16841 12 16842 397 22098 729 397 20597 143 19741 12 5051 
96 97 45 
5370 42726 
143 143 
5370 42726 2723 2 321 12 42726 302 16841 12 16842 
16841 1050 2 397 397 1051 12 16841 12 16842 
8424 504 1068 215 141 17880 219 42727 42728 
51 215 141 17880 219 42727 42729 
824 824 824 28 42730 9261 2585 38 17 1349 16582 824 824 824 
143 143 143 143 143 546 626 143 143 143 143 143 
125 2 12538 470 2723 2 12538 302 16841 12 16842 472 
102 2 1255 1839 2405 135 2 608 
627 2 5089 486 2 22098 729 3864 
4118 4118 4118 4118 628 2 613 302 1243 12 320 12 350 
4118 4118 4118 4118 105 2 98 99 
4118 4118 4118 4118 6732 2739 2 
4118 4118 4118 4118 628 2900 74 486 5089 486 
4118 4118 4118 4118 1014 31 626 
669 45 
7 8 9 1021 306 28 42722 2707 12 
7 102 70 273 21 42731 302 3221 12 8706 12 2146 251 42732 359 149 12 
208 31 28 8448 215 64 6280 853 219 10945 639 3471 19462 12 
23 28 4242 31 28 617 12 827 486 215 2018 1967 4 486 617 12 827 219 7 36 28 1457 
4167 
49 28 19462 31 1320 7558 1209 45 251 28 834 124 0 12 
28 877 834 215 2018 792 4 486 617 12 827 219 124 3812 45 7 12 240 12 45 20 3552 28 
19462 45 251 28 9 827 12 144 486 124 6459 215 359 19462 219 12 
1851 45 28 8706 832 10429 49 34 3830 124 0 3471 4 28 
9 827 12 144 486 45 313 20 124 1876 3471 4 28 486 617 12 827 12 
192 4 269 49 15 95 12 
98 99 
4118 4118 4118 4118 75 31 626 
4118 4118 4118 4118 2659 42733 2 1050 397 648 12 0 
4118 4118 4118 4118 2659 2741 2 4711 
4118 4118 4118 4118 19451 2356 2 4109 12 9042 12 7343 12 14589 
4118 4118 4118 4118 19451 3688 16 2 4109 12 9042 12 7343 12 14589 