Subject: 28 58891 143 7690 5299 12 763 824 
28 58891 
7690 5299 2 
68959 3874 12 
8142 143 68960 215 52733 143 58898 20744 219 
427 80 143 392 12 667 
782 1867 6224 143 392 12 618 143 12 7848 
4558 48046 143 644 9881 
42819 14728 143 353 9881 
369 34 1966 17 411 1971 11600 8 19623 45 20 150 204 92 21 
62537 1461 28 68961 17 933 49 65034 12 130 58891 17876 45 
419 150 938 205 5830 49 68 3535 1524 21 7885 499 31 10090 43980 45 
259 419 35 7690 23 10670 6237 12 
28 235 3263 84 77 11314 49 122 143 6196 7462 41191 2 
68959 4207 124 8898 9 294 38000 4 28 39474 12 1217 9984 143 
26 6741 1158 4 229 4284 45 121 591 1010 4 9 3990 1519 12 
769 11652 17 115 2384 45 3253 68962 45 58 205 4 28 
68963 1166 49 765 639 1010 45 17 58 13023 2596 306 
5820 650 31 68964 49531 12 
68959 124 386 31 28 65373 231 167 144 167 231 1166 21 1166 35910 
31 28 1971 12 20 124 4558 34 167 144 167 1158 8443 18 66700 
125 392 343 21016 4 6165 4 136 21 392 7355 21016 74 2414 12 1158 
8443 2258 68960 28 3564 21 8216 306 411 3570 195 765 
28 423 45 23 47 2620 64 12 26 19653 483 125 4184 213 63 
9 16849 578 21 3210 769 64144 150 204 676 12 
515 124 28 311 21 7690 369 138 68959 84 77 10655 3076 
36176 17 44124 4 28 997 38669 45 28 9509 2349 31 42819 124 
532 45 17 28 4561 1132 124 274 1544 21 8438 68960 12 26 
8 1199 769 486 848 21 2111 9 10655 425 306 28 6478 45 17 
26 84 77 8986 125 769 58898 4152 13380 1028 12 
59 45 10894 23 769 2298 2404 124 44027 13594 2589 215 5865 144 9881 
455 3542 2606 76 219 45 17 124 2165 23 765 639 3471 16849 12 306 28 3263 
8205 23 1894 31 542 3595 40489 45 28 58891 20843 34 68960 35 
1448 28 392 648 12 390 1313 4241 143 6196 45 306 837 4240 6237 840 499 12 85 9 
2439 369 1427 68959 124 109 28 60931 13275 12 
15545 2 28 58891 58 359 4704 306 28 57691 45 17 58 293 
359 578 125 68959 49 68 2385 12 28 58891 17 397 347 542 35111 1383 
2745 42819 31 68959 45 17 229 7690 347 3616 42819 23 184 92 121 28 
15552 31 68 2385 12 86 28 57 54701 68 3263 45 161 229 
77 9 9719 31 1543 4 28 58891 150 204 10497 17 9684 12 28 58891 
124 107 9 406 4173 13971 45 15346 347 35684 12 15198 31 68 3263 
229 77 2170 52748 45 17 229 966 4 28 6108 31 91 347 195 31 184 
4173 869 12 
21 4196 21 460 2474 347 3214 51041 430 
173 28 68959 1129 45 81 6460 109 28 516 3979 1905 
17 18467 13 12 
72 38 467 21 77 9474 125 9483 
184 460 133 45 81 6460 109 28 
3979 1905 17 18467 13 12 
2723 2 9443 1535 302 434 12 59018 12 1217 138 627 653 6631 