Subject: 1 2 29679 358 
98 45 
7 18 82 3060 3807 72 419 35 1449 481 20 49 6522 12 
72 259 45 7 35 13 38 9 231 6264 231 358 1397 598 177 38 1906 5682 
15 13529 45 17 13868 1919 17 1943 9731 12 
38 84 65 85 2940 31 28 838 1550 45 78 38 164 231 3077 231 
21 28 2390 42498 12 229 77 38 35 672 9 2351 959 2660 193 
35842 
41 670 1508 164 28 235 2 
41 11379 215 2606 219 653 1514 12 892 3471 11378 215 2606 219 653 786 12 636 3471 
41 11379 215 2426 219 653 4300 12 9040 3471 11378 215 2426 219 653 3884 12 610 3471 
41 11379 215 34976 219 653 3876 12 390 3471 11378 215 34976 219 653 146 12 1809 3471 
41 419 90 7207 11378 45 23 28 4155 31 11379 45 74 42499 
41 670 9707 540 12817 231 5141 231 4649 12 534 45 7 
41 2937 9 772 143 11379 143 2620 143 11378 600 124 181 10 49 
41 670 2020 548 12 
41 
41 419 925 68 18 220 28 3372 49 28 2870 31 28 6522 358 45 251 
41 4 28 997 3040 419 84 2937 6579 67 28 1148 13336 414 12 
41 
653 653 653 653 653 653 653 653 653 653 653 653 653 653 653 653 653 653 653 653 653 653 653 653 653 653 653 653 653 653 653 653 653 653 653 653 43 12 35842 42475 
6155 2062 42476 37631 150 37632 
407 42477 901 
42478 8912 
141 2995 143 1973 143 42479 
51 141 2995 143 1973 143 42480 347 42481 
653 653 653 653 653 653 653 653 653 653 653 653 653 653 653 653 653 653 653 653 653 653 653 653 653 653 653 653 653 653 653 653 653 653 653 653 