Subject: 1 2 4569 10245 
41 91 255 58 1374 1086 109 11559 1315 10245 49 
41 549 4649 17 49 4649 4 597 12 28 776 124 
41 11559 10245 31 218 1002 215 1475 2283 45 7845 16978 45 
41 15420 45 409 219 10459 109 28 310 1485 6185 45 17 10877 769 
41 2431 12 161 164 1315 1473 45 435 37561 347 13131 8367 
41 215 1404 7730 9 431 1313 8214 8807 21 19695 28 5859 31 
41 1320 8807 2182 21 542 4329 109 28 865 573 219 12 7 187 
41 435 21 83 72 38 8 3870 184 3099 45 2144 45 936 45 409 12 109 28 
41 1845 12 817 34 1362 999 21 2215 45 34 7730 9 8807 109 
41 218 3510 31 28 865 6185 45 17 111 10877 28 2431 45 
41 164 107 1318 28 310 130 28 1946 1076 414 12 28 605 124 
41 10877 1362 218 4 1002 12 
3416 12 1662 12 237 143 238 
19741 386 827 215 31 248 219 
386 827 2 4273 
2473 21 10877 1504 138 
