Subject: 1027 49 9 2671 193 107 23352 
38 164 1521 21 1324 41409 298 2 648 143 6255 143 878 143 54471 641 67803 
177 38 18 2188 67 2 
824 13267 45 10654 3314 1166 
824 107 1711 143 1313 143 3199 
824 17684 7558 55088 392 848 45 1857 141 16849 4 454 21 394 2660 
824 4114 3471 1114 
824 6526 143 1388 10055 1603 408 143 54361 1324 38 
824 144 12 644 9881 143 7770 67802 408 926 18432 49 38 
824 14023 1947 17 865 
824 38 1906 2349 28 548 54128 17 10498 
419 164 107 18432 1061 45 64906 45 64907 347 60788 12 419 8 
70 9135 8366 397 504 3324 21 2622 306 70 18489 12 
38 46142 20 21 1897 17 599 21 861 499 959 12 
38 164 1521 21 1324 41409 298 2 648 143 6255 143 878 143 54471 641 67803 
12021 