Subject: 1 2 1642 143 1082 1329 3 127 
42 98 45 
38 35 13 195 2458 21 14 12 16 124 130 1528 2 
2459 1333 176 
2460 
2461 12 2462 
648 2463 2464 
2465 2466 45 2459 
2467 
116 117 
43 12 2468 2462 
2469 31 2460 215 2470 883 1800 31 2471 219 
23 336 2 246 454 12 847 12 171 141 624 45 38 101 2 
41 42 859 397 2472 45 
41 
41 81 861 862 4 68 273 28 1827 1083 17 1324 49 
41 1511 49 28 1642 150 1082 127 109 1329 3 17 561 12 419 
41 187 94 20 72 38 90 1983 434 130 21 2473 443 2474 35 
41 77 2475 21 28 389 31 28 1662 1816 4 15 2476 12 
41 
41 2477 117 45 
41 
41 98 99 
41 245 49 316 17 318 
41 319 231 320 231 
41 268 
41 215 613 302 1243 12 320 12 350 219 
41 
41 1329 3 17 561 
41 243 203 109 1610 1611 335 215 1642 143 1082 219 
41 729 143 609 1038 335 45 268 
41 824 1827 1083 824 
41 215 1050 2 397 397 1051 12 1243 12 320 12 350 397 2478 397 1654 397 1642 1082 219 
41 
41 1085 2479 756 109 1610 1611 215 1757 219 
41 215 1050 2 397 397 1051 12 1757 12 2426 219 
41 317 
41 402 1610 1611 1816 215 1654 219 
41 215 1050 2 397 397 1051 12 1243 12 320 12 350 397 2478 397 1654 219 
41 
41 
41 824 824 1436 31 28 203 2 824 824 
41 
41 28 1757 243 203 109 1610 1611 49 335 215 1642 143 1082 219 
41 124 1847 74 28 402 1610 2480 1816 215 1654 219 109 9 
41 674 2481 12 28 2195 31 1642 143 1082 124 21 1125 28 115 2228 31 28 
41 2229 4 1329 3 45 130 505 130 21 2482 28 2483 31 1329 
41 3 4 9 1855 31 1440 12 2098 68 2195 45 28 203 124 
41 2484 130 9 2485 363 45 233 1848 1849 125 
41 2486 1835 45 1511 109 1329 3 561 45 
41 570 1849 17 1173 1525 109 28 2487 31 935 259 2342 17 
41 542 460 2488 12 1642 143 1082 18 77 31 2489 21 2490 45 213 
41 164 1891 4 568 1329 3 1337 45 130 505 130 
41 775 17 2491 2492 45 213 548 347 164 2493 31 1960 
41 4 68 2494 2018 12 
41 
41 
41 824 824 110 31 1848 2495 2 824 824 
41 
41 440 12 2496 215 2497 45 391 219 231 1329 3 2 2498 28 2499 231 
41 282 12 1600 1605 215 1606 45 2500 219 231 1329 3 17 1162 
41 928 2 125 935 341 1917 
41 21 1170 1918 1453 231 
41 241 12 2333 215 98 2501 45 391 219 231 2343 3 231 
41 2502 12 2503 215 2504 45 1090 219 231 164 935 561 9 2505 31 2506 138 231 
41 241 12 1193 12 1095 2507 215 2508 45 2509 219 231 279 143 371 2101 231 
41 7 12 2510 215 2511 45 1588 219 231 2512 2513 4 2514 1703 231 317 
41 231 2515 1452 1920 231 
41 321 12 2516 215 2517 45 391 219 231 1329 1706 231 317 
41 231 2518 31 1985 2343 
41 2519 231 
41 1193 12 1095 2252 215 2520 2521 45 170 219 231 1505 1506 1507 49 573 
41 1365 17 1329 3 231 
41 1241 12 2288 215 2522 2523 12 45 1275 219 231 9 2524 430 2525 
41 1946 21 2526 45 2527 17 
41 3 231 
41 1219 12 1976 215 1966 45 590 219 231 1985 5 6 231 
41 2461 12 2528 215 175 45 590 219 231 1707 1708 4 1610 
41 1611 231 
41 1193 12 2071 215 2085 45 284 219 231 1711 143 1712 3 231 
41 
41 
41 824 824 2340 1915 2 824 824 
41 
41 249 454 45 136 488 49 1550 31 936 2403 
41 511 648 45 136 1083 31 1180 1511 
41 1551 648 45 335 488 49 2393 561 317 
41 1550 31 570 451 
41 1551 1535 45 335 1083 31 2393 2529 317 
41 2191 570 451 
41 134 648 45 335 488 49 936 2530 17 
41 2531 31 936 1979 
41 134 1535 45 335 488 31 2532 387 
41 1886 1535 45 335 488 31 554 387 
41 
41 
41 824 824 2121 2 824 824 
41 
41 1642 143 1082 1176 2 1219 12 151 12 1222 215 1244 302 1243 12 320 12 350 219 45 
41 215 319 231 320 231 45 268 219 
41 1642 143 1082 774 143 1176 2 1241 12 2533 215 2534 302 2535 12 2536 12 2537 12 350 219 45 
41 215 2523 12 31 2538 45 268 219 
41 
41 1800 756 2 
41 1221 12 1220 45 215 319 231 320 231 45 268 219 
41 2461 12 2539 45 215 2540 2523 12 31 267 45 268 219 
41 7 12 2541 45 215 2542 45 268 219 
41 1221 12 2543 45 215 1333 2523 12 31 1013 45 1884 45 268 219 
41 913 12 99 45 215 319 231 320 231 45 268 219 
41 913 12 2544 45 215 2523 12 31 2545 45 268 219 
41 
41 1116 756 2 
41 1176 2 1221 12 2543 215 2546 302 2547 12 1053 12 350 219 45 
41 215 1333 2523 12 31 1013 45 1884 45 268 219 
41 774 143 1176 2 913 12 99 215 613 302 1243 12 320 12 350 219 45 
41 215 319 231 320 231 45 268 219 
41 389 2 1219 12 1976 45 215 1966 1086 2022 45 590 219 
41 7 12 2510 45 215 1583 176 45 1588 219 
41 282 12 2548 45 215 2540 2523 12 31 267 45 268 219 
41 151 12 2549 45 215 1225 341 245 45 268 219 
41 1221 12 1220 45 215 319 231 320 231 45 268 219 
41 2502 12 2550 45 215 2504 45 2523 12 31 1089 143 2551 45 1090 219 
41 2461 12 2539 45 215 2540 2523 12 31 267 45 268 219 
41 321 12 2516 45 215 2517 45 391 219 
41 241 12 2552 1095 2507 45 215 2508 45 2509 219 
41 241 12 2333 45 215 98 2501 176 45 391 219 
41 440 12 2496 45 215 2553 2554 176 45 391 219 
41 1193 12 1095 2252 45 215 2520 2278 45 170 219 
41 440 12 2555 45 215 176 31 2556 45 268 219 
41 2461 12 2557 45 215 2523 12 31 2558 45 268 219 
41 1193 12 2071 45 215 176 31 2085 45 284 219 
41 440 12 2559 45 215 1333 2523 12 31 267 45 268 219 
41 2461 12 2528 45 215 175 176 45 590 219 
41 282 12 1600 1605 45 215 176 31 1606 45 2500 219 
41 204 12 2560 45 215 1333 2523 12 31 267 45 268 219 
41 1241 12 2288 45 215 28 2522 176 45 1275 219 
41 1241 12 2561 45 215 319 231 320 231 45 268 219 
41 
41 
41 1511 2 1221 12 1220 215 1230 302 1243 12 320 12 350 219 45 
41 215 319 231 320 231 45 268 219 
41 
41 570 1849 2 1241 12 2561 215 2562 302 1243 12 320 12 350 219 45 
41 215 319 231 320 231 45 268 219 
41 
41 1329 3 17 561 
41 243 203 109 1610 1611 335 215 1642 143 1082 219 
41 729 143 609 1038 335 45 268 
41 824 1324 49 936 2403 824 
41 215 1050 2 397 397 1051 12 1243 12 320 12 350 397 2478 397 1654 397 1642 1082 219 
41 
41 1085 2479 756 109 1610 1611 215 1757 219 
41 215 1050 2 397 397 1051 12 1757 12 2426 219 
41 317 
41 402 1610 1611 1816 215 1654 219 
41 215 1050 2 397 397 1051 12 1243 12 320 12 350 397 2478 397 1654 219 
41 
41 
41 28 1757 243 203 109 1610 1611 49 335 215 1642 143 1082 219 124 
41 1847 74 28 402 1610 2480 1816 215 1654 219 109 9 674 
41 2481 12 4 28 760 31 1642 143 1082 45 419 2563 21 1818 9 155 31 1511 
41 109 28 1036 31 1329 3 4 9 1855 31 1440 12 
41 
41 1320 1642 143 1082 936 18 1211 70 592 2498 177 936 
41 196 18 8 28 1129 21 2564 17 2223 1402 
41 1333 1142 4 70 2565 540 2566 28 2567 676 
41 31 2568 1364 775 17 2569 12 775 125 195 28 
41 2570 31 1329 3 1132 164 1521 21 1549 936 
41 2403 49 367 12 534 45 226 9 2159 2571 124 78 21 
41 561 31 1329 3 45 2490 17 2572 125 1277 
41 1527 164 65 2573 21 2180 306 775 4 28 1550 
41 31 936 2403 12 
41 
41 21 2574 2175 17 9 1478 676 31 2568 45 28 1511 18 
41 77 2575 130 532 130 261 12 2257 84 77 864 21 758 
41 406 49 28 1119 1642 143 1082 363 45 130 505 130 21 758 2576 21 
41 1548 445 28 1402 1511 12 
41 
41 1511 164 1471 21 77 2577 1932 2578 17 107 
41 2579 1111 12 876 45 313 28 1519 31 936 2580 
41 18 77 2581 74 28 2582 2583 28 936 45 583 92 
41 1906 77 1613 49 597 2411 12 1511 18 77 915 1616 
41 28 1186 1849 31 1642 143 1082 17 4 28 1909 31 729 143 609 1038 12 
41 
41 
41 824 824 2584 49 1550 824 824 
41 
41 2403 49 1511 84 77 2585 373 17 754 449 4 447 45 
41 17 84 2586 28 235 430 2 
41 824 9 1895 1333 1334 31 28 936 12 
41 824 9 1895 2411 31 953 28 936 124 31 1543 12 
41 824 28 2587 45 2588 45 139 2589 45 17 240 143 628 2588 31 28 
41 1464 936 2390 756 12 68 756 84 1520 
41 31 23 1557 373 255 2590 4 28 1333 1148 21 77 
41 2591 74 28 936 12 
41 824 28 105 31 208 1825 31 28 2390 756 213 124 2592 
41 130 28 2593 66 12 
41 824 9 110 31 1511 2594 2595 74 184 389 31 28 1464 
41 2390 756 12 313 272 2596 306 999 1511 
41 124 107 1403 45 68 187 1412 77 2597 12 
41 824 2598 67 28 140 31 936 209 45 17 45 72 261 9 
41 110 31 2483 209 12 
41 824 9 1464 420 49 2390 28 936 17 9 1827 2380 12 
41 
41 2599 164 2573 21 13 769 498 1828 21 2483 
41 196 49 2600 1397 1550 12 
41 
41 
41 824 824 1540 824 824 
41 
41 195 2403 84 77 752 74 1158 628 45 21 
41 1230 302 1243 12 320 12 350 45 
41 4 651 654 549 130 1028 130 261 45 251 359 1892 1032 249 454 45 136 12 
41 2582 18 77 2601 49 28 1180 1511 359 1892 1032 
41 511 648 45 136 12 
41 
41 1320 936 2390 756 18 77 2134 49 2602 9 
41 1324 49 832 4 28 936 74 511 848 45 136 12 28 1324 1906 
41 817 34 28 140 31 196 124 1541 864 12 20 84 65 
41 481 2603 28 368 74 540 28 936 2390 756 18 
41 1410 28 196 12 
41 
41 74 134 648 45 335 45 28 936 871 1906 1211 9 2604 110 
41 31 936 196 45 1960 174 21 77 2605 49 28 936 
41 215 964 21 9 834 31 1876 449 2606 936 17 964 21 848 449 2606 452 219 45 
41 17 9 110 31 2607 143 2608 2584 17 184 818 1044 2584 12 
41 9 838 110 31 936 196 1906 77 1866 74 1886 848 45 335 12 
41 
41 74 249 648 45 335 45 28 936 871 164 65 1403 21 1878 
41 9 2385 109 28 936 1508 49 261 418 12 28 2385 
41 84 77 102 21 28 1511 1176 12 
41 
41 1642 143 1082 18 77 2134 49 28 235 2 
41 824 2162 2609 1947 17 9 1841 198 49 28 936 12 
41 824 4 1328 306 28 2582 45 2610 28 936 632 17 
41 92 12 215 2390 756 2275 18 77 2611 21 28 
41 2612 261 2613 45 251 28 936 1176 58 28 838 1475 
41 109 184 78 936 150 204 632 17 92 12 219 
41 824 2614 1960 174 130 2214 414 17 2615 37 21 
41 28 196 12 
41 
41 1642 143 1082 2616 28 1457 21 2617 184 936 72 2618 164 2619 45 
41 347 72 28 140 31 406 209 23 28 936 124 531 2620 21 
41 1947 28 875 2621 306 916 28 936 12 
41 
41 21 216 875 45 9 578 31 1860 1876 18 77 453 21 1320 936 
41 452 12 817 34 2622 406 49 28 1119 1642 143 1082 363 35 
41 65 1548 195 28 1511 12 
41 
41 81 1549 15 2403 17 184 2623 21 2 
41 315 12 1230 1220 45 1511 1176 
41 245 31 316 317 318 45 
41 883 2035 49 424 1086 215 319 219 231 320 231 
41 327 325 326 2624 45 
41 267 45 268 
41 240 143 628 2 1230 302 1243 12 320 12 350 
41 1068 2 141 2625 143 1233 
41 51 2 141 2625 143 1242 
41 
41 824 824 2340 1915 49 1642 143 1082 2 824 824 
41 
41 249 454 45 136 488 49 1550 31 936 2403 
41 511 648 45 136 1083 31 1180 1511 
41 1551 648 45 335 488 49 2393 561 317 
41 1550 31 570 451 
41 1551 1535 45 335 1083 31 2393 2529 317 
41 2191 570 451 
41 134 648 45 335 488 49 936 2530 17 
41 2531 31 936 1979 
41 134 1535 45 335 488 31 2532 387 
41 1886 1535 45 335 488 31 554 387 
41 
41 
41 
41 
41 