Subject: 773 2422 49 781 142 38183 19792 17 1088 
673 45 7 150 938 506 132 96 21 861 28 270 21 515 7 150 282 7810 124 9 19741 251 
7 2852 132 96 983 150 440 502 583 12 12 12 
124 161 9 773 198 21 40076 28 781 142 38183 19792 17 1088 138 
84 26 77 1022 4 397 47785 397 67681 143 167 639 138 4 
397 47785 397 67681 143 167 639 397 747 143 7 55943 143 67681 142 138 
91 198 9583 218 138 
7 4069 7 90 1022 37 19798 17 2889 39468 251 7 150 282 3209 72 
161 124 9 231 773 231 198 21 1022 37 138 
192 4 269 45 
143 12021 
321 12 204 12 7 20714 50 68 125 132 773 61 45 251 7 221 182 9 
626 9712 132 16 112 37081 74 68634 12 534 45 179 7 7259 
28 3979 21 28 68634 2404 45 20 56 132 16 112 673 12 487 150 204 28 3979 2 
106 68634 481 9 5412 347 207 7 107 3344 68 1457 138 8610 45 28 
16 124 28 642 49 92 143 19658 2642 65239 4 12139 45 15349 12 72 
28 16 9939 124 6670 8797 45 7 150 587 3042 3311 21 28 10124 
28453 150 204 23 2642 65239 12 251 20 150 204 584 21 3042 179 28 68634 455 970 2 
143 143 41 952 12 1819 12 667 12 894 58 2594 205 7811 74 68634 17 1417 21 77 673 12 
184 4201 255 35 1844 187 77 12063 12 
143 143 143 143 143 
68635 302 39415 12 10137 12 1309 
231 2261 150 204 531 1893 49 54172 12 194 45 34 150 204 515 48050 14 12 231 
143 143 
482 21 9253 125 68 110 138 
13 9 626 21 67681 143 9253 302 67682 12 47785 12 1217 