Subject: 
68806 12 1217 45 42517 302 68807 12 3519 45 42517 302 68808 12 3519 45 1170 302 1243 12 320 12 350 
125 2 
627 2 470 1 2 472 594 3044 2 28 52745 1484 
149 143 21 2 4218 302 68809 12 3519 
641 143 21332 2 65285 12 848 
641 143 664 2 65286 1775 65287 12 21677 
2600 2 35248 183 124 
626 143 619 2 
649 143 447 2 34764 
632 2 622 45 343 3048 2405 1529 2 4303 2 623 141 958 
72 38 1449 5419 150 440 3507 964 49 28 21036 2165 17 52705 9926 1443 52996 2563 109 28 2298 12 12 12 
38 87 21 5506 21 670 41409 298 11809 2227 
648 143 6255 143 48805 143 68810 
111 12 12 12 21 4292 17 1014 8808 357 15 392 390 5634 1329 
1981 208 31 670 389 8025 1905 12 
1050 2 397 397 24898 12 9034 12 2995 12 639 397 763 68811 5816 
1050 2 397 397 68811 5816 12 2457 12 1217 397 11012 12 1056 
294 389 35 1916 19798 125 392 1877 143 392 5620 4 769 429 1867 193 
21 77 6617 125 670 110 1981 1050 2 397 397 24898 12 9034 12 2995 12 639 397 763 5247 5816 
248 