Subject: 15 2661 31 623 134 17 892 229 
632 2 622 45 646 3049 1108 343 2 608 2 2244 141 1017 
21 2 43333 302 43334 12 853 12 590 
125 2 35842 35843 
627 2 1333 1537 1357 
149 143 21 2 35842 35843 
183 2 43333 143 3214 302 43334 12 853 12 590 
11439 2 110 
42 195 
28 235 1537 164 1357 109 28 423 759 2298 12 840 
430 67 28 1710 1162 1706 2141 124 1357 23 
28 2739 2 
1050 2 397 397 1051 12 5913 12 853 12 590 397 763 14508 9026 
35842 35843 
361 2 9116 9496 3 4 1710 1504 125 
17384 1738 
412 2 3449 35258 470 648 472 17 35842 35843 470 144 472 
648 12 1162 7634 245 45 28 3558 176 12 
144 12 1617 31 43335 340 17 4282 45 5913 176 12 
10267 140 2 41059 143 10267 143 843 
632 2 3391 1108 
8816 2 1710 1993 1504 158 1329 3 45 
1985 2101 45 3087 573 12 
2080 2 
115 1362 21 2188 9582 12891 125 17384 
1738 572 9 2194 1712 2 26 2974 28 10099 74 
39118 9610 28 3087 573 125 28 1357 430 17 
111 2188 125 28 370 10099 12 68 358 36400 9 294 
1381 143 52 12096 17 13185 215 8076 219 143 540 926 107 6482 68 
1712 12 8076 15608 74 41430 28 432 31 37062 7572 306 28 
1357 430 17 111 43336 28 7888 432 21 9 776 
6638 407 9 41111 1372 31 28 13672 3508 45 306 37559 
4150 109 28 4362 1990 31 3087 573 12 1168 
9986 8076 21 28 39410 43337 164 65 1866 12 
1051 2 1050 2 397 397 41059 12 3558 12 853 12 590 397 41059 143 6987 397 41059 143 10267 143 843 143 2080 12 1056 
361 2 3 1710 1504 125 17384 1738 
412 2 3449 35258 470 648 472 17 35842 35843 470 144 472 
648 12 1162 7634 245 45 28 3558 176 12 
144 12 1617 31 43335 340 17 4282 45 5913 176 12 
6311 2 1333 2385 41059 143 10267 143 610 
632 2 3595 1108 
8816 2 1710 1993 1504 45 1710 3 45 3087 573 45 1325 
1326 
2080 2 
1710 1473 21 2188 28 5 2899 31 1710 1993 
1504 215 43338 219 125 1738 2176 28 7902 34 28 
10099 124 2974 45 34 124 45 359 9545 124 7824 130 5141 12 1928 
21 43339 68 7902 1394 3190 28 572 31 5488 35377 
1362 21 28844 1364 218 3257 12 68 358 
36400 9 37691 1381 21 2188 28 5 2899 31 9 
22427 125 9 2196 17384 10099 12 9256 9592 
2482 9 7898 11266 31 68 1381 17 9 43340 
19609 31 542 34913 92 125 28 140 31 3087 573 12 
1051 2 1050 2 397 397 41059 12 3558 12 853 12 590 397 41059 143 6987 397 41059 143 10267 143 610 143 2080 12 1056 
361 2 28 572 31 43341 1162 21 2188 1710 1504 
125 17384 1738 
412 2 3449 35258 470 648 472 17 35842 35843 470 144 472 
648 12 1162 7634 245 45 28 3558 176 12 
144 12 1617 31 43335 340 17 4282 45 5913 176 12 
10267 140 2 41059 143 10267 143 891 
632 2 3595 1108 
8816 2 430 7970 45 4693 17 2512 4 573 45 
1710 2006 12 
2080 2 
115 1362 21 2188 1710 1504 125 17384 
1738 2176 28 2194 7902 34 28 43342 573 164 
3087 23 1998 12 68 358 9397 9 1381 143 52 12096 17 
13185 215 8076 219 143 21 2188 1710 1504 125 17384 1738 
540 13886 28 28843 21 37471 18096 28 430 
1866 74 28 10099 17 28 43341 1162 67 28 1990 
31 3087 573 12 8076 15608 74 41430 214 432 31 37062 7572 
306 28 1357 430 17 111 43336 28 7888 432 21 
9 776 6638 407 9 41111 1372 31 28 13672 3508 45 306 
37559 4150 109 28 4362 1990 31 3087 573 12 1168 
9986 8076 21 28 39410 43337 164 65 1866 12 
1051 2 1050 2 397 397 41059 12 3558 12 853 12 590 397 41059 143 6987 397 41059 143 10267 143 891 143 2080 12 1056 
361 2 14219 1710 1504 4 17384 1738 
412 2 3449 35258 470 648 472 17 35842 35843 470 144 472 
648 12 1162 7634 245 45 28 3558 176 12 
144 12 1617 31 43335 340 17 4282 45 5913 176 12 
10267 140 2 41059 143 10267 143 2248 
632 2 1551 1108 
8816 2 430 7970 45 4693 17 2512 4 573 45 
1710 2006 12 
2080 2 
1710 1993 1504 215 43338 219 164 3309 9112 
550 4 28 1162 1706 17 573 1365 1132 12 9 
22427 124 3579 74 9 5 2899 31 9582 35904 
1364 28 4342 2054 17 9 432 31 11107 9308 
1949 443 35904 12 4 68 185 45 43338 1211 9 9651 
2004 143 43343 4 28 505 143 2030 560 31 
11107 2019 143 159 21 8378 6836 9706 45 6384 
4279 45 17 9127 35904 1364 2054 12 1616 
28 1335 2351 1010 45 1315 9177 8 205 2591 21 1131 
1362 159 21 9123 1404 28 5 2899 17 28 
9582 12891 31 9 22427 125 9 10099 12 195 443 
1362 2176 28 7902 34 28 10099 23 2894 124 2974 45 
34 124 45 20 926 107 2385 184 9545 130 5141 12 179 68 
7902 4243 45 443 1362 8 21 1407 21 5488 35377 
6120 540 164 43344 49 762 1738 12 68 358 
9397 9 294 1162 1706 408 371 109 70 9116 
1381 159 21 9123 28 5 2899 17 28 11107 
9308 31 9 22427 125 2196 17384 1738 12 70 
1036 568 9 762 1342 143 423 10099 18 2235 1362 
17 1920 9631 28 408 17 18 14205 542 12940 130 
9 1162 1706 408 12 
1051 2 1050 2 397 397 41059 12 3558 12 853 12 590 397 41059 143 6987 397 41059 143 10267 143 2248 143 2080 12 1056 
35842 35843 
1617 31 43335 340 
17 4282 
5913 176 
14977 3908 
2643 1773 648 1221 0 14978 
1272 2 141 891 4182 43345 6159 141 43346 43347 
51 2 141 891 4182 43345 43348 
273 2 321 12 35843 302 5913 12 853 12 590 
2739 2 1050 2 397 397 1051 12 5913 12 853 12 590 397 763 14508 9026 