Subject: 2041 14180 19324 68628 193 193 193 
4777 
4160 68629 19324 68628 125 18504 774 12 
419 6060 49 184 2670 4096 74 68 628 12 
534 45 419 968 34 38 3196 77 1891 4 357 430 109 28 1846 1142 12 
72 68 124 107 3812 38 229 274 273 434 17 650 231 5247 231 4 28 627 9834 17 419 18 481 474 38 220 107 128 184 
840 430 12 
68 17207 68628 3894 9 4160 19324 12942 45 7813 862 
4 542 3904 17 2966 31 18412 2041 31 333 6356 122 347 1893 53648 12 
49 959 430 109 68 16582 4 68630 341 149 306 28 4778 231 959 2377 231 4 28 627 
1479 12 
68 626 124 102 4 10821 31 28 294 240 143 628 580 2 976 2625 12 2606 976 2625 45 7135 215 9 219 215 144 219 215 1219 219 31 204 12 
53012 45 
840 54459 21 38 74 28 183 31 68 273 229 77 19787 23 359 64 21 38 74 50 9 149 21 
68 273 16 306 28 2744 231 5247 231 4 28 627 1479 12 
12 