Subject: 1 2 1642 1082 143 2684 1334 31 2685 379 
42 2084 99 2 
41 41 161 84 77 359 1021 4 253 28 361 31 15 379 12 
926 68 2686 15 546 1334 138 
72 20 926 45 90 38 81 13 14 28 2684 30 31 20 138 
7 2687 15 546 1334 12 
143 143 143 143 
192 12 862 124 70 2684 1334 45 540 10 2688 
28 115 361 12 
508 116 45 
2656 2333 
143 143 143 143 143 143 143 143 143 143 143 143 143 143 143 143 143 143 143 143 143 143 143 143 
2343 3 17 2233 1703 
28 2689 2690 31 184 3 408 124 28 2691 31 1920 143 143 
28 2692 2693 31 1162 12 28 1136 31 1362 17 384 
306 222 9 2690 124 28 627 31 2343 3 12 28 234 18 
216 2694 17 1180 1362 49 2343 3 125 2230 215 9 12 741 12 9 
2345 3 219 45 17 3 125 2695 215 9 12 741 12 9 2346 
3 219 12 
70 2340 2696 31 2343 3 1362 124 34 26 164 2697 
21 2698 1836 34 164 2699 17 2233 21 255 45 
34 124 45 2700 28 231 2701 31 2702 12 231 874 45 419 
18 2703 28 1362 34 508 2704 2700 68 2701 45 540 
419 1324 2705 2233 1703 1362 12 443 1362 2706 
2343 1836 4 28 2707 1276 21 2233 2234 45 876 
2164 17 485 2708 21 2233 2234 12 2013 17 
2709 2210 31 70 1946 21 2233 1703 371 109 
28 2710 2711 18 77 2712 4 2713 12 419 18 367 
1404 1362 49 3 125 2230 17 1362 49 2714 2527 
34 164 371 109 68 1946 12 28 1362 18 77 2715 74 
2230 31 769 1036 21 1440 31 573 1365 17 1162 
1706 45 17 74 2716 384 49 2233 1703 2030 
4 28 2649 1329 3 17 2006 2022 12 2076 21 
2717 18 77 1866 49 1510 1891 4 840 277 12 