Subject: 1 2 470 42700 472 29679 31181 30 144 12 0 
41 
41 
41 
9 10 1441 187 77 21 6482 231 1770 7853 2 136 12 1285 49 28 
1163 31 2587 31 1924 215 236 773 219 231 49 2234 
2587 12 
450 
34 187 2671 28 9965 9706 21 231 215 1105 1232 1099 1232 20 1232 6114 219 231 12 
143 143 
10722 42936 42937 302 42713 12 3519 
231 4169 124 34 540 45 179 38 7954 12211 
4 20 45 1931 150 440 521 497 231 321 12 741 12 13616 
143 143 143 143 143 143 143 143 143 143 143 143 143 143 143 143 143 143 143 143 143 143 143 143 143 143 143 143 143 143 143 143 143 143 143 
5912 964 369 49 28 42713 12 3519 4214 2 
1050 2 397 397 1051 12 42713 12 3519 397 514 397 34903 12 1056 