Subject: 37 46 494 14548 497 14548 20 14593 7141 
15020 51 2038 24 53 19 15021 15022 46 
192 413 3195 165 682 241 14548 400 15 419 7141 56 217 2196 
192 401 217 60 20 1841 15016 84 14593 239 20 3028 15 7141 
192 237 452 2977 19 4624 19 99 24 24 406 313 602 390 2454 
192 15 14586 6842 56 295 46 187 187 267 24 14586 24 1583 187 14548 187 14954 187 60 239 
15 14586 12 587 537 5476 3012 323 19 5539 20 55 388 24 22 564 
14 936 1238 80 15023 7560 347 1462 344 14 14548 34 35 
14955 12902 309 24 
139 2 1338 1240 571 203 34 35 939 15024 422 15 1233 2133 24 
15025 
15025 15026 19 15027 19 1146 15028 19 96 7 15029 15030 19 6477 24 
2482 46 273 1561 56 0 60 2295 7 15031 24 15032 46 15033 7 15034 24 
280 833 164 46 15035 7 15036 
7 7 7 7 7 7 7 7 7 7 7 7 7 7 7 7 7 7 7 7 7 7 7 7 7 7 5085 9998 7 7 7 7 7 7 7 7 7 7 7 7 7 7 7 7 7 7 7 7 7 7 7 7 7 268 7 268 192 
234 22 2102 2955 38 3461 84 895 84 349 24 1125 1413 13279 4499 219 
344 24 6877 71 15 1096 523 
349 24 234 3383 6652 71 552 562 219 
40 132 22 6 19 146 25 40 46 14548 51 5085 24 53 
40 285 19 146 22 3410 6 40 46 14548 7 285 51 5085 24 53 