Subject: 37 46 37 46 494 14548 497 13225 1964 1183 
488 19 15025 230 17 128 24 139 589 571 391 392 40 8426 15 
1381 150 141 2 254 416 1901 2 763 28 14586 24 139 402 390 80 221 565 40 
1247 15 2550 2224 219 
15084 
7 7 7 7 7 443 6 7 7 7 7 7 
45 46 15025 24 15026 51 15027 24 703 494 262 46 15025 24 15026 51 15027 24 703 497 
445 46 387 19 4325 339 19 59 447 46 447 340 
40 46 15092 51 15086 24 53 
647 46 14548 51 5085 24 53 
54 46 37 46 37 46 494 14548 497 13225 1964 1183 
15092 51 15086 24 53 19 15021 15022 46 
192 241 470 55 15 4360 151 22 5654 593 1295 14 15 11621 20 
192 15043 7141 239 5 406 35 1443 3055 71 226 10617 2912 24 
139 402 91 946 2778 15 2029 20 458 2032 84 15093 
240 5 12 71 1839 532 24 
139 151 939 22 1701 14 876 91 946 20 4851 80 917 354 24 139 
643 40 35 1240 91 139 151 1241 15 2550 2224 347 1286 206 
1389 24 
15025 
40 132 22 6 19 146 25 40 46 14548 51 5085 24 53 
40 285 19 146 22 3410 6 40 46 14548 7 285 51 5085 24 53 
7 7 7 7 7 7 7 7 7 7 7 7 7 7 7 7 7 7 7 7 7 7 7 7 7 7 5085 9998 7 7 7 7 7 7 7 7 7 7 7 7 7 7 7 7 7 7 7 7 7 7 7 7 7 268 7 268 192 
353 344 7 380 7 15040 7 165 7 7 313 1950 2 3 140 17 15091 219 
230 630 2224 19 350 902 46 
40 132 22 6 19 146 25 40 46 14548 51 5085 24 53 
40 285 19 146 22 3410 6 40 46 14548 7 285 51 5085 24 53 