Subject: 18988 12058 17027 23471 17045 10484 17040 16998 10175 
17004 13073 17002 17003 23472 239 17004 15593 23473 17016 17017 17001 17018 23473 17020 15593 16996 17012 239 17008 19211 19301 17032 17051 17016 16986 17015 17055 17027 19478 17021 
4313 4313 18988 16978 239 12058 17032 10484 17002 17003 56 267 24 23474 24 1442 60 
23473 18988 12058 17027 17006 17013 4311 
17004 13073 17002 17003 18983 
23473 17016 17017 17001 17018 
23475 17003 21686 19211 17000 10175 
23473 17020 15593 16996 17012 239 17008 19211 19301 17032 17051 17016 16986 17015 17055 17027 19478 17021 
23476 239 17027 17028 17039 15602 16986 17033 17045 15602 17032 10191 17020 17006 16996 17047 19 239 17000 17016 16996 4311 19453 4311 19453 
4311 4311 
19468 17039 17017 17020 15593 18978 239 17005 19 9672 17000 9672 10191 17016 16986 17015 17055 17005 17054 219 19214 17012 16998 13253 19214 13073 17016 16996 17005 18979 10484 13253 219 
17027 17051 4310 16996 9672 17055 15602 239 17013 17007 
16996 16997 16998 10191 10484 16999 239 13253 295 46 187 187 43 479 12938 24 23474 24 1442 
17002 17003 23477 239 23478 46 187 187 43 479 896 24 23474 24 1442 
17002 17003 21686 19211 17000 10175 295 46 187 187 43 479 9730 24 23474 24 1442 187 
4310 12058 17027 17051 17045 17031 17013 17007 17002 19215 4310 20324 17027 20324 
18978 239 17005 17013 17007 23033 7 23479 
17039 17019 19776 17013 17007 23033 7 23480 
17016 16986 4313 17006 17013 17007 23481 
286 17013 17007 1311 51 23474 24 53 
17000 17019 23482 17003 10484 9672 17013 17007 295 46 187 187 267 24 23474 24 1442 