Subject: 494 14548 497 14548 1462 344 24 0 2029 
139 244 259 40 2012 91 15 14586 1728 151 2523 15 1462 
344 24 0 2029 230 2128 24 
84 22 516 139 151 7604 221 15 2120 2240 20 354 3719 151 
937 15 157 2029 354 295 46 187 187 267 24 14586 24 1583 187 14548 187 2029 187 15039 344 24 0 24 2029 
1555 2240 34 1634 123 4492 20 34 35 937 24 139 
34 2012 150 5 222 24 
946 12786 
7 7 
2487 2192 834 4774 
1299 40 1725 15 6874 14 3029 2535 24 
2362 522 43 723 354 295 46 187 187 267 24 14586 24 1583 
7 7 7 7 7 7 7 7 7 7 7 7 7 7 7 7 7 7 7 7 7 7 7 7 7 7 5085 9998 7 7 7 7 7 7 7 7 7 7 7 7 7 7 7 7 7 7 7 7 7 7 7 7 7 268 7 268 192 
234 1468 152 7 3242 2482 1921 55 15019 219 
353 344 7 380 7 15040 7 165 19 1564 217 2482 10563 217 
40 132 22 6 19 146 25 40 46 14548 51 5085 24 53 
40 285 19 146 22 3410 6 40 46 14548 7 285 51 5085 24 53 