Subject: 37 46 494 14548 497 15094 
936 80 6582 71 14593 84 7141 20 71 7 878 4124 230 15 1336 24 
56 71 15 542 14 5 10 237 5939 215 11 10 1220 14 22 15127 60 24 
15 54 1238 80 2318 71 15 15128 24 9786 82 24 
5155 19 15 174 56 6588 1707 354 15 5563 3012 60 
13225 15 174 12 3109 40 5248 38 409 14 15 4131 313 
2596 19 136 15 429 6343 24 
11804 
7 7 7 7 7 443 6 7 7 7 7 7 
45 46 15084 15085 494 262 46 15092 51 15086 24 53 497 
445 46 387 19 4325 339 19 59 349 46 274 340 
40 46 2 14548 51 5085 24 53 2 
54 46 494 14548 497 15094 
662 221 46 
71 5749 14548 19 139 1562 91 15094 19 15095 19 
15096 151 15 15097 6343 19 503 129 1 2 3 248 
40 35 432 15042 187 14954 230 936 7141 24 80 936 1260 230 
1332 7 3109 1795 8674 239 
5155 19 240 413 139 312 1332 3109 4131 71 5 2034 239 390 
151 22 545 14 10 91 1345 15 1251 14 10 83 84 46 
1827 370 
1221 
2914 
15098 10875 
1310 597 
2977 
1442 2095 429 
480 19 4142 19 370 
139 1192 402 1192 15 14608 5852 413 15099 1443 31 21 221 14 936 1438 19 
503 19 413 139 2688 14548 38 14608 71 409 405 239 31 568 19 904 239 
488 219 
15084 761 24 15085 
3531 14 4131 1885 
15086 19 483 
15087 24 15088 24 15089 
295 46 187 187 6878 24 1442 
295 46 187 187 267 24 15090 24 1583 
7 7 7 7 7 443 6 7 7 7 7 7 
45 46 15084 15085 494 262 46 15092 51 15086 24 53 497 
445 46 387 19 4325 339 19 59 2282 46 2212 244 
40 46 2 14548 51 5085 24 53 2 
54 46 37 46 494 14548 497 13225 1964 1183 
241 470 55 15 4360 151 22 5654 593 1295 14 15 11621 20 
15043 7141 239 5 406 35 1443 3055 71 226 10617 2912 24 
488 219 
15084 
15084 761 24 15085 
3531 14 4131 1885 
15086 19 483 
15087 24 15088 24 15089 
295 46 187 187 6878 24 1442 
295 46 187 187 267 24 15090 24 1583 
7 7 7 7 7 443 6 7 7 7 7 7 
45 46 946 12786 494 262 46 8212 8973 51 353 24 14959 24 53 497 
445 46 387 19 4325 339 19 59 447 46 274 244 
40 46 51 5085 19 14548 
54 46 494 14548 497 13225 1964 1183 
139 151 1209 22 1701 14 3200 14 504 38 15 1964 1183 24 25 415 
416 11613 20 13225 24 
946 12786 
7 7 
2487 2192 834 4774 
1299 40 1725 15 6874 14 3029 2535 24 
2362 522 43 723 354 295 46 187 187 267 24 14586 24 1583 
40 132 22 6 19 146 25 40 46 14548 51 5085 24 53 
40 285 19 146 22 3410 6 40 46 14548 7 285 51 5085 24 53 
40 132 22 6 19 146 25 40 46 14548 51 5085 24 53 
40 285 19 146 22 3410 6 40 46 14548 7 285 51 5085 24 53 
40 132 22 6 19 146 25 40 46 14548 51 5085 24 53 
40 285 19 146 22 3410 6 40 46 14548 7 285 51 5085 24 53 
15 203 71 5 286 12 3980 20 569 35 6280 3979 24 
25 12 1260 14056 230 15 3981 24 467 40 5 286 28 470 612 
12 14805 24 
31 313 80 21 15 1260 1128 19 432 12261 19 12421 19 2345 
87 432 1352 2771 87 12402 40 35 2771 71 4003 55 25 19 12 14806 
20 569 35 4384 24 150 6582 40 522 1613 432 3992 87 6169 
2318 71 5 286 80 54 40 15 3777 20 2147 2984 71 
15 14808 14616 1831 14809 3176 24 
7 7 7 7 7 7 7 7 7 7 7 7 7 7 7 7 7 7 7 7 7 7 7 7 7 7 5085 9998 7 7 7 7 7 7 7 7 7 7 7 7 7 7 7 7 7 7 7 7 7 7 7 7 7 268 7 268 192 
234 1468 152 7 3242 2482 1921 55 15019 219 
350 902 230 15 12937 46 
40 132 22 6 19 146 25 40 46 14548 51 5085 24 53 
40 285 19 146 22 3410 6 40 46 14548 7 285 51 5085 24 53 