Subject: 494 14548 497 37 1551 
193 14813 19 
488 568 571 230 200 1642 2032 24 139 519 938 25 24 
312 313 402 313 2 763 35 1189 71 245 56 87 587 1869 60 22 3368 55 
14608 230 15 1188 11140 24 139 445 22 1451 40 14814 768 553 12 14815 
1323 14 3368 139 140 24 220 5 406 35 22 2329 943 40 234 14816 
127 133 14608 24 1173 15 1849 1728 406 12849 15 3609 2495 24 
500 312 313 402 239 139 2 1338 6088 409 880 1499 71 542 5 3243 1915 24 
194 12 409 203 313 92 35 1189 71 4992 14817 
14 15 208 20 1624 6705 24 
15 208 1262 7143 3054 590 24 25 130 22 404 3779 1188 1451 213 14818 
3737 608 892 1781 213 25 5549 910 63 3380 10623 20 25 130 1919 892 55 
15 2354 24 53 1276 2546 885 24 56 25 1102 409 498 14819 551 19 1785 60 24 15 
208 3380 159 12 345 19 2742 4959 19 568 313 413 14820 24 15 14821 19 
237 130 2778 5 1908 4775 19 7143 127 14 15 208 8721 56 14 
345 19 2742 60 347 15 1451 477 1501 15 14822 24 390 80 437 608 14823 
8721 7 7 20 25 12 249 569 24 211 767 
1594 25 12 520 91 59 34 35 641 1193 14 498 5623 230 14824 
157 2768 541 10620 20 1322 157 1054 20 320 541 
5226 19 129 12 1856 3060 91 15 3482 1262 14 15 11140 5559 
2194 38 477 8395 292 631 15 208 550 6705 24 
5 12 15 1451 91 12 1072 3014 84 15 404 13279 1451 230 25 
13291 19 11864 20 221 8750 608 1188 76 43 3645 14825 
1935 3054 3432 20 100 4870 24 25 172 22 498 
3656 40 1188 20 537 2030 2557 19 2054 2030 2753 20 
374 203 133 1188 20 537 1175 2768 20 1216 24 25 
100 2695 585 4074 3955 55 15 12656 14 1188 1066 230 14826 
1247 211 7840 15 13163 20 2923 211 1127 14 15 3685 436 24 
15 3612 19 14827 5102 12253 8742 15 1188 11140 
3501 24 1594 5 22 404 3779 1451 71 22 404 3779 14828 
56 15 9570 11139 2417 60 19 129 12 22 7823 3484 2968 19 84 313 
413 590 2003 24 
488 568 571 24 80 313 1488 40 35 354 15 1188 343 71 6952 87 354 15 
14586 3012 71 14829 239 25 406 35 2329 40 1988 593 24 
684 
14830 
354 1430 46 65 244 63 187 658 187 335 7 7846 19 313 191 46 
192 3593 1189 71 2918 630 133 22 1064 1188 7 1387 
192 2036 230 4626 203 19 5029 20 5833 19 38 15 
192 1874 14 1113 15 7125 2155 20 187 87 10639 22 6121 
192 7418 2236 19 80 4686 40 342 585 33 5459 55 569 
192 1171 403 24 
192 
192 14608 56 6030 2030 5029 3685 60 1691 567 1827 91 
192 14053 55 5969 20 1044 5029 14 2030 1502 24 45 
192 117 20 4688 40 3029 3593 20 11858 14831 19 
192 14611 20 4625 7 7 567 1827 20 2143 19 71 567 1056 19 
192 71 567 2977 19 34 35 450 40 400 14608 40 1725 537 14832 
192 20 5833 24 
192 
192 5 217 7418 833 14609 217 7026 34 530 585 2234 14 14608 19 537 
192 2592 20 3655 19 20 15 1691 20 2428 14612 40 3593 
192 4641 71 537 1885 20 14558 24 585 4972 19 2224 14833 
192 3012 19 20 22 885 14 456 1728 7 7 422 2395 4042 4624 20 
192 3593 45 1382 15 1049 7 7 80 584 490 24 
192 
192 390 1455 20 5121 17 393 24 259 100 1303 1468 40 392 
192 5 6 40 940 313 1303 92 35 1189 24 31 139 413 588 432 
192 375 313 569 151 87 2184 71 432 405 19 259 1 2 3 4618 40 
192 1221 682 1225 24 
192 
192 1610 313 230 17 3367 20 1323 6118 24 55 889 14 15 
192 2487 7125 2155 19 390 391 392 40 5663 14608 38 
192 313 19 20 40 15 1874 14 1299 38 17 2143 40 1914 15 
192 3655 14 102 7 2030 5029 24 488 558 24 
192 
192 
192 684 19 
192 
192 
192 14613 14614 
192 
192 14608 7418 5258 
192 267 24 14608 24 1583 
192 
192 
192 
192 
192 14615 14614 
192 14616 14608 5467 
192 9172 283 7717 9748 19 957 59 
192 7714 7715 19 484 14617 7 14618 
192 1149 46 56 14619 60 14620 7 14621 7 280 46 56 14619 60 14622 7 14623 
192 286 46 14624 51 14616 24 53 
192 295 46 187 187 267 24 14625 24 53 
192 
192 7 7 7 7 7 7 7 7 7 7 7 7 7 7 7 7 7 7 7 7 7 
192 
192 
192 14608 7026 46 7418 833 14609 
192 330 19 569 1171 19 59 1192 334 46 335 244 7 10714 8052 
192 14607 2 96 2375 19 2929 19 1421 24 96 24 22 24 
192 56 767 346 45 3521 19 3332 60 
192 
192 
192 217 1131 3802 8730 4626 19 30 19 102 7 2030 19 13407 19 
192 4782 19 20 14057 203 3550 2764 24 217 
192 
192 3593 1189 71 2918 630 133 14608 38 15 14626 
192 1113 15 7125 2155 20 187 87 10639 22 6121 7418 
192 2236 19 80 4686 40 342 585 33 5459 55 569 1171 403 24 
192 
192 14608 56 6030 2030 5029 3685 60 12 22 157 1188 7 1387 2036 
192 230 4626 203 19 5029 20 5833 91 415 416 7096 
192 5226 28 422 2395 4042 4624 20 3593 1382 15 1049 24 
192 5 217 7418 847 8900 217 34 530 585 2234 14 14608 19 19 14834 
192 20 3655 19 20 15 1691 20 2428 14612 40 
192 71 537 14558 24 
192 
192 
192 3545 17 1827 40 14627 
192 
192 217 567 1827 20 2143 19 71 567 1056 19 71 567 2977 19 34 
192 35 450 40 400 14608 40 1725 537 2030 5029 20 5833 24 217 
192 
192 14608 415 15 4633 40 14628 15 1609 14 4626 
192 5029 24 5 7026 1761 354 15 4986 14 14608 55 15 4626 
192 5029 1056 20 537 574 19 20 12 6582 1204 40 
192 121 7 11199 71 17 2143 24 
192 
192 
192 553 328 342 239 
192 
192 15 2322 121 7 14629 547 17 1827 87 2143 24 
192 
192 14630 19 14631 213 14632 213 14633 213 4404 9697 14 4688 19 3484 19 
192 3437 5279 19 14057 5842 19 4626 829 19 87 203 
192 648 213 3484 20 1177 1885 11864 213 8430 14 
192 4688 87 458 4093 7 2237 13407 20 4626 11864 56 14634 213 
192 14635 213 14636 60 213 13554 19 3825 20 6679 3030 213 2030 1885 
192 13291 213 20 458 102 7 2030 187 648 9924 19 14637 20 
192 14638 71 17 2143 24 
192 
192 
192 2040 46 
192 
192 14616 14639 19 14640 2487 3787 19 
192 14641 19 2929 56 14607 2 96 2375 60 14642 
192 3717 14643 7 1831 343 957 102 24 
192 211 767 
192 56 
60 
192 
192 61 187 333 46 
192 
192 330 19 569 1171 19 59 354 334 46 335 244 8052 7 10714 8052 
192 
192 3649 46 
192 
192 5 5459 12 1468 24 
192 
192 2494 46 
192 
192 1274 24 
192 129 12 935 14035 213 4324 5681 
192 17 1709 5569 24 
192 40 3429 19 259 102 7 18 14615 14614 19 
192 14608 7418 5258 19 354 14624 51 14616 24 53 38 17 
192 370 19 3385 19 1827 19 286 20 2390 573 24 
192 
192 
192 230 630 203 133 14608 347 15 343 19 259 2362 522 43 
192 723 354 267 24 14608 24 1583 24 
192 
192 
192 
192 
192 
192 4972 7 569 1171 403 14608 7026 
192 
192 
192 334 46 335 7 334 46 552 
192 5685 20 6054 7 71 
192 
192 334 46 552 7 334 46 2395 
192 1455 20 3656 
192 
192 334 46 2395 7 336 46 552 
192 2234 
192 14608 12 585 847 2887 230 15 2535 14 4626 5029 
192 203 24 4626 13234 26 71 14608 413 1286 14057 
192 1609 630 7137 20 1286 4626 8407 20 14644 
192 20 5833 630 3776 24 15 3114 14 15 14608 847 14835 
192 6620 928 4626 5029 220 12 1065 1066 40 1725 15 
192 14645 20 4824 14 4626 203 11632 24 71 5 
192 2904 390 34 854 904 15 456 1728 14 15 14608 7125 
192 2155 151 1708 2764 40 2805 22 841 7 14646 1188 7 1387 
192 2887 91 12 4870 19 9940 19 1065 20 3421 24 390 
192 34 100 5392 15 3655 4730 14 15 648 19 15 2143 19 
192 904 25 6274 40 458 6359 2768 19 20 4633 1054 24 
192 
192 336 46 552 7 336 46 5671 
192 4153 
192 
192 336 46 5671 7 345 46 337 
192 857 690 14647 211 767 
192 5392 15 2913 14 585 13407 14647 24 141 34 100 5392 15 
192 850 230 1514 8173 28 1056 20 28 2977 24 
192 
192 1192 5392 1120 1211 1514 15 208 14647 19 237 130 
192 26 230 928 14648 5197 20 4044 4624 24 211 767 
192 1192 6172 904 5 41 14647 12 7575 230 15 5029 
192 4069 14 585 3504 1827 24 211 767 
192 1192 5392 904 5 41 14647 34 14063 45 15 2126 14647 
192 541 26 230 458 4991 24 
192 1192 211 767 
192 1192 345 46 337 7 345 46 552 
192 1192 3848 
192 1192 211 767 
192 1192 345 46 552 7 345 46 5671 
192 1192 4153 
192 1192 211 767 
192 1192 345 46 5671 7 2282 46 337 
192 1192 14558 3437 20 14612 
192 1192 14608 56 6030 2030 5029 3685 60 7 
192 1192 12388 6142 
192 1192 10542 157 124 230 5029 20 5833 
192 1192 14649 14057 5842 19 20 
192 1192 525 8395 7099 1191 230 15 2754 4626 
192 5029 6572 10043 
192 
192 390 34 3719 507 2753 6027 15 561 7 6545 427 55 
192 4591 14 2210 14608 19 84 590 84 1739 3655 7 170 6698 
192 1387 55 14608 2 96 14558 3437 38 458 1276 6834 19 646 
192 1056 7090 19 5240 19 20 1891 15 203 6572 10043 19 
192 45 4624 20 102 7 14650 40 11858 20 14651 40 
192 2249 7 574 19 14610 20 4625 24 
192 
192 2282 46 337 7 10714 
192 4995 886 20 3059 833 22 24 
192 
192 
192 
192 14608 7125 2155 1728 
192 56 84 14 569 2027 19 59 60 
192 
192 
192 4625 20 14057 2070 46 
192 928 2988 
192 12651 3029 
192 14652 7 317 
192 14653 7094 
192 2415 14654 5548 14655 
192 14656 
192 2036 20 4429 2 96 
192 
192 3600 2070 46 
192 12875 9125 
192 7896 269 6679 
192 14657 14658 
192 14659 833 14660 
192 14661 
192 4659 833 4660 
192 208 3810 3451 19 483 24 
192 2698 14662 
192 2801 
192 14616 20 14616 6679 
192 13761 
192 14663 690 
192 
192 648 14664 46 
192 14665 
192 14666 
192 404 30 
192 14667 
192 102 7 1336 56 14668 60 
192 14669 
192 14670 
192 4626 30 690 7977 
192 14671 
192 498 14672 
192 14673 
192 14674 
192 3539 
192 14675 
192 14676 918 9730 115 56 14677 4930 60 
192 14678 19 483 24 
192 1851 1478 24 
192 14679 
192 13577 
192 
192 
192 13407 3593 46 
192 9365 56 14680 19 14681 9365 60 
192 5234 56 14682 60 
192 2487 56 14683 60 
192 1421 24 761 24 56 14684 60 
192 1421 24 96 24 56 14685 19 14686 60 
192 
192 6121 14687 46 
192 4626 11864 831 
192 7660 13407 2768 1530 56 1421 24 96 24 60 
192 
192 
192 
192 6768 40 15 14616 14639 
192 
192 192 45 14688 211 767 
192 211 560 491 1505 11078 2282 560 
192 211 560 491 1279 11469 19 4808 71 15 1243 2983 6436 20 3311 1243 354 14836 24 
192 56 6054 3721 217 40 14690 217 60 
192 211 560 491 14689 10297 24 4760 252 608 2487 1110 24 
192 211 560 491 3311 4157 354 15 3810 20 1505 15 208 1243 608 14640 2487 
192 1110 24 
192 
192 192 45 5643 211 767 
192 211 560 491 11078 11403 14691 14097 4197 24 56 14692 7 14693 60 
192 211 560 491 1505 11078 230 9200 3467 40 14689 2375 
192 211 560 491 1279 909 14688 19 3311 1243 354 14689 10297 24 56 6054 3721 217 14837 217 60 
192 211 560 491 14689 10297 24 4760 252 608 2487 3787 24 
192 211 560 491 3311 4157 354 15 3810 20 1505 15 208 1243 608 14640 2487 
192 1110 24 
192 
192 192 45 14691 7674 
192 211 560 491 1505 15 14691 14097 4197 24 56 14692 7 14693 60 3467 24 
192 211 560 491 1505 11078 230 9200 3467 40 14689 2375 
192 211 560 491 1279 909 14688 19 3311 1243 354 14689 10297 24 56 6054 3721 217 14837 217 60 
192 211 560 491 14689 10297 24 4760 252 608 2487 1110 24 
192 211 560 491 3311 4157 354 15 3810 20 1505 15 208 1243 608 14640 2487 
192 1110 24 
192 
192 192 45 14694 1133 7674 
192 211 560 491 2454 14695 230 15 3442 3521 14369 14696 24 
192 211 560 491 12639 11403 3442 3521 14369 14696 24 
192 211 560 491 1505 15 2929 7 9200 187 10043 12651 11078 2248 14641 24 
192 211 560 491 3311 1243 354 14689 10297 24 56 6054 3721 217 40 14690 217 60 
192 211 560 491 14689 10297 24 4760 252 608 2487 1110 24 
192 211 560 491 3311 4157 354 15 3810 20 1505 15 208 1243 608 14640 2487 
192 1110 24 
192 
192 
192 133 14689 2375 
192 
192 3049 19 547 22 6407 10004 14697 24 24 24 
192 
192 8033 211 767 
192 1192 404 3681 3476 56 2931 7 14698 7 14699 60 14700 14690 3787 19 14641 19 2929 14642 211 767 
192 1192 14701 14702 56 2931 7 14703 7 14704 60 14705 14706 8933 19 14707 19 2929 14708 211 767 
192 1192 5700 13038 3476 56 2931 7 14709 7 14710 60 14711 14712 14713 19 14707 19 2929 14708 211 767 
192 1192 5667 14702 56 2931 7 381 7 14714 60 14715 10043 12651 8933 19 14641 19 2929 14642 211 767 
192 1192 9689 3476 56 2931 7 14698 7 11919 60 14716 14712 14713 19 14707 19 2929 14708 211 767 
192 1192 14641 3555 56 2931 7 14717 7 9739 60 14718 14719 678 3787 19 14641 19 2929 14642 211 767 
192 1192 9061 12975 56 2931 7 14703 7 14720 60 14721 14712 14713 19 14707 19 2929 14708 211 767 
192 1192 15 14722 7 14723 56 2931 7 14724 7 14725 60 14726 14689 14727 19 14641 19 2929 14642 211 767 
192 
192 7699 211 767 
192 1192 363 19 14689 2375 4299 211 767 
192 1192 7991 14728 14729 833 13167 19 14689 2375 4299 211 767 
192 1192 14730 4269 19 14689 2375 4299 211 767 
192 1192 768 211 102 364 14731 720 211 102 364 14732 7 14733 19 14689 2375 4299 211 767 
192 1192 2517 14734 19 14689 2375 4299 211 767 
192 1192 3494 14735 10594 19 14689 2375 4299 211 767 
192 1192 1481 14736 2517 187 14737 19 14689 2375 4299 211 767 
192 1192 4717 833 14738 19 14689 2375 4299 211 767 
192 1192 2727 14739 19 14689 2375 4299 211 767 
192 1192 4692 2 96 14740 833 14741 19 14689 2375 4299 211 767 
192 1192 14742 2 96 19 14689 2375 4299 211 767 
192 1192 14743 7416 19 14689 2375 4299 211 767 
192 1192 14744 2517 19 14689 2375 4299 211 767 
192 1192 14745 19 14689 2375 4299 211 767 
192 1192 14746 2 96 3273 14729 19 14689 2375 4299 211 767 
192 1192 14747 6412 19 14689 2375 4299 211 767 
192 1192 14748 2375 19 14689 2375 4299 211 767 
192 1192 14749 2166 6953 14750 833 2517 19 14689 2375 4299 211 767 
192 1192 14751 3659 7416 19 14752 354 14689 5546 
192 1192 4009 14753 19 14752 354 14689 5546 211 767 
192 1192 14754 2 96 19 14752 354 14689 5546 211 767 
192 1192 14755 14756 19 14752 354 14689 5546 211 767 
192 1192 14757 1170 2 96 19 14752 354 14689 5546 211 767 
192 1192 3273 2517 56 2931 7 14758 7 14759 60 14760 14761 4299 3787 19 14707 19 2929 14708 
192 1192 14762 2 96 56 2931 7 14763 7 14764 60 14765 14712 14713 19 14707 19 2929 14708 
192 1192 3470 1310 56 2931 7 14758 7 14766 60 14767 10043 12651 8933 19 14641 19 2929 14642 211 767 
192 1192 14730 4269 56 2931 7 14768 7 14769 60 14770 2487 3787 19 14641 19 2929 14642 
192 1192 14771 211 102 336 13289 56 2931 7 14772 7 14773 60 14774 14775 1110 24 19 14641 19 2929 14642 
192 1192 14776 2 96 14 14689 2375 56 2931 7 14698 7 14777 60 14778 14712 14713 19 14707 19 2929 
192 14708 211 767 
192 1192 14779 2517 56 2931 7 14763 7 2350 60 14780 14712 14713 19 14707 19 2929 14708 
192 1192 14742 2 96 56 2931 7 381 7 14781 60 14782 10043 12651 8933 19 14707 19 2929 14642 
192 1192 14783 2 96 14 3509 56 2931 7 14709 7 2028 60 14784 14712 14713 19 14707 19 2929 14708 
192 1192 14785 13264 56 2931 7 381 7 14786 60 14787 14712 14713 19 14641 19 2929 14642 
192 1192 14788 14789 14790 56 2931 7 381 7 2065 60 14791 14712 14713 19 14707 19 2929 
192 14708 
192 1192 6900 2704 56 2931 7 381 7 14792 60 14793 14712 14713 19 14689 2375 19 14642 
192 1192 14794 833 9858 2 96 56 2931 7 14703 7 14795 60 14796 14712 14713 19 14707 19 2929 14642 211 767 
192 1192 4533 14797 56 2931 7 14798 7 14799 60 14800 14801 6436 19 14641 19 2929 14642 
192 1192 15 14802 2517 56 2931 7 14098 7 14803 60 14804 14775 3787 19 14641 19 2929 14642 211 767 
192 
192 
192 15 203 71 5 286 12 3980 20 569 35 14838 24 
192 25 12 1260 14056 230 15 3981 24 467 40 5 286 28 14839 
192 12 14805 24 211 767 
192 
192 31 313 80 21 15 1260 1128 19 432 12261 19 12421 19 2345 
192 87 432 1352 2771 87 12402 40 35 2771 71 4003 55 25 19 12 14806 
192 20 569 35 4384 24 150 6582 40 522 1613 432 3992 87 6169 
192 2318 71 5 286 80 54 40 15 3777 20 2147 14807 
192 15 14808 14616 1831 14809 3176 24 211 767 
192 
192 404 316 19 1443 14810 19 670 14811 683 2 14812 902 46 
192 
192 40 132 22 6 19 146 25 40 46 14548 51 5085 24 53 
192 
192 40 285 19 146 22 3410 6 40 46 14548 7 285 51 5085 24 53 
192 