Subject: 17920 3461 877 219 18678 12252 230 17 2030 219 219 219 7 23964 
19438 2 96 1747 
22 46 19581 1586 3784 46 1919 10818 2304 1589 
15 18678 1747 219 
240 17920 
18678 12252 230 
17 
2030 219 
456 203 230 
31 56 56 10769 24 23965 211 211 217 3539 1276 3434 217 60 833 833 56 1193 
2022 24 205 56 217 217 273 23966 273 217 217 60 213 
2022 24 205 56 61 273 217 19 217 273 1193 273 217 217 60 213 
15 217 18678 1747 217 12 22 578 1413 1468 40 12527 250 24 6877 71 522 
63 8747 6073 199 1621 20 390 
34 14899 2529 17 14881 199 40 
522 23967 18678 219 
15 
4626 2516 13249 15 217 19438 2 96 1747 217 5835 
2743 14 14881 1298 19 
76 
2359 
18477 
17109 
15209 
10567 
85 12992 
1624 
19440 
184 88 
5970 
522 1747 14 18678 80 12281 20 
610 40 312 2030 71 221 1982 1421 24 96 24 1132 24 313 34 1947 35 
5570 38 585 1317 15 589 419 2549 313 6877 127 15 1621 219 
1267 10493 230 22 512 6073 219 
313 413 1384 3605 14 3606 
422 15 581 14 17 14881 38 1499 22 344 187 364 14 344 1413 877 71 17 5225 219 15 
203 313 530 40 
522 2054 860 14 4626 2516 34 516 71 1317 2 96 
3012 15 1199 23968 313 1899 24 
234 507 1317 2 96 20 234 15 14881 313 643 24 24 24 24 20 
14872 219 
0 60 213 187 187 1498 2793 31 10930 
1589 187 187 7 7 192 
5 1621 12 230 22 
85 14881 199 249 
1192 221 4689 80 1274 213 
259 666 
217 1565 187 22 217 71 1642 4689 237 312 21 1215 40 17 5293 24 
370 46 
1192 
86 46 
1192 
5190 46 
1192 
170 56 928 249 60 46 
23969 
23970 
23971 
23972 
23973 
23974 
23975 
23976 
23977 
23978 
23979 
23980 
23981 
23982 
23983 
23984 
23985 1192 
1964 187 7645 412 46 
1192 
85 2482 46 
1192 
505 2482 46 
1192 
286 86 46 
1192 
404 333 40 383 46 
1817 
354 23986 354 505 
8162 
354 23987 354 505 
4573 
354 23988 4573 354 
85 1192 
312 313 1685 17 85 239 
1529 
23989 
5246 312 21 17416 
456 6660 429 46 
1192 
344 1656 17920 17105 46 
1192 
349 2541 17920 17105 46 
1192 
31 3996 87 217 709 217 
17920 369 46 
23990 1192 
2359 2465 46 
1192 
1193 5162 46 
1192 
6660 369 46 
512 5256 9399 
23991 
349 7 364 23992 1192 
3990 46 
1192 
2458 313 1870 40 15404 46 
1192 
292 5225 55 456 17920 46 
1192 
4048 4141 17646 88 46 
1192 
4048 15209 56 7830 456 17920 56 96 60 60 
1192 
4924 4983 46 
259 
23993 
23994 
4429 1192 
14881 1189 71 46 
15209 
23995 17920 56 85 
4648 60 85 
23996 
2359 1192 
286 885 15626 
350 902 