Subject: 494 14548 497 4921 1336 19 14593 20 14968 
192 45 15 3029 11 3012 71 8608 19 139 140 91 15 217 3460 217 
251 14 76 1188 7 1387 4124 84 1336 130 40 312 25 605 
370 7 7720 46 
662 19 15129 219 
15130 19 5 1680 221 14 15 3731 139 151 255 25 38 19 
11432 233 370 7 7720 80 21 595 22 15131 1188 2036 24 24 24 239 
139 187 151 187 416 450 40 234 5 40 505 28 76 14593 71 15 9 
10931 84 108 14606 15132 2 96 876 45 8608 46 
494 
662 19 15129 219 
24 24 24 237 679 40 505 2550 24 533 91 15 1158 139 244 136 230 14593 7 
295 46 187 187 267 24 14593 24 1583 187 14593 7 1668 187 14593 7 349 7 63 24 2029 7 1345 585 10930 
9786 24 139 499 91 1209 416 15133 239 239 494 12 129 585 14593 
884 885 139 413 1265 91 1528 55 239 497 
100 19 247 2 3 5 1744 139 518 400 14593 576 547 226 14548 2022 
91 415 22 1336 1089 14 432 239 917 910 15 2029 5 247 2 3 1305 
40 35 22 654 614 24 24 24 2637 6265 19 25 2001 139 413 400 15 
19 20 5040 14 14548 40 611 22 
15134 2022 1589 213 1192 60 
354 15 5291 19 139 402 5 494 11061 15 1336 2 96 2029 71 15 9 
10931 497 12 15 249 5564 405 14 76 1188 7 1387 1336 11227 71 22 
14548 2341 24 489 239 
2719 
610 71 9104 184 24 15067 
15 203 12455 12 1260 249 230 15 135 87 6774 40 
237 
25 12 6582 20 569 4960 3980 20 87 3979 
2240 24 432 2186 19 15068 19 6101 87 458 
400 14 19 87 3515 14 432 1352 71 4003 309 19 5 203 28 
6143 87 6775 458 631 15 1260 1128 12 14806 24 
31 313 1615 5 71 236 19 259 1221 15 2310 
20 4 15 2240 45 432 269 24 
7 7 7 7 7 7 7 7 7 7 7 7 7 7 7 7 7 7 7 7 7 7 7 7 7 7 5085 9998 7 7 7 7 7 7 7 7 7 7 7 7 7 7 7 7 7 7 7 7 7 7 7 7 7 268 7 268 192 
15019 15003 24 15019 15045 24 15019 3029 24 1499 15019 24 
40 132 22 6 19 146 25 40 46 14548 51 5085 24 53 
40 285 19 146 22 3410 6 40 46 14548 7 285 51 5085 24 53 