Subject: 23493 23494 23495 24 950 24 2116 40 313 219 
665 5 2896 723 127 230 374 3599 219 24 
925 2896 13738 
467 3828 19 400 522 3483 4895 40 1423 20 2616 45 
422 2027 19 2742 157 374 3599 937 28 422 12014 14 15 19523 1824 
25 833 648 3828 13887 24 295 46 187 187 267 24 23495 24 950 24 2116 24 
157 4895 
1423 1424 6259 46 522 157 3483 2896 1423 1277 1637 
6552 20 6191 6307 38 6552 20 6191 23496 40 
2550 7 11138 17 6307 19 40 7068 431 17 3695 2896 24 400 522 3599 
28 286 29 40 545 7 593 1249 3483 6307 20 151 15 
1629 8266 40 313 6852 24 
23497 17 6141 24 
1715 522 3828 13887 683 313 219 1944 17 6141 20 151 
15 2896 592 40 313 19 522 6141 3259 12 15 3660 405 40 1422 
17 1129 19 1913 149 20 5454 400 522 6141 3259 323 20 234 1562 
927 354 295 46 187 187 23495 24 950 24 2116 187 23498 187 23499 24 12932 352 19 
23495 927 15 19523 4042 374 3828 723 323 19 
20 15601 15 2896 313 14872 219 
23495 
5 12 21 22 884 885 19 313 34 21 35 3159 40 432 884 1227 19 
31 313 151 1121 5 102 7 18 71 236 19 390 16441 71 1422 24 
1715 928 625 28 200 22 3410 102 7 18 40 262 46 4458 479 23500 51 23495 24 950 24 2116 24 
7 7 7 7 7 23495 24 950 24 2116 7 1422 17 23501 1129 219 24 24 24 24 24 24 