Subject: 8404 14 157 13742 
102 7 505 354 85 136 17 269 219 219 219 
925 3614 19 
313 413 8731 1920 1561 19 2742 87 630 71 2126 15 2470 1702 200 102 7 18 24 
1305 5562 239 644 55 230 2224 56 184 19 129 12 184 217 1988 217 60 24 24 24 
217 84 2201 55 1133 3 24 674 24 217 
1610 313 230 17 333 20 292 24 
5 12 15 3176 313 2 254 416 3390 133 71 15 3029 3630 24 
4548 40 15 12017 14 5 3176 55 15 1276 19 22 654 7696 3029 930 131 
7767 585 2754 1639 40 15 14322 14 15 930 2528 490 19 40 125 31 25 519 
413 1286 1050 3650 24 
15 1639 100 16353 455 87 21 15 930 130 4009 24 1120 14125 16354 421 
20 230 221 91 129 80 19 3829 184 2430 16355 15 393 71 15 930 24 5 
415 4762 40 1639 1050 91 5 12 22 1633 19 17076 
20 10017 405 
40 1286 409 5665 3650 354 85 24 15 1629 14 5 1639 415 416 6630 16292 24 568 
1322 1050 80 4641 91 1642 1289 80 329 19 571 1301 631 4284 347 24 
1594 2836 3243 630 84 630 1050 665 25 127 19 25 2 96 416 
589 4075 40 35 22 13 14 3630 24 313 34 1247 421 313 2152 25 24 
217 902 25 12 490 217 
1192 1192 1192 3380 5 1277 230 3655 1840 1192 1192 1192 
15 194 88 943 12 869 313 569 35 1189 71 3515 22 391 354 24 25 413 35 
916 38 589 1856 4591 20 15 88 427 12 6406 219 219 219 
31 313 406 215 40 1286 354 559 1920 1561 19 2742 71 2907 631 2470 1702 219 
259 644 15 4613 930 24 24 24 112 644 25 558 219 219 219 
5 12 22 3065 19 4009 19 3650 1943 943 24 25 241 21 
903 313 40 592 608 1221 38 1050 19 312 432 2957 505 19 20 404 14 221 19 313 1267 
151 40 75 15 8900 533 40 234 15 18 24 31 313 140 91 13693 313 2 1278 234 91 3524 
3848 91 313 2 254 416 229 230 19 5 12 25 219 423 
2454 15 3413 19 20 17 12790 34 592 425 24 
5 841 7 2237 102 7 18 2353 3484 930 1886 1731 24 24 24 578 1413 567 333 24 102 7 18 12 
15 1311 2035 14 15 3655 24 1505 3516 14 5 1174 7 17094 251 14 2615 
1277 219 219 219 15 2505 313 366 19 15 630 1050 34 
35 329 2030 136 102 7 18 24 234 17 1217 14 5 1352 219 219 219 
841 7 2237 3484 56 16401 60 415 2672 9735 18037 24 25 
12 541 18038 71 15 14499 2030 2181 19 20 1935 4127 829 20 15 9556 
4601 2206 151 3340 91 627 1982 1413 20 3573 1413 14 221 12516 20 2070 34 35 7143 
910 841 7 2237 1480 28 15 5762 40 1776 7639 2 96 24 
5 12 22 841 7 14036 14037 1056 20 14 15 352 19 3503 19 2742 13742 71 15 1049 19 767 1413 56 
8353 19 2742 60 939 1120 3525 71 15 303 1739 1037 71 16401 24 528 19 7041 1639 91 
422 578 1050 1634 13742 7171 910 
841 7 2237 3484 24 
313 569 151 3274 5 10872 347 19 220 422 15 1185 18039 18040 56 22 841 7 
23326 19 869 14 15 23098 6227 71 15 1049 60 939 585 1074 55 
15 946 18041 1639 24 3956 1897 1889 500 72 
406 312 31 72 36 1481 20 1209 40 156 422 45 12784 24 908 18042 19 18040 
2643 72 406 683 22 1210 1747 3484 1827 20 234 40 505 24 15 4516 916 
40 18043 20 18044 1889 24 72 3193 127 354 15 4516 20 
23327 556 128 217 91 2 96 258 139 2 1338 7173 593 902 20 313 80 221 7173 127 129 219 217 
38 1747 3484 313 151 550 3728 14 88 24 373 18046 45 1311 313 
1286 868 20 18046 45 1311 939 28 1050 313 6798 40 15 2030 24 
18047 88 12 15 4866 14 15 16748 24 25 2001 
18048 333 87 3650 421 20 209 13406 558 20 558 20 558 24 71 1747 
3484 19 25 100 2001 209 13406 230 15 505 14 940 24 
5 930 12 2804 541 16036 71 630 631 1982 1626 4991 646 15 1049 24 
15 4613 1959 0 23328 12 1292 139 3688 1715 8928 910 226 18049 24 10888 19 
18050 1635 139 37 7 644 1481 20 3944 409 499 20 3722 40 25 24 
226 370 12 18051 17099 24 550 1037 2114 19 15 3540 139 1708 354 230 15 1908 12883 
1037 16892 20 226 3545 130 16492 24 1279 17102 2896 3823 19 139 501 
40 847 226 1685 2030 24 422 15 1908 1193 19 139 
18052 1322 17104 4626 504 24 139 17105 226 5256 19 316 20 14611 422 
1920 2349 19 2742 24 
15 9549 130 3515 22 14097 55 226 2030 20 139 1499 1900 2 3 1305 40 1286 252 4286 24 139 
1209 40 17109 20 15404 5365 226 85 40 379 226 5256 20 15411 2030 24 
354 91 5291 1292 6263 2081 71 226 3158 20 139 244 
245 40 597 15 2152 71 6390 91 5 34 2370 17 3158 10985 
16415 219 219 219 
71 5762 2781 19 139 1121 5 930 605 102 7 18 24 4830 3175 2 96 1896 40 1749 5 930 139 
1209 416 200 5435 230 1959 0 23328 55 1849 2030 1191 24 221 14 15 
1298 139 1121 19 71 226 582 19 464 21 3649 
7137 24 141 464 449 551 1371 230 682 40 17115 87 15 41 4591 130 551 
571 230 682 40 4204 40 125 31 141 406 505 87 21 24 
869 14169 91 139 406 1286 22 14327 3606 71 869 1193 24 24 24 25 1579 2 3 165 682 139 2 763 151 40 205 22 
1451 40 1286 25 219 220 215 139 130 596 19 71 2781 14 1115 139 1121 5 930 24 139 1579 2 3 
146 230 25 19 87 1265 230 25 19 141 1499 1102 226 370 1794 22 
884 885 24 1610 17122 230 91 219 219 219 1279 3390 25 1739 2962 19 40 1286 1240 139 
130 3390 25 1248 19 139 1900 2 3 140 226 5262 24 902 130 22 3650 1943 
17125 24 139 518 17126 84 571 84 139 478 40 156 19 
908 2258 682 
879 608 15209 24 1279 139 1102 22 16384 20 1122 20 2079 25 127 19 139 406 354 559 234 226 3650 
149 24 220 215 1443 14 313 139 130 618 22 1856 17130 20 22 1856 4557 133 15 4009 2189 
14 25 221 24 568 139 2041 25 127 38 15 1421 24 96 24 132 5412 
56 344 7 380 7 17133 7 17134 2308 7 5662 60 20 141 3997 91 25 12 5126 4009 219 1279 11666 15 
930 130 4009 20 21 22 10043 3176 19 139 501 217 258 21 24 217 
14967 139 445 127 578 19 2742 102 7 1814 24 25 3649 682 133 1920 337 230 226 333 55 7 878 24 15 498 642 
133 102 7 18 12 91 139 1 2 3 433 432 3650 230 8721 40 146 127 15 930 19 20 233 
221 14 226 2365 80 17138 605 102 7 18 19 15 249 13404 12 
226 333 24 139 
244 5450 313 215 25 12 19 139 440 25 247 2 3 3311 313 1794 19 220 139 2460 1273 91 139 406 21 217 17139 7 
1794 217 470 19 184 3765 904 571 3650 25 3649 682 24 
71 2907 631 869 2991 19 139 130 4735 40 1615 2365 230 3201 1919 344 24 28 331 332 19 139 1209 
1121 1172 2365 230 3201 1919 344 24 17 1329 12 40 217 1615 354 559 767 2365 230 
3201 1919 344 547 349 2133 24 31 313 1 2 3 19 
146 127 630 1298 178 313 312 219 217 
226 208 4729 71 1943 1920 1561 19 2742 71 2470 1702 130 225 24 
28 331 552 19 139 1209 1121 2307 2365 230 3201 1919 349 24 17 1329 12 40 217 1615 354 
559 578 273 2365 230 3201 1919 349 547 349 2133 24 31 21 19 146 127 630 
1298 178 313 312 24 421 313 
151 578 2365 19 15 1775 12 1797 19 5454 19 313 34 1286 17 1920 1561 19 2742 
1329 24 217 590 19 139 1209 2307 2365 230 3201 1919 349 19 6794 630 631 139 3790 24 568 139 2063 149 20 
17148 24 
28 3769 344 19 14 226 102 7 884 14 578 19 2742 19 139 1121 1920 649 19 2742 38 630 1233 71 567 2549 24 139 
13406 1794 221 226 17151 20 10965 22 571 3790 157 4544 24 
259 1505 333 40 644 15 4323 930 19 25 34 2370 17 
3158 10985 219 219 219 
420 19 25 1950 2 3 505 31 313 1 2 3 665 25 24 5 930 241 505 19 220 313 1515 2454 25 
1984 219 572 15 2902 14 21 565 40 1709 17 370 71 22 1626 1709 24 25 1950 2 3 
505 19 313 2 1278 6266 127 55 22 564 14 3650 219 71 2353 230 5 
930 40 505 19 313 1515 4286 17 1329 14 767 273 2365 230 3201 1919 344 19 20 578 273 2365 230 
3201 1919 349 20 313 34 1286 1920 1561 19 2742 87 630 71 2470 1702 24 139 244 13703 620 91 25 
1886 219 219 219 
31 313 2498 21 40 5616 71 5 930 19 139 244 1234 24 25 519 12 22 498 943 38 
1856 3649 87 4204 40 313 24 31 313 2498 40 5616 19 2454 15 930 20 313 34 35 55 17 
405 40 4626 855 24 31 313 80 22 10181 2030 
2309 20 80 31 4626 1862 215 139 130 19 87 313 643 40 156 17 1685 2030 19 3283 
5 22 6054 24 
139 1235 219 
945 19 
18051 17099 
22 4803 934 45 15 16412 14 17120 46 
28 15 333 313 151 644 15 4613 930 20 3200 19 313 328 151 7065 91 
585 12591 518 19 21 151 26 83 22 930 19 20 869 91 12 4009 24 1715 682 165 313 22 
1856 133 1273 24 139 1209 22 15604 2030 230 345 1037 24 
112 71 18054 226 2030 2889 15993 1794 24 139 130 329 15 419 599 91 464 2082 
6302 230 682 19 220 25 2117 2 3 1299 24 2672 19 139 2079 25 127 24 25 2117 2 3 682 19 25 130 15 
9549 24 18055 20 18056 1209 13225 15 4853 
9549 91 1209 416 38 928 1594 18057 24 
139 1 2 3 151 40 165 313 500 2081 40 15 13735 5225 24 24 24 233 1322 14 313 625 
45 208 2983 2152 24 129 464 630 13068 20 16805 631 4284 347 24 15 
2747 670 130 18058 24 1642 553 6395 500 141 
464 329 17175 18060 20 2084 593 24 1642 553 1235 21 19 76 1642 553 1267 1209 
1614 40 1384 87 17126 19 464 3281 905 608 15 10016 14 15 4429 24 
84 15 596 1880 19 217 15 5242 234 5149 20 15 4429 234 18061 24 217 
15 1039 1480 14 1943 3650 34 1267 1623 313 40 217 1931 593 217 87 217 234 5242 217 19 
18055 34 125 40 91 24 313 151 1499 1121 1959 0 23328 91 413 1863 313 4626 
13324 230 15 1775 14 17 3158 19 38 217 184 4204 217 20 217 1499 22 
1856 600 14 3802 24 217 313 413 1286 630 3650 71 15 2126 1892 1909 631 313 151 
4284 16413 24 
139 328 100 431 127 91 139 34 21 125 22 18018 14 5 3650 19 3019 470 612 553 415 
584 22 16365 230 5 930 24 139 151 437 939 422 364 14327 3606 219 139 
151 18062 45 15 930 1279 200 127 422 
344 19 12014 19 2742 1298 24 1277 139 151 1739 4068 91 1286 5 20 1739 458 1298 
902 20 422 18064 24 
2454 15 930 1984 84 16375 24 312 21 2370 25 71 432 405 24 25 1886 
16414 590 84 25 12 1277 24 420 40 102 7 18 22 3985 14 5 4075 3201 40 2836 313 
413 402 14 24 869 14 15 1050 313 146 5 40 569 
146 127 578 19 2742 87 630 24 24 24 20 17 370 34 35 55 567 869 14 206 219 420 138 19 
15 630 313 146 127 15 630 4633 2485 313 34 1496 24 568 226 3614 19 139 151 462 
313 15 472 19 1959 0 23328 19 1649 20 
943 40 1634 16415 1572 19 25 12 593 40 313 1277 219 217 402 133 25 217 
347 313 4 5 930 45 17 12530 19 84 139 3688 1235 19 1505 22 1856 333 40 644 25 20 
519 402 133 25 24 234 22 16384 20 5783 127 500 518 1489 150 313 
5616 24 5783 127 15 1485 397 128 20 
184 3765 904 313 
16386 25 19 313 34 618 1286 22 564 14 3650 219 313 34 6398 234 149 500 313 17175 24 
432 18065 313 151 34 17177 150 17 208 2365 592 71 24 25 1886 219 
16416 17178 19 11736 19 2929 24 
902 2 96 904 5 15554 930 34 1286 313 3605 
14 14037 1920 3413 46 
5 251 14 1319 3558 519 1886 578 1413 567 333 24 139 244 1240 91 313 518 
400 593 40 1920 1561 19 2742 87 630 71 15 2126 2470 1702 24 347 313 1564 19 217 16269 24 24 24 217 19 259 644 5 
930 5543 24 5 12 21 22 10043 3176 19 220 22 
1731 4009 3650 1943 943 24 155 19 5 12 500 313 312 46 84 38 221 841 7 2237 
11165 19 390 853 522 2030 28 7745 157 3030 20 3779 522 320 24 233 
14 15 
377 1071 14 15 1276 19 313 34 35 450 40 7122 157 841 7 2237 2030 3030 45 221 
422 15 1049 19 20 390 1317 22 1177 230 567 14037 445 24 17 2365 592 28 
18 20 80 4370 28 102 7 18 19 568 313 80 
21 1289 71 4803 3779 24 313 312 25 17185 71 17 1685 85 19 603 87 5412 24 5 12 15 
6174 
841 7 2237 18 2353 3484 576 24 5 12 500 313 1515 312 46 
344 24 2353 221 63 3200 11315 55 15 885 490 56 313 413 2 3 11638 206 31 313 1 2 3 2353 206 60 24 
22 24 230 1573 3201 19 146 1920 63 24 335 12894 19 15 370 833 573 14 15 3201 313 80 
2358 19 17 102 7 18 86 19 20 17 370 833 427 86 56 71 542 14 
22 614 60 40 15 135 622 370 
253 55 15 885 2126 40 15 3201 24 
1286 1240 17 427 86 12 55 17 14582 71 542 14 432 18 
504 219 
560 24 150 313 1709 17 2353 19 1286 1240 313 2353 1573 14 15 6407 3200 24 313 34 433 221 
6407 3200 568 91 313 413 1384 206 55 17 269 20 15947 206 24 
768 24 547 22 1892 1702 313 34 1615 19 605 102 7 18 19 1573 14 15 6407 3200 24 1384 206 55 17 
269 568 141 34 35 1953 230 313 40 146 40 15 344 19 2742 2 96 14 1050 553 34 2353 206 
45 313 24 
349 24 33 7 7 312 21 3718 15 401 14 15 1050 553 80 3906 2126 40 1573 3201 19 87 
1120 7744 55 15 885 19 71 432 405 458 631 12 16375 490 71 9693 217 22 217 910 217 103 217 87 
313 34 6266 127 55 15 4479 14 17 16376 24 421 
313 1247 15 405 5 1886 19 313 2 1278 100 125 904 25 247 2 3 505 31 313 2370 25 24 
420 5 251 415 416 2262 19 20 31 313 3718 25 19 25 34 21 505 24 
22 24 391 490 230 15 10644 14 123 3200 24 
560 24 1279 313 2 254 2377 15 6407 3200 19 1505 5 11741 20 14555 0 254 15 370 20 
86 1291 3201 1919 63 24 5 135 415 939 25 910 15 7964 20 12 184 3060 
16381 1120 1920 1561 19 2742 219 100 19 2370 15 370 14 15 1827 19 
15 86 19 20 15 14555 0 254 102 7 18 86 55 15 1824 14 5 2022 40 17 1685 24 
768 24 1931 15 370 20 86 1291 3201 1919 364 905 40 3201 1919 63 24 
763 24 1931 15 370 20 86 1291 3201 1919 352 905 40 3201 1919 364 24 
102 24 1931 15 370 20 86 1291 3201 1919 349 905 40 3201 1919 352 24 
766 24 1931 15 370 20 86 1291 3201 1919 344 905 40 3201 1919 349 24 
103 24 3316 17 370 187 86 71 15 3201 1919 344 3545 24 259 1286 1240 313 3985 567 
370 20 86 11145 219 
352 24 1505 5 2754 3176 19 76 15 6876 885 14 401 19 20 1384 25 40 17 269 24 
1286 184 2361 40 15 8289 365 14 5 3176 24 17 3649 40 5616 71 5 12 
17217 3693 56 2971 313 413 11880 1920 1171 60 24 313 3202 
437 151 585 1276 864 20 102 7 18 12 1468 219 40 2184 313 38 3484 17 
2030 55 15 1276 19 15 63 3200 313 2359 34 530 313 38 16382 3484 
1959 0 23328 237 2695 904 40 146 16383 102 7 
1814 19 240 40 683 3605 14 1468 6623 7164 20 571 19 571 630 24 71 1694 313 34 
35 584 38 203 55 1276 
3484 7708 83 84 1276 3484 294 56 23329 60 46 5 12 
869 15 12975 1276 3484 7708 55 15 1276 24 5 8985 525 22 4592 
240 1276 20704 45 221 422 15 1049 413 2535 472 20 8404 55 1276 
3484 24 71 1694 19 1728 14 5 8985 80 584 
1468 1276 
3484 124 20 2070 230 15 312 7 868 7 1276 7 17457 24 141 34 530 313 38 
1468 16383 102 7 18 30 20 593 40 344 19 2742 19 2742 10848 102 7 18 3405 1573 2991 24 5 8985 34 
530 313 38 2743 14 1468 294 237 
289 46 904 40 8652 
1468 43 2246 19 904 40 8652 1824 23330 71 1423 1444 230 17 43 7 723 19 904 40 146 
16383 102 7 18 608 9649 20 16481 19 904 40 1310 17 320 55 3029 2519 19 1468 
6623 7164 19 1261 16877 19 2631 1547 19 11740 7164 
20 571 630 24 
129 80 550 6719 1480 14 324 17 18066 46 
251 1919 344 46 200 16383 102 7 18 
1715 2 96 1564 91 313 1929 40 156 1503 19 1499 40 125 904 25 1880 19 20 390 2 1278 1484 313 20 221 
1642 1289 146 127 249 349 19 2742 1298 1573 24 1715 2 96 100 1484 91 15 884 17227 
22 0 24 352 1413 128 24 136 22 1210 885 15 128 518 35 
571 1301 24 100 19 1322 1050 34 146 127 2743 14 3605 14 1298 3229 14 
349 19 2742 24 220 3011 38 5 1295 19 313 146 127 249 349 19 2742 1298 24 38 22 0 24 352 1413 
128 19 91 12 249 892 2365 230 3201 1919 344 24 1642 892 
1050 3110 28 200 127 349 19 2742 1298 1573 230 22 2398 14 447 19 2742 24 127 14 1642 0 24 352 1413 19 
2287 1050 3110 20 2353 
3201 1919 349 24 1642 2287 1814 127 349 19 2742 1298 1573 230 22 2398 14 5389 19 2742 24 15 0 24 352 1413 
128 40 91 12 15969 2365 230 3201 1919 352 24 1642 15969 146 127 349 19 2742 1298 1573 230 22 
15721 19 2742 2398 24 15 0 24 352 1413 128 40 91 12 344 19 7580 2365 
230 3201 1919 364 24 1642 344 19 7580 146 127 349 19 2742 1298 1573 230 22 349 19 23331 19 2742 2398 24 15 0 24 352 1413 
128 40 91 12 491 19 23332 2365 230 3201 1919 63 24 91 2 96 491 19 23332 1920 63 15755 230 313 19 12894 219 219 219 17 
2398 88 71 5 1295 12 1920 552 273 1920 2294 273 
1920 344 19 19177 273 1920 892 19 17022 273 1920 893 19 17024 230 22 2398 14 1920 1561 19 11751 219 219 219 
420 3614 19 5 12 1592 344 19 23333 127 14 15 349 19 2742 1050 
313 18 40 34 312 3829 3693 20 16487 5 930 219 3344 
40 402 230 22 5291 500 406 1489 31 2836 19 87 4538 445 
127 578 19 2742 1298 3229 
14 349 19 2742 24 
140 682 19 1322 1050 34 312 1499 91 19 20 630 219 28 15 405 19 17 3649 40 5616 71 5 
12 17217 3693 24 313 3202 437 151 585 1276 864 20 102 7 18 12 1468 219 219 219 
3201 1919 349 20 1919 63 34 1639 313 15 404 1480 
230 16383 16988 19 
165 313 240 40 8652 1468 16383 102 7 18 30 20 240 40 8652 102 7 18 1227 20 1639 313 
904 40 146 127 344 19 2742 19 2742 102 7 1814 230 1468 24 
251 1919 349 7 8706 1468 7164 55 15 1276 
344 24 2615 55 15 2 1442 12 589 19 589 9522 19 20 129 80 2743 14 1468 
5664 40 11394 24 1715 2 96 1564 313 1929 40 156 1503 1499 40 125 904 590 25 1886 24 1484 
17 1329 12 40 234 249 892 1050 40 5616 55 17 
208 2237 24 56 8706 22 
564 14 1468 7164 55 15 1276 34 1596 234 22 7146 128 24 60 100 1484 91 2836 
612 71 17 2143 539 249 892 23334 1728 24 2454 5 1295 40 
4258 15 17246 1629 490 24 
344 1656 2237 7 7 17 892 1728 38 1920 63 56 1920 63 2687 892 60 24 24 24 24 24 24 24 24 24 24 24 24 24 24 24 24 24 24 24 24 24 24 24 24 1920 552 
349 2541 2237 7 7 892 1728 45 1642 892 56 1920 63 2687 2287 60 24 24 24 24 24 24 24 24 24 24 24 24 24 24 24 24 24 24 24 24 1920 2294 
352 4197 2237 7 7 892 1728 45 1642 2287 56 1920 63 2687 15969 60 24 24 24 24 24 24 24 24 24 24 24 24 1920 344 19 19177 
364 403 2237 7 7 892 1728 45 1642 15969 56 1920 63 2687 344 19 7580 60 24 24 24 24 24 24 24 1920 892 19 17022 
63 403 2237 7 7 892 1728 45 1642 344 19 7580 56 1920 63 2687 491 19 23332 60 24 24 24 1920 893 19 17024 
420 316 19 5 4956 91 15 1050 553 5616 249 7122 892 1050 1573 24 
402 230 22 5291 500 406 1489 31 141 1102 767 1050 40 5616 219 1322 1050 34 
234 578 2 96 14 4999 219 402 133 25 219 230 567 
1920 63 24 335 313 1615 19 221 313 1515 312 12 102 7 18 206 15 3201 141 2377 24 
91 2 96 25 219 1254 530 419 7 2549 250 55 221 2365 219 
5 34 4954 91 15 102 7 18 141 146 127 19 38 17 370 20 86 55 25 19 34 35 
2657 233 141 413 2 3 11394 178 141 1615 15 3201 219 
123 3200 
1192 1192 1192 2353 1573 3201 28 573 20 370 1192 1192 1192 
4206 46 1254 146 1920 63 12894 56 1421 24 96 24 3559 60 230 1573 3201 12340 21 
7352 1254 146 17 2353 605 208 670 18 1286 1240 15 12894 12 
16387 28 11370 25 71 354 559 550 
13074 14 1122 24 
55 869 14 1642 13074 14 1122 19 289 46 56 22 60 15 573 833 370 14 15 3201 313 80 2358 19 
56 560 60 17 102 7 18 86 19 20 56 768 60 17 370 833 7645 86 24 
1709 17 2353 230 936 3200 1277 46 
3201 1919 344 217 15 12815 2 96 4850 40 2615 230 1468 55 15 1276 217 
2353 3201 1919 344 45 46 
7387 1478 
23335 23336 19 15419 24 2391 
10651 19 8786 23337 
3201 1919 349 217 15 12815 2 96 4850 40 200 16383 102 7 18 55 15 1276 217 
2353 3201 1919 349 45 46 
15938 2093 
23338 22078 3787 
23339 19 11922 23340 
3201 1919 352 217 15 8404 40 16395 3484 55 15 1276 217 
2353 3201 1919 352 45 46 
5011 3876 24 5384 
22925 23341 8933 19 20502 24 1919 23342 
23343 19 8783 23344 
3201 1919 364 217 904 40 1634 22 16351 2784 15 4910 14 
16395 3484 20 15 1276 217 
2353 3201 1919 364 45 46 
2831 8232 
23345 23346 9875 
11921 19 11922 23347 
3201 1919 63 217 904 40 146 344 19 2742 19 2742 102 7 1814 230 1468 217 
2353 3201 1919 63 45 46 
2719 23348 
23349 23350 6436 
23351 19 10300 23352 
129 2804 630 631 19921 19 2742 19 2742 1050 317 3501 219 
1192 1192 1192 1192 1192 1192 1192 4805 230 3400 1192 1192 1192 1192 1192 1192 1192 
1192 3864 5 84 17 2030 219 35 2657 19 3600 19 20 2454 
15 6768 11145 24 
1192 146 230 15 6407 3200 3989 568 313 34 151 206 150 
15 2365 156 1233 71 233 46 
150 313 1615 22 1920 63 2353 19 313 1515 146 127 15 1899 1177 187 3201 24 
1192 1254 530 419 7 2549 250 55 15 2365 313 1615 24 
1192 35 6080 20 2646 38 5 930 24 31 313 2454 15 3413 1984 19 17 1629 
34 35 6302 219 
1192 1805 221 19 151 10222 71 868 20 625 313 34 14627 219 
1192 1192 1192 1192 1192 1192 1192 17 3400 6493 1192 1192 1192 1192 1192 1192 1192 
2454 936 6493 40 4954 17 3400 46 
31 313 1 2 3 1615 767 2365 230 3201 1919 344 547 550 2133 19 613 2615 87 
200 102 7 1814 178 313 312 24 112 19 22 1701 14 2133 1635 313 328 1615 354 559 578 
2365 230 3201 1919 349 24 31 313 1 2 3 19 613 2615 87 
200 102 7 1814 
178 313 312 24 
421 313 151 1121 578 87 630 2365 230 3201 1919 349 19 313 413 
5454 19 233 15 29 12 437 1299 230 313 19 20 15 12894 34 613 40 15500 71 219 
5 12 33 40 420 46 
567 333 17 370 12 2084 905 55 15 885 19 313 80 3113 71 
5378 14 22 1626 3201 24 313 413 856 2367 14 17 147 
28 5439 237 3201 1050 80 2358 45 313 24 31 313 643 
40 1165 630 88 19 146 641 16411 14 102 7 1814 87 613 
8706 7164 20 156 15 872 154 558 219 129 12 184 7827 
40 15 88 313 34 1165 45 5 2030 219 
347 313 1286 17 121 84 40 455 87 21 313 5616 
71 5 930 24 259 588 869 1528 24 312 313 643 40 2370 
17 3158 239 
31 15 588 12 1529 19 259 391 354 15 194 3684 133 5 930 46 
344 24 313 80 3779 22 1177 237 241 21 3649 1614 40 
2805 219 
349 24 313 80 3779 22 1177 237 241 21 3649 1614 40 2402 219 
352 24 313 80 3779 22 1177 19 237 241 21 3649 313 1614 40 
11394 219 
364 24 313 80 2784 15 4910 14 15 1276 20 15 4910 14 
841 7 2237 3484 40 1603 17 1177 221 422 15 
1049 219 
63 24 17 249 14998 458 631 17 41 1920 1171 4591 12 
17 333 219 
892 24 13494 221 14 15 88 313 1165 45 5 930 12 1369 
110 219 
491 24 5 930 34 2370 17 3158 10985 24 
1192 1192 1192 1192 1192 1192 1192 3 102 96 3 139 1338 968 1565 139 22 922 96 1192 1192 1192 1192 1192 1192 1192 
5 930 241 505 19 220 313 1515 2454 25 1984 219 572 
15 8290 14 21 565 40 1709 17 370 71 22 1626 3545 19 25 1950 2 3 505 20 313 2 1278 6266 22 564 
14 4633 88 24 139 2 1338 13703 620 91 25 1886 24 25 519 12 22 498 943 40 1286 
1339 1797 3650 19 38 1856 3649 40 313 24 31 313 312 
2498 40 5616 19 2454 15 930 1984 19 20 313 2 1278 35 55 17 405 40 4626 
855 24 
9595 16437 19 16438 19 157 10251 
226 370 12 7025 24 226 2132 19 16416 19 20 139 3683 71 3509 19 3510 24 139 244 22 3649 16417 38 22 
654 1421 24 96 24 3540 20 139 1286 1253 1210 3650 24 150 139 1121 15 930 139 
16418 40 16416 133 1749 217 16419 18 24 217 139 939 10017 14 15 
872 642 19 
16420 226 116 14 15 14953 20 14078 1289 24 139 217 6395 217 25 640 2 3 505 24 
16416 12821 5380 226 3663 1799 20 16421 71 38 1935 5982 24 139 939 16422 
10017 14 557 19 20 130 1546 40 9949 15 435 217 139 1898 313 568 217 
55 557 150 15 642 1579 2 3 505 24 24 24 590 19 15 16423 130 55 682 219 547 550 2133 3108 1209 
1121 422 1982 11150 24 547 5671 1702 3108 1209 1121 422 1920 12508 19 7483 71 1920 63 15755 219 139 130 
16424 219 139 130 1240 91 139 1209 25 221 2079 20 91 25 
640 2 3 505 24 139 244 22 17333 1277 24 139 151 13751 16416 71 557 217 16425 24 217 139 1235 151 7052 630 
1037 178 16913 19 220 139 402 14 15 217 16893 16894 217 20 25 2 96 21 230 682 24 390 16288 25 221 40 16401 24 
7025 14386 7904 24 19 3509 19 3510 
15 1976 1872 230 5 3176 12 40 5867 313 91 5 29 12 3756 19 17337 19 3054 
15604 19 20 12 22 405 40 234 22 2651 2458 14 3650 71 22 561 333 24 139 130 5954 
1739 2962 347 139 2041 5 127 24 139 13751 1499 40 125 
500 869 518 566 71 427 230 15 3352 3802 20 3650 1274 24 40 226 16358 19 
139 1121 1920 2287 19 16360 24 335 71 15 208 2027 2133 19 38 3650 618 1233 71 24 
945 1934 19 
16361 16362 9780 19 6477 
21 541 15 16426 369 19 25 3121 682 1739 2133 40 1286 593 226 653 40 5616 71 5 
4319 24 220 16427 91 139 244 19 139 501 91 15 41 4591 130 568 1856 91 129 130 
1499 184 405 91 139 640 2 3 234 1066 2365 40 354 
559 234 226 3650 149 24 139 11398 150 139 1052 226 11001 7 1968 132 5412 1146 16428 
38 2365 219 230 22 660 19 25 1102 568 18083 91 139 1209 40 156 17355 593 226 18 354 15 
468 24 139 2 1278 1286 630 3650 5 1193 631 432 345 1037 14 
226 3158 347 24 15 2329 642 133 5 5248 12 91 25 247 2 3 3765 240 1050 3683 24 129 
423 3144 2 3 22 1301 4591 38 22 4838 427 24 
68 16430 19 10060 19 5234 
139 1209 1121 5 930 347 24 139 32 25 19 220 1635 139 3342 31 139 1860 2 3 151 462 25 
22 665 24 14 581 19 139 1209 184 1354 553 40 1221 40 234 641 3985 19 568 139 1209 40 366 178 139 130 
102 7 8266 641 930 19 24 2282 1909 915 112 25 
2628 24 24 24 139 1579 2 3 4 5 869 219 24 24 24 139 939 630 631 1920 5917 19 2742 55 15 208 665 219 219 
23353 19 23354 19 13384 
2353 17 3200 323 20 234 916 55 17 8933 40 4626 
13324 219 1277 12 15 333 230 17 3311 24 
18085 1352 18086 3421 1629 219 219 219 219 