Subject: 494 14548 497 14548 876 
71 128 40 15084 15085 20 940 553 80 917 230 876 14 
14548 2352 19 902 80 409 3728 230 206 46 
15 1284 6688 2887 12 71 15 5558 2060 14 
620 7 3390 20 3026 6009 24 25 172 1708 876 14 221 15 
6777 547 14548 24 547 22 589 1892 1702 25 328 35 939 123 
55 15 14586 2603 19 20 5 885 34 35 15136 150 91 12 15 542 24 
15025 15026 415 1682 40 1286 409 1381 45 15027 123 150 141 
151 416 15137 2041 230 13201 24 
100 19 14656 415 22 723 55 237 141 80 8706 456 3029 2939 55 22 
2782 4257 24 1463 40 295 46 187 187 133 24 14656 24 53 20 350 55 2454 15 2088 
40 1120 14548 10559 56 15 4251 217 902 217 547 15 2203 55 14548 60 24 
112 350 55 14548 71 1352 87 3029 106 4153 24 5 34 1505 313 40 3029 
2939 91 151 416 1333 55 15 1162 28 3224 12999 40 
14548 1336 24 350 55 15 2333 14548 12274 40 35 2771 40 15 14548 
848 71 137 63 2 96 1188 9447 2333 19 87 1243 7 350 55 25 20 2616 15 586 40 
1384 15 1183 40 6984 522 1994 11669 24 91 405 313 34 151 15 3740 14548 40 
3722 354 17 15138 24 15 14656 2352 312 289 11621 20 15043 
7141 24 
4811 
4851 14568 7 14569 
211 211 211 211 211 211 211 211 211 211 211 211 211 211 211 211 211 211 211 211 211 211 211 211 211 211 211 480 14 157 1216 19 15139 
2433 14 14548 674 344 24 0 2029 20 6688 2887 
1149 46 273 2077 56 0 60 15140 15141 
286 46 4851 24 14568 7 14569 51 15139 24 53 
211 211 211 211 211 211 211 211 211 211 211 211 211 211 211 211 211 211 211 211 211 211 211 211 211 211 211 7 7 7 7 7 7 7 7 7 7 7 7 7 7 7 7 7 7 7 7 7 7 7 7 7 7 5085 9998 7 7 7 7 7 7 7 7 7 7 7 7 7 7 7 7 7 7 7 7 7 7 7 7 7 268 7 268 192 
234 1468 152 7 3242 2482 1921 55 15019 219 
353 344 7 380 7 15040 7 165 19 1564 217 2482 10563 217 
40 132 22 6 19 146 25 40 46 14548 51 5085 24 53 
40 285 19 146 22 3410 6 40 46 14548 7 285 51 5085 24 53 