Subject: 37 46 904 413 139 383 22 197 251 45 641 197 
396 3083 191 46 
192 139 402 91 1295 569 249 505 230 3084 192 211 349 24 344 
192 136 3084 349 24 0 902 12 500 139 312 24 24 24 
192 
192 3085 96 211 56 3085 60 3079 56 60 24 3086 56 217 3085 217 60 213 
192 162 1987 211 96 24 3087 56 60 24 3088 56 60 213 
192 
192 25 2 96 551 3089 3086 56 60 130 3090 19 233 15 3091 2528 
192 490 679 202 630 3092 24 
192 7 3093 
192 
139 3103 56 133 15 3104 541 217 551 3089 217 60 24 
15 1839 91 22 3105 3106 15 433 40 383 22 251 14 641 197 
3107 91 72 87 3108 12 136 327 230 15 583 624 24 327 80 
3109 40 3110 40 454 19 21 35 1094 624 10 3111 87 1723 
845 24 
31 313 433 40 597 10 87 1723 2755 15 3112 14 22 1095 199 19 
91 10 87 1723 328 35 3113 71 22 2379 288 670 19 20 513 71 15 
2322 3114 56 645 24 3101 56 60 230 599 91 80 377 40 
585 523 19 87 1567 24 3101 56 60 230 599 91 80 1266 40 22 
1095 166 109 60 24 1681 14 2814 608 1266 1674 12 22 
3115 3116 14 1210 169 3117 1865 91 12 541 3118 28 
15 412 1295 1805 24 
3119 3120 
192 
192 7 7 7 7 7 443 6 7 7 7 7 7 
192 45 46 2589 674 494 262 46 3094 51 3095 24 53 497 
192 445 46 446 19 1280 339 19 59 892 46 1539 244 
192 40 46 197 7 292 51 288 24 264 24 53 
192 54 46 37 46 904 413 139 383 22 197 251 45 641 197 
192 
192 40 383 22 197 45 641 197 19 313 433 40 234 22 1840 40 15 
192 197 91 313 643 40 383 28 136 15 645 24 15 197 91 
192 313 643 40 383 45 458 327 1515 168 22 1840 40 436 71 15 
192 197 3078 24 400 3067 56 60 20 3067 56 60 1480 40 3096 
192 5 24 5 12 2410 225 71 15 680 56 60 251 14 15 3097 197 46 
192 1389 2569 680 56 3098 3099 60 1690 2826 
192 1586 
192 3100 24 680 56 3099 60 213 
192 187 187 1402 5 197 40 15 3078 
192 3079 56 60 24 3101 56 217 3102 217 19 5 60 213 
192 1589 
192 112 168 5 71 15 1525 197 46 
192 3102 263 192 56 3102 60 3079 56 60 24 3067 56 217 3102 217 60 213 
192 1277 313 413 400 15 1840 217 263 217 40 1735 1480 71 15 3097 
192 197 24 
192 7 2589 
192 
192 479 479 479 479 479 479 479 479 479 479 479 479 479 479 479 479 479 479 479 479 479 479 479 479 479 479 479 479 479 479 479 479 479 479 479 479 479 479 479 479 479 479 479 479 479 479 479 479 479 479 479 479 479 479 479 479 479 479 479 479 479 479 479 479 479 479 479 479 479 479 479 479 479 479 479 
192 40 285 19 146 286 40 287 51 288 24 264 24 53 20 289 71 15 290 
192 14 15 6 217 291 197 7 292 217 24 
192 
192 293 46 295 46 187 187 293 24 288 24 264 24 53 187 293 187 197 7 292 24 298 
192 294 46 295 46 187 187 288 24 264 24 53 187 320 187 197 187 321 7 294 24 298 
192 287 260 46 295 46 187 187 267 24 296 24 53 187 297 187 166 187 166 24 298 
40 285 19 146 286 40 287 51 288 24 264 24 53 20 289 71 15 290 
14 15 6 217 291 197 7 292 217 24 
293 46 295 46 187 187 293 24 288 24 264 24 53 187 293 187 197 7 292 24 298 
294 46 295 46 187 187 288 24 264 24 53 187 320 187 197 187 321 7 294 24 298 
287 260 46 295 46 187 187 267 24 296 24 53 187 297 187 166 187 166 24 298 