Subject: 
17388 2022 
925 5953 19 
4458 682 45 15 885 259 24 259 2362 
295 46 187 187 19745 24 1125 24 2282 24 23158 187 21572 187 23159 24 12932 
59 23160 16978 17019 10488 17032 10487 4313 17973 17045 17053 17974 17003 19 17019 23161 17032 23162 268 16997 17034 23163 23164 23165 239 23166 17020 10112 268 19 17016 17000 10484 17013 23167 239 23168 239 17045 17016 22830 17039 219 
494 10484 17000 497 10484 23169 19 23170 4313 17020 23171 352 23172 19 4311 17029 17038 23173 239 23174 17034 17016 20027 17039 17053 17045 23175 213 
17006 16996 23176 19 17016 23177 9537 23178 17032 18988 19 17006 16996 10488 239 9537 17974 17053 19298 19 23179 239 23180 24 
23181 10484 23182 9537 19 9537 17020 4313 18977 239 10484 17016 10112 24 56 17020 17045 239 10484 9537 17020 10487 17020 22595 23183 19 23184 19 23185 352 23172 60 
23186 19210 19 23187 9537 23188 23189 479 3570 479 344 51 17983 24 1442 24 23190 10484 23031 10484 46 23191 239 239 23192 19 23193 17032 18988 19 239 20756 4311 23194 24 17053 239 23195 17045 23196 
17045 20344 17019 23197 24 
211 211 211 211 211 211 211 211 211 211 211 211 211 211 211 211 211 211 211 211 211 211 211 211 211 211 211 211 211 211 211 211 211 211 211 211 211 211 211 211 211 211 23198 23193 17032 18988 23199 
211 211 211 211 211 211 211 211 211 211 211 211 211 211 211 211 211 211 211 211 211 211 211 211 211 211 211 211 211 211 211 211 211 211 211 211 211 211 211 211 211 211 344 17987 17019 23200 239 17051 23201 
349 23202 17045 23203 23204 
352 23205 239 17051 17032 23206 17045 23207 23208 
364 23209 23210 
63 17987 239 17020 239 16978 23211 23212 
892 17987 239 17020 23213 4313 17013 23214 23215 
491 17987 17020 23216 4313 17013 23217 23218 
334 17987 17020 23219 239 17051 23220 
336 23221 17032 18988 9537 239 23222 239 17051 23223 
345 23224 239 17051 23225 
2282 23226 17016 23227 239 22590 239 17051 23228 
447 23229 17032 23230 239 17051 23231 
332 23232 17045 17003 239 23233 239 17051 23234 
2027 23235 17020 10488 4310 23236 239 17051 23237 
337 17987 9537 23238 239 17051 23239 
339 23240 10484 23241 239 17051 23242 
2348 17987 9537 23243 17016 17017 239 17051 23244 
3290 23245 17045 17017 239 17051 23246 
658 17987 9537 23247 17003 20072 239 17051 23248 
767 23249 10484 23250 17003 239 17051 23251 
275 17987 17045 23252 239 17051 23253 
2286 23221 17003 23254 17045 17003 17028 19210 239 17051 23255 
2072 23256 9537 23211 23257 
2308 17987 17020 17038 23258 4311 17016 10484 4311 239 17051 23259 
1171 17987 17020 17038 23258 17016 23260 239 17051 23261 
1172 23262 239 17051 23263 
274 23264 16978 239 17051 23265 
983 23266 17045 19295 17016 18977 10484 23267 17003 239 17051 23268 
3327 23269 17974 10484 23270 239 17051 23271 
552 17987 17020 17045 17036 17038 23272 239 17051 23273 
1429 23274 239 23275 9537 17000 239 17051 23276 
1705 23277 4313 17016 23278 13073 23279 239 17051 23280 
448 23281 17034 17028 17016 23282 16978 9537 20940 239 17051 23283 
4111 17987 17020 23284 19210 23285 9537 239 17051 23286 
2349 23287 17016 17039 23288 4311 23289 239 17051 23290 
2287 17987 17032 17973 4311 23291 239 17051 23292 
2290 17987 17016 17036 239 23293 239 17051 23294 
893 23221 17003 23295 17974 17020 17028 239 17051 17484 
4062 23221 17003 23296 17045 23297 239 17051 23298 
2395 23299 17027 20324 13073 23300 239 17051 23301 
5917 17987 9537 17028 10484 4311 20072 239 17051 23302 
2064 17987 17020 23303 239 4313 17046 17974 20072 239 17051 23304 
1539 23305 239 23306 23307 
2077 17987 17045 9537 4313 17013 20072 239 17051 23308 
5671 23309 10484 17045 23310 239 17051 23311 
1561 23312 17016 20938 239 17051 23313 
65 23314 17020 10488 239 23179 239 17051 23315 
5918 23316 239 17051 18584 
2270 23281 19210 17032 23317 23210 
1982 23240 10484 23318 56 23319 60 239 23320 9537 23321 192 7828 
5594 23240 10484 10488 17032 19298 23322 192 579 
211 211 211 211 211 211 211 211 211 211 211 211 211 211 211 211 211 211 211 211 211 211 211 211 211 211 211 211 211 211 211 211 211 211 211 211 211 211 211 211 211 211 211 211 211 211 211 211 23186 19210 19 23187 9537 23188 23189 479 3570 479 344 51 17983 24 1442 24 
23190 10484 23031 10484 46 23191 239 239 23192 19 23193 17032 18988 19 239 20756 4311 23194 24 17053 239 23195 17045 23196 
17045 20344 17019 23197 24 
17019 23323 
17006 17019 23324 17013 4310 
10484 17013 23319 239 23325 17013 4310 