Subject: 902 12 15 3660 4591 2035 23417 
3559 14012 939 1633 219 
312 313 151 15 9917 40 35 22 22 16351 239 
7483 1413 427 71 2907 631 2470 1702 219 
410 3437 14012 71 15 2487 3559 7612 219 
3587 12645 71 15 1049 219 
234 522 3200 19 1166 20 3489 55 15 1421 24 96 24 14037 2055 
8399 9917 20 4140 24 
1295 46 
22 1920 63 19 2742 4591 71 15 4140 2055 15 14037 19 217 3749 11846 217 19 
55 336 187 3327 187 335 518 151 181 1920 447 19 3503 24 335 55 345 187 658 187 335 24 
31 313 3683 361 15 1131 1132 19 259 1221 928 323 230 17 1468 203 
12802 55 3559 14012 24 
295 46 187 187 2293 24 10549 24 16601 24 17491 187 9917 40 2362 522 2603 24 24 24 24 1277 219 219 
211 211 211 211 211 211 211 211 211 211 211 211 211 211 211 211 211 211 211 211 211 211 211 211 211 211 211 211 211 211 211 211 211 211 211 211 211 211 211 211 211 211 211 211 211 211 211 211 211 211 211 211 211 211 211 211 211 211 211 211 211 211 211 211 211 211 211 211 211 211 15626 3413 46 
40 35 7604 45 522 217 71 8900 217 884 885 
262 46 23418 6794 51 23419 24 53 24 2878 
20 313 34 27 35 7604 45 3655 8719 24 
313 151 1121 5 286 28 449 4898 630 203 
55 869 14 522 1191 87 1176 569 151 532 17 286 86 24 
31 313 1121 5 286 71 236 19 259 3698 522 1774 24 
56 432 6548 40 17829 15 15626 286 86 99 24 19 34 21 1623 928 40 
35 450 40 3837 20 154 15 4458 454 24 60 