Subject: 1276 479 479 16571 479 479 20 479 479 313 479 479 3876 892 17821 
217 15 1276 16571 20 313 59 7 2436 24 5546 217 
3721 313 904 40 234 15 3684 55 470 24 
3980 
15 30 141 478 17423 71 221 1982 1132 219 258 239 
233 936 8404 464 1267 1260 40 1496 17 5262 24 24 24 24 
234 15 3684 55 470 136 15 1276 219 
1763 3080 6143 19 683 36 16377 19 8652 3405 20 
2482 2478 14 435 2181 316 19 477 10796 11363 4760 12788 17424 24 
5 12 21 22 2037 17425 19 220 22 3705 30 930 
3109 40 27 17426 17 542 38 2088 40 3605 14 
1389 6721 1850 24 683 127 8404 133 17 16377 19 316 19 
16563 19 20 2836 612 219 7 7 477 17 16583 219 
38 15 157 15 1276 16571 20 313 59 7 2436 24 5546 219 
25 2 96 3829 17427 219 902 2 96 409 14 500 313 413 1771 46 
2042 13882 2478 219 
234 470 2 96 370 20 86 38 1499 22 2042 13882 573 219 
56 683 91 10954 313 2194 71 1998 219 60 
5444 5799 219 
234 470 2 96 5444 6721 219 
5227 855 573 219 
11363 470 28 5227 855 573 219 
3405 219 
234 470 2 96 86 38 1499 22 370 219 
16579 2482 2478 219 
234 470 2 96 2482 573 38 1499 22 370 7 477 16579 2478 219 
1763 219 
152 36 316 19 16377 19 22 1908 13685 553 14018 17 8167 219 
1277 38 1284 1276 1423 24 
102 7 18 219 
146 5960 102 7 18 1314 16573 219 
17428 8404 219 
6041 17428 8404 17 71 7 2430 1 2 3 643 313 40 625 219 
9024 470 219 
400 15 848 91 2037 17429 400 56 221 55 15 1276 60 
17430 219 
3183 7 16583 219 
1771 904 40 234 203 55 585 3183 7 16583 91 34 260 313 3416 
71 4469 219 56 15427 593 435 17431 60 
8907 1423 7 16567 414 219 
683 127 133 313 5213 17432 219 56 87 557 17755 60 
7709 219 
1771 221 133 17 17433 7709 219 683 127 500 141 
151 40 11293 219 
17822 219 
35 17434 28 500 313 2 1278 1771 133 1050 313 505 38 219 
4298 5970 219 
1235 72 519 4035 8943 239 683 127 219 
56 157 60 
221 1982 1132 43 1328 123 40 313 173 221 15 17823 
547 15 1132 313 413 414 127 1481 219 
15 1276 16571 20 313 59 7 2436 24 5546 
30 34 260 313 6041 1614 133 470 19 38 
17435 4107 20 184 15999 71 152 1276 3405 219 
1499 3316 17 16374 11669 20 1463 219 
25 2 96 16967 500 313 413 683 127 136 15 1276 16571 20 
313 59 7 2436 24 5546 20 15 1276 219 313 2 1278 35 17437 40 17 
269 8362 219 15 30 141 2 37 565 40 17438 219 
347 25 2 96 551 1776 219 
935 333 1317 46 2353 323 219 
56 249 1920 337 24 2425 928 56 17492 13406 60 
1886 38 221 508 20 221 2124 14 9649 219 
2353 323 46 
146 249 1920 337 24 2425 928 
56 12894 19 414 19 87 3650 2353 60 
56 7922 16604 1402 491 1413 7922 170 1311 3825 60 
56 2365 361 15 961 19 1402 1920 892 24 335 60 
100 55 5 11669 12 46 
150 313 2353 16571 7 59 7 2436 24 5546 313 34 100 1615 13445 1468 1552 
1298 20 30 230 1468 24 
173 422 344 19 2742 173 15905 6079 1468 20 1546 40 400 24 
15 1468 12516 5304 80 3604 15 1920 337 24 2425 313 2473 230 15 180 930 24 
1 2 3 366 2353 323 219 
146 40 46 
6866 24 3484 483 24 1565 7 344 
10227 1146 17824 
17825 19 7922 
17826 7 17827 
56 221 2365 18 547 5918 2411 14 1749 206 60 
1286 17 414 8029 40 46 6866 24 3484 483 24 
56 259 3380 2197 17 370 20 86 60 
102 7 18 86 479 479 479 479 479 479 479 479 479 479 479 479 479 479 479 479 479 479 479 479 479 479 479 479 479 479 479 479 479 479 479 479 479 479 479 479 479 479 479 479 479 
5 930 12 3061 19 31 313 80 15155 230 432 1872 19 
1499 427 15 930 547 552 1702 20 390 34 16786 17 3650 24 
1234 184 8530 1462 123 354 5 333 24 
5 930 34 21 505 38 1338 187 96 352 24 2282 20 2123 24 
4008 1135 7 4390 
221 6261 6413 6866 24 3484 483 24 
221 4458 454 27 17828 309 6068 24 
259 1247 91 432 3802 40 17829 19 1506 87 1722 5 
4458 1946 413 249 516 71 5199 230 940 4215 
40 35 7604 45 522 884 885 84 25 34 35 5562 40 1505 
470 1794 15 885 31 15 4458 8289 399 35 1121 24 
40 35 7604 45 522 884 885 259 146 585 286 
40 46 17830 51 17831 24 950 24 266 20 1709 4458 71 15 54 24 
1610 313 
259 392 40 567 869 313 625 219 
869 2549 141 34 1610 313 219 