Subject: 1276 187 2652 1272 230 1920 337 7 1920 658 187 9423 
151 313 4284 4460 313 518 151 22 1284 333 3136 55 5706 220 
1900 2 3 11880 25 239 
4284 3790 409 5665 260 55 17 43 723 239 
4284 3193 354 6105 3461 20 23445 239 234 15 1691 14 22 
5257 354 3461 91 80 2907 631 1642 230 22 4072 
14897 24 904 239 
28 326 522 1794 7 19421 6099 55 17 30 1885 
1198 24 
1529 19 141 221 1772 1770 219 56 5 12 15 1443 2892 1528 
139 2 1338 1897 219 60 
141 1823 30 230 221 2652 2806 84 590 84 1443 
1850 19 
7563 19 20 1781 19 76 288 19 1851 334 19 4242 1790 19 
3304 467 19 
3304 7 4070 19 1764 19 5981 6879 19 23446 23447 892 24 0 19 20 14 581 230 15 
1276 24 
3261 3461 80 1920 337 40 1920 658 108 8138 24 141 80 1504 19 2859 19 9522 19 
20 123 3989 24 
230 630 203 146 585 286 40 46 479 1764 51 13502 24 53 87 383 18281 354 46 56 10583 60 23448 7 23449 
15626 46 350 231 19 146 
763 