Subject: 37 46 904 413 139 383 22 197 251 45 641 197 
5 415 416 3048 1739 2962 24 2666 40 15 293 24 3049 19 15 
197 1089 12 21 3050 230 83 467 24 
3051 
3052 3053 191 46 
192 
192 193 219 219 19 
192 
192 139 433 409 260 127 45 1421 1820 24 904 413 139 383 22 
192 1266 197 251 45 641 197 24 432 
192 1730 34 35 3054 3055 20 22 412 406 
192 35 15 404 405 40 260 682 127 24 
192 
192 488 71 1422 24 
192 3052 3053 
192 
192 479 479 479 479 479 479 479 479 479 479 479 479 479 479 479 479 479 479 479 479 479 479 479 479 479 479 479 479 479 479 479 479 479 479 479 479 479 479 479 479 479 479 479 479 479 479 479 479 479 479 
192 312 313 314 219 239 
192 315 40 17 316 317 38 314 219 318 24 
192 295 46 187 187 319 24 314 24 53 
192 
192 479 479 479 479 479 479 479 479 479 479 479 479 479 479 479 479 479 479 479 479 479 479 479 479 479 479 479 479 479 479 479 479 479 479 479 479 479 479 479 479 479 479 479 479 479 479 479 479 479 479 479 479 479 479 479 479 479 479 479 479 479 479 479 479 479 479 479 479 479 479 479 479 479 479 479 
192 40 285 19 146 286 40 287 51 288 24 264 24 53 20 289 71 15 290 
192 14 15 6 217 291 197 7 292 217 24 
192 
192 293 46 295 46 187 187 293 24 288 24 264 24 53 187 293 187 197 7 292 24 298 
192 294 46 295 46 187 187 288 24 264 24 53 187 320 187 197 187 321 7 294 24 298 
192 287 260 46 295 46 187 187 267 24 296 24 53 187 297 187 166 187 166 24 298 
7 7 
3056 1421 211 2429 19 20 462 3057 211 1421 20 3058 211 1421 19 
3058 211 3057 7 7 7 3059 24 102 24 763 24 
414 682 354 295 46 187 187 267 24 3051 24 53 
40 285 19 146 286 40 287 51 288 24 264 24 53 20 289 71 15 290 
14 15 6 217 291 197 7 292 217 24 
293 46 295 46 187 187 293 24 288 24 264 24 53 187 293 187 197 7 292 24 298 
294 46 295 46 187 187 288 24 264 24 53 187 320 187 197 187 321 7 294 24 298 
287 260 46 295 46 187 187 267 24 296 24 53 187 297 187 166 187 166 24 298 