Subject: 4626 13324 12 1277 6630 397 18659 
406 313 20 17 5256 4811 22 1301 5793 14 3158 19 31 313 6395 904 40 46 
234 127 14 15209 20 4808 127 14 15209 239 
18660 20 18661 11294 17 88 17518 7 1908 19 3719 20 3655 239 
18662 20 2338 17 18663 4803 4945 239 
4258 425 4626 18664 239 
1240 19 390 221 151 12790 7 5673 3269 19 9425 5246 19 
1824 7 18665 4298 230 522 5251 19 11248 16913 19 
1316 1861 40 1642 71 433 24 24 24 15 885 1880 55 20 55 24 
220 904 1322 14 928 34 856 55 18275 19 20 
904 1322 14 928 34 1903 1286 25 1489 239 
80 313 1779 14 13703 16815 40 16815 239 
80 313 618 16814 500 458 1050 402 17 3604 239 
25 2 96 333 40 1505 1612 14 17 14997 20 17 3655 219 
20 24 24 24 313 413 853 22 892 7 5783 88 28 2252 5 203 18666 24 24 24 
383 1277 380 7 18667 7 18668 2687 18669 
226 10560 12 40 260 458 1050 18670 1120 3158 7 152 12790 24 
139 244 917 249 230 1642 1050 553 80 9923 40 91 3524 3697 
20 553 80 21 1270 40 505 230 25 24 902 2 96 904 46 
7 597 522 3158 7 4081 6047 203 910 17 1685 85 2030 918 19 
18671 1920 3526 40 1920 9739 108 13895 19 13406 1225 40 313 
7 184 2443 1201 87 7692 24 184 217 18524 217 40 856 24 
7 184 4803 217 3779 217 87 217 6156 217 7 180 203 29 
241 15 6156 230 313 
7 1284 5277 20 12037 379 71 585 1832 14 3897 16552 
7 1468 918 71 537 18672 1621 19 21 16401 87 18673 
7 12251 320 19 21 217 18674 19 18675 19 20 18676 217 
7 5467 5740 29 91 8730 13369 4082 40 313 
383 1277 7 380 7 18667 7 18668 2687 18669 
3400 12 22 3765 14 1933 24 24 24 17 1933 1254 
17448 684 219 