Subject: 6159 55486 33918 18094 138 36209 138 11204 
55487 12 1217 
12 321 1257 143 636 6834 
6298 143 2861 2 1257 3424 158 1479 143 8148 2 636 3424 
6835 
9 2 3979 6834 
4097 2 4118 4690 158 6298 143 2861 2 1257 3424 158 1479 143 8148 2 636 3424 
6835 
9 2 2567 6834 
4097 2 4118 4690 158 6298 143 2861 2 1257 3424 158 1479 143 8148 2 636 3424 
6835 
9 2 4210 6834 
4097 2 4118 4690 158 6298 143 2861 2 1257 3424 158 1479 143 8148 2 636 3424 
6835 
9 6834 
4097 2 4118 4690 158 6298 143 2861 2 1257 3424 158 1479 143 8148 2 636 3424 158 549 143 54264 2 410 
6835 
9 2 54266 6834 
4097 2 4118 5676 4122 158 6298 143 2861 2 1257 3424 158 1479 143 8148 2 636 3424 158 549 143 54264 2 54265 
6835 
6956 33958 138 54489 11491 33947 53666 33947 16549 33945 648 16549 138 14674 11204 6956 33958 15157 33917 33941 33952 33952 33943 33936 138 
144 16549 138 55488 33943 52873 33920 33941 6956 7303 33940 14674 33929 33942 14674 138 55489 4318 33939 55490 33929 53666 52873 33953 827 16549 138 6776 33954 11180 10274 4318 33936 11180 46580 2743 12 3047 215 231 
46580 52873 7284 33953 7650 11180 11312 6956 36209 15157 33939 52878 53414 33942 33951 33943 52873 46580 33947 
52879 33958 55491 6776 7296 33947 33932 55492 33945 16549 33953 33952 53666 46580 33953 33931 55493 53720 33947 52881 55494 33938 6795 138 6776 
55495 10274 33953 33954 33939 53666 46580 55496 33941 33952 33945 16549 55497 33918 16549 33947 33939 55498 55499 4318 6770 55500 
33945 33929 33921 33921 55501 33947 33932 33933 43221 53666 46580 55502 33936 54261 33953 33952 55503 33941 33947 33933 43221 53666 46580 55504 
33941 33947 53414 11312 55505 4318 138 11178 3177 8569 33953 33931 33942 33941 55506 33945 33929 33953 33952 55507 33941 33943 33933 43221 
55508 33945 33931 52882 36209 33947 33932 55509 33945 33950 33921 33921 53666 46580 55510 33918 53666 55511 55512 52882 33941 33953 33950 
55513 33945 33950 33953 33952 53666 46580 55514 11178 6795 33945 16549 55515 52873 33937 52882 4318 55516 6956 7296 53414 11312 55517 
33953 33950 33952 33953 55518 33947 33932 54493 55519 6956 7296 33933 43221 55520 33924 33943 33947 52879 55521 
46580 52873 11180 11312 6956 36209 33941 14674 54261 11491 33940 36209 11491 6956 46580 6956 52882 7296 53666 33944 33927 55522 33939 52878 53414 33942 33951 33943 52873 33921 15156 46580 33947 
53666 33920 54261 11491 33927 33951 52882 33952 55523 33947 33939 6795 33953 33940 36209 11491 6956 55524 33938 33946 138 54489 52882 7296 53666 33944 55525 
33942 6776 33943 55526 52882 33924 54488 55527 55528 36209 33940 36209 11491 6956 36505 11491 33953 4318 14393 52882 7296 53666 33944 55529 
11491 33953 4318 14393 11491 33950 4318 33938 55530 33947 33934 53666 55531 33953 52882 33952 55532 33936 33929 54261 11491 52882 7296 53666 33944 55533 
11180 6776 33929 33942 33938 33946 138 54489 55534 138 36209 33924 55535 4318 33929 55536 33933 14669 33947 33934 52882 7296 53666 33944 55537 
33933 14669 33947 33934 33947 138 55538 55539 54261 33951 33920 52874 33940 7301 52873 33950 55540 33927 33958 54261 11491 52882 7296 53666 33944 55541 
33927 33958 54261 11491 54261 43221 33924 52874 55542 33933 11177 4318 53666 138 138 53666 6776 55543 33921 33939 54268 52882 7296 53666 33944 55544 
33953 6770 33936 33954 33940 36209 11491 6956 55545 33940 33958 4318 53666 33940 36209 11491 6956 55546 54261 7301 10274 33951 52882 7296 53666 33944 55547 
138 46374 54536 6795 33953 52882 33952 55548 54261 7301 10274 33951 33940 36209 11491 6956 55549 6776 33948 47448 33927 33951 33927 52874 55550 
33953 55551 33953 33940 36209 11491 6956 55552 55553 33927 33951 33927 52874 55554 54261 7301 10274 33951 33927 33951 33927 52874 55555 
46580 52873 11180 11312 6956 36209 33918 43221 55556 33929 6956 54536 46580 6956 4318 54261 33936 3177 33927 55522 33939 52878 53414 33942 33951 33943 52873 53666 33948 52882 14393 33921 15156 46580 33947 
53666 33920 54261 11491 52873 33929 6956 54536 55557 33953 55551 33953 52873 33929 6956 54536 55558 55559 33933 11177 4318 54261 54261 11491 55560 
33942 33945 55561 33937 6795 33941 55562 52873 33927 54848 4318 54261 33936 3177 55563 33927 33921 52882 53414 52873 33929 6956 54536 55564 
33929 33924 33941 11312 33947 33934 53666 6958 55565 33936 3177 4318 33947 4318 54261 54261 11491 55566 33929 33924 33941 11312 52873 33929 6956 54536 55567 
11491 11178 33947 33934 53666 6958 33927 52874 55568 33929 46580 54543 33918 33954 4318 54261 55569 33947 33934 53666 6958 4318 54261 33936 3177 55570 
53666 33920 54261 11491 4318 54261 33936 3177 55571 33933 33953 54263 33929 33942 54261 11491 55572 138 36209 33924 52874 4318 54261 33936 3177 55573 
33927 33951 52882 33952 4318 54261 33936 3177 55574 53666 14393 33929 55575 33929 6956 54536 55576 33941 15158 33921 33918 4318 54261 33936 3177 55577 
11491 33953 4318 55578 33929 6956 54536 55579 138 14393 52878 52873 4318 54261 54261 11491 55580 33947 138 15157 33939 4318 54261 33936 3177 55581 
11491 33950 4318 33938 4318 54261 54261 11491 55582 33927 33947 33927 33958 4318 54261 54261 11491 55583 55538 54261 33917 54261 43221 6795 33953 55584 
54261 54536 33918 11177 4318 54261 54261 11491 55585 33952 33934 33947 33945 4318 54261 54261 11491 55586 55538 4318 33929 4318 54261 33936 3177 55587 
54261 7301 10274 33951 4318 54261 33936 3177 55588 55589 52882 33952 4318 54261 54261 11491 55590 33938 55591 11312 138 36209 33924 52874 55592 
46580 53721 33958 6159 55486 33918 18094 55538 4318 33929 33924 33940 33952 7301 33942 33951 33943 52873 
55538 4318 33929 33924 33940 33952 7301 33942 33951 33943 52873 4318 6770 52882 14393 46580 33947 6159 55486 16549 44500 4318 43221 33929 33942 16549 33945 14393 33941 33929 33942 33929 33931 15157 33917 4318 11491 33924 33951 33954 11312 16549 44500 33918 43221 55593 53666 54489 46580 6956 33941 14674 54261 11491 4318 53666 52882 33952 33924 33951 33954 11312 46580 54534 54261 6956 7296 11491 33950 33933 138 46580 16549 52874 138 4318 11491 4318 4318 54262 16549 33945 6956 36209 33953 33931 52874 33953 2405 55486 16549 138 33918 33944 33938 33943 55594 2405 55486 16549 44500 6956 36209 15157 7303 