Subject: 442 195 492 16569 193 193 
54131 15 4173 124 959 54561 
1032 38 2937 193 
438 3471 611 90 8 205 3531 4 982 1032 454 2660 193 
2188 67 670 1712 8205 4 28 54562 492 
3917 676 12 
49 4148 430 2 
1050 2 397 397 13755 12 789 12 729 12 13755 397 36588 
1906 77 608 1010 31 962 12 
653 653 653 653 653 653 653 653 653 653 653 653 653 653 653 653 653 653 653 653 653 653 653 653 653 653 653 653 653 653 653 653 653 653 653 653 653 653 653 653 653 653 653 653 653 653 653 653 653 653 653 653 653 653 653 653 653 653 653 653 653 653 653 653 653 653 653 653 653 653 653 653 653 653 653 653 653 653 653 653 653 653 44129 143 499 4441 2 
2723 2 5247 302 54594 12 1217 
824 824 824 