Subject: 1 2 3743 707 21 16641 44810 215 471 219 
595 626 2 
41 125 45454 302 4532 12 350 332 1016 848 618 2 2244 2 337 7284 
41 626 143 619 2 
41 641 143 183 2 45454 302 16969 143 8710 12 4532 12 350 
41 641 143 642 2 33379 8694 4090 30 729 12 0 
41 632 2 332 45 848 1016 7284 618 2 891 2 783 141 624 
41 21 2 45455 302 5913 12 14615 12 630 12 631 12 350 
41 125 2 10703 45456 
41 627 2 1 2 3743 707 21 16641 44810 
41 4 143 149 143 21 2 
41 647 143 30 2 648 12 0 
41 649 143 650 2 549 397 651 158 652 653 231 1770 143 1771 143 648 231 158 1519 653 45457 
41 649 143 655 143 656 2 617 657 
41 641 143 647 143 2077 2 125 1812 143 1813 21 617 657 74 34425 12 630 12 631 12 350 619 1269 617 9 1257 45458 45459 
41 
41 681 45460 
41 
41 747 18213 8733 4461 732 45461 3107 1661 40681 746 3726 1645 
41 2803 684 45462 2812 707 732 2761 1676 36101 6595 45463 45464 714 
41 21 16641 12 
41 732 2761 1676 45465 2303 8778 689 45466 45467 684 
41 45468 734 8642 6735 2295 1645 6705 1747 689 45469 
41 45470 689 40681 12 
41 
41 45471 4820 45472 691 707 694 5940 
41 
41 1221 12 45456 
41 
41 23 336 2 264 33725 848 397 847 397 7284 141 624 45 38 101 2 
41 41 45473 741 12 45474 45 
41 41 40855 10726 45475 746 691 8698 727 6448 689 741 12 45476 45 322 738 
41 41 700 45477 689 40681 44810 215 171 3946 143 891 219 12 
41 41 15791 2297 40978 2295 45478 21 45479 45480 6073 689 
41 41 40681 1925 448 1288 746 902 45481 727 448 45482 707 21 16641 12 448 9 747 448 5085 684 691 5017 
41 41 707 2294 45483 144 12 644 2310 45484 727 448 45485 215 45486 3115 3743 714 5209 
41 41 727 1674 45487 689 40681 219 4538 45478 4521 8760 45488 707 21 
41 41 16641 45 747 2812 43673 2315 15515 45489 448 45490 707 21 16641 138 
41 41 
41 41 691 4965 727 1674 17036 707 21 4805 691 
41 41 10726 45491 
41 41 
41 41 
41 41 315 12 10726 45492 
41 41 653 653 653 653 653 653 653 653 653 653 653 653 653 653 653 653 653 653 653 653 653 653 653 653 653 653 653 653 653 653 653 653 653 653 653 653 653 653 653 653 653 653 653 653 653 653 653 653 653 653 653 653 653 653 653 653 653 653 653 653 653 653 653 653 653 653 653 653 653 653 653 41 41 1162 17 10099 384 2022 
41 41 1225 340 342 
41 41 1617 31 4729 17 1225 8187 
41 41 883 1333 176 31 267 
41 41 45493 45494 1257 45 
41 41 23440 789 45 
41 41 267 45 268 
41 41 
41 41 240 143 628 2 45455 302 14615 12 630 12 631 12 350 
41 41 2298 2 1051 12 14615 12 630 12 631 12 350 397 763 45455 
41 41 3296 4118 2 141 454 143 648 143 45495 45 45496 
41 41 51 2 141 454 143 648 143 29719 143 45497 
41 
41 