Subject: 1 2 39394 143 3557 347 1466 
7 274 8 9 2351 2600 21 1907 12 9 27 30 31 28 17319 8172 
2385 124 487 2 
65 45 419 576 1711 143 36332 1466 39394 21 8100 451 125 
36091 12 1217 45 9 1087 1135 31 1225 340 451 2 
43939 17 39438 572 70 231 2696 1325 231 49 11008 5030 45 
6210 9 1985 30 31 37549 2 
419 1509 769 1325 21 10877 649 17 8998 573 45 17 419 
1844 373 1337 49 8371 4 9 36419 20907 568 3526 
430 215 1846 21 28 231 43940 231 1946 219 2 
925 68 2971 12 502 1980 45 
7327 
23 848 2 2244 207 448 397 608 397 7284 143 4037 45 5580 11642 101 2 
41 38 35 6184 220 505 4 8998 8800 568 1466 
41 8813 130 505 130 215 347 4 198 31 219 3557 8813 12 591 399 
41 384 220 259 12 208 358 34 1412 9397 9 224 31 
41 215 393 143 399 219 2230 31 68 124 2 
41 
41 
41 91 255 8 576 0 397 648 158 757 8 576 9 37666 6224 215 240 12 913 12 45 0 3530 359 
41 1543 45 648 3530 39590 109 2713 455 45 144 3530 11314 45 827 3530 
41 11314 959 1032 208 219 12 7 439 150 440 83 31 27 1086 34 11066 
41 34 208 12140 124 10 1032 28 411 12 
41 
41 306 1553 3557 347 1466 39394 38 18 75 964 306 9 47 36419 
41 10248 20907 12 4281 8998 8800 1362 1987 306 
41 39591 1461 7136 45 28 9746 1101 4048 12 358 9621 9 6224 31 
41 1362 45 1141 91 34 1987 306 39591 1461 1325 143 2692 12 
41 
41 4 28 13968 1524 419 150 938 8082 23 1337 21 1425 39591 34 
41 572 231 39592 231 143 143 4572 39394 2232 143 143 21 6392 4 28 39394 20907 12 
41 502 45 1241 12 45 34493 45 2461 12 167 12 45 13900 45 2461 12 45 39419 45 9 12 45 39576 45 167 12 45 13839 45 
41 2461 12 45 17 11642 45 2461 12 45 4569 8998 8800 306 2901 2232 
41 49 10 535 12 401 31 28 335 382 31 28 
41 1009 2286 31 39593 1611 215 1517 143 1082 219 12 286 39594 143 24938 45 470 6394 
41 1519 472 
41 
41 39576 45 167 12 45 13900 45 2461 12 45 39419 45 9 12 45 13839 45 2461 12 45 8020 45 167 12 45 17 11642 45 
41 2461 12 12 568 8800 2232 21 6054 2526 819 4 28 13968 
41 1086 8998 8800 408 12 401 31 28 136 382 
41 109 1225 2965 1953 548 12 334 12 136 12 470 6394 1519 472 
41 
41 68 181 983 150 440 515 38 482 45 226 28 7888 39321 45 3320 
41 13157 45 164 959 92 143 8296 21 368 12 
41 
41 419 150 938 65 8082 23 11008 5030 21 1425 28 2954 21 
41 2706 535 45 17 21 6054 819 2 
41 
41 39576 45 167 12 282 12 45 39545 45 913 12 45 13900 45 2461 12 9 12 45 17 11642 45 2461 12 231 1036 31 
41 11008 5030 4 10885 408 143 143 9 279 244 231 12 1446 447 
41 358 23 5549 18042 2405 2298 1365 49 240 143 8443 936 12 470 6394 1519 472 
41 443 451 45 17 757 45 164 1357 23 
41 
41 502 1980 193 
41 5580 
41 
41 
41 143 143 143 143 143 546 626 143 143 143 143 143 
41 125 2 
41 21 2 
41 102 2 1037 45 1886 608 45 7284 848 2 512 207 
41 627 2 39394 143 3557 347 1466 
41 
41 
41 41 7 8 205 985 1461 91 31 28 38259 13023 430 109 
41 41 8998 8800 17 26 195 1029 21 6132 34 3557 
41 41 3816 143 39394 125 1369 35 77 2008 12 68 124 107 261 49 14 21 
41 36 
41 41 259 7 8 21 9704 109 91 331 31 3557 9820 45 7 2937 12 
41 41 
41 41 220 7 87 3557 39394 4 9 1170 143 3816 20907 49 573 2886 
41 41 1163 138 347 35 7 572 648 17 0 21 4268 72 28 1170 8 
41 11314 
41 41 28 3816 347 107 138 
41 41 
41 41 7 2937 34 222 9 20907 18 16596 1389 573 39591 17 7 18 
41 41 181 8 21 4702 91 331 31 39581 5030 12140 
41 41 215 12067 397 37549 219 12 
41 41 
41 41 220 2622 8 184 39595 138 3940 138 
41 41 
41 41 97 
41 41 
41 41 39583 39584 
41 41 143 143 143 143 143 143 143 143 143 
41 41 4783 21 28 9595 302 13847 12 9345 12 1309 133 110 12 
41 41 21 9253 45 13 70 273 626 21 11091 302 13847 12 9345 12 1309 
41 41 306 28 7255 231 9253 9595 231 4 28 6290 31 28 626 12 
41 41 
41 
41 143 143 143 143 143 143 143 143 143 
41 4783 21 28 9595 302 13847 12 9345 12 1309 133 110 12 
41 21 9253 45 13 70 273 626 21 11091 302 13847 12 9345 12 1309 
41 306 28 7255 231 9253 9595 231 4 28 6290 31 28 626 12 
143 143 143 143 143 143 143 143 143 
4783 21 28 9595 302 13847 12 9345 12 1309 133 110 12 
21 9253 45 13 70 273 626 21 11091 302 13847 12 9345 12 1309 
306 28 7255 231 9253 9595 231 4 28 6290 31 28 626 12 