Subject: 470 471 2 45886 215 112 45887 219 472 
17761 143 143 3734 5236 149 143 143 3635 734 1971 45888 193 193 193 193 
70 4887 684 45889 9 827 21 3747 2812 45890 714 45887 6705 
45886 
450 38 3193 45 
741 12 
653 151 617 45891 19009 101 2 
41 419 8 205 19479 125 3896 21 107 6610 28 2744 231 39535 231 
41 4 28 17368 1828 45 17 45 31 203 45 68 3530 34 28 361 58 
41 21 77 5046 12 
41 
41 419 2339 28 361 231 45886 2 1087 12334 6311 384 231 49 
41 28 2141 1828 12 
41 
41 28 6642 31 28 2141 124 8202 6623 45 251 28 45892 
41 559 20 58 205 5046 21 1844 434 28 3547 416 539 21 
41 128 3306 45 419 925 12 
41 
41 81 2424 434 130 1028 130 261 72 28 45506 58 45893 
41 2224 4 184 2234 38 83 31 12 
41 
41 817 34 74 229 617 45 419 1906 8 293 4 45894 1553 70 9 827 486 347 
41 9 849 31 13370 5650 34 28 7656 467 21 436 4 
41 28 2141 45886 3574 74 28 2035 49 45895 3361 45 
41 176 31 45894 12 81 45 439 150 440 464 21 66 434 72 38 87 
41 184 5926 4 68 12 
41 
41 97 45 
41 
41 653 151 617 45891 19009 