Subject: 1 2 1642 1082 32 193 
42 98 45 
591 192 49 28 2954 38 1022 4 68 12 
7 8 3554 378 195 15 538 17 7 8 3560 
28 2080 549 921 28 1919 12 534 45 49 5141 3550 
28 408 926 107 3357 28 2684 2939 2915 12 184 2568 138 
653 639 
96 97 
2722 4003 
143 143 143 143 143 546 626 143 143 143 143 143 653 639 
125 2 98 99 653 639 
21 2 6639 302 2168 12 630 12 631 12 350 653 639 
635 2 14 158 1230 1220 653 639 
102 2 653 151 0 653 240 648 653 1269 648 653 240 648 653 1269 827 653 5596 653 240 729 653 1269 729 653 1095 45 648 653 151 827 653 240 729 653 1269 0 653 1269 644 653 240 729 653 1773 653 240 144 653 1269 648 653 4523 653 666 653 1269 729 2405 827 2 848 653 1773 653 1773 
627 2 1642 1082 32 193 
42 43 12 4003 45 
7 861 20 584 21 6527 49 28 523 4 6602 15 2898 49 28 
1642 32 12 28 6176 368 58 6182 205 3892 45 251 28 502 514 124 653 639 
34 20 124 1449 6603 12 419 8 205 50 499 28 6191 306 2600 
17 215 78 34 419 8 9 3793 4 2348 92 219 419 925 21 8 28 653 639 
32 27 4 9 224 31 524 12 
4 73 21 6604 964 28 368 17 1425 28 2954 539 74 28 412 45 
419 572 53 2744 150 204 6602 1470 45 177 419 220 8 28 6605 2939 4 2744 
215 130 4 15 279 219 12 6606 45 68 3530 34 419 8 869 508 31 28 653 639 
538 6607 45 251 4 9 185 34 38 35 2164 4374 37 45 6223 653 639 
347 4 834 12 419 925 34 38 482 767 28 87 21 220 28 3512 130 419 8 653 639 
4140 3089 2954 4 1476 28 538 2 143 219 
4 73 21 450 28 538 34 419 8 869 45 38 87 21 521 21 28 150 1366 150 653 639 
2815 4 53 2744 45 3619 921 28 150 6608 538 150 6609 17 1410 28 
150 6610 538 150 1416 12 6611 28 6612 997 21 28 1414 2 
150 6608 538 1427 6176 150 17 150 6610 538 109 6613 150 21 450 
28 538 4 28 549 12 28 538 164 4784 2712 4 6614 2945 17 9 
6615 1273 1417 109 28 2893 31 28 1479 177 28 2671 124 869 12 
549 34 124 6616 1461 58 205 6617 45 1427 294 549 124 6618 12 
38 35 2164 4374 347 3357 9 2671 45 74 2087 28 6619 3973 109 28 
6620 549 17 6621 28 1457 6619 143 3591 12 9 2815 84 108 45 
1141 28 1414 2 150 3357 2671 150 45 150 4374 2671 150 17 653 639 
150 3357 347 4374 538 12 12 12 150 
28 429 1416 18 481 28 2671 6622 45 28 431 18 4374 20 17 653 639 
481 28 972 549 108 6623 12 28 1084 1416 2258 38 28 5688 
31 2334 347 6624 195 538 23 208 521 12 
4 2001 45 419 8 413 144 2600 4 28 549 12 419 8 506 34 4 
6625 45 177 419 968 34 419 84 107 85 28 6626 31 253 28 
6627 549 12 6628 549 1417 6629 4784 4 6630 215 240 12 913 12 28 653 639 
1534 84 77 6629 219 12 72 38 3619 28 6619 3973 109 28 6629 
549 17 955 20 49 9 431 45 28 2911 84 108 4 9 6630 323 12 
81 45 85 443 2600 921 61 17 481 28 538 34 38 4194 653 639 
829 12 72 38 482 21 5247 9 2911 45 3619 28 6619 3973 109 28 653 639 
6629 549 45 25 28 1457 6619 143 3591 17 1410 28 1416 
150 6631 2911 150 12 38 3196 6632 1440 4 312 34 306 549 34 
124 65 4 6614 215 7 12 240 12 45 525 219 12 38 35 6633 34 74 1553 6634 2354 
28 150 6610 538 150 1416 347 74 1399 28 6629 549 17 
6635 109 28 6462 150 6631 2911 150 4 28 150 6602 150 6636 12 
4 73 21 481 68 6636 108 45 518 28 150 3620 150 2815 17 4 28 
150 6637 150 6609 45 6611 28 150 6602 150 1416 12 
419 925 34 38 18 3357 670 1321 49 28 554 149 17 34 38 
18 861 670 6602 1946 1368 12 4 73 21 36 28 32 653 639 
27 130 1028 130 261 45 419 187 77 5693 72 38 90 13 434 
28 838 549 74 247 1535 12 419 6638 34 68 18 107 1207 
959 1032 9 2351 954 548 109 15 6219 12 
81 861 28 525 2939 2915 12 
96 1204 45 
98 99 