Subject: 4068 13463 53610 54567 54568 54654 
82 150 204 521 8873 193 
73 328 193 
42 
2048 54175 45 
306 765 448 45 1857 31 670 
54655 
20322 28 92 49 2135 124 369 12 
2482 28 423 34 419 2173 
1166 9604 54656 13463 
53610 125 68 21027 19728 12 
73 15 
54657 54658 
13676 369 193 
1947 28 5895 193 
54659 2940 193 
1876 3471 31 195 52963 18 77 
41140 21 28 1009 6614 
4321 28 434 503 21 54660 
4068 28 508 13293 852 4 28 
423 143 13463 53610 12 
7977 481 474 2955 336 45 7284 
4430 6520 120 8873 12 
82 150 204 4068 13463 53610 12 1319 49 
195 12 
82 150 204 521 8873 193 193 
73 4441 1905 193 193 193 193 
54567 54568 2 
440 143 13676 6059 
440 143 13676 182 
21 73 45 81 6482 28 4441 1905 12 
1058 
12143 17 4190 34918 21 5634 164 378 
407 51 302 648 143 8696 143 29884 143 54661 
2974 4441 1905 
3326 38441 1357 193 
298 2977 109 195 3867 193 
19404 28854 8873 193 
1813 73 486 
51 21 648 143 8696 143 29884 143 54661 
15 73 18 77 52922 298 21 
28 37115 434 1370 952 954 193 
3867 2 215 81 12532 219 
54567 54662 45 3955 397 3956 305 
80 392 1257 12 1082 1320 827 397 392 646 
54567 54662 45 3956 45 3955 305 
80 392 1257 12 1082 1320 827 397 392 646 
440 13676 45 3956 445 
392 264 12 1082 1320 144 397 392 667 317 54274 158 
827 397 392 1764 
440 13676 2861 215 204 219 204 282 54663 
818 4441 2 
419 3357 2 1009 4634 45 4578 4632 45 
8438 347 434 4190 
1381 31 680 2 53474 397 4578 397 6337 397 43285 397 4322 1775 1775 1775 1775 1775 1775 1775 1775 1775 1775 1775 1775 1775 1775 1775 
9828 632 1775 1775 1775 1775 1775 1775 1775 1775 1775 1775 1775 1775 1775 1775 1775 1775 1775 1775 1775 1775 1775 1775 1775 1775 1775 1775 1775 
105 109 1058 1059 1775 1775 1775 1775 1775 1775 1775 1775 1775 1775 1775 1775 1775 1775 1775 1775 1775 1775 1775 1775 1775 1775 1775 1775 
1058 1059 4118 1775 1775 1775 1775 1775 1775 1775 1775 1775 1775 1775 1775 1775 1775 1775 1775 1775 1775 1775 1775 1775 1775 1775 1775 1775 1775 1775 1775 1775 1775 1775 1775 
52807 16 1775 1775 1775 1775 1775 1775 1775 1775 1775 1775 1775 1775 1775 1775 1775 1775 1775 1775 1775 1775 1775 1775 1775 1775 1775 1775 1775 1775 
2977 16 1905 215 8086 72 310 130 52807 219 
1775 1775 1775 1775 1775 1775 1775 1775 1775 1775 1775 1775 1775 1775 1775 1775 1775 1775 1775 1775 1775 1775 1775 1775 1775 1775 1775 1775 1775 1775 1775 1775 1775 1775 1775 1775 1775 
139 1833 2088 1285 1775 1775 1775 1775 1775 1775 1775 1775 1775 1775 1775 1775 1775 1775 1775 1775 1775 1775 1775 
273 16 1775 1775 1775 1775 1775 1775 1775 1775 1775 1775 1775 1775 1775 1775 1775 1775 1775 1775 1775 1775 1775 1775 1775 1775 1775 1775 1775 1775 1775 1775 
2977 2 
298 3536 434 628 215 81 12532 219 
317 54274 158 317 54274 158 
347 
392 1535 12 1529 952 4087 4634 628 397 11033 
4634 
648 219 51 15 73 17 9 39 31 15 3507 4322 34918 21 
54664 28 516 441 21 8696 143 29884 143 54661 
317 54274 158 317 54274 158 
347 
144 219 51 28 310 414 870 1058 1059 430 21 
8696 143 29884 143 54661 
81 3318 648 143 144 1910 49 2531 
19404 28854 8873 