Subject: 33917 1200 138 52873 52882 55595 33921 14393 33954 6927 46580 240 33921 5149 33944 55596 4318 11180 321 138 55597 
54536 52881 33924 55598 46580 240 33921 5149 33944 55596 4318 141 138 55597 52882 7 52882 7 52882 7 52882 7 52882 7 
44500 55599 52882 7 52882 7 54536 52881 33924 55598 46580 240 33921 5149 33944 55596 4318 141 138 55597 52882 7 52882 7 52882 7 52882 7 52882 7 
33927 55600 11312 55601 33943 322 33917 55602 138 52873 52882 7 33918 6770 33944 16549 33924 1241 33952 55603 33944 1269 52882 7 52882 7 
54536 52881 33924 15156 33958 282 33921 5149 33944 302 55604 33943 55600 33918 44500 6835 52882 167 33954 6776 138 33918 138 52873 33952 15154 33952 5757 33958 282 52882 7 52882 7 
11178 11177 46580 1200 52882 7 52882 7 11178 11177 46580 1200 52882 7 52882 7 33918 6770 33944 16549 33924 1241 33952 55603 54536 52881 33924 15156 52882 7 52882 7 52882 7 52882 7 
33944 472 33918 6770 33944 16549 33924 1241 33952 9 33954 11312 55605 46580 6795 33958 282 11178 55606 46580 440 33944 1269 52882 9 
33927 322 33924 55607 46580 240 33944 15155 33939 4318 11180 321 33958 282 11178 55606 46580 440 44500 204 33952 33927 55608 11178 2502 52882 7 
54536 52881 33924 15156 33943 322 33921 7091 46580 4089 33954 14393 11204 763 55609 33929 55610 46580 6795 33952 33927 33924 33924 33944 33918 33954 1772 52882 9 
33943 322 54536 52881 33924 55598 46580 240 33921 5149 33944 55596 4318 141 138 55597 52882 9 33944 16549 33943 322 33958 282 11178 55606 46580 440 52882 1219 
33958 138 55611 46580 240 33944 54536 54536 741 7091 322 33944 15155 33939 4318 33952 321 33944 1200 52882 913 
138 55597 52882 913 33958 282 11178 747 138 55597 
33927 55612 7091 322 33924 321 7091 322 33944 15155 33939 4318 52882 913 33958 282 11178 55613 3877 
55611 46580 240 33944 55596 4318 52882 913 9794 440 55614 52882 472 33924 8077 33944 17571 4318 52882 8077 
55615 3877 33944 15158 33917 33929 7091 322 52882 913 3877 33944 6795 
54536 741 7091 322 33927 55612 52882 913 33958 15155 3877 33944 6795 33944 15158 33917 33929 7091 322 
33944 302 33917 15158 33939 6957 33943 1772 52882 913 0 12 609 33944 6795 397 33943 7650 52882 9 7091 913 33944 302 33952 6956 7091 913 33944 6957 33954 6776 33944 6957 
11312 33916 11180 6958 33939 6957 33943 1772 52882 913 33952 321 33944 302 33917 15158 33939 6957 33943 1772 33952 33943 7091 322 
33954 11180 55616 33944 33943 33954 11312 52882 913 0 12 1259 33944 6795 397 33943 7650 52882 472 33954 167 11180 6958 52882 8077 
33954 440 33952 33927 33952 55617 33954 7 7091 322 33944 15155 33939 4318 33952 321 33944 1200 52882 913 
138 55597 52882 913 33958 282 11178 747 138 55597 
33927 55612 7091 322 33924 321 7091 322 33944 15155 33939 4318 52882 913 33958 282 11178 747 11178 6956 33958 11177 16876 
33944 55596 4318 52882 913 10173 55618 52882 472 33944 33944 33944 17571 4318 52882 8077 
33954 6927 33918 6770 33952 6776 11312 52881 33944 55596 4318 11180 6795 33954 7 7091 322 21884 33944 6795 52882 9 
33944 15154 33952 167 33944 302 33917 15158 33927 1772 46580 440 33952 52879 33954 6927 33918 6770 52882 9 11178 741 33958 2502 3920 33944 6795 33954 747 33944 781 
11178 6956 33958 11177 16876 33944 15158 33917 33929 7091 322 52882 913 16876 33944 6795 
44500 1219 33944 15158 54536 741 7091 322 33927 55612 33944 55619 52882 913 438 33944 55619 
33944 302 33917 15158 33939 6957 33943 1772 0 12 336 33944 6795 397 33943 7650 
11312 33916 11180 6958 33939 6957 33943 1772 0 12 336 33944 6795 397 33943 7650 
55616 33944 52873 33944 33943 6956 11204 44500 1219 33927 1772 11178 240 729 33944 55619 33944 52873 54536 741 7091 322 52882 1269 
7091 55620 33927 52882 33954 4318 52882 913 648 33944 6795 397 33944 10274 52882 9 
33954 55621 52882 648 33944 55619 33954 747 648 33944 55619 33924 321 
33944 16549 33921 322 11180 6956 33958 52874 44500 15156 33944 1200 33924 6927 33944 15158 44500 3177 33954 33916 52882 1219 
11178 6956 46580 15157 16876 33958 282 11178 55622 33944 52873 33944 33943 6956 11204 33952 33927 54536 741 7091 322 33927 781 33958 781 52882 9 
55615 3877 55616 33944 52873 33944 33943 6956 11204 33952 33927 33954 167 11180 6958 33927 781 33958 781 52882 9 
33927 55623 33952 641 33921 239 33921 239 33943 54488 33944 33943 55624 138 52873 138 167 33944 7650 33924 15156 33944 302 46580 1775 33954 6927 33918 6770 52882 1219 
11180 321 33952 167 33944 302 33917 15158 33927 1772 46580 440 33952 52879 33954 6927 33918 6770 33943 54488 33952 321 52882 1219 
33954 6927 33918 6770 138 55597 33958 138 11180 55625 138 33954 6927 
648 12 33921 5149 11180 6795 11204 4309 33927 52879 44500 33924 33954 4318 14674 138 55626 33954 11180 52882 472 33954 6776 33944 3177 33924 33921 52882 8077 
144 12 11180 15155 33952 52879 33952 55627 11178 5757 33924 33921 55626 33954 11180 52882 472 11180 321 44500 33924 33954 4318 14674 138 33943 54488 33952 321 33952 781 33952 241 52882 8077 
52882 472 138 55597 33954 6927 33918 6770 33944 15155 33952 52882 55601 33954 11177 33952 6927 33958 282 11178 747 44500 3177 33954 33916 138 15156 33943 138 33943 54488 33952 321 52882 8077 
33954 6927 33918 6770 33943 6958 33944 302 33943 321 11312 6899 11178 6899 52882 9 11178 741 33954 7 44500 3177 33954 33916 52882 1219 
33952 321 33944 302 33924 6927 33952 781 33952 241 52882 9 33927 15156 33952 747 33954 6927 33918 6770 827 33924 6927 138 55597 141 827 33924 6927 33944 55596 4318 
33943 322 33917 1200 138 52873 33918 6770 33943 54488 11178 747 52882 7 
55628 33921 14393 33954 6927 46580 240 33921 5149 33944 55596 4318 11180 321 33958 282 11178 55606 46580 440 138 55597 52882 7 
33952 33927 11204 55629 302 33954 6927 33918 6770 138 15156 52882 9 33918 6770 44500 6927 33954 11180 33944 33918 33954 55630 33929 5149 52882 7 
54819 138 3177 44500 55631 46580 6795 52882 913 
3080 143 55632 
55633 
33921 7091 46580 4089 33954 14393 11204 763 55609 33929 55610 46580 6795 33952 33927 33924 33924 33944 33918 33954 1772 11204 1772 33944 781 
33929 33916 33944 302 33918 55634 52882 913 55635 