Subject: 1 2 7558 2141 1828 
42 98 45 
328 7 4283 46026 43 12 46027 143 28 2032 31 670 1617 45 15 
463 12 2182 21 2051 4070 7 8 28 235 11 2 
11204 20 124 107 7745 125 46028 776 31 3620 21 8 4 
28 1118 373 347 959 8448 306 999 44314 45 2152 72 
26 12446 21 28 310 7656 143 28 45658 143 34415 12 
11204 20 124 465 72 419 8 4 28 1118 222 1433 3830 
435 16416 12 4 222 279 20 124 502 72 28 6134 31 28 8448 4 28 
1118 12446 21 411 46029 12 
72 38 102 14 28 115 110 31 1521 1118 8448 45 229 77 7 35 
95 38 74 9587 411 2483 8448 12 
90 38 81 13 14 28 115 1828 498 138 419 87 20 306 28 
2918 31 2576 670 1950 4 9 185 34 3577 306 28 830 2141 
649 12 
96 97 45 
3406 