Subject: 67 28 358 231 5788 2298 9820 2 8800 33679 649 109 28 2298 231 
4425 45 
7 150 282 9 8119 570 1891 4 1971 8800 12 7 2666 28 
2080 31 15 358 231 5788 2298 9820 2 8800 33679 
649 109 28 2298 231 45 27 4 1086 17 243 341 49 
1087 1088 45 644 902 1085 382 45 1081 2405 45 9266 45 
6041 45 247 1254 143 639 45 2405 12 
7 4060 72 38 90 220 14 9 10090 74 50 14 28 1446 143 549 215 347 
3979 219 31 28 358 1076 414 215 49 1086 2918 445 219 12 411 
959 143 2684 451 347 2113 164 65 10407 12063 12 
46 38 47 48 49 15 95 4 269 12 
97 45 
44296 5817 
176 31 44297 45 5692 