Subject: 36 5991 6196 2261 19306 49 298 
8163 964 21 7848 3471 109 6196 2261 8381 193 
8163 964 21 7848 3471 109 6196 2261 8381 
36 298 19306 10446 125 8147 8381 3570 
96 2261 8381 45 7883 64 193 
7843 15 4222 4 644 941 3052 2 
648 12 36 15 298 5991 19306 
144 12 7843 28 7883 6237 
827 12 1410 28 425 31 15 1441 
644 12 4702 6230 
7843 15 115 55412 443 4218 848 143 1209 1313 6196 16849 54753 215 639 1209 45 454 1209 17 54754 4222 
65 1357 219 
392 5665 45 1857 
392 2862 45 1857 
392 648 45 1857 45 1857 
962 
6829 
20428 
6829 
20428 
6829 
20428 
454 
392 618 
392 336 
392 264 
392 1535 
392 337 
392 246 
638 
392 1535 
392 636 
392 512 
392 608 
392 2249 
392 1808 
390 
392 142 
392 952 
392 784 
392 610 
392 1967 
392 353 
394 
392 7848 
392 2248 
392 2241 
392 4300 
392 26825 
392 3362 
38 150 587 8 1535 19306 125 28 20900 150 204 8147 8381 3570 4 982 1032 648 5889 193 
36 9 298 4159 369 