Subject: 33933 33937 33953 36209 33924 33951 33954 11312 54261 54488 33927 52874 46580 55848 36209 54261 11491 46580 54534 33917 53410 46580 55895 33924 33941 14674 33924 33940 33952 6956 46580 16549 15157 33917 33943 52880 7296 33918 5757 46580 16549 
4318 33924 6956 36209 15157 36209 15157 36209 33941 14674 33933 138 1051 12 14096 795 12 1217 4318 16549 33953 36209 33941 36209 33927 7303 33924 55896 36209 16549 46580 
824 11180 11312 33942 7303 11491 52878 824 824 4318 55848 11204 33953 36209 52874 33953 54261 54488 33927 52874 824 52874 11178 33943 52873 33953 36209 52874 33953 15157 33917 53410 16549 33939 15157 33917 33927 33920 16549 33958 824 11491 54820 33953 36209 52874 33953 33924 33940 33952 6956 824 55897 52878 14393 33938 55898 53414 55625 54489 33924 33940 33952 6956 
824 55897 52878 14393 33927 138 55486 33918 18094 15157 33917 53410 824 55897 52878 14393 33927 138 55486 53414 6795 33918 18094 54261 54488 33927 52874 824 33947 138 52882 43221 46580 53414 33927 4318 52879 33932 46580 11491 33945 33945 52878 52873 824 4318 33941 52878 14393 46580 33938 54261 54488 33927 55899 54489 6795 33958 53666 14393 4318 33941 52878 14393 33924 33940 33952 7301 46580 33921 46580 16549 
4318 33934 52879 33954 52874 33953 54261 54488 33927 52874 138 11204 33936 33921 46580 6956 33940 54488 33929 52878 33942 11178 16549 33945 33953 36209 33945 33942 16549 46580 
824 824 824 33933 33937 33953 36209 14674 11204 6956 33958 23836 55900 138 55901 16549 33939 6795 138 4318 138 33918 33954 16549 33958 46580 6956 11180 33945 11491 6956 11180 55867 33950 46580 54534 33917 33943 6899 33924 33951 33954 11312 55902 53666 54489 46580 16549 
33947 11312 33953 36209 52874 33953 33924 33940 33952 55903 33947 23836 55904 33917 33941 33952 47203 138 52873 16549 33939 6956 36209 33953 33931 16549 33958 46580 16549 
824 824 824 33933 33937 33953 36209 15157 33917 33943 6899 33924 33951 33954 11312 46580 54534 33917 33943 52880 7296 33918 5757 
33924 33951 33954 11312 33953 36209 52874 33953 54261 54488 33927 52874 46580 54534 33917 53410 46580 55895 33924 33941 14674 33924 33940 33952 6956 
824 824 824 4318 33924 6956 36209 15157 36209 15157 36209 33941 14674 33933 138 33920 33952 6776 33924 11180 11312 6956 36209 33918 43221 53666 33924 33927 52874 33933 138 53414 55905 33927 4318 6770 33954 36209 55906 53666 33931 11180 33939 33938 54541 33939 16549 138 
167 46580 6956 33942 55863 36209 55907 54261 33951 33920 52874 33943 4318 14674 33922 4318 33936 53414 14393 11491 6776 33921 44500 33924 55908 33927 33945 
1219 46580 6956 33942 55863 36209 55909 33941 138 54261 5757 11180 11312 33953 55910 33947 6795 11491 53666 33936 15156 
53414 33950 46580 55875 7296 33918 5757 4318 6770 33954 36209 55906 16549 33945 9 46580 6956 33929 53666 52873 33950 6956 7296 33918 5757 167 46580 55911 33920 18094 6956 7296 33918 5757 1219 46580 55912 33921 15813 7296 33918 5757 
151 46580 55895 33918 33953 46374 7296 33918 5757 240 46580 6956 33933 33953 4318 4318 6956 7296 33918 5757 46580 16549 
11180 33948 46580 6956 33947 33939 33941 55913 33917 53410 4318 6770 33954 36209 55906 16549 33945 9 46580 55914 53666 52879 33924 55915 33917 53410 167 46580 6956 33924 33940 33952 6956 11491 54820 33924 55915 33917 53410 
1219 46580 55916 4318 33929 33941 14674 33933 138 33924 33940 33952 6956 33947 138 33927 4318 54261 33947 14674 33939 
151 12 52873 33929 33942 10274 46580 33938 4318 33924 6956 36209 15157 36209 15157 36209 33941 14674 33933 138 11180 11312 6956 36209 52882 33937 33942 10274 46580 33921 15157 33917 53410 
824 824 824 4318 33924 6956 36209 15157 36209 15157 36209 33941 14674 33933 138 15157 33917 33936 33918 33933 33937 4318 33924 46580 54534 7303 33942 33951 33929 33940 6795 36209 54261 11491 4318 6770 33954 36209 55906 
143 143 143 143 143 143 33952 7650 33952 33918 4318 53666 52882 33952 11178 33925 7296 138 43221 11491 33942 33933 53666 16549 33945 4318 33924 6956 36209 15157 36209 15157 36209 33941 14674 33933 138 15157 33917 1051 12 14096 795 12 1217 53666 4318 33927 33920 16549 33945 
4318 33924 6956 36209 15157 36209 15157 36209 6956 7296 33918 5757 4318 33939 6776 33918 4318 33924 6956 36209 15157 36209 15157 36209 33924 33943 33933 33940 4318 33939 6776 33918 
4318 33924 6956 36209 4318 33924 33933 43221 55869 53414 33936 15157 7303 14393 33937 11491 33940 52882 33937 33927 55917 55906 53666 33943 16549 33945 
4318 33924 6956 36209 53414 11312 33953 33952 52878 11178 33941 14674 33933 14393 138 11204 33933 14393 33936 33921 16549 33945 
4318 33924 6956 36209 15157 36209 15157 36209 33941 14674 33933 138 15157 33917 1051 12 14096 795 12 1217 4318 55918 16549 33945 
33941 11178 15157 11491 53666 33924 53414 11312 33947 33932 52879 33932 33942 33920 11491 55919 11312 54492 4318 55920 33932 55906 16549 33945 
33943 44500 54261 6958 33945 33945 
52882 33937 33952 55535 138 33938 16549 33945 55921 143 55922 33954 11312 55923 16549 33945 55921 143 55924 
33929 53666 33952 7301 16549 33945 55925 302 6501 12 55926 12 22186 12 2989 
55927 74 55928 1050 2 397 397 55928 12 40342 12 3519 