Subject: 1 2 4793 3758 193 
98 4793 3758 746 734 8460 45 746 704 8260 617 44298 193 
1655 21 3162 705 3654 1296 5712 45 3014 44299 3282 15711 1841 44300 143 
44301 707 21 43517 15752 215 1880 49 2366 1257 956 219 45 4838 714 
1037 848 956 617 9 4539 44302 12 
98 44303 
28843 
44300 204 12 9 12 
6114 12 44304 4251 143 30667 
44305 44306 
267 45 268 
1068 2 44307 143 44308 143 11435 
51 2 44307 143 44308 143 44309 
1051 12 44300 12 350 
143 143 143 143 143 546 626 143 143 143 143 143 
125 2 98 99 470 2723 2 613 302 1243 12 320 12 350 472 
102 2 1037 45 3391 1267 45 2414 448 2 894 640 
21 2 98 12 44303 302 44300 12 350 
635 2 14 158 4617 14195 
627 2 4793 3758 193 
4962 44310 746 4793 3758 12 
1298 6514 704 44311 707 687 3121 4805 12 
2781 44302 2780 14 21 702 3264 1086 746 902 44312 1676 1645 
15433 22239 43123 6446 2294 44313 158 
1744 3752 1298 12 
625 