Subject: 594 21 1548 28 1085 1114 150 204 3558 930 363 
470 1321 72 38 128 68 626 959 1032 1319 472 
1085 1114 
45896 143 597 430 1816 
649 45 1152 1366 17 12222 
143 143 143 143 143 143 143 143 143 143 143 143 143 143 143 143 143 143 143 143 143 143 143 143 143 143 143 143 143 143 143 143 143 143 143 143 143 143 143 
28 1260 1116 124 2390 542 431 231 3558 930 143 1388 2135 827 231 
363 109 618 143 636 1551 7284 45 
23 28 1567 143 45897 2692 31 28 1085 1114 4 16554 12 
28 2918 124 21 1983 28 1925 827 1132 31 1260 3625 448 17 248 17 21 
4130 28 1988 1116 448 15603 368 45 1427 2162 
10472 
1129 21 2564 306 1388 2135 827 5182 21 2223 184 31 28 414 45 
17 21 1484 306 411 1891 13530 12 
28 2380 31 28 363 35 77 2850 125 45898 2 
1405 143 387 124 7745 74 7273 28 486 2 
840 430 125 2 
3267 45899 
42824 397 151 397 5727 
139 2 215 141 17880 219 42820 143 45900 397 45901 
51 2 215 141 17880 219 42820 143 45902 
240 143 628 2 3267 12 45899 302 3221 12 8706 12 2146 