Subject: 54739 4428 
419 164 50 21 670 11519 1416 143 4 273 16 12 419 187 435 21 
6060 72 419 13 21 28 6459 16 12 38 229 274 6631 20 347 5247 20 12 
1383 45 419 164 148 49 374 54739 31 9 9939 2494 
9826 8366 12 28 423 150 204 4118 648 21036 2165 9826 8366 12 48719 18489 
2483 45 41868 3389 45 52760 3831 1166 4787 45 
1891 13530 45 81 273 21 2 
54740 302 54741 12 1217 306 627 231 2377 231 45 
430 18 77 102 21 38 74 273 12 
5247 125 133 110 45 274 273 21 2 
504 54742 302 7618 12 1217 306 627 231 5247 231 
46 38 47 48 
33932 3177 33920 33924 2 33945 138 44500 33941 44500 54743 1232 33922 138 33938 54744 33939 33952 33922 33933 54745 54746 33938 240 2 219 
68 626 124 102 74 54745 12 1050 2 397 397 4231 12 54747 12 3519 
54745 215 1219 219 5705 2405 54748 1484 504 12 1050 2 397 397 1051 12 54748 12 1217 12 21781 