Subject: 36 15 2745 9895 54718 328 193 
36 195 15 9895 397 1087 4559 1323 328 193 193 193 648 143 21884 143 25949 143 54719 
306 670 294 3831 5545 9895 54101 397 54720 193 
36 195 15 39368 53679 1323 435 31876 45 54721 45 54722 45 54723 54724 3620 409 12 12 12 
4430 8901 212 440 12 1221 2482 120 193 
28 3831 5545 1930 109 1082 3471 31 195 9895 408 9290 21 9290 193 
38 18 4430 8 21 49911 347 7690 212 9895 323 120 193 
1876 3471 44127 193 12147 20 18 4430 36 54725 193 
479 306 19451 17 38989 9895 54726 17 58 195 28 990 9903 
184 9895 323 187 1355 8 1141 45 6828 1740 45 476 11447 
18509 54727 109 28 19451 409 12 12 12 
12860 982 111 3968 54728 21 40076 7232 15 2003 323 45 2622 35 220 20 12 
419 164 259 474 34 38 18 6582 670 8366 34 20 479 
306 9 454 143 517 483 182 5697 193 
65 479 306 9 827 1209 42980 109 3510 17 34235 193 
12663 38441 164 1357 259 81 672 12 
3831 5545 9895 54101 397 54720 
369 109 49196 369 49 9 864 392 13480 12 1529 12 
3552 54729 144 143 517 54730 2531 193 
1324 648 143 21884 143 25949 143 54719 21 5423 21 9 6165 50272 12 328 193 
68 3946 124 102 4 54731 306 195 9431 14459 
21 77 6617 650 231 54732 231 4 28 627 1479 17 
102 21 2 54733 5545 302 39508 12 1217 
36 195 15 9895 397 1087 4559 1323 328 193 193 193 648 143 21884 143 25949 143 54719 
306 670 294 3831 5545 9895 54101 397 54720 193 