Subject: 17257 2 7558 2141 1828 
10820 2 8137 
42 2847 99 193 
121 11909 670 1086 425 45 46082 1086 45 7 8 21 1983 
38 34 419 164 107 1891 21 436 4 28 6627 2141 137 
21 28 2177 34 419 439 11312 440 2937 419 164 1411 21 6392 28 3540 38 
164 46083 12 
97 
37629 46084 
46082 3830 10384 
1068 2 38945 143 343 2992 639 
46085 2 46086 143 782 2244 9217 
51 2 38945 143 636 637 2248 
143 143 143 143 143 46087 46088 143 143 143 143 143 
46089 2 613 302 1243 12 320 12 350 470 1793 2 613 302 1243 12 320 12 350 472 
46090 2 705 827 46091 7284 343 2 637 
3928 2 37629 12 9 12 46084 302 46082 12 734 
46092 2 613 302 1243 12 320 12 350 
46093 2 7558 2141 1828 
42 2847 12 46084 45 
7 207 197 38 67 9 2141 1828 4 540 670 1524 
45985 12 28 2141 124 52 7558 17 20 124 1846 
21 9656 49 762 2298 8025 12 7 207 2888 9 1893 
1534 31 28 2141 12 
28 1828 124 1003 21 9 762 2613 17 28 1333 386 31 
28 1118 124 2974 12 534 45 419 164 8956 9 1170 
3830 45 213 187 7894 28 9656 408 109 9 
762 2298 2404 45 4210 74 9 7898 140 31 255 12 
187 46082 77 1891 17 1411 49 68 3540 138 
7 187 94 9 10478 3793 45 226 28 488 49 28 
1828 1550 124 249 343 12 
116 117 45 
98 99 
1240 12 31 316 17 318 
319 231 320 231 
267 45 268 
1068 12 141 454 143 648 143 1233 51 12 141 454 143 648 143 1242 
41 