Subject: 1 2 1642 150 1082 2846 
42 2847 12 99 45 
98 99 101 2 
41 42 2847 12 2848 45 
41 
41 419 164 1383 2849 28 2298 449 49 1642 150 1082 17 419 187 435 21 
41 8 28 1824 2846 12 7 8 2850 28 1642 150 1514 143 2851 2846 17 7 2852 
41 68 2853 515 2854 84 933 435 12 187 20 77 261 49 38 21 2349 
41 434 
41 306 28 2846 45 226 38 8 28 1457 2855 17 2856 138 1642 150 1082 18 85 
41 198 4 
41 28 2857 31 1884 12 259 45 28 2846 84 1833 1553 231 1884 45 268 231 347 
41 2858 
41 231 1884 231 12 
41 
41 192 4 269 49 15 95 193 
41 
41 96 97 45 
41 
41 98 99 
130 70 2859 21 68 628 7 13 38 
1642 1082 12 2860 12 
28 2861 31 28 2846 124 2862 641 813 2863 12 
38 35 941 2864 20 215 81 220 107 2865 20 193 193 193 219 
306 184 2866 839 45 251 1397 38 220 259 
2867 28 2868 21 952 657 12 
28 2846 124 445 2869 49 2298 2870 107 49 
2871 12 
72 38 84 87 9 1813 30 31 28 2846 
347 84 2596 184 411 1440 
767 298 21 66 14 120 12 
116 
2872 2848 
143 143 
2873 12 143 2874 12 
2872 2848 
2875 207 
2876 2877 2878 
2879 2880 2447 
2448 827 45 2881 12 610 12 648 
2453 2882 
1068 12 2 215 141 2449 2450 219 2451 143 2883 
51 12 2 215 141 2449 2450 219 2451 143 2452 
273 2 2848 302 2446 12 1095 
1051 2 1050 2 397 397 1051 12 2446 12 1095 397 763 2848 