Subject: 52732 18518 3263 5299 
52733 3263 5299 150 204 977 373 36204 2 
52734 125 392 12 394 21 392 144 12 390 4 848 2660 49 9 8442 31 765 1862 3471 193 193 193 
52735 125 392 12 2449 21 392 648 12 3882 4 248 2660 49 9 8442 31 765 1877 3471 193 193 193 
487 124 670 997 52732 3263 5383 2 
52736 8366 52737 45 11044 12 215 52733 2 52738 219 
7690 23 392 648 12 3080 
3616 9465 392 644 12 394 827 151 9285 3539 193 
3986 3506 2474 17 4642 2628 
9637 68 1867 49 52738 193 193 193 
36176 49 52738 45 9 848 143 1209 972 45 1442 143 10655 425 45 8 
52739 
4229 3471 4240 68 1209 21 765 392 617 9881 109 7972 434 10656 
17 8381 1347 14216 12 52738 150 204 1203 110 31 
765 390 3986 8381 3570 3552 9370 45 52740 150 204 3599 45 
52741 45 15270 19405 45 52742 45 52743 45 17 52744 12 
419 164 9464 7898 514 68 1867 173 1356 50096 
17 3506 2157 125 52738 150 204 52745 2862 8424 6816 12 
28 3263 58 314 43252 18454 125 542 782 143 1867 2620 17 18 
7227 
2087 964 3923 12 419 2937 28 3263 90 2164 12491 414 392 644 
4 982 1032 9 76 12 
419 164 52746 13594 3326 17 80 35573 
130 52738 229 47 505 77 208 31 28 508 46235 
11600 109 28 52733 193 193 193 
15545 2 52733 3263 5299 124 9 4561 755 1484 1134 
109 772 143 13538 3570 306 28 13370 21 3359 542 4184 9 
990 
4173 20447 12 20 58 28 3617 21 11403 2003 532 
4197 45 
124 107 4695 306 184 15346 347 35684 17 124 107 9 406 
4173 
13971 12 28 430 13226 4 68 418 124 49 
37404 
2870 445 17 124 7132 70 3359 21 3616 7712 9 44353 31 184 
3359 21 7690 8206 12 4173 4 52747 3570 124 2170 
13825 52748 17 229 966 4 28 6108 31 91 347 195 31 184 
4173 869 4 443 3570 12 17876 84 572 28 430 
13226 4 68 418 130 9 1544 776 49 16579 
4148 
1086 109 28 4772 425 4 73 21 3318 28 52749 21 486 
769 2745 6351 173 28 4772 425 12 52733 3263 5299 58 
293 3968 9911 298 8205 42819 125 9 1084 20977 130 
17193 
49 28 15552 31 68 3263 1896 12 226 419 8 9 2439 
4 52738 161 124 70 11546 9719 31 1543 4 670 10497 17 
9684 17 874 222 10497 17 9684 62 77 2170 
374 12 419 18 2489 125 184 7207 4 80 49 52738 12 419 
229 52750 670 2439 23 184 92 158 1397 45 1616 347 121 28 
15552 
31 68 3263 5299 12 
824 824 824 824 