Subject: 926 28 235 2116 1031 1543 38 138 
143 19653 392 5665 5820 411 517 
143 2188 2473 21 3264 765 1862 3867 6230 306 132 1237 215 298 219 
143 261 11602 12831 964 21 392 6252 2606 76 193 
143 261 930 12831 680 964 21 392 40122 2606 76 193 
72 259 2 
55695 132 2404 23 1050 2 397 397 55696 827 12 35985 12 1217 397 
824 824 72 670 2404 124 3192 824 824 
231 39 231 28 870 2377 1905 45 
231 6460 231 28 273 41192 3979 1905 45 231 37563 231 
17 650 4 15 2377 997 21 28 2018 17 
1446 105 
5913 
2228 
2476 
139 140 
96 92 21 1324 
240 143 628 16 
2723 2 55696 302 39508 12 1217 138 627 653 2377 
21 77 6617 125 670 133 110 2858 6460 28 3979 1905 17 650 5247 4 28 627 1479 12 81 481 474 5247 124 4 28 627 1479 12 
2723 2 55697 302 7618 12 1217 138 627 653 5247 