Subject: 1 2 1237 
42 2409 45 
7 187 435 21 450 3723 9365 150 204 2600 1397 7 1844 9 5694 270 12 
534 45 125 515 7 914 125 
38 45 7 2937 34 3079 45 1886 644 124 9 2348 12095 9081 12 124 68 
494 21 38 138 
7 1449 46142 38 70 270 21 15 836 3214 67 8117 31 28 
1237 21 9 1402 1203 4 28 75 31 1886 12 
28 270 124 678 12 670 36103 2222 77 1357 2585 1886 639 
17 1886 454 12 419 35 874 12296 28 8117 308 1440 12 
96 97 45 
10723 
143 143 143 143 143 546 626 143 143 143 143 143 
125 2 
21 2 98 99 158 158 
102 2 2059 45 229 512 45 2405 336 2 1764 207 
627 2 1237 
41 282 143 2461 18 77 50 38 670 1172 17 6842 21 28 1237 
68 
41 1186 12 215 5170 45 3079 124 9 400 4065 4 28 590 219 12 161 164 1449 9 
41 224 31 3385 34 8 107 779 205 3560 4 68 36159 30 
41 222 130 528 159 21 2671 28 110 31 19450 12 68 3530 34 419 150 587 
8 
41 21 521 1461 208 959 9732 31 36159 7823 1397 419 35 5912 2354 68 
41 2141 12 
41 
41 7 207 47 11949 21 36 28 1237 6389 3573 12 1319 38 8 282 143 2461 150 204 
41 2600 215 540 18 77 4518 6842 219 2473 1028 35 38 4239 138 
41 
41 2409 
41 