Subject: 6230 9083 109 37625 
4425 45 
1510 213 164 107 314 5984 306 20 3196 77 1891 4 
11891 34 7 8 7548 17 7 207 1383 9004 70 964 143 21 143 632 
9083 109 1443 549 11488 12 20 3894 2076 109 
2013 45 9256 45 17 37525 548 109 37625 12 28 9083 
1383 3894 959 1032 5665 5199 158 785 3471 31 443 1833 3949 21 
6230 12 3054 347 12 6394 1322 31 28 451 45 17 785 3471 1833 6987 12 
28 9083 229 77 34521 125 
17 124 1442 37628 192 21 28 1237 1866 74 37629 143 8433 
20430 12 
38 164 1530 21 82 14 83 1553 4148 2076 215 21 548 74 
38 347 74 757 219 34 38 2937 164 37617 21 28 9083 215 450 
1050 2 397 397 37626 12 29894 12 7987 12 11691 12 20 397 763 36794 397 2689 12 1056 4118 37627 109 28 421 
31 515 124 37617 17 515 124 107 219 347 6578 17 13744 215 240 12 913 12 
3950 45 177 26 164 107 314 1125 219 21 28 2003 2267 12 
36794 35843 
1232 36794 35843 1232 
1232 5844 2062 37630 37631 150 37632 1232 
1232 11669 11670 11671 11672 1232 
1232 2088 2062 8833 5396 11691 143 1194 43590 1232 
1232 43591 1107 215 284 219 1232 
1232 1232 
1232 139 2 141 2995 12 23824 12 41517 1232 
1232 51 2 141 2995 12 23824 12 41518 1232 
1232 240 143 628 2 36794 302 29894 12 7987 12 11691 12 20 1232 
1232 1051 2 1050 2 397 397 37626 12 29894 12 7987 12 11691 12 20 397 763 36794 397 1232 
