Subject: 1 2 17890 7689 193 
42 98 45 
28 16451 2141 7 207 3869 4 487 124 208 3932 28 2498 964 
31 9 536 1086 865 1484 21 244 430 1149 125 
1152 1738 12 419 8 8448 4 6372 45 1090 45 1275 17 
1864 45 251 45 13084 45 107 268 12 7 5504 34 7 8 107 777 959 66 
306 9 2476 34 45 179 7 4210 20 28 977 92 4 1821 31 4284 45 
41612 14 259 48 12 
7 1061 9 990 1987 531 215 20 124 132 2612 45687 219 45 17 439 150 440 87 
48 31 9 37446 21 220 259 12 7 925 45 3198 45 997 1209 45 21 36 182 21 
267 215 2473 45688 4 28 45689 1209 193 219 45 17 34 187 77 9 990 
5491 21 2564 120 12 254 45 502 1980 306 195 38 220 12 
96 1204 45 
8101 
315 8101 17905 45 
1617 31 1158 17 4729 1238 45 
176 31 11500 45 
11499 2050 45 
11500 144 12 11501 12 
1068 12 2 141 17906 143 648 143 17907 397 17908 
51 12 2 141 17906 143 648 143 17909 
273 2 17910 302 17911 12 3454 