Subject: 17053 2 1981 21 4622 
42 7967 45 44543 17 3451 45 
4 4442 49 670 1841 4 4622 215 1038 648 143 827 219 45 
419 1903 1895 1836 45 31 28 1950 31 22072 827 12 648 45 
4 540 419 164 1383 3869 45 17 91 1846 1148 
419 187 435 21 2223 306 38 12 
959 1208 45 419 1903 1836 17 1148 49 2411 
3932 28 1950 31 10264 143 5788 8849 31 8130 17 7806 12 
161 124 65 9 1084 1382 49 28 3 31 7697 143 7698 
863 215 8844 219 2097 12 419 164 50 9 3272 240 143 628 
67 34 1382 21 44542 45 213 124 65 1960 4 9 999 
1382 251 568 373 218 3 1708 12 
670 1436 124 21 8382 91 8844 1168 306 28 827 3 
1708 17 7843 28 1508 12 
450 38 4 4622 
1230 17 98 
10264 143 5788 8849 31 8130 
28 4342 143 1402 7818 124 3572 14032 10437 573 
215 240 12 913 12 13254 45 3521 2352 219 67 28 7569 17 28 6382 
2587 215 240 12 913 12 231 295 12 10936 231 45 231 44544 11044 12 231 219 12 
28 7888 10437 573 67 28 7569 124 111 12439 921 9 
10264 143 5788 1470 540 42900 28 1170 21 1526 28 
2161 34 164 508 1277 21 28 430 28 3454 408 
18 77 2697 21 9123 12 9538 45 161 124 9 10264 143 5788 1470 
34 1348 28 10437 573 67 28 6382 2587 31 28 7818 21 
95 28 1170 1526 28 1277 7698 12 
3312 7863 28 1277 2161 17 7698 4786 45 70 
1932 8084 8849 258 124 111 44545 21 3318 28 1170 
21 13369 8130 34 2427 8052 28 1277 
2161 17 7698 4786 12 
670 1946 124 999 21 44546 150 204 4 34 8084 8849 
124 371 109 28 826 31 1277 2161 
17 7698 4786 45 540 124 4 6526 371 109 430 67 
7569 17 7697 8292 2008 125 9 7818 12 670 1518 45 
534 45 124 48 959 1170 143 13091 9687 21 44546 150 204 45 
670 9465 528 21 3615 70 1932 44547 49 28 
10264 143 5788 8849 31 8130 45 489 1032 9 
1442 143 5788 8084 8849 1470 12 
9687 21 44548 670 1828 124 982 44549 215 17 45 1423 45 
959 7877 21 10055 21 2869 1366 4 28 13002 460 219 45 
4 34 28 160 213 4271 28 8130 34533 306 
28 8084 8849 1366 407 9 5 5322 45 489 
1032 9 2233 2234 6059 143 75 12 
5505 125 9 9990 6481 31 28 8130 21 77 9774 
4 74 28 3454 408 45 670 8084 8849 1518 12817 
1315 74 143 3867 2 
143 9 110 31 7569 215 3521 7569 219 34 164 576 4 28 7818 
21 4634 28 2161 28 1170 58 7863 130 1277 12 
143 9 110 31 7698 1836 215 3521 7698 1836 219 
34 164 576 4 28 7818 21 4634 28 4786 31 8292 
28 1170 58 7863 130 1277 12 
143 2352 125 28 7818 215 3521 2352 219 34 2586 
3521 7569 347 3521 7698 1836 45 17 459 21 28 
2161 347 7698 4786 34 28 1170 58 7863 
130 1277 12 670 3271 31 3521 2352 124 545 
959 9814 45 130 419 2265 2585 678 17 
4349 3521 2352 12 
143 2166 31 9774 8130 45 306 1320 432 11015 28 
430 34 28 3454 408 124 2697 21 9123 
125 70 3521 6574 12 
443 74 143 3867 164 195 4223 4427 49 28 1136 
347 28 8959 31 70 3454 408 49 9 294 1036 4342 12 
4 9 1990 143 12452 3454 408 215 222 130 28 17053 3454 408 219 45 
443 74 143 3867 90 77 576 4 28 235 1438 2 
143 28 1990 143 12452 2097 35 77 7259 21 450 72 26 216 28 
3521 7569 17 7698 1836 12 
143 28 1990 143 12452 2097 35 65 77 1853 109 28 3521 
2352 21 7843 28 8130 2900 74 28 3454 408 
7913 28 9774 8130 31 28 8084 8849 408 12 
143 9 10264 143 5788 1470 215 1990 2097 258 219 35 11550 28 
74 143 3867 31 28 8084 8849 258 21 9096 4 28 
8849 347 7696 31 28 1990 143 12452 2097 31 28 3454 
408 12 49 1485 45 4 17053 177 28 7915 11447 408 
2932 17588 12675 8804 45 28 1990 2097 258 
90 77 576 49 28 7696 31 1510 8804 2182 
21 28 1170 143 3579 8130 7548 74 28 8084 8849 258 12 
28 414 1438 31 2167 28 74 143 3867 164 545 
91 2403 49 12487 10264 143 5788 8849 31 8130 
306 28 7915 11447 408 12 
419 187 435 21 2223 37 4 73 21 3807 515 124 11863 
21 6539 4 28 3051 92 395 28 75 31 17053 12 
65 419 8 21 3807 515 419 18 1833 4 28 36189 151 143 827 12 648 12 648 12 
161 124 15 548 306 28 44550 109 28 7915 11447 
215 313 28 44550 164 107 12825 3869 4 22072 143 827 12 648 219 540 
84 181 77 413 161 12 
2744 2193 7842 215 7806 219 
143 143 143 143 143 143 143 143 143 143 143 143 143 143 143 143 143 143 143 143 143 143 143 143 143 143 143 143 143 143 143 143 
429 45 161 164 9 2351 4518 1148 173 28 17053 36189 
215 151 143 827 12 648 12 648 219 12 
419 220 107 2937 161 124 92 49 7898 548 109 68 74 28 
488 49 28 36189 12 419 187 435 21 220 70 7851 45 
2952 28 6832 31 28 865 432 2861 109 28 7895 31 28 
3 1400 12 
220 38 8 184 840 45 2164 143 44551 1168 34 84 77 
506 4 73 21 1833 37 4 28 36189 138 
65 45 419 164 9 657 13317 67 28 386 31 15 548 34 419 84 
1833 4 28 36189 12 419 187 435 21 8 15 6351 109 68 12 
959 7808 45 419 187 435 21 432 9 3806 143 6196 2563 45 2196 
4213 21 10 1508 12 28 1148 21 77 1838 921 61 49 222 
548 164 2 
9 12 84 419 572 28 7854 7826 485 45 3915 31 11017 
37 21 13034 138 10528 45 419 90 572 9 5036 435 28 208 
576 4 7860 215 13225 219 45 540 1031 3812 2193 143 11557 
215 74 28 185 45 28 832 17 17053 3306 21 7860 
124 70 421 34 419 84 2223 219 12 
167 12 28 1163 31 865 2230 4 670 1946 259 2342 
58 91 1440 2 
648 12 28 2177 34 419 8 208 536 6556 45 1141 195 4778 45 
3038 34 419 4618 21 9180 208 12127 49 195 4778 12 
9 1405 143 44552 49 68 124 34 28 9903 6143 28 
2230 3318 28 2691 31 597 143 2918 2097 12 
306 28 7570 31 28 150 13135 150 45 195 411 9903 459 21 
2933 4778 45 17 164 874 43716 12 
9314 17 411 9326 430 90 77 576 3915 12 
144 12 419 90 4618 9 218 1946 45 371 109 28 1900 34 
7842 124 3548 137 21 760 17 124 874 
3272 49 1320 2744 12 1412 45 28 1360 31 2230 49 1320 
7558 2744 124 9 1021 12 9 4572 2197 21 28 
1163 45 34 90 95 8436 68 1021 45 
187 77 21 3859 13232 42504 4778 1370 
9 5052 16058 28 7830 4778 12 
1219 12 998 28 1000 31 28 1946 4 167 144 45 419 35 85 9 7813 
218 1946 21 28 1021 2 419 90 10851 45 549 
41217 45 1134 109 28 7830 2744 12 
1277 549 90 77 9 6574 45 9 7135 347 28 830 549 12 
549 35215 31 68 650 35 77 3531 45 1461 
2346 2527 12 68 12928 430 18 1026 
77 959 2597 215 450 44553 150 204 358 531 219 4 13145 28 
2744 12 
151 12 2209 45 419 84 2223 109 28 1172 1381 49 184 294 
7851 12 419 2892 34 848 143 7873 4321 143 7893 45 7298 
11378 45 11379 17 4329 215 130 4 670 13205 358 219 124 
516 12 419 164 3558 49 6842 12 
143 143 
1232 315 12 1230 1220 1068 12 2 141 454 143 648 143 1233 1232 
1232 2329 1234 141 454 143 648 143 1235 215 1236 219 1232 
1232 1237 17 1162 1238 1239 12 1232 
1232 1240 12 31 316 317 318 1232 
1232 1241 12 1219 12 204 12 241 12 231 320 231 1232 
1232 327 325 326 51 2 141 454 143 648 143 1242 1232 
1232 268 240 143 628 2 1230 302 1243 12 1265 12 1266 143 440 12 350 1232 
