Subject: 1 2 549 4649 308 44194 6345 
109 1302 45 609 607 7284 45 3267 38399 101 2 
41 42 7327 2 
41 
41 41 20 150 204 28 231 1353 143 2900 231 386 34 124 1388 487 12 7 439 150 440 2937 161 150 204 184 
41 41 8334 67 28 10118 31 13348 3864 921 2189 12 28 
41 41 260 124 2428 1368 2189 35 77 8095 8808 74 
41 41 2346 3 45 347 87 21 3579 74 2095 255 306 2259 
41 41 1170 571 4 188 12 
41 
41 72 419 4758 34 9976 164 502 23 2527 45 111 419 8 9 185 21 
41 7894 1329 2527 2 74 4280 306 1353 7895 12 
3198 158 251 72 161 164 9 762 140 31 7921 231 502 231 1353 143 2900 
9663 45 111 28 1021 124 1449 1376 12 419 275 3547 3608 
4 9 215 532 219 7851 31 1353 2527 31 2298 449 2 
302 39325 6834 13998 171 45 
365 653 6834 13998 45 13996 13997 17 38810 45 44279 17 
44280 45 14525 151 12 17 9786 45 9785 6835 45 
361 653 6834 1353 7895 109 2527 6834 2298 6835 449 2 9 
1827 244 6835 45 
39328 653 6834 401 31 28 8000 236 382 109 
1162 1706 17 573 1365 215 2506 143 171 219 6835 45 
76 653 6284 45 
449 653 6834 25436 143 143 11575 6835 45 
16 653 6834 294 3273 5913 6835 45 
1209 653 6834 136 6835 6835 
14525 151 12 44280 1617 31 1225 340 317 1238 
44280 215 23 219 5549 12 2426 44281 176 
44280 215 23 219 10074 12 44281 12 1309 1050 2 397 397 1051 12 10074 12 44281 12 1309 397 763 14525 397 
653 653 653 653 653 653 653 653 653 653 2298 14220 4427 2 1050 2 397 397 1051 12 2298 143 14220 12 1217 397 653 653 653 653 653 653 653 653 653 