Subject: 40142 3623 
2915 700 7 45953 46067 689 3623 215 14 46068 1674 22072 827 143 729 219 746 
7 46069 1747 689 12 909 8316 46070 6710 46071 215 732 
852 143 524 707 1656 5345 705 700 46072 219 12 
14 687 741 12 46073 1645 5719 1753 1656 4810 718 6710 3102 
46074 45 1678 746 3102 167 12 448 12 448 143 167 12 448 12 617 746 1645 732 6408 746 734 
3020 12 4400 1645 46075 732 42759 45 1645 1682 714 687 694 22072 143 13970 746 7 
17511 46069 1747 898 167 12 448 12 1257 12 
3151 45 707 21 46076 4968 718 1669 45 1645 8520 14 687 741 12 46073 
746 718 46077 45935 689 741 12 682 45 5214 1753 1656 45932 
8468 684 1700 1682 746 2315 2316 6710 12 
14 912 
9 12 44416 