Subject: 4731 2 42637 1116 2 1324 49 2403 
648 219 4539 3757 5158 707 21 8800 5541 158 
144 219 1645 4877 684 21 8520 3102 3103 689 1051 12 42518 12 350 215 5214 684 700 
4416 9292 707 46106 12 12 12 219 158 
11750 
143 143 143 143 143 546 626 143 143 143 143 143 
125 2 42637 1116 470 2723 2 42637 302 3221 12 8706 12 2146 472 
102 2 3079 45 1551 264 45 7284 144 2 454 640 
627 2 42637 1116 2 1324 49 2403 
28 42637 1116 58 35337 542 429 1324 49 2403 45 235 
28 1824 7925 31 28 548 1116 12 20 10247 49 9590 
1959 45 2107 2204 1959 17 8220 8813 1370 28 
1435 31 542 754 2135 1000 
215 648 219 1183 1379 21 17 572 31 6826 16457 430 158 
215 144 219 34823 649 4099 4 9 13609 17 1711 143 12334 
9114 158 
215 827 219 1356 46107 4 28 1087 649 3264 12 
28 1324 549 215 7284 397 1219 556 397 1255 219 27 4 28 1824 1181 45 1219 556 45 3326 
891 45 1535 12 1551 7284 45 28 1824 548 1116 45 17 28 2621 
430 
17719 35 77 2850 125 28 1116 150 204 2298 504 143 
1050 2 397 397 1051 12 16841 12 16842 397 42637 
70 430 517 18 77 915 4 3896 109 512 134 21 1125 28 
1324 49 2403 12 883 430 2660 18 65 77 1847 12 
1832 
430 67 28 2578 17 9 387 13977 49 28 363 
4 3896 164 1357 23 28 1116 150 204 2298 504 
1050 2 397 397 1051 12 16841 12 16842 397 42637 
4 2001 21 28 42637 1116 45 28 2135 2563 109 4775 13274 
572 31 28 1971 926 1843 49 2141 2403 1389 
215 648 219 9 1324 49 2403 49 1959 21 8383 8800 1237 
17 1184 
215 144 219 9 294 1172 31 2403 49 46108 
28 1538 632 124 337 12 1970 12 7284 12 195 829 430 109 443 3625 
35 77 275 23 1050 2 397 397 43895 12 8706 12 2146 397 43896 397 42684 397 2403 397 7284 397 3625 12 1056 
1085 1114 
3220 430 1816 151 2 430 1816 1127 2 649 45 1366 
17 12222 
42637 1116 2 
51 12 215 17880 219 42820 46109 
240 143 628 42637 2 42637 302 3221 12 8706 12 2146 
1050 2 397 397 1051 12 16841 12 16842 397 42637 
13274 1971 2135 2563 2 
240 143 628 2135 2563 2 42684 302 3221 12 8706 12 2146 
1050 2 397 397 43895 12 8706 12 2146 397 43896 397 42684 397 11012 12 1056 
