Subject: 1 2 45028 141 240 827 45029 12 12 12 
43227 215 746 44845 219 
322 45034 705 700 4833 45035 689 40681 12 43227 2 1696 3652 45036 687 
45037 3733 15818 1658 8603 215 3718 2303 45032 45 3014 70 4930 684 
45038 
746 45039 45 8345 3115 45040 14 3075 2303 45041 1680 746 1645 21 
45042 219 12 14 21 45043 45 70 705 45044 734 701 3134 8700 
215 1676 3733 739 219 1645 5719 3115 45040 45045 746 1645 
8266 21 2415 689 204 150 45046 12 
70 705 700 45047 732 3139 45 5093 897 
14614 
10709 10710 101 2 
41 98 99 101 2 
41 
41 41 4468 1288 1119 4696 689 44810 684 2308 2291 2415 707 45030 12 
41 41 5179 40995 322 741 12 10710 70 16173 715 158 
41 
41 44845 45 4425 12 
41 2780 14 687 44835 691 45 8662 732 4836 5163 45031 12 
41 70 746 705 17147 4820 1749 
41 1050 2 397 397 44810 12 14615 12 630 12 631 12 350 397 45048 397 45048 12 1056 
41 43071 704 700 7673 689 43727 12 
41 15688 704 4539 2291 2415 707 45032 746 1645 1722 
41 684 21 231 45033 231 12 
41 734 909 45 5093 685 2780 12 
41 6504 
41 10709 10710 
143 143 
43 12 14614 2559 1068 12 141 454 143 648 143 45049 143 6248 
3274 12 31 4729 17 1225 45050 12 51 12 141 454 143 648 143 45049 143 31079 
883 1333 176 31 267 14614 302 14615 12 630 12 631 12 350 
11287 23440 789 45 267 268 1051 2 1050 2 397 397 1051 12 14615 12 630 12 631 12 350 397 763 14614 