Subject: 55848 33952 15156 33943 11491 33929 33941 54261 43221 16549 33939 43620 397 9895 397 48752 397 56044 397 3230 16549 33958 
43620 397 9895 397 48752 397 56045 54261 56046 33952 15156 33943 11491 33929 33941 54261 43221 56047 33947 15155 
33927 138 46580 6956 53414 6795 11180 55896 44500 53666 33921 52882 44500 15157 33917 
56048 45 33953 33931 33947 33939 12987 11491 6776 138 33934 11178 33947 33921 16549 138 54536 15157 33917 33943 6899 33938 6795 11180 11312 46580 16549 
53414 33950 46580 56049 143 56050 7091 33953 6770 33941 15158 4318 33942 33945 55915 33917 33943 56051 
15157 33939 6956 33948 7301 56052 54261 43221 16549 33939 1966 3454 644 12 0 138 56053 56054 644 12 0 16549 33958 56055 33941 4318 33954 33924 33924 10274 33949 33929 33924 6956 7091 33953 6770 33941 15158 53414 33939 33945 15157 
33941 15158 33921 33918 56056 46580 16549 
11180 33948 46580 6956 4318 52873 33920 4318 53414 6795 4318 4318 15157 33917 33943 6899 33924 33932 33927 15155 33945 15157 33929 7091 33929 33942 11180 55867 33950 
56048 33929 7091 33929 33942 11180 55867 33950 2666 2607 46580 56057 1156 46580 56058 53666 33929 54261 52874 138 11204 33927 15155 16549 44500 56059 33938 15157 33917 33943 6899 33929 33933 33952 11491 52874 11180 46580 16549 
10274 33953 46580 6956 33929 33942 138 56060 
33933 14669 46580 6956 53414 33952 33952 6776 33921 33918 33936 56061 7091 33953 6770 
52882 33949 46580 6956 33954 52881 33929 46580 11491 33950 33933 138 54261 43221 
14674 138 33941 15158 33954 52881 33929 46580 11491 33950 33933 138 16549 33939 3990 2659 16549 33958 16549 44500 14393 33941 4318 43221 33954 52881 33929 46580 55848 33952 15156 46580 16549 
54261 6776 46580 6956 4318 52873 33920 4318 56062 7091 33953 6770 
33938 10274 46580 6956 33953 33931 33947 33939 3230 
52879 33940 46580 6956 33938 6795 4318 33938 6795 33946 4318 43221 56047 33921 7296 16549 44500 33936 10274 33924 33924 14393 33941 54268 33933 11180 53414 33939 
33918 33942 6795 36209 54261 11491 16549 44500 33938 6795 4318 33938 6795 33946 4318 43221 11491 11178 33920 16549 56047 33921 7296 16549 44500 33933 56063 138 53666 7303 11178 56064 18094 6795 138 33924 15158 33927 33937 4318 33939 33927 56065 53666 54489 11180 10274 33936 33921 46580 16549 15157 33939 6956 33948 28867 56066 3323 3451 
54261 11491 4318 53666 33921 7650 4318 52873 46580 16549 
53666 52879 46580 55621 11312 33918 54816 33953 33924 33936 33953 56067 33944 33918 138 33921 11180 
33952 7296 33918 33944 33938 33943 54261 4318 14674 138 6956 36209 52873 53666 55538 4318 33929 33929 33924 33952 55863 11312 54492 33941 6927 33944 33931 33938 3177 53666 33943 33954 7091 
33941 6927 33944 33931 33920 44500 33942 33947 56068 54261 56069 33937 11491 6956 33929 33924 33952 55863 11312 54492 
55538 138 33938 16549 33945 54853 143 56070 56071 56072 
15157 33917 4318 11491 16549 33945 1051 12 56073 12 1217 
1050 2 397 397 1051 12 56074 12 1217 