Subject: 470 471 2 1 2 653 138 1770 143 1771 143 248 138 1772 138 653 151 0 653 240 729 653 1269 648 653 4523 653 4524 653 240 248 653 1269 617 653 240 248 138 653 936 1642 150 1082 472 
3187 45 
6749 6812 3186 240 143 628 4317 7009 6934 6887 7010 6927 4318 6928 3185 6792 6757 6758 
7011 4317 
6789 7012 6774 6983 12 6751 6921 6795 4318 7013 7014 45 3173 3174 3175 
6945 3173 7015 
4317 7016 1511 3186 6795 4318 6772 7017 45 6789 7018 6917 3186 6883 3182 6795 4318 6993 
6943 6757 
358 12 3186 7019 6883 7020 7021 7022 215 7023 4317 
7024 3173 6774 
7025 219 6971 7026 3186 6788 7027 6943 6757 3173 7028 4311 12 
7029 45 
7030 