Subject: 33924 15155 33953 7303 4318 43221 138 36209 
4318 33924 6956 36209 33942 138 15157 33917 215 4318 33924 6956 36209 33942 138 4318 43221 33947 33939 6956 36209 138 11204 33938 18094 6795 33945 53666 33924 33933 14393 4318 43221 33938 3177 219 
56368 
648 12 478 33936 33937 16549 33947 648 33953 15813 36209 52873 53666 33929 52881 33942 33951 16549 11312 638 6110 16549 11312 639 33918 18094 273 215 4318 52873 33920 4318 13462 219 16549 138 
144 12 9014 33936 33937 16549 33947 648 33953 15813 36209 52873 53666 33929 52881 33942 33951 16549 11312 766 6110 16549 11312 454 33918 18094 273 215 5664 46580 56369 827 397 44819 644 219 16549 138 
827 12 9016 33936 33937 653 144 33953 15813 36209 52873 53666 33929 52881 33942 33951 141 766 6110 141 638 33918 18094 273 215 5664 46580 56370 46580 56369 644 219 
644 12 4081 33936 33937 653 144 33953 15813 36209 52873 53666 33929 52881 33942 33951 141 438 6110 141 56371 138 33952 6776 215 5664 46580 56370 46580 56369 644 46580 56105 52878 10274 43221 33927 33948 11178 5757 33942 7303 11491 52878 52873 33929 4318 6956 219 
729 12 56372 33936 33937 397 648 33953 7650 33924 15157 45 144 56373 7301 16549 44500 33954 5757 11491 33940 1064 33918 18094 56374 7296 45 390 33918 18094 273 16549 44500 4318 33936 4318 36209 56056 
16549 44500 
11178 56375 7303 53666 33936 16549 33945 
56376 33953 6795 33933 53666 33948 11180 6899 33952 33943 16549 33945 2356 16 2 1051 12 56377 12 1217 16115 2 5615 7627 2 56378 
7301 56052 16549 33945 33936 33931 52874 138 4318 11491 6776 33918 56379 11180 33916 1050 2 397 397 1051 12 56377 12 1217 397 33953 36209 33941 33952 33954 11312 52874 33953 33933 33953 52873 33950 33942 33951 138 52881 33953 14393 33943 52873 33942 33951 