Subject: 10458 9 44319 44317 6230 
36 195 15 463 4429 193 
106 38 1355 4060 515 15 44317 124 964 21 6230 138 
1355 4060 72 214 150 204 9 55654 45 55 150 204 9 55654 138 
2473 67 15 21025 138 515 8025 220 26 1981 138 
213 124 44318 306 15 21025 17 515 164 26 
9712 138 138 515 164 769 17894 9712 21 37 138 
505 4060 359 959 193 38 35 861 499 195 28 2377 38 482 12 
38 35 8 1379 21 1446 55655 26 8 407 5991 
461 45 17010 17 35023 2661 45 8054 400 8673 45 
17 48 959 12 
68 839 1930 990 306 6823 45 6824 45 5990 17 195 43478 
6456 10446 193 359 208 18 83 38 8 68 839 
251 38 12 7813 8054 193 
6460 487 21 36 195 28 3940 38 37729 193 
38456 10446 12 430 4 1614 193 
2974 11416 8424 504 12 
1050 2 397 397 13755 12 13755 12 4251 12 15612 397 46706 
49 21112 521 21 28 2404 3804 414 