Subject: 1 2 653 138 1770 143 1771 143 248 138 1772 138 653 151 644 653 240 729 653 4524 653 240 729 653 1269 729 653 1269 644 653 240 648 653 4523 653 240 648 653 639 653 151 0 653 240 648 653 1269 648 653 240 648 653 240 644 653 666 653 1269 644 653 5554 653 240 648 138 653 
3187 6748 6749 12 6921 7325 6953 7534 2 6774 6394 7044 4318 11182 4317 6906 7444 6795 4318 6958 
7418 11784 
14671 6792 7530 6865 44948 4317 14808 4318 42594 15567 6766 7167 12 7097 3186 3173 7426 
4311 6751 6777 
6921 6760 45405 12 
7029 
45231 
98 99 101 2 
41 6777 6921 45406 6917 3185 3186 6990 273 4311 12 
41 3186 45407 12 12 12 
41 
41 15714 45 
41 
41 6774 273 4317 7009 45 7500 6865 15840 7065 45 6771 4318 6993 4309 16088 7078 
41 4312 7167 6774 45408 45 6956 4318 6957 4309 7530 6865 44948 12 17555 45409 45316 45410 4309 
41 7530 158 
41 
41 7000 4318 7001 45 
41 
41 6810 11310 
41 
41 14614 2559 101 2 
41 41 
41 41 11169 45411 45 
41 41 
41 41 6906 6812 
41 41 
41 41 6899 219 6766 10624 6865 44948 4312 6792 6793 45412 12 6854 6760 7027 
41 41 45413 6906 45 3177 45107 45414 
41 41 6789 17641 45415 4312 3186 6953 6789 4318 4319 15810 45416 6906 4312 
41 41 6792 15760 6865 15840 
41 41 7065 12 
41 41 
41 41 14669 219 6792 7530 6865 44948 6774 45417 7078 4312 45418 45419 
41 41 3173 45420 45347 
41 41 10585 12 
41 41 
41 41 17571 4318 11780 7589 7446 3173 7100 6895 3182 45421 3185 6887 
41 41 45108 6762 3182 45422 
41 41 3173 3186 45149 45423 3185 45424 12 
41 41 
41 41 7000 4318 7001 
41 41 
41 41 45231 45232 
41 41 
41 41 10501 45119 101 2 
41 41 
41 41 41 11169 45196 45 11773 150 7044 4318 7150 3182 6906 7000 4318 15470 45425 6960 4312 6792 
41 41 41 45426 14634 4318 6776 6906 6919 6988 11718 4318 45427 143 3175 6789 
41 41 41 45428 3173 42274 45429 3186 45430 143 7514 42200 6758 
41 41 41 42242 7078 45 6971 3173 4312 14710 6943 14634 4318 6776 6906 18304 1254 45431 
41 41 41 45432 6758 12 15762 6786 45433 18222 3186 42603 45 6789 6906 41777 
41 41 41 3182 45434 6963 3183 7514 45309 45259 6893 45435 6893 
41 41 41 6927 4318 43469 3185 3186 44810 215 45431 45436 143 45437 143 45438 7284 219 3173 
41 41 41 3182 3183 45439 45 3186 15870 7188 4318 7189 6792 11759 16141 45 
41 41 41 636 397 248 397 7284 12 6948 3183 33810 45 3183 45309 6790 3182 45440 6786 
41 41 41 231 10580 42603 44810 171 45441 143 891 231 3173 3182 45442 45143 6786 6760 
41 41 41 231 45443 45444 8683 6758 45445 231 6934 6792 45446 45447 6906 
41 41 41 45448 6776 6887 45303 6758 42242 12 6906 7000 4318 7001 45 10501 204 12 
41 41 41 45449 12 282 12 1269 12 1598 1254 45 45153 45294 360 952 143 45295 12 
41 41 41 141 454 143 648 143 7905 12 172 12 658 143 144 51 12 141 454 143 648 143 7905 12 1254 12 16260 240 143 628 2 10501 302 30732 12 45296 2 
41 41 41 1051 12 30732 12 350 
41 41 
41 41 143 143 
41 41 43 12 14614 2559 1068 12 141 454 143 648 143 45049 143 6248 
41 41 3274 12 31 4729 17 1225 45050 12 51 12 141 454 143 648 143 45049 143 31079 
41 41 883 1333 176 31 267 14614 302 14615 12 630 12 631 12 350 
41 41 11287 23440 789 45 267 268 1051 2 
41 41 1050 2 397 397 1051 12 14615 12 630 12 631 12 350 397 763 14614 
41 41 
41 41 
41 41 105 2 1983 143 8448 12 6394 
41 41 1983 143 8448 12 6394 650 2 7436 215 1036 397 6394 219 
41 41 656 2 6816 6817 
41 41 
41 41 105 2 1756 12 1284 
41 41 1756 12 1284 650 2 7241 2939 
41 41 215 1036 397 641 143 5141 143 649 143 650 143 7241 219 
41 41 656 2 6816 6817 
143 143 
43 12 14614 2559 1068 12 141 454 143 648 143 45049 143 6248 
3274 12 31 4729 17 1225 45050 12 51 12 141 454 143 648 143 45049 143 31079 
883 1333 176 31 267 14614 302 14615 12 630 12 631 12 350 
11287 23440 789 45 267 268 1051 2 1050 2 397 397 1051 12 14615 12 630 12 631 12 350 397 763 14614 