Subject: 1 2 1642 1082 143 2898 
4962 45 
4793 685 3758 193 
747 617 5085 3293 746 7942 684 14779 5005 1654 12 
6730 4797 3114 898 14780 617 109 273 898 4903 687 14781 2780 
14 7483 12 
81 45 4661 897 732 4500 3864 12 
3777 
625 
321 12 204 12 718 8545 827 3153 617 9 3635 734 382 45 4838 747 6686 897 705 
617 9 700 14782 12 
23 848 2 2244 623 397 637 397 338 141 624 45 38 101 2 
41 4962 45 
41 
41 673 12 1645 4382 718 6710 12 
41 
41 5170 12 687 14644 689 7284 14642 747 1654 14783 5572 3761 
41 3762 12 1645 734 14784 684 6430 898 2387 158 
41 215 2778 12 2502 12 14785 14786 14787 5005 1654 12 219 
41 
41 3151 45 4793 685 3758 193 
41 
41 625 
41 
41 
41 98 4000 101 2 
41 41 
41 41 5122 4962 45 
41 41 
41 41 617 9 747 617 5085 898 6406 684 7476 2315 7477 66 277 5214 684 14 
41 41 7478 2819 12 
41 41 617 9 734 5012 4405 684 1655 617 2838 746 2294 7479 7480 617 3668 746 21 
41 41 273 897 45 1696 7481 4502 898 7482 1778 12 
41 41 
41 41 70 7483 7484 5061 14 21 1519 689 7485 746 
41 41 7486 684 4539 110 31 1612 707 21 6406 5351 909 7487 
41 41 6417 2294 7479 7480 617 3668 897 12 
41 41 
41 41 7488 
41 41 
41 41 625 
41 41 143 143 143 143 143 143 143 143 143 143 143 143 143 143 143 143 143 143 143 143 143 143 143 143 143 143 143 143 143 143 143 143 143 143 143 143 143 143 143 143 143 143 143 143 143 143 143 143 143 143 143 143 143 143 143 143 143 143 143 143 
41 41 98 151 12 4000 45 1272 12 151 
41 41 1617 31 430 384 17 2636 
41 41 7489 176 
41 41 7490 1619 617 827 1272 45 1620 1621 
41 41 
41 41 157 2 5960 7491 215 3083 5580 150 204 2692 219 
41 41 139 2 141 891 7492 7493 641 7494 
41 41 51 2 141 891 7492 7495 
41 41 240 143 628 2 98 12 4000 302 7489 12 853 12 590 
41 41 2739 2 1050 2 397 397 1051 12 7489 12 853 12 590 397 763 7496 
41 41 143 143 143 143 143 143 143 143 143 143 143 143 143 143 143 143 143 143 143 143 143 143 143 143 143 143 143 143 143 143 143 143 143 143 143 143 143 143 143 143 143 143 143 143 143 143 143 143 143 143 143 143 143 143 143 143 143 143 143 143 143 
98 151 12 4000 45 1272 12 151 
1617 31 430 384 17 2636 
7489 176 
7490 1619 617 827 1272 45 1620 1621 
157 2 5960 7491 215 3083 5580 150 204 2692 219 
139 2 141 891 7492 7493 641 7494 
51 2 141 891 7492 7495 
240 143 628 2 98 12 4000 302 7489 12 853 12 590 
2739 2 1050 2 397 397 1051 12 7489 12 853 12 590 397 763 7496 
