Subject: 2012 4 1329 3 
4425 262 45 
16456 49 15 849 12 3835 7 359 3806 548 49 3935 3936 
215 7 8 223 182 21 176 193 219 17 259 7 207 2255 21 95 38 485 
306 15 9177 12 
534 7 2937 15 2141 124 47 530 17 7 35 3359 9 224 31 
6842 2 143 
13 28 849 21 3833 1086 2035 120 45 68 92 21 315 282 4609 45 
2032 31 243 430 574 12 214 124 959 7877 21 8 91 5634 12 
72 38 164 1891 4 1342 143 2261 561 20 124 9713 305 485 
21 255 306 561 17 5634 4 28 6822 16457 12 4618 1430 1958 
16458 49 3999 4337 143 161 229 77 91 3898 38 35 4702 49 
21 216 8012 1856 4 68 9114 12 65 4618 91 16459 13972 
4 2643 12 
118 107 21 77 31 959 95 
256 4425 21 577 866 125 14 
5580 1269 16460 