Subject: 1 2 66 
7000 4318 7001 6895 12 
2502 12 1219 12 
16183 1579 101 2 
41 53 16178 124 359 3806 23 16184 11909 17 3835 7 8 359 
41 66 430 1357 12 
41 
41 143 143 143 143 143 546 626 143 143 143 143 143 
41 125 2 231 10709 16181 231 
41 21 2 
41 635 2 
41 102 2 1037 45 249 637 45 7284 448 2 454 640 
41 627 2 66 
41 
41 41 419 164 148 49 28 273 16 31 53 12 16182 16178 45 35 38 
41 41 81 
41 41 13 20 45 72 55 124 1449 306 38 12 
41 41 
41 41 46 38 45 
41 41 
41 41 10709 16181 
41 41 1225 2445 
41 41 319 150 320 150 