Subject: 1 2 9585 1083 
41 
41 5122 741 12 5555 45 
41 
41 4468 684 3734 17023 21 3747 897 45 3014 4422 2804 17024 898 17025 12 
41 7416 17026 2294 14649 1676 16096 2780 14 17027 8307 
41 898 5386 746 1645 4856 5009 5571 3643 12 2839 
41 1645 4856 684 4976 707 3771 17028 684 17029 718 8307 746 707 697 
41 7942 700 732 17030 12 
41 
41 3652 17031 734 17032 17033 21 17034 897 2784 734 1162 1702 
41 707 2206 2090 384 14 4992 734 11878 10884 4649 12 
41 732 15752 17035 897 700 734 1162 371 384 215 2775 
41 3 746 1702 219 746 10884 4649 12 
41 
41 3006 727 1674 17036 707 902 17037 691 12 
41 
41 3638 3721 193 
41 
41 1301 99 
41 
3093 2289 45 
705 897 8485 1676 2308 17038 707 684 734 17039 12 
1099 17040 17041 45 732 17042 1676 1645 17043 6448 746 1645 17044 
1753 718 4954 1661 3876 700 2 215 747 3109 700 3102 15092 3069 4933 
700 1670 2308 17045 219 12 
17046 215 17047 150 1512 219 2 419 164 985 21 1131 70 2090 408 49 
9676 17048 17049 868 45 568 17050 17 17051 
1362 130 505 130 17052 566 3261 12 
17053 215 11898 150 1512 219 2 5788 8849 31 4342 11447 11410 
1162 9134 125 1329 11408 11561 21 1947 1162 
7970 12 65 1170 6 49 17054 28 7970 31 28 
516 430 12 
17055 215 11898 150 1512 219 2 1136 31 9 1988 31 1362 17 
1468 1366 49 9129 17056 1237 3867 12 
746 3102 15798 144 143 827 4793 1645 15520 4916 707 17057 
17058 45 3164 707 732 3064 17042 215 1670 1645 17059 8356 
17060 15672 219 3164 707 3014 17042 12 3653 705 5348 684 
17061 704 1312 714 17032 17033 1645 2754 1296 4804 12 70 685 
2727 3282 3135 45 4468 17062 5009 3124 
17063 746 17064 4859 17065 12 
6504 
1760 1222 
1232 315 12 3945 151 12 1222 1232 
1232 1086 1762 1068 12 2 141 454 143 648 143 17066 143 264 17067 12 17068 1232 
1232 1241 12 1219 12 204 12 241 12 231 320 231 141 454 143 648 143 1235 215 1236 219 1232 
1232 1240 12 31 316 317 318 51 2 141 454 143 648 143 1242 1232 
1232 327 325 326 1232 
1232 268 240 143 628 2 1244 302 1243 12 1265 12 1266 143 440 12 350 1232 
