Subject: 937 49 17709 1829 
68 817 124 21 1843 38 21 937 4 28 4143 1829 2420 49 28 
236 1329 3 1816 215 17709 219 12 28 2563 124 21 17699 9 
1829 31 848 1329 143 3 775 21 275 68 1816 17 
4278 130 542 4143 1829 12 450 2 
49 959 430 109 28 2518 17 4278 31 68 294 
1816 12 
81 1549 15 2433 109 28 2298 23 2 
568 28 2933 273 16 177 38 293 68 817 130 15 
17710 619 12 
28 17711 3341 31 3884 775 213 199 2412 17 3798 21 
13542 49 2420 12 7 2937 419 8 9 990 432 31 2413 17 
187 435 21 116 46 28 2413 17 17712 49 
3607 4 28 17711 143 2518 368 12 
7 2892 28 1829 31 17709 18 2443 70 2340 4278 4 
17713 28 11609 17714 31 28 1513 1111 17 4 28 
597 5686 17 17715 31 2406 4 1329 3 
17716 12 874 45 7 3037 2574 38 21 436 
4 68 2420 12 2433 18 77 378 1461 334 12 144 45 7284 12 
46 38 12 
116 45 
143 17701 11431 
3946 8096 17709 2420 3553 
143 143 143 143 143 143 143 
10219 2461 12 11431 361 2 2084 
1617 31 1225 2045 139 2 215 17702 219 658 143 17703 
17704 4433 144 12 797 51 2 215 17702 219 658 143 17705 
176 31 10073 240 143 628 2 11431 302 851 12 17706 12 1309 
12139 45 15349 17707 143 17708 1051 2 1050 2 397 397 1051 12 851 12 17706 12 1309 397 1369 397 11431 
391 