Subject: 14649 714 21 16624 16625 
16626 
143 143 143 143 143 143 143 143 143 143 143 143 
21 16624 16627 45 3102 3103 1674 16628 16629 1661 707 2294 16630 45 
16631 684 16632 714 150 15237 3282 16633 14 2294 5336 231 16634 
317 16635 16636 16637 16627 231 12 
14 732 16636 2789 21 16624 16638 684 16639 21 16640 16641 1674 
16642 16643 16644 215 1753 638 4864 219 45 684 16645 2294 16646 45 16647 746 
16648 4990 2786 707 2294 16649 2310 16650 746 1661 16651 45 684 
16652 21 16653 2786 16654 746 684 16655 5005 16656 16657 
16658 5005 16659 16660 12 
707 21 2037 21 16624 16631 684 16661 215 644 219 16636 45 16662 21 16663 
448 16664 16665 3161 16033 16666 16667 2 
648 397 16668 16669 317 16670 16671 16672 
144 397 16673 16674 
827 397 16675 747 16676 16677 746 16678 
644 397 16679 
707 5571 3643 45 2315 16680 14357 684 16681 898 
16624 16627 2 
6103 5005 3289 2 
2625 142 1809 16682 
2625 142 333 16683 
51 5005 3289 2 
2625 142 1808 16684 
3006 