Subject: 38 150 938 205 1180 12 12 12 12 12 
415 23121 1257 63838 1257 12 1257 317 4118 3884 158 3471 63839 
648 3471 70 317 4118 6246 158 63840 317 4118 6246 158 240 151 143 317 4118 1082 158 580 25767 
143 63841 317 4118 1082 158 7143 63842 
63843 454 204 317 4118 9546 158 31180 
345 317 4118 9546 158 
54836 317 4118 793 158 63844 63845 317 4118 795 158 63846 317 4118 793 158 63847 317 4118 1792 158 321 
63848 317 4118 142 158 9 
648 3471 63849 317 4118 142 158 63850 219 63851 
63852 1241 317 4118 9546 158 440 322 
1200 63853 317 4118 13685 158 240 1219 1907 317 4118 10490 158 15797 
4524 952 143 20122 317 4118 142 158 63854 317 4118 793 158 685 13985 1193 317 4118 360 158 18714 63855 30515 7 317 4118 4253 158 63856 317 4118 793 158 240 3688 317 4118 9547 158 130 
63857 63858 317 4118 142 158 3454 
4278 63859 215 63860 219 6834 43402 63861 653 827 151 5052 12 20553 12 63861 158 72 215 63861 12 57471 215 231 63862 231 219 41 0 219 6834 72 215 363 12 3591 653 827 151 653 827 151 144 219 6834 5299 215 231 107 583 408 4215 21 5680 6605 12 231 219 158 611 19337 158 6835 6835 3191 6834 72 215 63860 12 540 653 827 151 653 827 151 827 219 6834 5299 215 231 107 583 408 4215 21 5680 6605 12 231 219 158 611 19337 158 6835 6835 6835 2743 12 63863 653 827 151 63859 158 