Subject: 36323 2 8238 865 3553 143 8694 2405 16616 
130 38 62186 15 20 865 839 17 3088 2473 38 3196 
3084 28 96 185 31 2162 649 49 15 1837 45 38 150 587 
861 1897 62187 203 649 34 124 314 1901 
17 1027 49 13002 572 4 15 2079 12 
419 1453 17 1131 422 17 2079 34 1947 384 1238 1127 17 62188 1141 2 
11204 9 141 
11204 1484 141 
11204 7 143 3519 141 
11204 62189 
11204 62190 
215 1446 203 1836 164 1357 219 
91 31 670 422 8 205 8147 848 96 54868 1461 35988 12 1217 12 
38 3196 65 77 1891 4 670 362 17 393 143 362 5615 11011 49149 21 77 1357 827 2287 38669 45 2405 12 28 11011 124 1351 49 1961 17 244 12 5615 463 17 3940 164 2164 4077 45 281 347 9474 12 
419 35 95 38 306 15 772 143 8172 865 571 1141 422 45 422 109 3992 45 28848 10453 2189 17 9261 3 3867 12 419 65 6825 1350 772 143 8172 2079 49 3570 12 
419 164 9 208 143 7954 1422 49 772 143 8172 10741 649 45 865 17 4427 12 419 3359 9261 3 17 28848 10055 3867 49 1404 6205 17 1536 17 670 10252 1597 2564 33602 8238 17 3 2445 571 12 419 164 9 1966 1422 17687 215 31288 219 45 1966 12188 1333 10252 2445 215 62191 219 17 9 1225 341 1347 2286 12188 865 2445 215 62192 219 12 419 3830 306 9 3986 176 45 70 236 13970 4 38679 143 28848 143 10055 17 9261 3 45 21 3359 8119 17 5481 1058 49 591 31 670 1837 12 
65 45 439 150 440 464 21 4785 67 670 1922 17 1333 305 1184 12 
81 767 298 21 66 14 4 28 254 12 7 933 19 21 6333 306 38 840 12 
56904 1263 45 12171 1762 
347 62193 62194 45 851 
62195 45 851 17 11978 
35168 143 25998 143 62196 