Subject: 68 124 294 23 1512 12 617 64226 
439 150 440 482 21 128 443 240 143 4756 138 
6460 28 235 3979 21 5247 15 16 125 670 133 110 2 
1050 2 397 397 64226 12 1217 397 9253 
68 124 294 23 1050 2 397 397 64226 12 1217 
143 240 143 343 143 16825 21 37 45 2564 37 17 450 37 11416 193 
143 60433 4 3170 143 14203 125 28 60433 9973 1867 4 294 3273 12 
143 481 20 10 143 15 977 5491 21 2949 434 2473 21 481 28 2404 10 12 
143 294 19450 143 9 502 1867 49 990 294 19450 12 
143 5113 514 143 28 945 514 17 64885 12 
143 64227 143 11416 2135 1141 45 64233 1221 64275 17 6372 12 
143 240 143 343 143 16825 21 37 45 2564 37 17 450 37 11416 193 
8066 369 21 77 28 47855 8386 213 7985 21 450 37 3539 11416 17 2564 
37 121 28 42888 193 28 61784 18 3210 434 49 9 11416 16825 1397 26 3539 
109 3079 28 618 902 23 729 640 45 259 481 474 21 5193 4 21 672 37 195 15 
41082 463 23 2 
1050 2 397 397 64226 12 1217 
143 60433 4 294 3273 143 28 60433 3390 164 43885 11416 125 294 
3273 68 1867 17 18 77 2020 74 65184 49 9 65185 294 3273 
65186 11416 109 2059 28 636 902 12 419 8 195 28 14203 31 769 
57582 23 2 
1050 2 397 397 64226 12 1217 
143 481 20 10 143 68 124 15 977 5491 21 2949 434 2473 21 6054 670 
2404 12 419 8 293 3339 31 990 2568 17 164 1960 21 6054 28 
8025 21 15 65187 12 2949 434 959 23 2 
1050 2 397 397 64226 12 1217 
143 294 19450 143 306 28 2643 46619 47754 4 1446 65188 20 150 204 9 502 1867 
49 91 990 294 19450 21 77 13383 12 419 8080 28 34225 31 28 48052 
259 34 38 35 5383 15 1326 2 
1050 2 397 397 64226 12 1217 
143 5113 514 143 419 8 195 28 945 514 17 64885 23 2 
1050 2 397 397 64226 12 1217 
143 64227 143 11416 2135 17 536 19547 12 
68 978 419 150 587 77 1134 109 28 64278 306 11416 9637 31 
64233 1221 64275 12 17 111 36 1027 49 6372 21 85 109 28 21418 
10649 109 28 1254 902 12 49 28 96 60121 45 1537 45 14203 17 11416 
2135 45 3078 21 2 
1050 2 397 397 64226 12 1217 
4777 
3992 5863 
419 8 36231 964 306 3992 5863 21 1211 38 306 91 57218 317 
9135 2529 193 
818 38441 164 1357 109 294 3897 125 64890 12351 12 12 12 28 
10426 7785 12 12 12 12 57262 12 12 12 12 9190 12 12 12 12 7785 3847 17 591 45 591 959 193 251 
439 150 440 523 45 1981 28 2404 369 1427 11600 977 23 2 
1050 2 397 397 1051 12 64893 12 1217 397 64226 
4777 
65189 65190 48889 49 3206 193 
49 1510 31 38 213 164 3559 12525 49 3206 1125 2568 45 58610 
1932 45 9 4213 1200 12 204 12 19547 57 37775 74 639 902 8861 58610 45 58 
274 3944 28 4130 31 28 10407 38229 359 12 648 65191 10260 
9984 45 65190 2 60124 31 28 65192 45 12204 28 1109 65191 55702 
6224 12 4322 499 58610 1932 6230 23 2 
1050 2 397 397 1051 12 65193 12 1217 397 
4777 
65194 23 28 5491 193 
20 150 204 294 12 20 150 204 28913 12 20 150 204 65195 193 60905 40499 65196 306 44150 
64886 65197 143 70 416 4244 31 8876 12 251 959 1032 34 45 38 17 
754 17894 90 6113 10671 21 28 9135 65195 20977 23 28 
7462 19652 61060 4 2643 12 6460 1905 21 861 499 959 11491 
1050 2 397 397 64226 12 1217 397 65195 397 
4777 
6113 9 294 13882 42903 
5991 1379 21 28 1971 45 39130 9758 45 65102 1087 
9527 12 359 45 419 164 107 3311 67 28 945 4 1462 341 251 
28 294 13882 42903 12 38 35 6113 20 274 74 5628 28 8362 109 
28 7462 19652 3981 12 8066 28 13882 8362 328 12 12 12 
1050 2 397 397 64226 12 1217 397 65198 397 