Subject: 1 2 653 138 1770 143 1771 143 248 138 1772 138 653 1219 617 653 5554 653 1269 827 653 240 248 653 639 653 151 644 653 240 729 653 1269 248 653 5048 653 240 248 653 1269 644 653 1095 653 1269 144 653 639 653 3992 653 666 653 240 248 653 1773 653 666 653 1269 827 653 5599 653 5048 653 240 248 653 1269 144 138 653 
7112 5757 12 3188 
7000 4318 7001 7475 3186 14810 12 
4309 14635 6789 17641 17642 6906 15649 3173 3185 11358 4323 17643 6934 
17644 12 
7029 
7174 12 17645 
98 99 101 2 
41 17646 11296 17645 45 
41 
41 17647 11310 6810 3173 6795 4318 6958 17648 16088 4312 6943 15831 8822 4318 14629 
41 14630 45 4309 7057 6795 4318 6993 17649 4318 15950 6934 3186 15891 15892 6758 
41 17650 15894 12 17651 6934 6792 17630 6758 17631 6786 
41 17563 4318 7170 6919 17652 14635 15765 4312 6943 15831 7070 12 
41 6789 4318 17653 6895 3182 6906 17654 6934 14917 45 11308 3186 17655 45 3173 3182 
41 17656 4318 6958 17657 3173 11384 15193 6927 4318 6928 3185 3186 7077 4311 
41 3173 3183 17658 4311 17659 12 
41 
41 3185 11199 45 
41 
41 6810 11310 