Subject: 1 2 470 471 2 470 471 2 358 215 1 219 12426 472 472 
7112 3187 45 
41 41 3151 45 747 15429 1661 741 12 15430 705 15431 15432 45 3069 1661 
41 41 5197 2321 3113 827 746 1661 15433 2838 5016 827 11663 45 714 718 5266 
41 41 705 15434 
41 41 70 700 15435 684 5269 2804 1 143 11663 12 747 5331 700 3164 684 3280 
41 41 8316 2838 70 2804 714 718 15436 1670 15437 707 15438 
41 41 684 1682 1 143 11663 734 15439 45 747 150 684 1661 14351 240 143 628 704 231 15440 231 
41 41 2804 747 150 5009 714 718 15441 215 15442 1670 1645 6432 684 15443 193 219 
41 41 
41 6853 12 15444 3182 6758 7155 273 3182 15445 6766 246 45 2992 3173 5020 6751 6921 
41 6764 3182 15446 3173 6766 448 12 6974 3182 7078 6962 367 3173 4312 6766 448 
41 6756 12 
41 
6751 3186 4318 15447 6787 45 6779 11346 6921 6795 4318 7313 11328 12 3173 4312 6766 827 
14695 15361 6771 4318 6772 
6859 4318 6860 7015 144 15448 12 15449 4312 6792 5020 6771 4318 6772 644 193 193 193 15450 
767 143 298 3182 15451 11715 5757 12 15452 
6786 15453 6786 6760 6879 12 
41 
41 41 3057 45 15454 704 1713 1682 15455 15456 734 2302 1661 
41 41 755 1829 45 7975 3074 2786 5146 3113 6726 14 240 143 628 45 704 705 15457 
41 41 684 15458 367 15456 45 2811 2812 1645 15459 1312 707 2294 
41 41 4497 687 15456 45 70 5137 15460 12 15461 15462 6490 138 
41 41 
41 6921 15463 6786 6789 15464 11328 12 6921 6795 4318 7313 6962 11742 15361 
41 4315 15321 6758 15465 12 7432 45 6921 6754 6786 6795 4318 7313 11829 15466 6786 6921 15467 
41 3182 6880 367 12 
41 
14665 45 7043 4318 15306 15468 3183 15469 2 
41 11773 150 7044 4318 7150 8683 8684 6865 14638 10586 6758 11174 6789 7528 
41 3182 6906 7000 4318 15470 
41 4312 6943 14634 4318 6776 6906 6774 15471 15472 6758 
41 144 15473 15474 11174 8822 4318 14629 14630 215 15167 143 3080 219 12 
41 
41 4309 15194 14635 6758 11174 15475 3182 15476 
41 4309 15477 11172 4315 6913 15478 2 
41 143 6919 11784 15479 45 4309 14635 11834 6789 15480 6766 15361 
41 143 6919 6920 15479 45 3186 15471 15472 6789 15481 15482 6934 
41 6766 15361 6789 7467 14868 4312 3186 11710 45 3185 15387 6792 11304 
41 6865 14919 15483 12 
41 
41 4312 6792 15400 15484 6758 11174 45 6906 15485 3182 7078 
41 15486 
41 215 15487 6774 10637 14810 219 7188 4318 7189 6766 1535 15190 4315 15482 6934 6766 
41 15488 
41 15101 4318 11741 6758 11174 215 3185 15489 15490 219 6789 15491 3182 
41 15492 
41 6919 6793 15477 6893 11172 12 
6751 15453 6786 10588 6789 15464 11328 45 6779 3173 11346 15493 12 
15494 6867 15495 
6758 7061 15496 6795 4318 6993 15497 6758 14809 15498 15499 45 6792 
7057 3173 
6789 15500 12 
41 41 2827 714 2786 4148 15501 1670 4845 15502 684 15458 367 45 
41 41 7402 705 5137 4820 3752 15455 12 15461 15462 6490 138 
41 41 
41 15503 6760 15134 158 6921 15463 10628 6786 6771 4318 6993 11328 12 
41 
6770 12 4318 12 15504 4318 15505 215 15506 45 8212 219 45 15507 215 430 1149 219 12 
6780 3182 11358 4318 15508 6788 827 15509 6925 15397 193 193 193 
6974 6760 7080 15510 3173 15511 6985 150 15390 3182 15512 6774 11710 12 
41 41 3151 45 5137 15513 4148 375 215 321 12 641 12 10686 45 15514 45 5539 219 45 2315 
41 41 15515 705 5197 15516 746 705 700 231 15517 231 12 
41 41 70 15518 15519 1645 15520 6490 12 12 12 
41 41 
41 6780 3182 11358 15521 15522 3183 14665 451 4317 
41 6789 15523 3182 6880 367 12 
41 
673 12 6789 3186 15524 6787 6776 11346 138 
7029 45 
7030 
143 143 
824 315 12 7193 15371 824 
824 824 
824 1507 1924 17 1237 1238 215 15411 219 1239 824 
824 1506 1507 17 2231 384 215 14718 219 1524 824 
824 824 
824 3274 12 31 316 45 10711 176 31 2558 824 
824 14719 2558 45 268 824 
824 824 
824 1068 2 141 454 143 337 143 14720 240 143 628 2 15412 302 10336 12 2720 12 350 824 
824 51 2 141 454 143 337 143 14722 2739 2 1050 2 397 397 1051 12 10336 12 2720 12 350 397 763 7193 824 
