Subject: 5121 
5122 2289 45 
5123 898 5124 3654 3115 5125 1752 684 5126 827 5127 1291 734 
5128 2839 2 
5129 1775 5130 2 732 3688 5131 1674 784 5132 1202 1670 5133 898 1642 
5129 1775 74 1775 105 2 732 5134 1670 5135 2303 5136 4400 2789 5137 
5129 1775 74 1775 105 144 2 5134 397 3688 5131 
5138 2 732 5134 2844 1670 5133 713 12 350 215 390 653 5139 3471 219 
4925 2 5140 21 2356 4511 5141 74 105 215 240 12 913 12 5142 219 5143 21 3688 
16 12 1645 5010 704 734 5144 905 5145 5146 3282 701 5147 3747 
215 5148 158 747 5149 5150 5151 219 12 14 5152 746 5153 12 12 12 707 2789 732 5154 21 
5155 746 21 5156 705 5157 5158 215 2356 107 275 12 12 219 739 5159 2315 
5160 2310 5161 45 150 5162 150 5163 732 5142 746 5164 1753 5165 
5151 143 2659 736 4387 2789 732 5166 700 5167 45 5168 150 5140 746 
5169 21 1329 105 193 5170 45 5171 687 5172 5005 5173 45 687 
5174 827 9 714 5175 746 705 5176 21 3747 2786 45 5177 2356 107 275 193 193 
739 5159 322 2307 700 4416 12 12 5178 12 5179 3282 5180 
1661 5181 45 231 2478 5182 521 5183 231 700 704 1722 707 732 
5184 685 138 138 138 138 138 
684 3280 5185 2804 3641 215 824 2294 5186 746 2783 1293 824 219 4513 1519 
4930 684 5187 12 12 12 
741 12 