Subject: 1 2 402 2129 109 1662 45 336 143 618 3049 2414 
42 43 99 
7 207 118 12 161 124 359 185 419 35 4239 4 373 524 150 92 12 1851 45 670 11956 
294 1209 6498 15266 109 28 76 31 3595 12 670 522 18 77 60 49 373 
1910 215 20 58 205 28 15267 195 443 1010 219 12 
7 207 2255 21 12296 68 2141 12 419 467 38 195 28 96 4 15268 212 
1411 57 12 
192 17 97 12 
15201 15202 
98 99 101 2 
41 42 2847 12 15202 45 
41 
41 20 124 1412 107 261 21 13 38 28 1556 143 1027 2975 74 2532 
41 3391 45 130 28 1556 143 1027 488 124 314 3944 17 20 124 109 
41 3391 608 12 81 82 14 83 72 38 35 861 9 185 31 15269 4 373 
41 524 215 240 12 913 12 74 3801 4240 4697 21 28 2141 219 12 
41 
41 4 184 279 45 46 38 49 15 149 12 
41 
41 98 99 
41 
41 15201 15202 101 2 
41 41 
41 41 42 43 99 
41 41 
41 41 28 488 49 434 124 531 490 12 419 229 107 77 159 21 4239 28 422 109 92 12 
41 41 72 38 35 1549 28 1556 143 1027 2975 21 434 74 2532 956 2414 45 111 419 35 
41 41 6127 306 68 2141 12 
41 41 
41 41 591 192 17 97 12 
41 41 
41 41 15201 15202 
41 41 258 
41 41 15203 302 15199 12 1217 12 10374 
41 41 
41 41 824 824 824 824 824 824 824 824 824 824 824 824 824 824 824 824 824 824 824 824 824 824 824 824 824 824 824 824 824 824 824 824 824 824 824 824 824 824 824 824 824 824 824 
41 41 98 99 101 2 
41 41 
41 41 41 42 2847 12 15202 45 
41 41 41 
41 41 41 7 150 587 4618 21 270 15 463 2 
41 41 41 
41 41 41 15201 15202 101 2 
41 41 41 41 1397 7 35 1844 38 9 10447 45 7 87 21 2339 28 235 
41 41 41 41 9209 17 21 83 91 277 2 
41 41 41 41 
41 41 41 41 361 2 144 380 402 382 109 1662 
41 41 41 41 2907 2 2558 
41 41 41 41 632 2 336 143 618 3049 2414 
41 41 41 41 
41 41 41 41 470 648 472 15195 2861 2 7 2339 617 12 729 231 641 448 231 12 68 124 670 773 32 2861 12 540 3530 
41 41 41 41 28 549 2861 124 644 12 248 231 641 248 231 12 
41 41 41 41 
41 41 41 7 2852 68 124 107 9 260 12 
41 41 41 
41 41 41 41 470 144 472 515 124 28 140 31 449 138 
41 41 41 7 207 107 474 2473 591 26 18 77 4 28 1519 34 38 152 12 
41 41 41 419 1916 21 8 559 638 21 390 451 17 28 1550 1519 34 419 8 
41 41 41 9772 124 848 9 644 449 446 45 568 618 3424 6298 12 2473 591 449 187 34 77 
41 41 41 4 28 1519 34 38 5855 45 9004 9 7746 762 6298 215 4781 
41 41 41 848 3424 219 138 
41 41 41 
41 41 41 41 470 827 472 216 2 15196 765 15197 12 
41 41 41 124 68 584 216 138 419 5633 3229 216 72 38 220 34 12 
41 41 41 
41 41 41 41 470 644 472 184 4097 14203 4 549 138 72 259 45 2473 591 17 4 2473 591 449 138 
41 41 41 41 
41 41 41 359 12 
41 41 41 
41 41 41 41 470 729 472 515 124 15 6261 15198 138 419 1546 9 4781 31 1876 1322 12 
41 41 41 41 
41 41 41 419 18 181 87 559 1876 1322 12 
41 41 41 
41 41 41 41 470 448 472 177 2222 419 13 28 6261 1322 21 138 
41 41 41 2558 45 268 12 
41 41 41 
41 41 41 41 470 248 472 74 5486 347 74 11274 138 
41 41 41 41 
41 41 41 419 87 28 422 1397 28 382 12 259 7 2852 20 18 87 21 77 74 5486 12 
41 41 41 
41 41 41 41 470 617 472 220 38 87 434 21 13 28 422 21 28 7558 196 138 72 259 45 419 
41 41 41 41 87 28 133 16 31 1320 7558 452 12 
41 41 41 359 12 
41 41 41 
41 41 41 41 470 1257 472 120 45 74 5486 347 74 11274 138 
41 41 41 41 
41 41 41 107 1277 12 
41 41 41 
41 41 41 41 470 617 472 179 35 38 13 434 28 1556 143 1027 2975 138 81 3318 144 143 827 524 
41 41 41 41 31 574 92 12 
41 41 41 41 
41 41 41 2532 3595 12 35 419 8 28 1322 4 2558 4 144 524 138 
41 41 41 827 524 18 107 220 12 
41 41 41 
41 41 41 41 49 412 150 4441 109 28 4442 31 28 1556 143 1027 2953 45 
41 41 41 41 81 1981 670 3981 2 1050 2 397 397 1051 12 15199 12 1217 12 10374 
41 41 41 41 
41 41 41 
41 41 41 46 38 49 15 4553 3793 12 
41 41 41 
41 41 41 98 99 