Subject: 653 138 1770 143 1771 143 248 138 1772 138 653 1219 648 653 151 0 653 827 9 1775 14594 143 2414 653 827 9 1775 144 322 1775 5572 1775 14595 1775 1101 138 653 
7000 4318 7001 4312 6792 11171 6792 7057 3173 14808 4318 11780 3185 14809 4318 11185 12 
6810 
143 143 143 143 143 7044 4318 7045 14810 143 143 143 143 143 
6934 2 98 99 
7027 2 14605 302 2062 12 14606 12 350 158 14607 302 14608 12 14606 12 350 158 321 12 9 12 282 12 14609 302 14610 12 853 12 590 158 
5726 12 4007 302 7397 12 1105 158 913 12 3000 302 8288 12 2545 12 350 158 14611 302 3276 12 350 158 
3723 302 14612 12 1217 158 2543 302 1052 12 1053 12 350 158 14613 302 4685 12 13299 12 853 12 590 158 
14614 302 14615 12 630 12 631 12 350 158 10751 302 1243 12 320 12 350 158 4530 302 2545 12 350 158 
10723 8291 158 1241 12 4011 302 2536 12 2537 12 350 158 14616 302 4526 12 350 158 14617 302 14618 12 3815 158 
11293 302 629 12 630 12 631 12 350 158 14619 302 14620 12 6568 12 14621 12 350 158 
10709 302 851 12 10644 12 853 12 10645 158 2534 302 2535 12 2536 12 2537 12 350 158 4617 302 14622 12 5913 12 853 12 590 158 14 
14811 2 623 397 644 397 7284 648 2 892 11753 
7186 2 14594 143 2414 2 144 322 5572 14595 1651 3761 3762 
11169 7093 45 
3185 4318 11185 45 6789 7528 3182 6906 14623 6786 4309 11705 45 4315 14624 3185 3186 
14625 14626 14627 45 8686 3186 8689 
11710 6865 14628 8685 8822 4318 14629 14630 7468 14631 
6887 14632 6758 2414 12 
6789 7078 14633 6988 4309 14634 4318 6776 6906 6919 7072 14635 
6758 11174 12 
6751 6906 14636 45 7100 11307 3185 6762 3182 6906 11747 
6919 11784 11187 6758 11174 4317 6789 14637 7070 6792 7517 12 
8683 8684 6865 14638 10586 45 
6810 11310 
143 
1643 1644 45 
14 6404 45 1645 1646 684 691 7670 704 747 1654 734 4457 14 21 
14639 14640 14641 45 14642 21 8650 
5572 2310 14595 1651 3761 3762 2297 14643 
687 14644 689 2414 12 
1645 685 14645 2775 747 3146 691 5005 14646 14647 
689 4901 12 
70 691 2774 45 909 3117 14 5214 684 691 14648 
5005 4989 14649 689 4901 1676 1645 14650 2720 2294 8468 12 
727 14651 2310 2311 2301 45 
1301 99 