Subject: 442 1225 1369 193 193 65225 
221 30919 138 298 12831 30919 3359 49 15 53647 3837 
824 442 195 1225 1369 824 
20714 31 189 392 639 45 392 454 45 392 638 347 837 392 390 49 53647 53648 138 
20714 31 15 3837 916 499 31 30919 120 138 
20714 31 916 125 13039 21 13039 148 49 28 1457 53650 138 
20714 31 3312 21 4293 395 1850 21 36 15 3837 1960 138 
274 20714 31 528 20714 138 
20 150 204 107 15 11260 161 124 9 1422 193 193 193 193 193 193 193 193 193 193 
12769 497 28 53650 179 38 1853 499 31 30919 124 435 12769 497 
15 11602 179 38 1853 499 31 3360 193 439 150 440 12774 15 5634 4 28 19854 193 193 193 
824 53649 15 30919 942 824 
20 1930 109 184 650 31 53647 3837 45 184 
3837 45 184 19788 45 184 1219 322 1193 322 241 
306 670 53649 5684 38 36 195 28 30919 317 1366 38 87 21 53649 15 53647 
53650 964 21 848 225 12 670 53649 124 3260 45 941 317 4572 21 572 12 
15 30919 942 53649 5684 3552 2 
648 19799 31 3955 30919 12 
648 19799 31 53659 30919 
648 19799 31 53660 30919 
648 19799 31 6630 30919 
195 28 1366 38 87 
9 1832 8028 10930 
65 9 3099 3992 
9 41409 298 6255 4118 49 15 572 306 11416 952 4087 2606 517 45 729 517 2606 1867 12 
1333 5926 
195 68 49 445 
392 892 12 1512 141 204 317 747 
77 208 31 28 429 3920 4157 4 68 5686 128 9 298 12831 19799 31 3955 30919 
824 5054 298 824 
1324 41409 143 298 215 6255 219 27143 143 65226 
2671 15 2261 49 28 10 12 
670 16168 73 1479 3555 164 1357 952 954 2606 517 248 2660 2606 1867 49 
15 1213 12 
15 30919 942 53649 5684 479 306 9 454 143 517 483 182 5697 45 259 1074 306 
30919 942 53649 38 150 1 107 8379 20 45 38 150 1 1413 20 
1324 41409 143 298 215 6255 219 27143 143 65226 
17 3042 36383 92 317 392 392 392 392 328 