Subject: 1 2 1329 3 16285 141 
16286 45 
16287 13463 16288 16289 16290 16291 16292 16293 240 143 628 16294 16295 3660 16296 
16297 16287 16298 16299 417 16300 16301 2 
262 99 
1617 31 1225 340 
176 31 175 
2010 2642 
282 636 1257 645 
175 
6372 
16302 16303 16304 16305 6435 16306 240 143 628 1260 16307 12 
215 16305 16308 16287 4 1103 16309 45 16310 16287 16311 16312 16313 16314 16288 
16315 12 12 12 219 
7 207 1383 6218 132 569 215 74 1086 219 17 2576 21 3042 109 9 2012 4 
249 12 534 45 226 7 207 107 9 3935 16283 45 132 16284 2393 4199 445 
132 388 17 876 7 207 148 49 9 185 21 216 132 8012 1856 12 4 68 
6177 45 7 187 435 21 672 2428 15 425 187 77 1891 4 
3866 132 1086 49 28 997 373 1010 12 
28 627 34 7 8 205 1960 109 112 150 28 1147 31 1329 
3 1708 150 45 2103 28 2013 17 9256 3261 31 
91 550 2343 143 3 1708 12 7 187 435 21 7227 68 
1086 45 148 23 762 143 4073 561 31 1329 3 45 
13122 509 3869 4 208 31 37 12 
81 82 14 83 2428 38 187 77 1891 4 132 1086 12 
7 187 77 47 501 21 8 28 1129 21 548 306 38 12 
148 19 21 4024 125 38 12 
16316 
262 99 