Subject: 653 138 1770 143 1771 143 248 138 167 138 0 397 11165 827 11166 448 240 617 913 648 282 0 653 138 653 
653 1219 827 653 240 729 653 240 1257 653 240 648 653 1269 827 653 240 648 653 1269 144 653 1269 0 653 240 648 653 240 1257 653 240 644 653 240 1257 653 1774 45 
653 1269 827 653 1269 248 653 240 729 653 1269 644 653 240 1257 653 5596 653 1774 653 1773 653 240 729 653 1269 644 653 666 653 1269 827 653 1269 729 653 5048 653 5554 653 240 644 653 1269 648 653 240 1257 653 666 45 653 5554 653 1269 248 653 240 729 653 1269 644 653 240 729 653 1269 0 653 1269 648 653 666 653 1269 248 653 1269 1257 653 1269 648 653 1095 653 1269 827 653 240 729 653 240 1257 653 1269 827 653 1269 644 653 666 653 240 617 653 5554 653 1773 653 240 648 653 1269 644 653 240 248 653 1269 144 653 5596 653 240 648 653 1269 644 653 1774 653 1269 648 653 1269 644 653 240 1257 653 1269 827 653 240 248 653 1269 144 653 1269 644 653 1269 1257 653 5048 653 1219 729 653 1269 0 653 240 1257 653 1269 644 653 1269 648 653 666 653 1269 0 653 5598 653 5048 158 653 1219 617 653 240 648 653 1773 653 1269 0 653 666 653 1269 648 653 666 653 5599 653 1269 827 653 240 648 653 1773 653 240 729 653 5048 653 240 648 653 240 144 653 666 653 240 248 653 240 617 653 1095 653 1269 827 653 666 653 1269 729 653 1773 653 240 729 653 5596 653 240 648 653 240 1257 653 240 729 653 1773 653 240 729 653 4523 653 1269 144 653 1269 0 653 1269 648 653 666 653 1269 644 653 240 729 653 4523 653 5048 653 666 653 5048 653 1269 644 653 240 648 653 1269 144 653 1773 653 240 729 653 1269 648 653 240 1257 653 5596 653 1774 653 1774 653 1269 644 653 666 653 1773 653 240 648 215 653 240 827 653 240 1257 653 240 648 653 1269 0 653 240 648 653 1269 648 653 1774 653 240 644 653 240 729 653 240 1257 653 240 827 653 1773 653 240 648 45 653 1773 653 666 653 1269 729 653 5554 653 1269 648 653 1269 248 653 240 729 653 1269 644 653 240 648 653 240 1257 653 1269 827 653 1269 644 653 666 653 5048 653 666 653 1269 729 653 1269 644 653 666 653 5600 653 5048 653 666 653 1773 653 240 648 653 1269 644 653 666 653 1269 729 653 5596 12 653 151 0 653 1095 653 1269 644 653 240 648 653 240 648 653 1269 0 653 5600 653 1269 644 653 666 653 151 644 653 1773 653 1095 653 1773 653 240 648 653 1773 653 240 648 653 1269 144 653 240 827 653 240 1257 653 240 648 653 1269 644 653 240 248 653 5048 653 1219 729 653 1269 0 653 240 1257 653 1269 827 653 1269 644 653 240 248 653 1773 653 666 653 5048 653 240 1257 653 5596 653 1095 653 1219 729 653 1269 0 653 240 1257 653 1269 644 653 1269 648 653 666 653 1269 0 653 1095 45 653 1269 1257 653 1269 827 653 1269 644 653 5600 653 1269 827 653 666 653 1269 0 653 1269 648 653 666 653 1269 644 653 1774 653 1269 827 653 240 729 653 240 1257 653 1269 144 653 240 617 653 240 648 653 5596 653 1774 653 5048 653 240 729 653 240 1257 653 1773 653 5600 653 5048 653 666 653 666 653 5596 12 653 1219 144 653 4524 653 240 648 653 1269 248 653 1774 653 240 144 653 240 648 653 1269 144 219 12 653 639 
653 1219 827 653 240 1257 653 1774 653 5048 653 5048 653 240 248 653 1269 144 
14716 14717 45 2012 570 
1506 1507 17 2231 384 1524 215 14718 219 
3274 12 31 316 45 10711 176 31 2558 
14719 2558 143 268 
1068 2 141 454 143 337 143 14720 45 14721 51 2 141 454 143 337 143 14722 
240 143 628 2 14723 302 10336 12 2720 12 350 653 639 
2739 2 1050 2 397 397 1051 12 10336 12 2720 12 350 397 763 14718 397 255 397 14724 12 1056 