Subject: 471 2 1 2 66 16 49 1225 1816 25 
3187 45 
6749 11732 19 21 6927 4318 6928 4317 7009 6934 6943 15334 7078 7468 15335 6758 
15336 7284 12 
11708 
41 2072 2 
41 641 143 183 2 15337 302 15338 12 15339 12 3519 
41 632 2 332 45 333 607 7284 135 2 1973 2 1267 143 4037 
41 21 2 1760 15340 
41 125 2 15341 15342 
41 627 2 1 2 66 16 49 1225 1816 25 
41 
41 1760 45 
41 
41 20 58 205 7290 226 7 2023 306 851 25 45 251 68 124 515 7 
41 83 12 7 3559 2023 306 3490 15343 161 143 143 2149 17 4284 12 419 777 9 
41 502 1960 10827 12 534 45 7 2937 34 28 160 34 369 124 
41 28 401 4625 124 1214 15344 143 143 15345 302 1225 12 2426 
41 
41 226 1214 227 765 45 7 8 107 506 9 1371 401 306 
41 37 12 7 150 938 275 34 769 6237 199 772 45 17 31 203 45 306 28 
41 10884 574 1816 45 38 35 107 436 4 28 32 15346 
41 839 72 38 572 851 25 12 
41 
41 72 38 482 91 411 2587 31 2871 12980 34 18 85 451 17 
41 3990 9 401 45 7 187 77 1011 21 1844 38 91 411 2587 130 505 12 
41 
41 7 2937 34 851 25 926 502 548 45 17 7 112 1011 306 28 8366 
41 179 419 106 572 37 12 
41 
41 15341 
41 
41 
41 
41 41 42 15341 45 
41 41 
41 41 7 187 435 21 672 49 9 7744 12 187 38 81 1844 14 91 66 
41 41 16 
41 41 31 5565 1225 1816 25 138 7 187 435 21 8435 28 
41 41 5688 26 
41 41 25 28 401 31 9 382 109 1610 1611 419 
41 41 3169 4 
41 41 2558 997 1209 12 
41 41 
41 41 96 97 45 
41 41 
41 41 1760 
41 
41 143 143 
41 382 1153 1184 
41 15347 15348 4592 12 
41 2050 7960 45 15349 15350 143 15351 
41 215 15352 219 11426 143 8829 470 139 472 
41 215 15352 219 11426 143 15353 470 51 472 
41 15342 302 15354 12 1217 
41 1051 12 15354 12 1217 