Subject: 9180 15 2745 64279 4559 54098 306 445 248 3510 193 
9895 52940 54098 143 941 21 481 193 
9180 15 2745 9895 52940 54098 306 445 248 3510 
125 19652 55462 49 1389 392 618 12 1529 12 
143 143 143 143 143 143 143 143 143 143 143 143 143 143 143 143 143 143 143 143 143 
215 977 5889 5883 2 231 7 150 938 3870 132 849 17 4441 102 74 6205 34 6214 60605 39 143 1457 14459 45 164 7132 5821 21 28 8424 7712 2162 28 546 45 2974 432 31 3593 17 4441 12 81 77 19479 38 164 59189 15 483 17 3270 74 13376 125 6205 213 83 7289 173 68 8172 397 4729 1384 231 143 143 14763 60491 219 
9180 15 2745 9895 52940 54098 306 445 248 3510 
125 19652 55462 49 1389 392 618 12 1529 12 
1403 47948 2 
653 653 653 653 653 653 653 653 653 653 653 653 653 653 653 653 653 648 143 19652 55462 8777 143 323 215 386 4118 9031 143 22314 219 
648 143 6956 60487 60488 12 144 12 144 741 143 144 12 644 741 51801 215 386 4118 10873 143 60436 219 
648 143 7848 22278 143 1876 22278 6836 60438 215 818 73 219 
144 143 1269 7107 9 60489 143 650 60490 215 386 4118 50273 143 14593 219 
618 231 143 359 12 618 4600 55638 9812 
618 231 143 4438 784 60437 9895 
1366 1403 2 64280 317 19697 12 64281 13691 317 62480 215 10405 219 12 
36 195 28 53679 48877 1323 45 63 2606 3620 17 38679 35299 
1323 49 12 12 12 298 45 298 45 298 193 193 193 
369 45 72 7 8 15 442 12 12 12 82 14 2949 38 2473 68 57218 
1129 3378 67 12 
132 105 124 14763 12 7 11416 4 294 3273 5913 45 294 3273 12 7 8 14367 
10671 21 670 5913 7303 204 64282 3390 12 7 1521 9 18794 31 9126 21 208 
31 28 19547 68 977 249 12 
214 56 45 231 7 7303 151 6582 21 521 72 38 35 8 14 182 3314 74 848 2 1529 321 12 282 12 231 7 
6336 1456 34 91 19547 1853 274 1335 848 2 1529 321 12 282 12 17 187 214 188 419 
3799 72 28 9984 112 1276 12 
2051 3793 112 45 231 359 45 7226 124 28 40 64283 143 64284 64285 
64286 9206 17 7 8 20 109 63 2606 3620 231 7 56 45 231 220 38 188 72 7 
329 28 20734 306 38 231 138 214 56 45 231 474 45 359 1021 231 12 259 419 521 329 
68 990 20734 109 9895 63 2606 3620 17 419 164 28 445 373 5933 23 
132 17894 930 12 
121 28 20734 215 226 20 112 259 502 219 7 69 21 63 1894 31 28 64 
49 28 20734 12 132 17894 270 112 45 231 359 45 359 45 34 7303 204 107 829 12 12 12 
7 221 28 20734 49 298 193 231 12 7 56 21 1456 45 231 49 298 45 439 7303 440 1510 64287 
64 559 392 638 12 1529 9 15338 138 231 214 6336 14 45 231 194 45 26 220 45 251 7 6221 9 
9895 54098 323 125 70 52886 31 9126 49 392 1877 12 1529 231 12 
214 840 3053 34 68 231 3547 3955 323 231 7985 195 28 63 2606 
3620 2578 1357 193 20 65 57169 4 195 28 53679 48877 1323 
17 195 28 38679 35299 1323 12 
132 3793 215 308 64288 219 112 45 231 7 60053 8 208 193 231 231 392 1877 12 1529 45 359 
1021 177 220 7 63 193 193 193 231 7 7303 282 5648 45 7 112 33763 12 53402 
53679 48877 1323 45 63 2606 3620 17 38679 35299 195 49 9 
208 143 92 578 31 392 1877 12 1529 12 12 12 359 185 193 193 193 
231 359 185 231 112 1457 12 28 8820 34 18431 132 60916 28 323 112 359 177 21 
77 275 12 7 112 93 53278 12 20 112 369 92 49 12251 
8813 12 7 64289 17 64290 306 132 18794 395 214 3798 21 82 14 
85 2051 323 5505 4601 74 4601 21 450 2473 21 481 208 49 1904 12 
52454 20 112 47 941 45 72 20 3794 7303 440 4572 7 934 769 112 9 6266 
5491 20 112 107 985 182 1122 259 7196 12 
369 28 6134 124 5610 12 12 12 7 7303 938 221 132 2745 323 540 7 12269 306 132 2745 
373 2276 12 
187 38 435 21 9180 208 1897 138 193 138 193 
72 259 45 187 38 63 392 1877 12 1529 12 6463 259 45 6463 107 12 181 107 45 4606 
38 2664 208 548 429 12 251 226 34 124 107 261 45 7 18 3616 38 
9 2974 432 31 4441 109 2473 21 9180 208 1897 49 9 60484 
392 618 12 1529 12 534 45 23 34 80 38 1906 65 3252 9 4118 848 9118 2591 41536 20618 306 1764 4170 190 56783 12 
38 3196 672 45 124 68 91 650 31 52955 143 2354 54427 1987 12 28 270 124 359 193 
3212 58 1402 19310 31 2473 17 953 26 220 515 26 220 12 
419 164 274 576 21 64291 9 3230 347 6621 9 3591 347 2087 28 
6619 1495 670 1225 57552 12 20 195 6520 86 31 9 3039 432 
31 4270 12 28 9895 52940 54098 124 359 218 12 
534 45 49 14217 2870 7 1906 1907 21 68 849 34 68 3359 17 
432 31 4441 2222 77 53516 177 15554 74 1190 17 28 
8930 31 3510 829 21 481 68 231 3547 20372 231 548 124 49 
10741 2870 445 12 
21 73 9 432 31 28 4441 13 392 618 12 1529 74 5634 45 4322 347 483 
73 34918 21 2 14763 60491 14214 45 390 60485 9408 9832 35596 45 294 3273 5913 45 3170 60486 
7 18 628 15 73 499 1370 952 954 31 357 20 12 840 45 7 
18 1844 38 9 5495 6125 1003 3214 72 38 164 62345 49 
184 311 12 
1011 3380 193 193 193 
116 45 
14763 60491 
321 12 204 12 2 28 572 31 68 8777 143 323 72 38 518 21 521 109 17 450 72 15 
8849 1930 1432 359 64292 31 15 2003 9895 408 12 
38 2858 20729 20 4 45 1457 9586 15 52940 12 
321 12 321 12 204 12 2 308 28 4441 20 7303 204 435 64293 499 2473 21 432 28 
18573 109 15 8132 12 306 28 4441 45 38 164 13388 2487 12 