Subject: 1086 1846 430 
7 8 430 1846 21 28 235 45 81 66 14 72 161 
124 2423 31 1543 21 38 2 
1883 176 
1086 16522 
1883 176 124 3866 1086 11662 49 987 11904 213 
164 1383 4 16580 17 213 467 21 611 21 7785 16520 21 7227 
769 16581 12 215 488 2 337 397 729 397 1819 219 
176 31 175 
28 9776 31 9378 8183 49 16582 12 28 8183 9304 21 1526 
294 3867 347 4270 540 164 1383 528 2030 49 399 
4099 12 215 488 2 337 397 648 397 1819 219 12 
7595 2050 31 340 45 8172 12 317 1741 
16583 16584 49 1086 17 243 1837 12 215 488 636 397 827 397 1819 219 12 
14793 16585 16586 3599 
4747 1357 49 3895 49 2491 3361 21 9096 14793 6363 
17 8016 213 8 314 16587 769 3361 17 164 4 87 31 4747 
21 2974 769 3269 12 215 488 2 1535 397 827 397 1819 219 12 
28 7739 1816 
7739 1816 16531 14030 987 1086 11662 12 6123 
1906 77 16588 2585 667 17 1764 17 4579 9 9568 417 4 9 3935 
176 12 215 488 2 617 397 648 397 1819 219 12 