Subject: 6956 7296 33918 5757 
653 653 653 653 653 648 12 648 138 52881 240 143 628 61080 11204 653 653 653 653 52874 33918 61081 46580 33916 138 59883 16549 33943 61082 138 61083 11180 56268 3920 61084 16549 33943 54551 4318 61085 4318 33916 
52874 33954 33916 11180 16549 33943 61086 61087 46580 52882 61088 52882 6956 15154 46580 61089 16549 33943 11180 61090 11204 6956 33929 61091 61092 11312 11178 
61093 54536 61094 11204 6956 33929 61095 52882 16549 
11204 61096 11204 61097 7091 15155 16549 33943 61098 7091 44500 61099 33939 61100 16549 33943 15155 11178 33929 6776 4318 11177 7091 33917 61101 52882 16549 
827 16549 52873 11204 61102 16549 54558 54536 6795 7091 61103 52882 5757 33921 61104 11204 15154 7091 14393 138 15154 52882 16549 
61105 16549 61106 52882 7091 648 12 648 138 52881 240 143 628 61080 11204 52882 11204 61107 16549 52873 
61108 16549 52873 
2405 61109 11204 16549 11178 25593 61110 11204 16549 33943 61111 648 12 648 138 61112 16549 33943 15155 11178 33929 54262 33924 54262 
61113 52882 16549 33943 55869 7091 61114 54536 16549 33943 61115 11312 61116 52882 61117 729 16549 33954 16549 11180 6956 11178 52879 11204 61118 11204 61119 
61120 827 12 343 61121 11178 33918 61122 46580 56061 46580 61123 4318 16549 11180 61124 11204 61113 52882 52882 6956 
11204 61125 52882 61126 33944 6776 33944 54803 16549 11180 56361 46580 61127 11204 61128 4318 61129 11204 52882 16549 
7091 44500 55499 16549 52873 16549 33944 171 
6795 7091 55941 11204 33918 5757 33918 16549 52873 
61100 33921 33921 5757 52882 5757 33917 6956 138 4318 33917 58763 33921 33921 7091 6776 11180 11204 33916 4318 14669 11204 729 61130 61131 138 56828 16549 44500 61132 16549 33958 46409 33921 10274 16549 52873 61133 
16549 44500 4318 6956 16549 61134 11180 61135 33954 6795 33918 61136 11312 52882 46580 16 52882 33921 16549 33958 
6776 33944 4318 4318 61137 54536 61138 7091 14393 7091 61139 33927 6957 33929 11180 33921 14674 12 2723 2 61140 302 55884 12 1217 
4318 6956 138 14669 16549 52873 33929 59865 54551 11180 14674 63795 11180 54536 63796 33921 63797 52882 46580 6795 33918 63798 52882 33921 6770 11312 14674 4318 63799 11204 16549 52882 
52882 46580 63800 11312 63801 52882 33921 59863 11204 33918 5757 33918 138 33929 63802 11180 6899 33918 14669 33927 63803 52882 16549 
33916 138 60006 33944 4318 4318 4318 33916 11312 61141 16549 52882 16549 52882 16549 52882 