Subject: 14594 143 3080 2 144 380 402 382 109 1610 1611 
1321 49 1123 11467 12 12 12 
653 653 653 653 653 653 653 653 653 653 653 653 653 653 653 653 653 653 653 653 653 653 653 653 653 653 653 653 653 653 653 653 215 28 626 1528 4 15716 219 
144 3177 15163 15164 8822 6802 15165 15717 15718 15719 215 15720 143 2414 219 
15721 15722 15180 6802 15723 15724 
336 143 618 15168 2414 
15169 
2739 2 1050 2 397 397 1051 12 10336 12 2720 12 350 397 763 14594 3080 
240 143 628 2 14594 3080 302 10336 12 2720 12 350 
4309 15194 14635 6758 11174 6789 15333 3182 6906 15725 6786 
4309 15726 15727 4312 6792 14811 6893 15177 4312 6792 15178 
15179 
6893 15180 4318 15181 15182 15728 4312 6766 1304 14199 7284 12 6871 
15729 6789 15730 
4312 6792 15731 4318 6776 6776 6956 4318 6957 6865 15732 11358 7188 4318 7189 6766 336 15733 2414 12 
15192 7502 4312 3186 11710 15734 45 
15649 3173 4312 6792 15178 15179 4312 15180 4318 15735 15729 
6996 3182 14866 6919 15736 6758 11174 2 
1050 2 397 397 1051 12 10336 12 2720 12 350 397 763 14594 3080 
143 143 143 143 143 143 143 143 143 143 143 
144 322 15737 5572 3761 3762 215 14594 143 2414 219 
5335 4476 1697 15738 
336 143 618 15739 2414 
14643 
2739 2 1050 2 397 397 1051 12 10336 12 2720 12 350 397 763 14594 3080 
240 143 628 2 14594 3080 302 10336 12 2720 12 350 
747 15740 2311 14647 1661 15741 1645 15742 684 691 15743 
704 
747 15744 5710 707 2294 15745 1674 15746 707 2294 5335 
4476 
1674 1697 15738 15747 2303 1304 15748 12 2315 5067 1645 
15749 
707 2294 9157 747 2783 2310 15750 2786 1753 718 336 15751 2414 12 
5571 2317 707 21 5572 15752 45 
1678 746 707 2294 5335 4476 707 15753 5067 
1730 684 5573 5005 15754 1661 15741 2 
1050 2 397 397 1051 12 10336 12 2720 12 350 397 763 14594 3080 