Subject: 14594 143 3080 2 488 6475 17 430 49 28 570 1531 
1321 49 1123 11467 12 12 12 
151 240 9 151 1193 7 1241 240 240 641 440 240 1241 204 7 322 1241 
838 1324 49 451 
144 380 402 382 109 1610 1611 215 14594 143 2414 219 
336 143 618 134 2414 
2558 45 268 
2739 2 1050 2 397 397 1051 12 10336 12 2720 12 350 397 763 14594 3080 
240 143 628 2 14594 3080 302 10336 12 2720 12 350 
68 124 21 2424 38 34 28 488 49 4440 9 358 
21 14594 143 2414 58 205 3044 12 
2152 45 4441 49 15151 15152 6987 49 28 570 
1531 
8 205 3944 12 
28 294 1915 164 28 235 2 
294 2340 1915 
653 653 653 653 653 653 653 653 653 653 653 653 653 653 653 653 653 653 488 49 1550 31 358 6987 2 1535 249 7284 
488 49 1550 31 1446 451 2 454 249 7284 
488 49 1550 31 3044 6987 
49 28 570 1531 2 454 2955 7284 
959 277 67 28 382 35 77 275 23 28 235 2298 2404 2 
1050 2 397 397 1051 12 10336 12 2720 12 350 397 763 14594 3080 
28 2390 756 
6770 6899 15153 11177 6899 6927 4309 6770 15154 3177 15155 7174 6927 15156 6957 6899 6927 15157 6770 3177 14669 3177 15158 4309 6927 7174 15154 14674 6899 6927 6957 6958 7650 
15159 15160 15161 15162 
144 3177 15163 15164 8822 6802 15165 15166 215 15167 143 3080 219 
336 143 618 15168 2414 
15169 
2739 2 1050 2 397 397 1051 12 10336 12 2720 12 350 397 763 14594 3080 
240 143 628 2 14594 3080 302 10336 12 2720 12 350 
3186 14810 6854 6760 4312 3182 6906 15170 6786 15171 4309 15172 
15173 11172 6774 15167 143 3080 12 
11384 15174 10624 4312 6792 15175 15176 15177 4312 
6792 15178 15179 
6893 15180 4318 15181 15182 12 
6871 15183 15184 6760 6871 15185 2 
15186 15187 11766 
653 653 653 653 653 653 653 653 653 653 653 653 653 653 653 653 653 653 653 653 653 15175 15188 8822 4318 15189 11172 2 1535 15190 7284 
15175 15191 7011 8822 4318 15189 11172 2 454 15190 7284 
15175 15176 15177 4312 6943 
15179 6893 15180 4318 15181 15182 2 454 14575 7284 
15192 15193 4312 3186 11710 6996 3182 14866 6774 
11716 11717 6758 11174 45 7468 7126 1050 2 397 397 1051 12 10336 12 2720 12 350 397 763 14594 3080 
4309 15194 14635 6758 11174 