Subject: 2531 2385 215 10060 219 49 99 302 590 12 12 853 12 852 12 851 
5085 1 17069 1291 17070 138 
8568 715 21 628 617 9 8458 215 1026 746 4473 905 17071 219 12 
70 21 17072 2812 17073 4962 8345 3282 19 736 17074 81 12 
1692 732 3014 707 5163 17075 8 9 933 302 1051 12 1073 12 350 397 17076 
4383 17077 3748 
17078 
4089 4089 1232 397 397 
302 302 
653 653 653 653 653 653 653 653 653 653 653 653 653 653 653 653 653 653 653 653 653 653 653 653 653 653 653 653 653 653 653 653 653 653 653 653 653 653 653 653 653 17079 653 653 215 1775 219 653 653 17079 653 653 653 653 653 653 653 653 653 653 653 653 653 653 653 653 653 653 1230 17080 143 17081 8 38 1355 211 67 12 12 12 
157 741 1254 45 17082 2692 45 28 17083 31 28 1484 
10763 45 3277 323 791 45 175 45 282 394 648 17084 
1068 1044 2 138 138 138 138 138 138 138 138 138 157 2 438 17085 17086 302 17087 12 774 12 10763 12 853 12 590 
51 12 438 17088 1050 2 397 397 1051 12 774 12 10763 12 853 12 590 397 763 17086 
653 653 653 653 653 653 653 653 653 653 653 653 653 653 653 653 653 653 653 653 653 653 653 653 653 653 653 653 653 653 653 653 653 653 653 653 653 653 653 653 653 653 653 653 653 653 653 653 653 653 653 653 653 653 653 653 653 653 653 653 653 653 653 653 653 653 653 653 653 653 653 653 653 653 653 397 1775 397 4089 1775 4089 
143 143 143 143 143 143 1014 413 626 143 143 143 143 143 
41 125 5338 143 10984 302 851 12 10084 12 1309 606 334 609 343 2 336 2 336 4284 
632 2 606 45 609 334 1512 847 2 1304 2 784 143 11435 
149 143 21 2 7193 302 851 12 10277 12 1309 
183 2 5338 143 10984 302 851 12 10084 12 1309 
125 2 7193 302 851 12 10277 12 1309 215 7193 10786 219 
21 2 1123 3239 31 110 
627 2 215 10984 219 17089 143 6608 9585 
641 143 21 2 10984 302 17090 12 851 12 10084 12 1309 
641 143 17091 143 30 2 248 12 648 143 143 17091 74 17092 
649 143 447 2 17093 
28 1617 31 1225 340 23 28 176 31 11504 45 
2050 3847 215 17094 219 7367 124 8956 429 677 3349 389 
23 195 17095 12 9939 14728 2413 4 195 1527 
18 77 2170 45 251 419 164 1012 8956 2413 4 
28 1527 31 1237 1238 45 1738 17 9758 12 
28 1617 124 200 4 28 17096 2088 31 8021 45 151 12 1219 12 45 
4 1276 17097 21 591 762 17098 17 1433 
1341 17 1370 4 941 1379 21 11505 17 17099 12 
28 1617 58 2995 3349 389 17 16166 2159 3269 
2950 23 1404 28 5481 17 8119 10461 12 3986 
1086 1959 164 1113 4 1527 222 130 31 1610 
1611 45 1225 10895 45 1225 5566 45 10099 384 45 
2475 384 45 1353 143 1225 2175 45 7736 3261 45 
772 7895 2636 45 1342 143 92 384 45 1237 1238 45 
2019 17 3261 31 1708 12 2413 213 164 
1891 84 13 9 2079 2083 45 9 1086 1534 45 17 23 
1557 754 215 827 219 2587 31 2076 21 2 
17100 756 45 
1617 31 1225 340 45 
176 31 11504 
2050 3847 45 12373 14489 143 17101 12 
81 672 15 2076 21 13 769 372 462 
485 21 28 16 6136 414 12 840 430 67 28 
1617 124 1357 1461 
1050 2 397 397 1051 12 851 12 10277 12 1309 
1050 2 397 397 1051 12 851 12 10277 12 1309 397 763 7193 397 3946 12 1056 
49 1446 5501 1036 1906 77 293 74 3595 648 45 250 12 
28 176 31 11504 124 70 9500 1129 45 17102 2135 
17103 12 
7193 10786 
1176 45 17100 756 
143 143 143 143 143 143 143 143 143 143 143 143 143 143 143 143 143 143 143 143 143 143 143 143 143 143 143 143 143 143 143 143 143 143 143 143 143 143 143 143 143 143 143 143 143 143 143 143 143 143 143 143 143 143 143 143 143 143 143 143 143 143 143 143 143 143 143 143 143 143 143 143 143 143 143 143 143 143 143 143 
28 10984 16399 8053 591 255 45 17 84 445 77 576 49 
461 31 597 1543 21 28 10099 1132 12 
3592 21 36 109 347 2354 10984 84 521 21 17104 302 851 12 10084 12 1309 12 
21 4196 13 
4196 10984 15 1446 105 
21 9253 13 
9253 10984 
21 2671 15 16 
13 70 9253 3214 125 28 972 16 
13 9 4196 3214 125 28 294 16 
21 861 499 959 1414 13 
95 
143 143 143 143 143 143 143 143 143 143 143 143 143 143 143 143 143 143 143 143 143 143 143 143 143 143 143 143 143 143 143 143 143 143 143 143 143 143 143 143 143 143 143 143 143 143 143 143 143 143 143 143 143 143 143 143 143 143 143 143 143 143 143 143 143 143 143 143 143 143 143 143 143 9146 143 
143 143 143 143 143 143 75 413 626 143 143 143 143 143 
143 143 143 143 143 143 143 143 143 143 143 143 143 143 143 143 143 143 143 143 143 143 143 143 143 143 143 143 143 143 75 31 595 626 648 
143 143 143 143 143 75 413 626 143 143 143 143 143 