Subject: 1 2 470 471 2 470 471 2 358 215 1 219 12426 472 472 
3187 45 
6771 4318 6993 15525 7428 11328 6927 4318 6928 3185 375 6865 
15526 7586 4317 8788 6774 6796 15527 12 
14665 2 
358 786 143 41 9094 143 15528 714 15529 
358 1069 143 41 1222 45 8291 714 10980 
2754 746 15530 714 3633 685 4985 
15531 215 14661 143 322 738 705 700 
714 10980 219 
358 1967 143 41 15532 45 8799 143 714 
15533 12 15534 45 14348 12 15535 
5092 5939 2320 138 
7030 
824 824 824 824 824 824 
824 315 12 7193 
15371 824 
824 
824 
824 1507 1924 17 1237 1238 
215 15411 219 1239 824 
824 1506 1507 17 2231 384 215 14718 219 
1524 824 
824 
824 
824 3274 12 31 316 45 10711 176 31 
2558 824 
824 14719 2558 45 
268 824 
824 
824 
824 1068 2 141 454 143 337 143 14720 240 143 628 2 
15412 302 10336 12 2720 12 350 824 
824 51 2 141 454 143 337 143 14722 2739 2 
1050 2 397 397 1051 12 10336 12 2720 12 350 397 763 7193 824 
824 824 824 824 824 824 