Subject: 5991 1058 49 1971 11068 
38 8 205 1180 12 12 12 
68 124 359 5412 193 
38 164 4156 21 128 9 1058 1059 12 306 9 2901 1058 
9081 31 392 5620 13388 45 
12869 
31 15 1335 1058 5610 12 
6460 487 369 193 
49 13002 12406 31 15 1058 1059 12 653 
38 1906 77 1254 28520 12 972 45 9 1200 12 204 12 16283 347 6622 34199 215 9082 10082 219 45 306 17 2567 9722 61 17 9 16849 21023 18489 31 392 6255 347 959 12 
653 
68 626 124 1471 49 6205 213 164 1891 4 670 3359 12 
72 68 626 58 3386 38 4 1409 45 419 6060 49 28 2670 12 
81 
6460 487 
21 77 6617 125 460 8364 12 
34 18 10452 15 870 273 16 124 7850 6617 54273 1316 
407 1443 4270 12 
192 12 317 54274 158 