Subject: 
848 397 246 397 171 
2502 144 741 1422 193 
617 20699 12532 315 12 45 9788 9789 45 60786 12 
22185 425 231 65073 231 608 3083 12 8861 54699 1524 58 
1461 1315 389 31 769 3247 1086 
1617 65074 9972 430 67 769 3570 
9177 12 12 12 
8139 112 490 65075 17 992 199 7809 45 
17 1461 17230 143 7697 4373 419 8 4705 34 28 
341 17 1237 1422 164 4 28 368 31 
528 39503 193 
4 765 65076 52637 45 568 2119 573 384 28 572 
31 28 294 341 17 1237 4646 28 2502 144 741 
1021 1876 3471 31 28 92 12 
68 532 8809 37614 425 231 65073 231 540 124 274 
827 1010 972 124 1461 2119 4373 369 58906 
306 28 231 536 18568 231 193 
231 65073 231 28 462 21 933 49 193 