Subject: 341 124 3801 434 1740 31 670 9502 505 143 
17 21598 122 921 1892 1010 12 
3799 19728 10660 45 148 45 21598 17 3324 
502 9826 1461 2231 53164 12 
502 9826 124 959 1032 28 6058 31 34950 12 20 150 204 2228 31 64977 17 54074 34 7924 434 21 7952 
195 31 2261 150 204 11614 59508 45 12869 31 962 12 
143 49 9 64978 45 50235 38 45 419 8 19695 64979 839 12 20 150 204 259 4572 143 20 
1930 193 
161 164 754 941 1438 21 13260 19695 17 3832 20 2354 49 502 12 
143 53164 35 64980 49 15 40280 17 6290 12 
2858 518 28 839 34 96 43028 49 15 40280 17 6290 12 1463 38 518 45 38 150 587 933 
990 193 
72 38 482 959 277 45 81 628 130 64981 302 132 12 64982 12 1217 12 419 18 270 38 3838 12 
195 31 68 53164 8366 306 454 2660 60516 45 17 1389 2449 8067 164 18432 306 765 454 
9881 255 164 568 369 12 28 5610 125 68 8366 124 765 639 1010 4 28 21027 12 
81 6821 21 15 18794 49 68 430 12 
118 49 184 2670 12 