Subject: 1 2 14594 3080 1685 
4962 15042 70 4930 746 732 1778 2 
15043 1507 1924 
11027 1924 17 384 
10751 
143 143 143 143 143 143 143 143 143 143 
41 125 2 98 99 
41 21 2 10751 302 1243 12 320 12 350 
41 627 2 14594 3080 1685 
41 632 2 7163 45 454 15044 7284 827 2 847 11753 
41 
41 11204 1162 1163 
41 11204 2101 17 1424 
41 11204 2576 17 8965 
41 11204 1742 17 2234 574 
41 11204 1329 3 17 1162 1706 
41 11204 237 1504 
41 11204 1506 1507 
41 11204 5566 17 8964 
41 11204 1353 1225 2175 
41 11204 1711 143 1164 384 
41 11204 561 31 2231 384 