Subject: 1 2 1329 3 16285 141 
16287 16322 16323 16324 240 143 628 16303 16294 12 16325 16322 16287 16303 
11034 16326 16327 3437 16328 30 4660 1498 143 16329 16330 16331 
3660 16297 6464 16332 16333 11034 16334 5097 12 
16335 16323 16336 16337 16338 16339 16340 2 
16287 16322 5149 12 3658 12 729 16341 158 16342 6272 16343 16344 6272 1591 143 1592 
16345 12 16346 16347 7992 3315 1260 16288 16348 45 7450 16303 
1591 143 1592 5149 12 3658 12 16349 16350 12 5817 16351 16352 4 16353 16354 
16301 16355 16356 12 5363 1260 16357 16358 16348 45 16359 
16287 2878 16355 16360 16361 2878 3437 4667 
1564 11034 16340 16362 3437 16363 16364 
16365 12 16287 16366 16367 45 16359 5817 16323 16368 215 16369 45 
16370 45 16371 45 12 12 219 16372 16373 45 16374 11034 16334 16323 16375 12 
16376 16377 3172 