Subject: 1324 369 193 
4425 161 193 
8 38 1355 50087 2 
515 150 204 4 13039 49 3193 138 
213 38 150 1 985 21 2564 138 
2428 347 107 38 150 1 985 21 36 34 990 294 3372 38 2033 49 138 653 639 
18 38 2564 34 2577 7898 411 138 
653 556 274 67 2423 3191 34 3513 460 2578 138 
953 107 861 499 369 138 83 515 21 1916 193 1324 28 54885 35893 369 23 653 639 
648 143 16876 143 24964 143 65421 347 648 143 21884 143 9026 143 65422 193 
87 95 5528 9 632 138 482 21 2564 34 7898 411 45 347 274 8 28913 306 28 1457 160 49 38 4 15 2088 45 308 28 1408 65423 53704 31 20872 138 1324 28 37522 23 648 143 16876 143 24964 143 65421 347 648 143 21884 143 9026 143 65422 193 
34 150 204 107 195 193 161 164 644 45 971 37 45 2116 411 1184 21 518 125 179 38 1324 193 34 150 204 274 28 5824 193 861 499 74 4780 964 28 139 17 3801 434 9 1324 193 1510 2589 120 164 648 143 16876 143 24964 143 65421 347 648 143 21884 143 9026 143 65422 12 
3042 369 60033 15 57109 17 28892 193 1844 434 9 1324 193 653 639 
15 18793 45791 229 274 77 23 28 411 75 31 28 1479 193 274 9 139 1324 497 193 439 150 440 8901 499 193 1324 369 193 
215 1254 347 34251 445 81 12 392 144 12 1082 21 392 729 12 1082 397 5889 219 