Subject: 1 2 14594 3080 4307 
3748 1670 897 21 6653 45 4468 4511 15669 3280 1676 705 3648 240 143 628 684 
15670 704 732 3654 15671 707 15627 12 3014 4797 3422 704 747 
5710 4511 4969 6601 746 21 5143 1726 150 15672 12 0 9 732 4382 5268 
718 3153 12 
2297 15673 322 15674 4511 15675 14 3728 3014 15676 15677 3115 3738 12 
2297 15665 3115 714 732 3064 3014 4416 701 3728 215 5445 3161 648 143 144 
8288 0 15678 219 12 
4514 0 15679 3293 705 1713 15680 15681 8495 45 747 0 15682 15683 
15684 618 143 636 8288 0 15678 12 
625 
41 
41 4962 45 
41 
41 3006 707 2294 6686 12 705 3679 704 1298 1700 3114 3014 15621 45 
41 1721 2297 5004 739 704 705 5092 15685 707 732 15621 1676 15686 
41 15687 12 15688 704 3150 700 673 45 15689 732 15690 6725 4996 746 
41 747 15627 3071 15691 12 15692 6410 2310 15012 714 732 2618 
41 2310 553 12 1726 150 715 15693 684 15694 704 848 397 618 1645 2308 
41 3150 732 4307 12 
41 
41 714 14969 45 3150 3742 3748 158 2297 15695 6728 3728 2 143 219 
41 
41 4957 714 4521 685 3293 746 2788 684 734 8520 1658 714 2832 
41 4908 12 
41 
41 625 
41 