Subject: 3314 371 1061 35967 193 298 54532 193 193 193 193 193 
763 763 763 763 763 763 763 763 763 763 763 763 763 763 763 763 763 763 763 763 763 763 763 763 763 763 763 763 763 
964 21 392 848 741 141 648 3083 8741 18489 
670 3314 143 371 1166 124 65373 193 
470 68 124 107 23352 472 
763 763 763 763 763 763 763 763 763 763 763 763 763 763 763 763 763 763 763 763 763 763 763 763 763 763 763 763 763 
824 19653 392 144 45 1857 143 392 729 45 1857 141 3382 143 143 1544 1370 648 143 644 1910 193 
824 4186 484 14023 
824 353 3471 4149 21 38 109 1320 73 
824 359 18432 45 359 6165 2580 
824 548 125 3314 45 359 2359 45 359 36232 45 409 12 
824 359 1481 2596 1403 
824 772 8172 865 317 1947 
824 107 23352 45 1876 641 959 35056 
824 670 1347 58 9 264 3471 1840 13538 677 
231 7 8 359 2050 10252 45 359 9990 65374 865 45 17 7 
8 4430 37775 132 2745 1166 12 7 12433 11610 34 53481 
7 187 36 28 9499 7 6186 12 369 7 19653 959 1032 195 31 132 
55146 10459 17894 12 977 1867 7 65375 392 343 45 2862 12 12 12 
4 208 1867 193 132 17894 164 1449 189 49 570 49470 17 
7 150 282 11068 49 9 294 3702 12 231 
4626 65376 45 62917 45 11263 
130 70 374 2329 12 12 12 
359 87 21 1844 9 6165 19827 45 
359 87 21 13 430 317 
359 875 16907 12 
215 3852 8009 124 298 219 
439 150 440 82 68 1129 6821 38 74 12 72 38 150 1 70 54151 347 
8 3559 4428 21 77 15 2745 54136 45 68 124 28 208 12 
141 141 141 141 141 141 141 141 141 141 141 141 141 141 141 141 141 141 141 141 141 141 141 141 141 141 141 141 141 141 141 141 141 
952 143 4087 41409 143 298 34487 626 
1324 369 193 648 143 215 6255 219 26921 143 65377 
141 141 141 141 141 141 141 141 141 141 141 141 141 141 141 141 141 141 141 141 141 141 141 141 141 141 141 141 141 141 141 141 141 
21 77 6617 125 670 133 110 149 21 2 
1011 7905 302 65378 12 1217 12 184 59128 18 
77 43993 17 15 3214 49 21112 
9474 12 46 38 12 