Subject: 5188 
5189 45 
1727 1670 4395 2294 5190 4511 3282 4553 317 5191 1422 707 684 
5192 21 5193 2939 746 684 21 4382 5194 14 5004 732 5195 12 4464 704 
1713 1682 5196 143 1221 746 5197 5198 2812 732 1642 1846 5199 45 70 746 
1727 705 700 746 5200 12 
4382 5201 732 4454 5202 746 5203 898 3688 16 5204 12 707 
5205 5192 5206 1000 734 5207 746 1312 5208 5209 2146 684 
5210 1670 5211 21 694 5212 898 5213 5214 684 5215 21 
5216 714 21 5217 5212 1753 2294 231 2 231 1670 700 746 21 3688 16 12 
747 5218 2310 5161 734 5219 14 5016 5220 700 747 5221 684 5222 
2294 5223 2 
5224 653 5225 12 5226 215 5227 219 12 5228 215 219 158 
5140 21 5224 700 5229 5213 12 5230 45 70 705 5231 5005 1219 5232 
684 1661 5233 5234 215 1670 700 3113 12 12 5235 3069 1722 684 
5236 5237 732 5238 5239 746 684 5236 5194 21 5240 219 1291 5160 
1722 684 4909 707 684 5241 687 5242 5239 734 1291 3747 5243 21 3688 193 
1312 45 732 5244 734 3282 2935 215 5245 5246 219 707 684 4382 5247 
5248 45 746 5249 3282 5147 5213 5250 1670 3280 5251 5252 5253 
705 5254 2294 5213 12 5255 215 150 350 150 219 12 
5256 45 322 5257 5258 684 1682 700 1696 5239 5259 2 684 5260 905 
5261 45 684 5262 5263 746 5264 746 684 5265 732 5202 2786 45 2315 
5266 1645 5197 5267 707 684 5236 36 718 225 2786 12 5268 70 21 
5269 3733 1645 685 5270 746 707 5271 5272 734 
5273 12 1645 3280 5185 45 707 1727 4413 5274 5275 746 
4413 4833 898 5276 3069 14 4474 1946 1645 734 5277 
5278 714 5279 5280 12 5281 70 705 3280 5282 2819 5283 
4908 45 3652 1645 5284 684 5285 5286 45 1696 684 5287 3282 5288 
5289 714 2784 1661 746 70 5290 5209 2659 14 5291 1947 684 2726 
5292 684 5293 714 3282 5294 5288 2294 5295 5296 1661 2659 5239 
746 14 718 5160 1661 5297 684 5298 746 3282 240 143 628 5299 70 
2819 5300 714 2294 5301 12 12 5302 3293 707 684 3734 5303 746 
5304 746 3635 5005 5305 691 12 12 12 
741 12 