Subject: 1 2 16098 16095 5005 1654 
16120 707 2294 16121 45 902 16122 215 746 2294 9157 219 12 
741 10764 
109 1302 45 952 3049 7284 45 98 99 101 2 
41 11296 16123 45 
41 
41 7000 4318 11851 4312 6792 16088 15877 6906 6919 11705 45 6792 7057 15388 3185 51 
41 15806 16124 7115 12 
41 3174 16125 3183 15309 6893 16126 10585 45 4318 10636 3183 15309 
41 6893 16127 12 14713 4318 16128 3173 16129 12 7031 3182 11343 6771 4318 6993 7014 4315 6854 12 
41 
41 3185 11199 45 
41 
41 6810 11310 
41 16130 12 16131 11705 
41 