Subject: 17709 2420 1508 
68 626 124 21 377 28 1508 31 28 2420 31 28 1829 
31 28 294 236 1329 3 1816 215 17709 219 12 7 207 118 
49 28 523 12 68 112 137 21 28 2177 34 28 546 2038 
1829 31 2978 3919 21 3923 1833 28 997 3968 2413 
4 73 21 481 9 9257 17 959 2364 1829 31 1535 12 371 
109 9 937 31 14050 6205 45 28 8147 1535 2413 199 2 
7725 913 12 9064 2 
17718 17719 17720 2 
3790 2516 2 
100 7 12 44 2 
17717 9065 2 
4423 781 12 17723 2 
2251 1095 2252 2 
11456 781 12 8945 2 
1562 10166 2 
11615 10161 2 
17724 9074 2 
14004 10169 2 
13828 747 12 17722 2 
2394 2395 2 
1587 3487 2 
2957 9064 58 3798 21 77 16902 13970 31 28 1524 12 
7 187 435 21 46 195 31 1510 213 2142 4 28 2420 
368 130 17712 45 2413 45 17 397 347 17725 12 7 2892 
419 8 9 990 13962 1829 17 7 207 474 419 195 467 37 
28 96 4 13962 28 1816 540 18 95 21 9780 28 
11609 2487 31 28 1513 382 12 
116 45 
143 17701 11431 
17709 3946 8096 2420 3553 
143 143 143 143 143 143 143 
10219 2461 12 11431 361 2 2084 
1617 31 1225 2045 139 2 215 17702 219 658 143 17703 
17704 4433 144 12 797 51 2 215 17702 219 658 143 17705 
176 31 10073 240 143 628 2 11431 302 851 12 17706 12 1309 
12139 45 15349 17707 143 17708 1051 2 1050 2 397 397 1051 12 851 12 17706 12 1309 397 1369 397 11431 
391 