Subject: 494 14548 497 14548 11 2543 
662 2078 219 
139 2 1278 35 354 15 1299 690 3267 5 2991 19 220 2476 
34 21 35 71 178 446 1817 24 
568 139 2 1338 9531 40 10900 571 14 15 14548 2034 3629 24 220 46 
354 303 2991 2 96 14593 3012 139 558 14594 22 2913 14 904 40 867 7 
2764 14548 20 14593 40 46 
1192 1505 3516 14 221 15 3802 13892 608 14593 
1192 168 15 14548 5826 149 240 25 916 46 
7 7 55 8724 15 4131 1238 40 
35 630 2435 7 1572 19 20 55 
1064 15 14580 187 4102 4895 24 
71 561 19 15 1354 12 84 2024 46 
14593 1761 215 5 46 
56 14595 14 4131 60 
56 14595 14 1551 14596 215 14548 14597 60 
56 14595 14 1551 14596 215 14548 3029 11 60 
568 46 904 133 390 3890 14548 14597 40 35 19 20 
3890 15 11 365 40 35 239 112 390 1499 1286 22 
383 40 15 14593 2029 19 20 1995 219 2442 12 3637 19 
14598 84 40 15 7924 7457 14 14548 20 14593 80 
6847 19 20 390 413 234 149 40 14599 55 14548 2 96 56 437 
14600 60 14580 20 4131 1035 24 
15 1354 13117 40 14601 590 14459 15 14593 7701 354 15 
14593 3386 109 7 7 1322 14 941 80 55 15 14548 3029 11 
2155 24 
6781 46 2907 40 3763 133 24 124 20 3654 20 10 14602 
123 24 
6782 46 21 84 217 14603 20 3667 217 84 14548 518 35 24 220 2130 19 25 2 96 21 
14604 84 14605 84 14593 532 40 35 71 2945 2124 19 20 46 25 
1886 24 
917 392 40 8426 1322 14 313 71 3577 5 2991 19 
14606 24 
25 3613 46 3382 17 410 1201 38 15 404 25 1198 354 
40 132 22 6 19 146 25 40 46 14548 51 5085 24 53 
40 285 19 146 22 3410 6 40 46 14548 7 285 51 5085 24 53 