Subject: 
10 
45 46 5050 51 17759 24 53 
40 46 
61 46 1866 19 2326 58 3377 332 46 5605 46 3290 338 
54 46 17 1468 5050 17760 219 
231 40 4458 51 17759 24 53 40 4458 868 45 522 884 885 56 184 6 87 54 1271 60 
925 10181 5050 17761 19 
31 313 2 254 4284 17762 5050 939 45 919 91 464 17763 249 22 1892 1702 347 19 313 625 500 139 2 1338 2938 133 24 
390 140 91 869 14 3158 2 96 1633 17729 12 22 17764 14 1210 5050 24 6630 498 5050 175 45 5050 919 3003 249 17765 347 541 17766 24 91 2 96 258 362 9428 5050 406 215 40 1863 313 22 1468 17767 5050 17760 1499 230 565 522 12251 17768 24 
902 354 362 9428 5050 19 390 17769 17 5050 150 313 2353 25 20 21 347 219 2365 91 80 3113 80 1698 20 5670 38 458 2365 19 20 1573 1817 15 1266 17768 91 80 3790 230 91 2549 80 17763 24 
15 17767 5050 17760 415 22 344 1193 14052 20 1881 17770 230 1920 1171 24 25 12 3829 1468 150 313 927 881 2 96 5050 17771 20 2359 349 8940 14 15 17772 5050 313 151 4284 17762 24 
40 234 17 1468 17767 5050 17760 19 1463 40 295 46 187 187 267 24 17759 24 53 187 17773 24 2610 20 391 354 881 2 96 5050 17771 106 24 25 2 96 1797 40 2353 20 547 22 1892 1702 19 313 2 1278 35 587 10017 14232 17 1685 5050 919 20 13489 15 404 5050 313 151 4284 17762 219 
5050 45 362 9428 12 21 12500 219 230 1295 19 10315 17774 12 249 1920 491 24 1982 22 17775 20 17776 17777 12 1920 491 24 2296 108 17775 24 31 313 215 15 498 7606 14 17778 17768 19 391 354 522 17779 6725 230 1920 447 24 1982 22 17775 20 17780 17781 230 1920 345 24 335 108 17775 24 
5451 13 14 881 2 96 5050 17771 6142 3693 24 129 80 184 8020 20 184 17782 91 313 151 40 1286 24 150 313 4545 17 208 349 8940 14 5050 19 390 2 1278 146 313 15 17760 20 25 12 1934 40 856 19 477 31 313 15973 1279 17 589 208 2462 14 5050 24 
904 413 390 1286 83 585 1317 239 25 2 96 1797 24 5 12 498 5050 19 354 22 498 2465 20 390 402 91 421 313 665 25 19 313 2 37 519 1488 40 215 25 24 71 1839 19 390 402 91 313 2 1278 215 25 568 571 19 313 2 1278 643 40 165 17 5050 12912 316 24 
1234 219 7 7 5050 84 10848 84 362 9428 2 96 413 2 3 35 1052 71 432 17715 603 3019 477 354 1443 5050 8424 24 5050 8424 151 40 1182 1120 5050 230 15 1050 91 15855 230 25 20 91 2001 25 17783 71 1120 13212 230 2133 19 1751 477 2505 219 354 362 9428 5050 19 390 17769 17 5050 150 313 2353 25 20 21 347 219 
498 5050 12 10848 17763 5050 24 15 17772 5050 56 1602 313 17769 25 868 60 12 362 9428 5050 24 568 234 17 1468 17760 323 219 350 55 295 46 187 187 267 24 17759 24 53 187 17773 24 2610 20 460 313 2 1278 35 17784 15 404 5050 313 151 4284 17762 219 
4112 17785 
5050 13685 20 952 
362 9428 5050 1827 