Subject: 1455 40 4483 
7 7 
1455 40 15 4483 884 885 219 
259 1384 5 6 230 3655 1840 24 1610 313 24 
31 313 4284 643 40 4458 868 45 5 884 885 19 
313 413 146 18 40 38 15 194 
2653 71 15 290 14 17 286 6 46 
285 4483 
87 45 641 1946 19 1591 839 51 840 24 836 24 689 46 
285 4483 839 51 840 24 836 24 689 
31 313 4284 433 40 234 71 1221 38 15 2309 14 15 885 19 
56 31 313 151 1862 4817 19 87 151 375 133 15 
885 436 60 146 286 40 24 
5 12 15 1094 8290 230 1443 884 1227 150 313 433 
40 1221 22 3812 24 
902 2 96 15 1094 203 230 15 885 313 2 254 11824 40 19 
71 542 313 1 2 3 437 151 25 46 
1455 40 4385 4484 2 96 4483 885 219 
4483 12 15 4042 8157 884 885 14 4485 20 
648 24 3123 289 4945 19 1468 5045 19 15 1830 14 
4782 20 14542 19 14543 19 20 630 24 
3407 12 1468 19 20 313 413 4486 164 1290 31 313 
15 6 4488 24 313 413 566 40 1615 133 2191 164 
1573 14544 24 17 286 86 34 21 35 939 1389 24 
17 2627 12 4385 4484 19 553 916 5 885 71 1107 24 72 
12 22 10151 19 3136 19 20 12591 14545 24 313 413 683 
127 630 133 1889 354 46 
295 46 187 187 267 24 4484 24 1583 187 
293 20 203 55 4816 20 4817 80 123 354 46 
295 46 187 187 267 24 4489 24 53 187 
5 885 12 21 2921 38 14546 7 2848 19 14547 3029 19 333 483 24 19 87 4255 24 