Subject: 37 46 917 230 5 3231 2074 
193 
192 139 3683 71 837 19 237 415 22 1253 1210 4549 323 100 19 3284 45 
192 22 564 14 13697 46 7 56 500 133 313 239 
139 3683 71 13698 19 237 15 9390 14 10980 20 13699 24 24 
192 184 614 19 139 1247 313 80 22 13700 19 568 25 12 1499 13701 
192 46 7 60 
1529 19 13700 12 15 1243 370 213 60 60 
192 226 86 354 505 12 490 19 354 85 25 12 46 
192 
192 761 24 674 24 762 19 
192 2291 2388 1656 24 
192 2389 2064 837 19 838 
192 
192 1715 682 625 904 1322 313 643 19 568 139 413 414 55 15 13702 347 
192 141 159 127 14 24 
139 2 763 215 40 234 63 4959 259 
192 2551 24 24 24 432 260 40 2980 17 1230 852 239 91 2 96 500 139 312 230 22 
192 13703 24 24 46 7 60 
500 12 17 505 133 239 
6182 