Subject: 22672 8916 7 5197 187 9171 6189 
22672 8916 203 
230 2224 19 259 180 5 1621 24 3380 25 20 280 40 46 1421 24 96 24 833 7947 833 7947 344 7 22302 7 22673 7 22674 
370 46 
102 7 18 46 
2482 46 
170 46 
324 1968 46 
324 
400 46 
5942 6189 61 46 
17 
489 46 
934 46 5 203 12 230 400 28 8123 22672 249 20 34 21 35 4028 71 432 405 24 
8123 
22672 525 180 22672 324 482 230 17 22675 24 
390 1317 15 1443 3483 1865 22672 2419 123 7 354 12752 
373 8032 24 
522 2896 12 40 7021 7066 1258 6142 7 660 6458 324 1502 
20 400 7 2366 24 91 12 258 22676 3341 1613 2498 8123 
22672 324 2419 24 
522 1613 289 7 22677 14089 19 22678 14 
363 19 19837 19838 19 22679 19 20 630 219 