Subject: 80 313 895 55 18556 87 1122 239 239 
390 2804 151 15 194 11182 55 18199 18200 230 17938 19 18201 19 
20 9871 18202 46 
1463 40 295 46 187 187 5643 24 1561 24 8871 24 7483 187 268 22741 187 1952 24 298 
87 400 280 2353 1621 490 
456 11182 219 
479 479 479 479 479 479 479 479 479 479 479 479 479 479 479 479 479 
17938 22742 3784 10575 187 3503 187 12014 7276 18556 17947 494 96 18208 768 497 1920 491 24 2425 3321 24 
17938 22742 3784 10575 187 12014 187 380 187 18209 187 18210 3784 18556 17947 494 96 18211 768 497 1920 336 24 2425 3321 24 
17938 22742 3784 380 187 18209 187 18210 7276 18556 17947 494 96 18212 768 497 1920 334 24 2425 3321 24 
17938 22742 3784 18214 187 18215 187 18216 187 18217 7276 18556 17947 494 96 18218 768 497 1920 334 24 1982 3321 24 
17938 22742 3784 18219 187 18220 187 22342 7276 18556 17947 494 96 18221 768 497 1920 345 24 1982 3321 24 
17938 22742 3784 18214 187 18215 187 18216 187 18219 187 18220 187 22342 3784 18556 18327 24 494 96 18222 768 497 1920 2282 24 1982 3321 24 
17938 22742 3784 8353 3784 18556 17947 494 96 18223 768 497 1920 332 24 2425 3321 24 
17938 22742 3784 5400 3784 18556 17947 494 96 18224 768 497 1920 2027 24 2425 3321 24 
17938 22742 3784 15817 7276 18556 17947 494 3 18225 768 497 1920 2027 24 2425 3321 24 
17938 22742 3784 15817 3784 18556 17947 494 3 18226 768 497 1920 2348 24 2425 3321 24 
1463 40 295 46 187 187 5643 24 1561 24 8871 24 7483 187 268 22741 187 1952 24 298 
87 400 280 2353 1621 490 
18201 59 187 14714 187 7829 187 18227 187 18228 7276 18556 17947 494 22743 7 275 22744 497 1920 63 24 1171 3321 24 
18201 59 187 14714 187 7829 187 18227 187 18228 7276 18556 17947 494 22743 7 275 22745 497 1920 491 24 2425 3321 24 
18201 12014 187 16359 187 18229 364 7 3784 545 560 187 768 187 1338 187 6984 18556 18200 494 22746 7 2483 768 497 1920 332 24 2425 3321 24 
9871 22747 187 22747 10575 187 3503 2417 7276 56 22748 60 494 18231 18188 497 1920 2348 24 2425 3321 24 
9871 22747 12014 2417 7276 56 22748 60 494 18233 18188 497 1920 2348 24 2425 3321 24 
9871 22747 8353 187 380 187 15817 2417 7276 56 22748 60 494 18234 18188 497 1920 2348 24 2425 3321 24 
9871 22747 8353 187 22749 187 19063 2417 3784 56 22748 60 494 768 8913 18188 497 1920 2072 24 2425 3321 24 
9871 22747 12014 2417 3784 56 22748 60 494 18236 18188 497 1920 2072 24 2425 3321 24 
9871 22747 16436 187 15817 2417 7276 56 22748 60 494 768 22750 1110 497 1920 2072 24 2425 3321 24 
1463 40 295 46 187 187 5643 24 1561 24 8871 24 7483 187 268 22741 187 1952 24 298 
87 400 280 2353 1621 490 
21832 8366 187 22751 7276 17947 56 22748 60 494 447 22 8284 3876 497 1920 2072 24 2425 3321 24 
21832 11919 187 9739 187 22752 187 8366 3784 18327 24 56 22748 60 494 447 22 8285 3876 497 1920 1172 24 2425 3321 24 
21832 5871 2064 187 5871 5594 187 5871 2619 3784 17947 56 22748 60 494 337 1338 22264 3876 497 1920 274 24 2425 3321 24 
21832 3526 187 22753 187 22754 187 4046 7276 18327 24 56 22748 60 494 22755 22756 497 1920 2072 24 2425 3321 24 
21832 3526 187 18735 187 22754 187 22757 187 4046 22745 18327 24 56 22748 60 494 22758 22756 497 1920 2308 24 2425 3321 24 
7 157 219 7 1499 15776 219 219 219 
479 479 479 479 479 479 479 479 479 479 479 479 479 479 479 479 479 479 479 479 479 479 
17938 22742 3784 22759 7276 18556 17947 494 3 22760 768 497 1920 339 24 2425 3321 24 
17938 22742 3784 22759 3784 18556 17947 494 3 22761 768 497 1920 658 24 2425 3321 24 
17938 22742 3784 17024 187 17024 139 7276 18556 17947 494 3 22762 768 497 1920 336 24 2425 3321 24 
17938 22742 3784 17024 187 17024 139 3784 18556 17947 494 3 22763 768 497 1920 332 24 2425 3321 24 
17938 22742 3784 22749 187 10280 7276 18556 17947 494 3 22764 768 497 1920 337 24 2425 3321 24 
17938 22742 3784 22749 3784 18327 24 56 10280 22745 257 24 460 219 60 494 3 22765 768 497 1920 3290 24 2425 3321 24 
9871 22747 8353 187 380 187 15817 2417 7276 56 22748 60 494 18234 18188 497 1920 2348 24 2425 3321 24 
21832 5871 447 187 5871 2286 187 5871 1705 7276 17947 56 22748 60 494 2348 103 22766 3876 497 1920 2072 24 2425 3321 24 
1463 40 295 46 187 187 5643 24 1561 24 8871 24 7483 187 268 22741 187 1952 24 298 
87 400 280 2353 1621 490 
2369 12 1920 364 24 2425 108 2353 20 2346 352 7 364 2030 1702 28 18241 24 
390 3698 18242 19 2955 20 10396 24 
869 1193 14052 55 221 320 7143 24 
221 17938 20 18201 18200 80 157 17210 24 
2955 187 18242 187 10396 249 
4729 344 46 3380 127 15 490 2353 1621 
4729 349 46 369 87 3380 17 2353 203 608 15 1621 
4729 352 46 280 17 2353 40 928 24 
280 40 46 4339 7 18243 7 18244 56 2353 38 15307 24 5 12 22 2915 280 1041 24 
249 522 13369 1311 394 34 151 467 40 17 2353 
203 60 
2353 1621 56 3380 2197 38 10721 18245 60 
370 46 479 479 479 479 479 479 479 479 479 479 479 479 479 479 479 479 479 479 479 479 479 479 479 479 479 479 479 479 479 479 479 479 
86 46 479 479 479 479 479 479 479 479 479 479 479 479 479 479 479 479 479 479 479 479 479 479 479 479 479 479 479 479 479 479 479 479 1192 1192 2387 86 249 
5190 19 170 19 1964 46 479 479 479 479 479 479 479 479 479 479 479 479 479 479 479 479 479 479 479 479 479 479 479 479 479 479 479 479 479 479 479 479 
2977 46 479 479 479 479 479 479 479 479 479 479 479 479 479 479 56 2487 2365 60 
2482 573 46 479 479 479 479 479 479 479 479 479 479 479 479 479 479 56 71 542 390 413 2 3 1286 127 17 2353 60 
251 14 2371 7 4924 10394 249 
494 497 2955 494 497 10395 494 497 10396 
4924 10394 1919 46 479 479 479 479 479 479 479 479 479 479 479 479 479 479 479 479 479 479 479 479 479 479 479 479 479 479 479 479 479 479 479 479 479 479 
16605 61 46 479 479 479 479 479 479 479 479 479 479 479 479 479 479 479 
672 46 479 479 479 479 479 479 479 479 479 479 479 479 479 479 479 479 479 479 479 479 479 479 479 479 479 479 479 479 56 1274 60 
102 7 18 86 46 479 479 479 479 479 479 479 479 479 479 479 479 479 479 479 479 479 479 479 479 479 479 479 479 479 479 479 479 1192 56 3380 2197 219 219 60 
17947 369 18246 2465 2398 
344 60 2687 349 60 2687 352 60 2687 364 60 2687 1250 7 2398 2369 833 2396 273 1920 364 24 2425 
2398 
5 18 415 416 445 71 7079 38 15 7354 4013 7 4367 1492 16326 1261 18 
2757 14 59 56 720 24 3876 24 18247 60 24 328 313 1870 40 35 7604 45 5 884 885 259 146 585 102 7 18 
38 4458 71 15 54 878 40 