Subject: 1455 40 13704 7 880 
7 7 
1455 40 15 13704 7 880 884 885 219 
259 1384 5 6 230 3655 1840 24 1610 313 24 
31 313 4284 643 40 4458 868 45 5 884 885 19 
313 413 146 18 40 38 15 194 
2653 71 15 290 14 17 286 6 46 
285 13704 7 880 
87 45 641 1946 19 1591 839 51 840 24 836 24 689 46 
285 13704 7 880 839 51 840 24 836 24 689 
31 313 4284 433 40 234 71 1221 38 15 2309 14 15 885 19 
56 31 313 151 1862 4817 19 87 151 375 133 15 
885 436 60 146 286 40 24 
5 12 15 1094 8290 230 1443 884 1227 150 313 433 
40 1221 22 3812 24 
1919 1919 1919 1919 184 880 123 230 13704 7 880 24 