Subject: 288 3105 864 9071 231 
662 19 
5 12 585 9071 7 231 45 15 288 3105 864 24 
71 128 40 17 199 19 17 166 657 20 372 
203 12 84 2024 46 
230 11645 46 762 
17 372 12 46 839 
15 1158 313 413 12879 40 27 348 313 71 12 46 
259 312 21 597 15 12879 38 316 87 926 24 
390 151 572 3832 5 1946 230 313 
1303 1468 40 1863 940 5 1158 295 46 187 187 288 24 264 24 53 187 10507 40 234 40 15 723 24 
40 348 71 19 1463 40 295 46 187 187 288 24 264 24 53 187 10507 187 
31 313 151 375 414 15 10507 723 1938 213 
31 313 2314 683 17 588 146 286 40 46 
10507 7 4757 51 288 24 264 24 53 
288 3105 864 