Subject: 16549 17393 475 1421 96 96 6984 12 229 230 313 219 24 24 24 24 24 24 24 24 22666 
16931 22667 7416 3769 1171 19 4390 
71 5 14731 1262 
80 313 422 3290 239 239 239 239 239 239 239 390 643 40 234 313 1794 219 219 
350 902 230 578 1413 1468 352 2549 3498 219 
193 226 370 12 22668 19 139 1499 10880 
3290 323 24 24 219 219 139 151 416 4215 40 312 3683 
22669 220 139 130 21 450 40 233 139 130 551 4660 24 24 
220 1277 537 221 4009 24 24 592 414 127 
226 3683 16268 20 221 226 3697 1328 24 24 219 219 
139 312 5 233 139 215 25 
20 25 247 2 3 3649 22 17867 40 
3301 24 24 219 219 
350 902 40 125 226 208 665 213 60 
22670 22671 0 
683 127 904 40 234 1468 6884 219 219 
4048 1336 18999 15 15623 219 
40 1615 184 630 14 936 1463 40 
5 106 