Subject: 37 46 494 14548 497 10813 10 9437 
139 14549 55 15 400 14 2272 354 2329 19 20 6152 2 96 617 12728 
15 14550 91 25 413 3365 71 115 38 217 4844 217 1054 24 
1295 46 
7 7 7 7 7 7 7 7 7 7 7 
2687 7 14551 46 4167 28 3539 14551 674 63 24 335 24 10388 24 13687 
5 12 22 841 7 13 6 71 2272 16 24 
1336 7 369 46 11 187 4391 213 
3699 211 217 1159 7 1160 7 344 217 
1336 7 1990 7 3623 46 491 600 
4324 414 15 4323 14552 1233 45 682 24 
1336 7 369 46 523 187 14553 7 214 213 
370 211 217 2427 7 3176 7 230 7 313 24 2562 24 3871 217 
1336 7 1990 7 3623 46 7944 7 7945 
1336 7 14554 46 2146 213 
11077 211 217 2427 7 3176 7 230 7 313 24 2562 24 3871 217 
14555 14556 7 14552 56 3892 60 
7 7 7 7 7 7 7 7 7 7 7 
15 872 134 14 5477 2272 20 187 87 10813 1336 45 15 1276 
608 14557 7563 518 5911 5413 230 15 14558 14 14548 
1602 390 86 15 855 1238 24 
7 7 
13058 14559 
25 480 
15 2192 115 295 46 187 187 267 24 14560 24 2192 24 1442 
14561 19 14562 12651 8933 1149 46 273 2077 767 7702 9009 7844 335 
3577 280 46 273 2077 767 7702 9009 8973 3438 
14563 344 674 344 6374 14564 184 24 14565 
192 45 46 217 14566 1427 14567 217 
192 231 7 40 46 14548 51 5085 24 53 
192 61 46 1760 19 349 569 59 339 46 5671 46 1428 273 3293 
192 40 46 217 4851 14568 7 14569 217 
192 647 46 217 14548 217 
192 54 46 494 14548 497 10813 10 9437 
192 
192 4851 19 
192 
192 71 2007 38 6688 375 19 390 406 433 409 6169 133 15 
192 397 400 14 2272 40 9437 3412 7 1385 10813 10 24 
192 
192 184 1210 655 679 40 4106 71 15 1276 2196 19 40 1623 15 1511 
192 14 5718 14 10813 2923 24 
192 
192 11353 14570 56 1423 217 10813 10 217 60 19 4836 217 1336 7 1990 7 3623 46 10813 217 
192 84 22 405 40 9437 3412 7 1385 10813 10 71 22 2272 13 24 
192 
192 139 927 56 71 15 5085 2352 187 14548 56 14571 60 4441 7 192 217 14572 
192 14573 24 14574 217 60 22 2576 1183 390 26 40 665 5 3082 71 1626 
192 508 24 25 2 96 3865 354 559 71 7415 7416 63 56 334 600 1188 20 10813 
192 3697 80 3726 84 14575 60 19 413 35 11908 38 2272 1677 
192 56 1885 124 60 19 413 35 14576 55 432 10813 9437 56 102 24 103 24 
192 11356 60 19 20 12 3895 230 56 491 6503 60 495 18 9437 24 
192 
192 84 313 625 19 2901 11007 3623 230 10813 10 12 14577 19 38 22 552 1413 
192 920 91 518 14578 1188 3516 230 3029 3984 24 
192 
192 568 413 390 170 91 2272 3412 7 1385 10813 10 12 22 397 14579 
192 655 230 14548 9437 239 312 313 125 641 2036 56 4982 7 9190 60 
192 655 230 10813 14580 14548 2032 239 
192 
192 934 46 409 333 2114 19 139 2141 22 405 40 37 7 400 409 14 15 14581 16 40 
192 2757 84 22 10813 2341 14582 19 136 14583 6872 84 217 14584 217 14585 71 
192 22 841 7 13 217 4305 217 56 5107 19 14581 1523 15 1354 14 6872 19 1573 587 22 174 
192 12431 19 22 174 573 19 20 10 2196 1968 213 14581 10595 4736 40 15 174 
192 2478 19 220 11386 5 217 6020 217 518 1623 928 40 8652 500 390 433 60 24 
192 5 1354 2117 2 3 2771 608 1946 354 14571 233 25 130 568 2047 19 
192 220 31 14586 14587 25 84 585 14581 4399 19 25 518 151 409 1723 24 24 24 15 
192 14588 12 22 2443 3228 56 22 12647 14581 3228 60 230 1642 5718 24 
192 
192 404 684 
192 14566 1427 14567 187 14571 
192 
192 
192 7 7 7 7 7 7 7 7 7 7 7 7 7 7 7 7 7 7 7 7 7 7 7 7 7 7 7 7 7 7 7 7 7 7 7 7 7 7 7 7 7 7 7 7 7 7 7 7 7 7 7 7 7 7 7 7 7 7 7 7 7 7 7 7 7 7 7 7 7 7 7 7 
192 927 13264 24 53 2 96 14589 930 20 4811 7170 1691 24 
192 40 1771 630 350 902 46 
192 295 46 187 187 350 24 5085 24 53 187 344 187 14590 187 892 187 479 187 14591 187 479 187 14592 187 
192 7 7 7 7 7 7 7 7 7 7 7 7 7 7 7 7 7 7 7 7 7 7 7 7 7 7 7 7 7 7 7 7 7 7 7 7 7 7 7 7 7 7 7 7 7 7 7 7 7 7 7 7 7 7 7 7 7 7 7 7 7 7 7 7 7 7 7 7 7 7 7 7 
192 
192 40 132 22 6 19 146 25 40 46 14548 51 5085 24 53 
192 
192 40 285 19 146 22 3410 6 40 46 14548 7 285 51 5085 24 53 
40 132 22 6 19 146 25 40 46 14548 51 5085 24 53 
40 285 19 146 22 3410 6 40 46 14548 7 285 51 5085 24 53 