Subject: 
10 
40 46 211 767 
61 46 1983 19 3469 1618 1135 2286 46 1705 46 3290 338 
54 46 498 16294 
2687 7 5547 46 17797 12976 352 24 344 56 8729 60 28 1276 3484 483 24 
5 12 21 22 217 5809 217 19 25 2 96 22 1633 1317 24 211 767 
139 2 254 416 14217 20 17798 230 14604 5671 1037 24 902 2 96 22 536 230 313 40 
942 45 226 1211 24 230 249 1920 349 56 928 60 19 139 2 1278 597 447 14 226 4944 
5203 38 313 24 936 80 519 12251 20 19 84 1486 84 139 625 19 151 
1267 416 2778 2082 24 1322 464 12050 905 40 682 28 226 
17799 20 139 2 254 6726 206 40 22 873 2812 14 4558 24 1443 14 15 
5203 80 17800 56 413 35 16848 87 16849 60 1943 206 17801 
230 17802 19 17803 20 17804 19 17805 19 99 24 45 1792 211 767 
17806 5206 20 4559 17807 19 40 2622 17808 17809 19 5 12 585 
943 40 234 409 519 498 5203 230 589 1856 3650 24 211 767 
40 1615 17 3985 14 217 17810 2 96 404 217 5203 46 
146 1920 349 71 12894 56 16387 60 20 17 102 7 18 86 40 46 
761 24 560 24 
17811 17812 10297 24 
1919 8839 
17813 15857 19 484 17814 211 767 
961 
17 5203 34 35 102 7 8266 40 313 15 419 2549 139 1615 17 2353 24 211 767 
488 24 4552 590 20 4811 24 
17810 