Subject: 3416 1920 345 19 2742 7 6054 593 38 22648 219 
653 7 25 20 22648 1317 
6054 7 593 38 22648 833 313 518 3416 1920 345 19 2742 219 
925 653 7 25 166 19 
522 5287 19 22648 24 53 19 406 215 40 2763 313 15 404 14 15 1276 7 28 465 22 250 91 8730 313 2444 20 14008 45 575 7 5793 4624 24 
2498 45 2743 14 6488 7 7 45 3780 20 4688 19 40 11162 20 3269 24 156 10869 333 20 3650 55 15 1276 7 7 38 22648 24 53 219 
71 1694 19 150 313 6054 593 230 
22648 910 5 1317 19 313 34 100 35 2655 608 22 10893 230 
1920 345 19 2742 219 
488 230 17 393 19 
17 316 354 13447 
313 1515 3429 347 5699 338 55 2781 337 19 59 24 350 55 15 1230 40 5616 24 
31 313 312 21 643 40 1615 286 14 5 2997 71 15 3655 313 413 350 902 20 313 34 35 7604 45 5 885 20 45 15 653 7 25 250 24 