Subject: 4574 46 3026 13730 19 20 14433 2 96 3624 
7 7 7 7 7 443 6 7 7 7 7 7 
45 46 217 3273 14163 2435 1258 217 
40 46 
445 46 446 19 4325 66 19 59 491 46 552 244 
54 46 3026 13730 19 20 14433 2 96 3624 
56 344 60 
22 3026 9861 46 
15 208 43 94 14434 4013 7 14163 2435 7916 34 35 14435 71 
2907 631 550 1702 56 28 330 19 4325 63 403 60 24 259 1505 22 5291 1277 40 
5616 71 5 10212 535 28 1441 40 46 
295 46 187 187 267 24 14436 24 1583 187 14437 24 2610 
56 349 60 
3026 9861 55 3470 535 46 
14402 4687 34 35 5663 1238 14 2435 7916 
330 19 4325 63 19 59 
892 46 552 340 2494 19 334 46 335 340 930 
15 14438 14439 7764 
3414 28 15 14163 2030 1747 267 24 14436 24 1583 
230 203 1221 46 
9315 7 14440 7 14441 
14436 51 14436 24 1583 
87 12611 40 295 46 187 187 267 24 14402 24 1583 187 1936 24 298 
56 352 60 
259 683 490 33 12649 45 22 1062 86 28 14442 14433 19 
10315 1099 56 14443 24 60 20 2050 14 217 14444 14445 46 15 14446 14 22 
5190 217 19 91 80 477 630 2732 323 631 150 141 464 208 
2378 46 
217 139 151 6163 15 157 4389 2962 230 1322 1037 19 220 34 902 6595 
1273 40 15 1908 3282 1909 24 15 14447 4208 19 6893 19 
2248 13373 20 838 71 15 494 157 4389 497 2962 19 84 71 226 14448 14 15 
3521 132 20 15 9556 4601 2206 19 80 1828 15 419 24 24 24 
1783 14449 71 363 133 838 19 71 221 2191 1242 19 464 
14450 19 84 464 14406 20 6245 769 1783 24 24 24 
84 15 14451 230 14452 415 2771 2642 19 2435 14453 151 1634 2729 
14454 38 498 9926 14 4910 354 15 1824 237 14455 
2472 55 1849 2160 141 3283 2 6836 24 2 220 129 12 585 477 630 
5362 1885 71 3273 14404 19 84 11864 5563 608 
14456 5374 38 1389 5842 4624 14457 28 14458 
3268 14312 40 4480 1120 1613 24 
129 679 40 35 1856 1726 14459 14460 87 5658 14 904 
1389 5842 1886 20 15 14461 40 237 25 14462 1246 24 15 1839 12 
91 869 399 1772 133 15 14463 87 3231 1230 908 1840 40 
14242 20 537 6181 40 2370 537 1685 1230 354 15 13404 14 7144 24 24 24 
25 569 35 14464 230 682 40 6073 45 585 13745 462 28 15 5538 
14 869 14 15 1322 4624 1299 40 14465 15 1230 14 14242 24 24 24 
3903 14466 19 480 14 14467 7 14468 377 1389 11390 20 72 12 902 
2938 133 15 9919 2 96 3400 71 14469 14470 2 96 2775 3089 1230 24 
15 13745 130 6882 71 6952 20 8767 71 22 14471 4048 19 
14472 19 71 537 3401 19 1107 134 24 24 24 
2 3059 46 500 6577 80 313 1443 5422 14 239 
14466 46 40 151 168 14471 582 55 522 1460 24 15 9426 20 14473 1908 
80 5654 28 14474 4013 7 14475 24 14476 14 3605 14 14477 14478 24 24 24 
522 3345 130 40 2591 5 5166 20 390 151 13591 14479 
24 24 24 91 130 22 6406 14480 24 150 15 14471 3593 2655 15 
4813 55 15 1460 14 15 14473 14481 19 390 518 5533 14482 15 14276 
38 15 14483 71 15 1389 653 24 24 24 3688 3989 129 130 22 520 
2370 14 3685 71 15 2192 19 38 15 400 14 307 38 575 14484 
1336 83 84 217 14233 14274 19 217 217 9926 14485 19 217 91 14486 
1246 14 14487 1350 20 15 3576 14488 14 14489 24 15 14484 
1601 130 568 3421 3196 518 1463 5365 25 24 217 
3059 46 220 150 313 1235 221 5 19 313 1209 184 620 91 500 313 2643 130 425 24 
14466 46 522 505 12 21 40 2553 203 24 522 505 12 40 6031 15 
8365 14 203 14490 40 928 24 24 24 
3059 46 80 313 944 91 313 3121 55 22 11501 3137 239 
14466 46 390 80 3613 24 390 1209 22 2896 40 312 20 390 1235 25 24 390 80 21 
13406 40 35 14491 24 24 24 2 
494 560 497 14492 14493 494 80 497 14494 541 1052 14495 71 14496 
6305 6734 20 6361 24 22 14497 6849 4235 936 12 15 
5235 573 14 5258 14498 71 14323 1368 354 654 
8307 76 9916 19 9894 19 20 14499 19 409 14 206 437 
4370 28 14500 24 136 1120 3071 14501 20 901 19 
936 14502 5710 80 14503 1120 14504 71 15 370 14 
14505 24 
15 654 3802 24 24 24 12 40 2370 1368 213 40 1286 14334 19 230 1716 19 
12515 14506 14 14463 14363 71 14507 24 24 24 129 12 100 22 
14508 3802 40 2322 15 8421 3231 3272 71 14509 20 
383 25 2 14323 2 24 24 24 
15 2435 14510 28 14242 20 537 475 24 3876 24 14511 14512 40 6031 38 
1892 15 12576 19 488 40 585 14513 3273 2192 91 71 537 14514 
415 36 14515 14 537 10560 40 11006 20 14516 247 2 3 2792 14517 
537 2374 242 24 5191 582 12 630 20 630 541 2625 55 
3029 2939 19 20 455 14518 87 21 19 15 1824 14519 151 10192 
3792 38 14520 1202 20 2087 14521 622 2814 12 21 40 
11006 19 220 40 14522 24 3646 1277 21 84 22 135 14 14463 
14523 19 87 84 22 3614 14 838 19 220 84 585 3273 19 139 244 14524 20 
14525 28 5 170 14 11390 19 237 241 21 14526 590 230 14175 24 
220 139 1515 165 313 91 40 409 14461 25 415 416 8919 133 233 19 
178 1277 19 838 19 20 13373 19 151 416 568 3202 14527 133 
1120 7924 1246 71 15 3273 2192 24 217 
7 1099 14442 14433 19 14222 19 838 19 2781 344 19 1107 24 
479 479 479 479 479 479 479 479 479 479 479 479 479 479 479 479 479 
3273 14163 2435 1258 
10227 1146 11753 
157 4389 19 14429 14430 7 14431 
14402 51 14432 24 1583 
267 24 14402 24 1583 
15 3273 14163 2435 1258 12 22 1174 7 110 2143 26 40 
86 14528 20 7916 71 15 2435 20 1212 1572 19 6463 
20 3983 14404 24 
259 392 5 102 7 18 40 6407 87 630 316 87 926 553 313 
140 34 2757 55 25 24 
40 35 3159 40 14402 2 96 102 7 18 2345 885 19 87 40 6798 14402 40 22 
3614 87 4758 19 259 392 15 14529 370 20 102 7 18 86 19 
38 15 54 12256 217 1402 102 7 18 40 14402 2345 885 217 19 40 
14402 51 14432 24 1583 