Subject: 2714 46 157 2435 4549 14106 323 19 1760 364 24 552 340 569 336 833 339 403 56 2715 60 
7 7 7 7 7 7 7 7 7 7 3805 6 7 7 7 7 7 7 7 7 7 7 
61 46 1760 19 336 569 59 345 46 2619 46 2348 273 2350 
45 46 14107 
1499 641 132 133 15 2126 2 157 2435 4549 2 3683 967 
2417 24 488 40 221 553 3121 13 303 2991 24 
1170 336 569 364 24 552 340 
967 349 
6809 71 15 3719 19 350 902 20 1277 
14108 14109 
15 723 12 3683 19 1546 230 8978 1170 364 24 552 340 569 336 403 24 25 413 35 
6568 45 490 87 1225 605 
295 46 187 187 267 24 7449 24 8879 24 265 24 2116 187 14109 187 
432 489 347 19 223 87 1279 630 14110 1455 19 503 14111 87 
2972 24 
129 12 585 317 2630 3717 910 127 15 2417 240 375 413 35 
4398 3683 40 15 967 87 504 3063 20 390 2 1278 35 5816 25 
3157 15 3175 24 1192 1192 5 3683 2630 4441 12 71 15 14112 4441 19 
1291 886 187 2630 24 
1303 1468 40 2849 3683 40 15 8978 19 3070 71 15 2630 4441 19 
8899 22 1528 40 14108 14109 3683 99 
684 
4883 
967 2224 46 7 
157 2435 4549 
390 80 15 14113 71 15 1737 
14108 14109 
1170 349 569 364 24 552 340 
14114 15 1908 4046 1037 14 157 2435 1368 
1170 336 569 364 24 552 340 
6809 71 15 3719 19 350 902 20 1277 
1170 339 569 364 24 552 340 
37 7 13703 15 3655 
1642 553 80 14115 230 1120 3655 80 14116 40 37 7 3683 25 187 1642 
553 80 4476 230 1120 3655 413 2498 40 37 7 3683 25 
967 5620 
14117 7450 3936 
14118 1506 283 14119 8933 7280 8879 344 352 14120 
14121 12 1468 
221 8225 34 35 8978 7594 422 15 1049 517 43 45 
259 2362 15 723 71 1422 14 15 2417 40 1615 3413 55 
1274 30 24 
2 84 22 14122 19 390 151 14123 13746 7667 84 31 390 1209 416 
229 230 3605 14 1037 230 1120 5656 24 71 1839 19 139 140 91 
390 151 19 20 91 223 91 333 390 151 26 22 545 14 14031 
91 80 2804 11666 904 390 400 20 4450 203 20 
3451 648 24 71 936 8225 19 139 643 40 391 354 1642 
14031 20 665 40 6041 904 141 464 2154 19 683 876 14 
471 505 91 5 2427 14124 38 7667 415 457 20 2995 
15 5227 20 4282 4847 14 936 14125 230 15 3655 24 2 
2775 480 14 14126 4446 20 1277 480 14 
14127 19 14108 14109 12 585 1130 3617 5237 14128 187 480 20 
2418 1912 38 22 1368 14 393 71 20 14129 14 
4732 5374 84 585 14130 19 14128 20 5033 24 
14108 1886 84 22 4093 5257 55 2418 20 203 
648 230 22 1060 14 1613 76 15 5621 4774 14 9104 
240 72 2804 3842 55 15 5670 5621 5259 4995 24 72 12 
6367 14 15 5621 4774 2 96 5670 5621 1198 6179 19 15 2155 
91 12 2975 2640 38 15 2236 627 157 648 
20 15 5621 19 20 12 22 3403 14 15 14131 4446 8882 
2155 24 
14108 131 2005 55 15 271 14 4549 19 2435 20 14132 2 96 
471 4304 4995 237 12 1499 133 40 8687 15 1276 
13400 3201 24 
4857 28 15 3936 354 15 14133 2181 14 10893 20 2550 6079 
71 5374 38 15 271 14 7450 20 6047 
648 294 3259 19 278 14 7280 20 4750 349 1645 5621 
1885 7045 20 38 15 379 14 15 14134 14135 
1134 20 14136 5621 