Subject: 1129 3105 2 1125 
1129 3105 2 1125 
134 892 19 4325 3377 
1455 40 15 4325 134 14 1129 3105 2 1125 19 22 1468 4048 
3395 123 10845 40 1129 2982 230 3645 1728 24 
1573 4048 134 14 1129 3105 2 1125 2444 1783 20 294 
91 34 3257 19 2184 20 13716 313 71 17 1129 117 
13717 24 390 5121 17 489 213 25 12 17 526 91 10542 928 40 
1301 2215 17 410 1129 1438 24 259 146 17 489 20 
3804 40 46 13718 51 13719 24 53 24 
71 5 134 14 1129 3105 2 1125 19 390 80 4478 40 2763 313 217 4740 
6099 239 217 28 13720 13721 19 217 55 3599 354 11768 7 13722 217 45 13723 24 53 19 217 500 
312 10906 643 45 682 239 22 1824 3282 885 14 1642 13724 10906 429 
1443 217 28 9570 4229 24 13725 19 952 833 4598 19 13726 24 53 20 19 45 
288 3105 2 96 2206 19 217 1188 833 288 46 15 258 20 15 904 217 28 8098 
13727 24 35 1240 40 414 127 15 885 14 1824 7 3779 30 2069 
2546 45 13728 24 53 20 22 2443 1317 230 1728 45 13729 24 53 24 
35 1240 40 414 1129 2982 230 3645 2 3403 294 40 1771 
133 157 20 650 294 40 2184 313 71 2412 17 1129 24 
431 17 98 40 46 
1303 1468 40 407 5 3395 1891 40 432 316 87 926 313 
402 92 683 25 650 20 2174 24 
71 5 134 46 
7 4740 6099 239 
28 13720 13721 19 22 3136 2 96 4261 
7 55 3599 354 11768 7 13722 
45 13723 24 53 
7 500 312 10906 643 45 682 239 22 1824 3282 885 14 1642 13724 10906 
429 1443 
28 9570 4229 24 13725 19 952 833 4598 19 13726 24 53 
7 1188 833 288 46 15 258 20 15 904 
28 8098 13727 19 45 288 3105 2 96 2206 
7 500 2 96 157 
28 15 1129 2982 5706 
7 3400 10872 14 15 3175 
7 1824 7 3779 30 2069 2546 45 13728 24 53 
7 1691 14 3407 
7 13730 833 3546 
230 585 317 1462 14 5 3395 19 259 2362 46 
1192 1192 
4740 6099 239 
28 13720 13721 19 22 3136 2 96 4261 
15 1354 12 91 28 13731 19 6099 413 2338 3792 45 
4450 19 13732 19 20 13733 28 117 24 5 12 1233 354 22 333 150 
6099 80 13489 22 13734 4142 19 38 349 1413 13735 20 337 1413 3464 
4073 13251 4314 71 15 4350 13736 19 20 13737 71 
6099 4042 40 1301 4443 28 4624 91 1 2 3 643 40 6266 
1120 374 3397 24 683 127 630 354 46 
1192 1192 
55 3599 354 11768 7 13722 
45 13723 24 53 
84 11768 7 13722 2370 904 390 312 2030 19 22 157 5740 14 2896 13738 12 
13739 127 230 15 575 7 378 7663 14 363 71 1423 14 1182 2148 
20 505 13740 91 1910 55 1276 333 24 
15 10938 3144 2 3 1499 15 3650 24 660 1276 156 7 13741 2990 2148 91 
34 1286 409 14 313 13742 56 20 13743 630 14 313 60 19 141 100 
1317 1035 91 34 856 313 12248 133 17 505 20 15 
943 40 260 13744 15 405 15 1049 241 2030 24 40 1771 630 19 
414 127 15 2203 354 46 
1192 1192 
500 312 10906 643 45 682 239 22 1824 3282 885 14 1642 13724 10906 
429 1443 
28 9570 4229 24 13725 19 952 833 4598 19 13726 24 53 
22 573 14 5298 151 416 6882 422 15 1908 550 1037 71 585 
6563 40 452 1062 914 71 22 2966 2 96 2904 91 
2944 40 1120 209 71 15 4520 230 22 3545 13745 24 
13726 24 53 415 1973 22 885 14 15 1824 3282 2160 313 328 1076 55 24 
40 683 127 630 19 414 127 15 2203 354 46 
1192 1192 
1188 833 288 46 15 258 20 15 904 
28 8098 13727 19 45 288 3105 2 96 2206 
323 15 374 2435 1858 22 498 5248 133 15 288 1194 20 537 
894 71 1514 22 9555 1276 6119 1832 24 660 
1443 14 928 151 13746 288 84 22 13747 14 15 1832 19 129 80 
458 1216 91 80 1038 8958 40 13748 127 15 8933 40 15 
6359 2460 13749 24 1188 12 869 14 15 1216 91 1438 40 35 
2771 6129 24 683 127 630 354 46 
1192 1192 
500 2 96 157 
3400 10872 14 15 3175 46 
22 13750 553 8065 43 1885 1201 84 13 14 557 2896 13751 1129 
2982 230 3645 1189 71 22 3545 237 406 2533 557 40 
400 557 298 19 288 19 1449 19 1340 20 458 43 1201 84 15 6719 
1076 14 557 505 24 84 22 3403 19 3108 1121 22 1090 14 13752 13073 102 7 1814 
13753 557 40 3599 91 13754 557 410 1201 20 5167 19 20 19 
230 22 1090 14 3066 19 3108 3081 40 2910 7 127 55 5730 206 178 19 71 
15 2747 14 3497 19 3108 1121 22 589 2443 13752 24 15 943 
91 12599 557 9228 130 230 22 43 3610 480 38 22 4042 43 
1865 20 1885 9919 4290 71 3406 1865 24 15 3545 
1274 2152 136 298 19 1340 20 13755 84 590 84 1213 
116 14 1449 19 4070 20 1446 24 5 130 25 219 15 3403 3358 217 1529 217 20 
4323 22 3985 14 557 456 4091 24 3108 6875 180 1612 422 
553 3298 557 4091 24 15 1827 19 309 1749 557 4091 19 5570 15 
3403 40 2996 585 13745 24 
568 500 2081 239 22 1871 13756 24 15 3403 415 1499 11152 557 157 2896 84 22 
43 3610 480 219 
1192 1192 
1824 7 3779 30 2069 2546 45 13728 24 53 
856 593 38 15 2360 116 71 15 30 2069 1049 38 15 
1824 345 404 7 3779 2546 45 13728 24 53 24 
1192 1192 
1691 14 3407 
2443 1317 230 1129 2982 230 3645 1728 45 13729 24 53 
1129 2982 230 3645 12 4478 40 1936 595 641 942 14 
3407 24 233 14 22 2443 2539 939 38 13729 24 53 19 390 
413 1277 1317 313 22 767 1413 9768 1794 585 102 7 10655 56 8729 60 13757 910 
4775 344 24 
13729 24 53 12 15 1049 2 96 1443 12808 11842 10655 5804 24 
38 22 13729 24 53 102 7 10655 56 8729 60 19 3613 80 630 2650 40 
35 1562 28 1824 10906 20 413 530 10906 38 585 1572 
6894 14 1120 10057 20 2653 22 13758 230 1120 2070 24 
1056 9924 83 84 13759 19 13760 19 4659 833 4660 19 20 13761 
151 1634 13762 14 15 13729 24 53 102 7 10655 56 8729 60 20 400 25 
3792 40 2692 91 141 2 37 13763 15 404 3427 24 
13729 24 53 413 102 7 10578 56 8729 60 3613 71 422 5671 374 20 
2030 1040 19 76 768 19 768 273 273 19 3566 19 2700 19 1854 19 2652 2425 19 298 19 
4242 1790 19 1851 20 1770 24 15 13764 80 2378 422 15 
1276 136 1120 13765 7 7354 269 6601 325 1424 24 
610 574 80 450 40 2645 585 317 11350 14 1120 
10655 19 1615 22 2957 3985 11393 3225 230 13766 19 20 585 
102 7 10576 56 8729 60 3600 12687 91 413 35 3113 55 1120 4091 24 
683 127 630 55 13541 230 1468 20 3515 585 6894 354 46 
1192 1192 
13730 833 3546 
17 3403 4614 12 15 1062 40 1749 13752 102 7 1814 13753 313 40 
15 2896 1191 91 404 3382 17 1201 19 2152 20 
5167 24 259 1505 22 5291 40 2692 91 17 3403 4614 
172 456 1221 20 505 203 24 13767 12 1797 20 10542 
928 40 530 313 38 630 11556 2896 1675 24 
313 413 2543 17 3403 4614 28 1488 40 46 
295 46 187 187 267 24 13719 24 53 187 2316 
259 35 1240 40 217 2529 217 150 313 2 37 1516 24 
31 313 2 254 13768 17 372 19 259 1463 40 46 
31 313 151 432 458 504 19 259 125 522 4459 1897 375 
354 46 
1192 1192 
31 313 312 21 1870 40 1615 3655 1238 14 1129 3105 2 1125 19 259 
1463 40 46 
1602 2335 3620 19 221 1783 80 4008 3377 28 1129 
2982 3540 24 
12724 12 6509 40 1728 14 1129 2982 230 3645 40 
1603 13769 180 4959 14 5 3395 908 2495 40 1120 
4803 20 2030 13770 91 569 35 1189 71 15 2070 
14 1129 2982 230 3645 24 221 458 6261 6413 24 
1129 2982 
475 24 968 24 1146 13771 
7278 7279 19 484 10584 
56 355 60 2275 7 13772 
13718 51 13719 24 53 