Subject: 904 241 15209 7 1468 305 239 
31 25 5939 1210 19 112 390 413 260 313 22565 91 1329 24 19339 40 541 15209 7 1468 12 
1277 354 17 3588 20 129 80 184 152 3242 1921 40 1286 87 3269 4496 40 
2996 24 
3273 3558 413 1384 313 22 4503 2458 14 3650 55 4048 10054 
84 590 84 71 17518 19 354 184 3649 40 313 24 
1468 14881 5128 46 295 46 187 187 11057 24 1172 24 18302 24 7702 187 22566 187 19921 24 298 
390 80 3273 3558 17920 2070 19 390 18119 71 1981 
19674 4088 869 1797 895 4048 2371 38 15 3159 942 
14 21 13020 432 4648 71 17 85 24 3273 3558 12 6040 
1299 38 458 18678 3157 15 1421 24 96 24 40 530 313 38 15 
404 292 5225 397 24 390 151 22 573 14 1626 4624 91 
390 505 38 20 5 12 354 184 3649 40 313 4284 24 390 80 423 22 16841 
7045 24 
500 312 313 151 40 6266 19 258 21 1863 25 22 14254 20 125 31 313 
413 1301 17 195 20 1384 868 2743 108 3175 24 
313 413 151 15 12894 71 17 15643 2410 547 491 7 2027 1702 24 
1235 313 625 91 17 14881 12 3825 17515 239 
221 390 1265 230 12 17 370 19 86 19 2482 573 20 
102 7 18 86 24 15 1775 12 12911 24 5 405 22 4000 
413 1203 383 313 568 72 87 3108 413 588 221 17 1287 
375 24 
230 22 1468 14881 5128 259 19 2362 522 2603 28 
1569 902 46 295 46 187 187 11057 24 1172 24 18302 24 7702 187 22566 187 19921 24 298 
87 369 46 295 46 187 187 11057 24 1172 24 18302 24 7702 187 22566 187 19921 24 298 71 17 98 24 
168 928 40 15 2576 24 139 625 390 413 260 313 24 
7601 684 
5 6 19771 38 15 5942 1131 1132 7660 4069 
230 5197 286 84 590 84 15 3521 170 5197 286 10494 24 
230 1555 203 125 46 
3521 170 5197 286 10494 46 
295 46 187 187 2075 24 3206 24 7050 187 19773 187 2114 187 22567 187 
1274 2310 203 46 
3273 3558 
17705 24 8232 19 18190 22568 
22569 2027 51 22570 24 53 
344 7 19121 7 22571 7 22572 
31 313 1870 40 35 7604 45 5 884 885 19 
1463 40 46 295 46 187 187 267 24 4458 7 885 24 53 