Subject: 390 2359 17792 17793 17794 
1529 390 312 2359 17792 17793 17794 219 219 
31 313 19 17 1827 87 585 5195 151 585 17792 17793 
7178 112 259 383 928 20 683 127 904 390 413 260 313 1615 
15 3650 91 15 4469 1132 313 80 17096 4548 24 
390 151 1213 292 71 6808 17792 17793 17794 71 
17 5190 20 1041 24 
390 15 3587 9919 71 15 1049 4290 71 15 2359 20 3370 14 17793 17794 24 
2804 390 80 224 422 11529 14327 3606 3604 14 17794 71 15 1131 1132 5304 24 
390 151 830 4068 71 13494 567 5190 71 15 928 20 71 1443 3268 4991 24 
313 151 3693 40 6266 20 1481 40 6697 28 1525 24 
129 12 3829 184 3649 40 313 24 
390 413 35 8136 14097 1468 354 344 7 355 7 11048 7 17795 
313 413 383 2308 2411 108 2549 24 
1610 313 230 17 333 
5 3815 12 4167 20 445 127 28 46 
2429 2615 2419 
40 35 7604 45 522 884 885 259 286 928 354 
17796 51 15212 24 53 38 4458 71 15 54 878 87 
383 928 14097 1468 354 344 7 355 7 16799 7 16800 20 1863 928 17 286 86 24 
1529 390 312 2359 17792 17793 17794 219 219 