Subject: 
4013 16618 
406 313 215 40 
391 20 1303 345 7 767 1037 16619 239 
354 1561 
406 313 35 1189 71 7057 
5453 5194 28 
12507 1413 239 
904 133 7057 4432 16620 16621 
28 2296 1413 
239 406 313 215 40 104 
17 15865 7134 28 8780 1413 
660 24 24 24 354 15 419 333 24 24 24 16622 
290 16623 28 
5389 1413 
20 16624 
28 5594 1413 239 
14 581 313 406 219 390 1317 15 1443 16625 7826 16626 
4711 123 40 260 313 4258 221 14 5 20 630 219 
3311 149 15 12449 20 3311 593 15 5453 1277 219 
71 3605 14 9238 5298 19 16626 415 416 11315 40 
3096 15 194 46 
7021 290 16623 20 853 10042 15865 908 15287 219 
6045 4432 1502 
4458 16624 20 16627 
8693 16628 4234 20 1725 16629 4614 
1725 5930 19 1003 20 606 
16630 16631 3784 20 3603 
5619 15 8700 29 
104 5453 20 16632 246 
3311 149 17 290 2 96 8058 333 12449 345 7 767 1037 71 892 1909 14 
3924 219 219 219 
902 12 22 3789 14 1499 22 1892 14 15 5540 390 1615 567 2991 16633 
928 230 500 522 1177 415 225 24 
139 244 16634 219 15 2549 347 139 916 3515 15 16626 344 19 139 3121 16628 
2536 24 112 139 2889 136 15 16626 344 84 1734 24 1279 334 2133 139 3121 16628 2536 
558 24 226 16635 7 344 2237 56 14321 14 16626 60 3726 22 7844 1413 104 219 5634 19 226 
16629 16636 5549 45 16637 905 40 16638 219 139 6398 1303 1301 7066 
20 1285 151 630 5453 24 40 1564 15 559 139 244 589 16639 20 4478 
38 16626 344 24 226 8058 4142 12 1277 91 14 22 2395 1193 435 219 
7 1110 24 22 24 16640 1338 24 763 24 19 4142 2295 19 14429 
22 1193 2114 19 226 16628 4234 130 2294 187 7464 20 139 130 55 16628 4234 
16641 24 139 100 916 15 4013 7 16618 4711 19 16626 344 24 1279 22 1193 55 15 
1177 19 226 16628 4234 12 1277 7464 187 2397 7 7 20 139 1868 2 3 416 55 15 16628 
4234 16641 230 1909 219 
7 16642 9981 19 16643 16644 19 484 
1279 349 2133 55 4013 7 16618 4711 16626 344 19 139 1562 22 6279 2237 14 
5453 19 8180 4432 5453 20 226 606 20 1003 464 4264 24 226 16628 
4234 12 905 40 16645 187 12507 1279 7691 7 20 25 679 567 458 2549 139 151 40 
2 16646 7 593 2 15 16647 55 15 16648 354 15 16649 24 139 2 254 1562 22 16650 14 15 
16271 1291 226 16651 20 22 2370 71 226 16652 38 571 3244 10907 24 1279 364 
1909 19 139 249 433 63 2411 5930 3229 14 491 24 869 1817 19 139 1209 40 312 585 
5665 16653 7691 1499 40 16654 221 15 5665 5453 219 1279 892 
1909 55 16626 344 19 226 16628 10007 5194 5549 45 2741 905 40 3573 219 100 19 226 16655 
415 8180 19 84 590 84 226 5453 20 16490 3787 7 7 5 1177 12 498 219 
7 1110 24 5011 16656 19 6473 1037 435 19 14499 9238 16657 19 484 
84 22 2617 7 1753 16658 16508 19 139 532 40 151 40 366 22 8747 20 
22 4538 1279 16659 19 230 226 8167 5225 40 592 905 40 240 139 518 16660 
558 24 1279 22 3175 55 16626 344 19 139 413 1277 16660 558 1279 249 5671 562 219 16626 344 
3170 226 229 333 71 4538 219 
7 769 16661 19 4142 2395 19 14418 19 484 
150 139 3274 16626 344 406 7021 290 16623 104 10042 15865 
908 15287 19 139 1900 2 3 140 25 7 7 220 71 1499 22 1892 1909 139 36 364 
8191 1382 226 16662 908 16663 20 226 290 16623 5549 45 2286 905 40 
658 7 7 477 138 139 9735 345 8940 219 100 19 1279 364 1909 19 226 2550 1003 
181 24 139 184 2505 433 15 14397 1777 40 644 2550 3380 24 
7 10352 9990 19 4142 1428 19 16664 19 484 
139 151 416 3515 4013 7 16618 4711 16626 344 230 6407 1909 1277 24 139 151 
416 1291 498 6082 71 226 2030 24 139 140 91 3515 4013 7 16618 4711 
16626 344 415 1209 22 3524 13 71 5750 226 5453 2237 593 20 587 15 7134 40 
4808 3276 71 15 16665 14 16666 5293 24 303 2991 139 2628 905 
38 22 5981 24 16667 80 5303 55 682 20 1305 40 159 1120 581 7 11440 19 
16668 16669 19 20 112 16670 24 139 244 16671 910 1642 2060 220 
630 4087 631 347 24 16672 219 226 5262 1593 2 3 84 16673 20 15 16271 55 226 
7136 16674 149 4838 24 226 16675 1305 40 151 1301 16282 7 139 1362 25 71 226 
5429 7 20 139 151 630 5453 150 139 1463 127 5426 24 
7 16676 16677 
139 130 3515 16678 14 16626 230 422 869 1193 24 22 3614 3297 
91 139 665 4013 7 16618 4711 16626 344 19 1594 139 130 3821 1920 344 19 2742 22 3175 20 
3790 22 14016 40 16679 25 6852 24 71 349 7 352 2133 139 14379 1301 45 15 
4013 7 16618 4711 16626 344 631 15 872 333 139 130 209 15 16678 24 1610 
313 4013 7 16618 4711 230 2105 1981 40 1725 226 3158 219 
7 16680 16681 16682 
139 151 1209 16683 16629 5194 1594 15 208 333 139 130 
2262 19 71 226 16684 24 139 130 55 4013 7 16618 4711 16685 230 249 344 3175 150 226 
5194 15864 45 16686 40 9762 24 139 518 6671 140 25 219 1279 352 1909 55 
4013 7 16618 4711 16626 344 226 16687 16631 2889 40 16688 354 15 16689 19 3754 40 
537 4393 16690 24 139 151 477 416 450 40 7021 226 16691 16641 24 221 
14 5 908 587 40 2370 1614 612 133 226 16692 19 458 631 
3515 1892 16693 14 4013 7 16618 4711 16626 344 22 2549 24 10979 219 
7 14606 5268 19 1539 1037 435 
16626 344 12 15 14038 9926 14 16694 10215 16626 344 123 55 15 
1310 323 24 16678 14 16626 2771 71 2487 6356 80 2410 
16695 40 35 2771 84 22 14254 19 550 2962 108 2549 24 15 3504 406 35 
3515 627 349 20 364 6356 108 2549 24 16626 344 415 422 59 16696 108 16697 20 130 
26 40 16698 15 290 2 96 5739 16699 14 16626 24 
500 12 3603 16700 56 16626 60 239 
3603 16700 12 22 3076 16701 14361 71 15 3812 290 237 12 
16702 28 15 16703 19 15 4134 16704 14 15 290 19 3303 71 15 
16705 29 24 16626 12 22 16706 16707 14361 91 12 16708 
1700 40 16709 19 237 12 16702 71 561 16710 223 15 208 1892 2411 
14 5930 20 1279 15287 24 16626 12 869 14 15 1443 16711 16712 16702 19 
16713 3603 14 16064 19 16714 19 16675 20 16715 3157 15 290 24 
3610 14 16626 16716 354 16717 24 
567 2191 1037 9311 2470 1413 14 15 16064 71 15 3812 290 80 6588 
939 24 15 290 12 8613 14 630 631 578 16718 16064 91 80 11719 
12390 20 16719 24 15 7746 20 15 16720 29 6168 1120 443 
16064 213 503 19 71 15 7746 157 16721 80 11719 541 4167 40 
603 5432 14 567 157 2152 24 7066 1799 20 15 2366 40 
1771 20 16722 221 1200 55 9027 3603 16700 24 3603 16700 
11081 13701 12 1277 123 40 2591 4142 7 1175 16723 19 76 
16724 14 15 16271 19 8180 290 16623 19 16725 15865 5789 19 8180 
16629 19 16725 16655 20 5453 19 16725 16726 2814 20 3636 14 
16727 24 150 3603 16700 5560 490 4393 5194 19 16728 2444 
15 221 7 5739 4633 230 498 942 24 3603 16700 12 585 15554 
14361 237 12 1483 20 7137 38 184 2776 1460 8077 19 31 2771 71 
15 1809 16697 4136 24 
16626 12 869 14 1322 16705 16712 19 83 84 16729 19 16730 19 
16731 19 16732 20 16733 19 91 221 16734 71 3610 84 390 4142 24 
16712 80 16735 11215 16736 11719 16702 71 15 16737 
71 2353 40 16738 15 6094 14 15 6466 16715 24 15 4251 
16700 12 6017 45 22 3231 4251 6020 40 6522 24 1322 14 
936 16712 413 35 13225 40 16739 409 14 15 8077 14 16618 213 503 19 
16626 4792 1486 2755 15 3114 14 936 458 16712 24 21 249 241 25 
12337 8058 16618 19 220 25 6757 40 2105 2591 22 2891 1060 14 14695 
20 16723 5286 38 16618 19 76 1943 15 16271 630 16740 20 
12401 16624 40 16559 24 16626 100 441 16630 16631 3784 20 16631 3636 24 
15 3950 
16741 14 16742 239 
522 6680 3076 2805 16626 71 16743 150 390 80 4660 19 20 537 
3610 5834 16020 422 333 24 15 2458 14 16626 1279 15 4142 14 275 5560 
133 2027 1413 108 7640 19 568 91 537 3610 12 8078 71 4538 28 4142 2295 24 660 
16626 12 21 157 19 537 3392 84 22 13284 415 416 935 24 2137 
16744 20 16745 151 416 136 16626 230 422 552 1037 55 3605 14 
16746 38 10535 1629 24 
2476 19 4548 40 15 575 6142 2082 5286 38 16626 19 249 15 
7966 16747 20 15 16748 151 416 16749 40 537 1691 24 641 
614 415 416 91 15 2651 16626 16750 19 8613 14 16751 16752 16753 
56 16707 60 19 1209 416 249 7137 10215 910 16678 24 503 19 22 
157 648 5226 28 4013 7 16618 483 24 19 1277 3243 16626 585 7137 19 
10571 20 7060 2488 24 
16626 3610 5560 28 2397 1413 45 4142 275 40 7578 
3603 16700 16754 38 4142 71 567 16755 14122 91 415 416 2262 
40 61 24 15 2458 14 16734 71 5792 5560 9311 2027 1413 108 7640 24 
5 1629 71 15 3603 16700 3610 5225 541 8078 71 4538 28 15 
4142 14 2295 24 5792 2805 55 22 6852 4257 3503 16756 108 1193 354 4142 767 19 
7483 16756 354 4142 2395 20 1171 16756 354 2397 1037 14 4142 24 627 15 2748 
14 7844 20 2397 19 14604 2836 12 16757 71 3603 16700 237 1629 71 
16758 19 87 16759 16760 16761 24 936 16723 80 13 14 15 
16762 540 16618 237 15 7966 2525 415 15274 12 21 22 4393 
6873 24 16763 2366 20 5453 5194 16764 19 84 241 1048 
9938 24 1642 553 643 40 2645 1120 16765 16766 20 16655 328 
289 585 7137 3603 16700 13701 84 13 14 1120 6459 16767 24 
1279 7170 9238 5298 19 15 194 130 15274 1279 892 87 630 
1909 14 16626 13701 46 
5186 606 
16719 14 15 7746 19 8167 19 16768 19 16769 19 16770 19 16771 20 
458 16715 
8180 4432 3787 20 1502 
8180 16772 
4264 8700 29 
13504 16773 20 16774 16763 
157 16631 3603 20 3784 16775 
16776 1003 
5186 15287 1502 20 7624 
8180 15865 5789 908 15287 
4639 14 16627 20 16623 
8180 16655 20 16766 
4639 71 575 16628 4234 
12992 71 5930 
4013 7 16618 
16777 4639 20 16778 
16764 71 16779 56 3089 60 16629 
104 71 16780 56 1210 60 16629 
16781 14 16714 
12 16626 1483 239 
16626 415 416 1088 532 71 15 7966 2525 230 422 13488 1037 
20 415 416 5298 230 422 2295 1037 24 16782 4289 19 1338 24 763 24 20 922 24 16783 14108 
272 24 763 24 19 2262 422 380 1788 20 4314 71 1120 3250 3722 91 16626 1209 
7823 1691 20 184 1460 8077 24 
313 2 37 1488 40 1615 4013 7 16618 4711 230 1291 1920 7351 24 335 24 24 24 
21 477 1920 1982 24 335 24 24 24 313 80 1488 40 1615 15 2754 3158 7 4081 4013 7 16618 
4711 230 249 1920 983 24 2425 24 5 12 21 22 16784 24 220 313 1209 1301 2757 1504 
233 13133 80 935 24 
1907 139 3688 11093 24 4013 7 16618 4711 175 38 22 869 3175 
3650 7 149 4954 219 568 17 869 7 333 2495 12 16785 1943 17 121 
4204 1468 219 390 4954 91 31 313 80 21 1314 6703 19 1499 427 
15 3412 7 532 365 547 552 1702 20 390 34 1863 313 22 1284 16786 14 15 
2359 2465 24 
1192 1192 1192 522 4393 2465 230 4013 7 16618 4711 12 1920 983 24 2425 24 230 
22 935 333 249 19 313 413 2359 22 352 3175 6572 230 249 1920 5918 24 2425 219 91 12 
22 16787 14 1920 2290 24 2470 1794 522 2782 2465 24 
390 34 100 613 40 1317 313 15 4013 7 16618 4711 354 5 895 2465 84 
152 84 313 2359 45 928 71 15 3655 24 40 1505 3516 14 5 16787 
313 1515 2353 547 15 2126 345 1702 24 
2353 323 46 
146 249 1920 983 24 2425 928 56 1573 
16788 12 22 1909 6572 24 60 
230 2369 361 15 928 259 
1402 1920 2282 24 335 
87 
352 1909 6572 230 249 1920 5918 24 2425 219 
230 2369 361 15 928 259 
1402 1920 2282 24 335 
56 4924 10394 19 12894 19 414 19 87 3650 2353 60 
2369 12 1468 219 
40 1709 17 2353 16789 6877 127 15 194 1621 20 280 40 344 7 14851 7 16790 7 16791 24 31 5 878 12 2169 19 259 665 16792 40 344 7 10099 7 16793 7 16794 24 
1276 203 2070 
10227 1146 16795 
16796 19 11112 16797 
56 221 2365 4370 547 2308 2411 14 1749 206 60 
259 1623 491 1702 230 3984 24 
1192 1192 1192 1192 1192 1192 1192 1192 1192 1192 1192 1192 1192 1192 1192 1192 1192 1192 1192 1192 1192 1192 1192 1192 1192 
4924 10394 2353 1621 
370 55 4924 10394 46 
86 46 
5190 187 170 187 1964 46 
17 286 86 46 
273 273 273 273 273 273 273 273 273 273 273 273 273 273 273 273 273 273 273 273 273 273 273 273 273 273 273 273 273 273 273 273 273 273 273 273 273 273 273 273 
259 8579 869 
259 146 682 22 869 3175 6572 230 1920 983 24 2425 
230 2369 361 15 928 259 
1402 1920 2282 24 335 
259 146 682 22 2191 3175 6572 230 1920 5918 24 2425 230 2369 361 15 928 259 1402 1920 2282 24 335 
56 5 12 22 16787 14 1920 2290 24 2470 1794 522 2782 2465 24 60 
273 273 273 273 273 273 273 273 273 273 273 273 273 273 273 273 273 273 273 273 273 273 273 273 273 273 273 273 273 273 273 273 273 273 273 273 273 273 273 273 
4924 10394 573 46 
61 4924 10394 546 46 
31 313 312 21 1615 17 2353 547 345 1702 19 259 146 928 22 280 3056 
928 625 14 15 1776 5656 24 
390 34 112 1221 313 40 5783 127 258 313 151 21 1121 17 2353 24 
259 165 928 17 2482 573 46 
259 165 928 17 280 573 46 
40 2353 28 414 87 3650 2353 46 
1286 17 414 8029 40 
1276 203 2070 
370 46 
86 46 
5190 187 170 187 1964 46 
102 7 18 86 46 
31 313 312 21 1615 17 2353 547 345 1702 19 259 146 928 22 280 3056 
928 625 14 15 1776 5656 24 
390 34 112 1221 313 40 5783 127 258 313 151 21 1121 17 2353 24 
259 165 928 17 2482 573 46 
259 165 928 17 280 573 46 
1610 313 230 17 2030 19 
1276 203 2070 
10227 1146 16795 
16796 19 11112 16797 
280 40 344 7 14851 7 16790 7 16791 24 31 5 878 12 2169 19 259 665 16792 40 344 7 10099 7 16793 7 16794 24 
4008 56 768 60 1115 7 59 
221 6261 6413 
4013 7 16618 4711 175 38 22 869 3175 3650 7 149 4954 219 
568 17 869 7 333 2495 12 16785 1943 17 121 4204 1468 219 390 4954 
91 31 313 80 21 1314 6703 19 1499 427 15 3412 7 532 365 547 
552 1702 20 390 34 1863 313 22 1284 16786 14 15 2359 2465 24 
5 3815 12 4167 20 445 127 28 46 2429 2615 2419 
40 35 7604 45 522 884 885 259 286 928 354 
16798 51 15212 24 53 38 4458 71 15 54 878 87 
383 928 14097 1468 354 344 7 355 7 16799 7 16800 20 1863 928 17 286 86 
87 205 928 354 46 2982 843 15626 19 10227 1146 3430 19 16801 19 16802 
1336 7 1990 7 3623 46 491 600 