Subject: 37 46 17 18824 
17388 2022 
184 
4924 3319 7 184 22 24 674 24 96 7 184 13758 5225 2478 7 184 1420 3735 24 24 24 
11249 17 18825 354 
15 4303 14 16490 
390 80 1488 18104 905 
902 19 1861 5435 1704 14 1468 16267 18826 18827 16268 20 476 40 2473 7 2246 24 
16931 8882 354 537 589 404 24 24 20 537 12821 1468 219 219 219 
568 592 2362 347 
3524 18828 18829 928 15198 24 
1499 391 354 500 12 
55 1317 
17725 17726 458 17422 12821 18090 20 209 25 55 
3526 96 14 15480 4009 18830 4358 
3526 96 14 15 17386 18831 3683 16268 
3526 96 14 15 18832 18830 1587 12589 
3526 96 14 17393 2957 7 1585 4358 
3526 96 14 15 6174 17393 1587 12589 
1279 22 1701 346 14 16542 20 18833 206 19 
141 18834 593 55 40 15 16942 24 38 15 208 4416 12931 905 19 3108 6081 
2063 55 1889 19 18835 556 16264 608 557 18836 24 421 558 141 916 16542 24 
15 458 4416 18837 593 20 916 40 24 24 
1463 
40 267 24 18838 24 53 1277 230 1468 3424 467 24 
313 34 249 1615 5 6 421 24 15 885 17 286 86 130 55 19 
130 7649 84 585 2910 7 71 16931 286 885 24 31 5 12 3631 19 1715 928 625 24 
390 34 18839 313 15 1827 203 91 12 3779 5 885 24 522 3653 
12 21 40 18840 19 16316 19 87 6517 470 24 
1610 313 24 
15 
18841 24 24 
5 6 12 445 71 6462 14 15 157 286 10494 4441 2391 24 1291 
10494 96 24 14087 3385 3017 915 28 15 8725 403 928 2969 24 5 6 399 35 
543 4367 84 152 84 390 289 15 405 40 35 7604 19 2247 56 22 60 56 768 60 
14 96 24 14087 19 879 14089 40 313 28 15 2310 14 5 286 1173 14091 
354 184 3649 40 313 28 16988 18842 51 315 275 24 53 38 4458 71 15 54 