Subject: 56 4726 60 847 272 24 763 24 3545 7 116 4727 
847 272 24 763 24 3545 
116 4727 71 15 4109 43 
829 690 116 117 
831 4119 19 278 14 1349 19 1350 
295 46 187 187 267 24 4119 24 4144 7 1349 24 2166 187 4149 
4119 12 869 14 15 1049 7 517 4042 4728 71 1514 15 
4109 43 19 
15 2126 4729 71 15 4730 14 15 1049 517 43 24 4731 390 505 71 
585 
4732 394 76 269 4733 19 4734 19 
4044 
4307 20 203 4733 24 
4735 569 344 1656 19 390 151 585 847 3545 230 22 4036 1299 
2248 22 
272 24 763 24 71 15 1041 14 4736 7 1387 116 4727 24 15 3545 12 
4737 
547 15 4738 4739 1747 19 22 2179 4740 7 4741 1258 230 
2258 15 4109 43 608 3551 24 25 3842 84 22 1194 230 
116 
2535 76 630 631 1982 829 4728 20 4624 45 
221 
422 15 1049 24 
4073 12 3738 40 3289 4137 4138 19 237 12 133 2349 19 2742 4140 475 24 22 24 
4742 4743 1997 55 4142 20 4143 167 24 
4637 230 1054 12 2999 344 1656 19 220 390 34 3283 1054 
178 15 
3545 12 4370 20 4548 40 15 4744 292 71 15 4109 
43 19 
157 1198 20 157 3523 592 593 4459 71 522 271 24 
414 38 4116 24 4117 4118 262 46 4745 51 4119 24 4144 7 1349 24 2166 