Subject: 404 8032 55 157 3780 219 219 219 
234 22 498 2465 55 22 157 4544 219 
3829 1468 219 
643 40 1384 333 20 3650 239 
643 40 151 1822 467 40 4544 11143 239 
643 40 151 221 3243 20 1047 123 40 313 239 
31 313 3359 1529 40 432 14 936 19 112 1505 18991 14 5 1468 19 
184 7 11068 250 24 423 350 55 15 351 490 40 234 895 8032 55 221 
3243 20 1047 14 157 20 532 3780 19 908 587 40 18267 38 22 
3783 24 25 2 96 18992 20 6082 7 1468 219 
1463 40 295 46 187 187 267 24 18993 24 53 187 1446 7 1925 187 1621 24 1446 1277 230 404 6066 
31 230 432 1872 313 312 21 643 40 2635 2444 71 15 3655 
350 15 351 490 40 35 7604 
7 7 
643 40 285 45 5 885 239 
146 22 6 40 11271 7 285 51 18994 24 18995 24 53 