Subject: 1468 3498 3407 
15 2360 71 16931 648 219 219 219 
4532 157 1587 16931 723 
1468 3498 3407 
259 2362 15 2360 71 3683 4985 12834 24 
3526 9546 14 17387 219 219 3683 7673 219 219 219 4660 18820 219 219 219 
2651 3697 18821 219 3605 14 4358 219 219 592 20 2362 522 723 230 
22 498 2152 24 
295 46 187 187 17524 24 18822 24 18823 24 16638 
1192 1192 1192 1192 1192 1192 1192 1192 1192 1192 1192 1192 1192 1192 1192 1192 1192 1192 1192 1192 1192 1192 1192 1192 1192 1192 1192 1192 1192 1192 1192 1192 1192 1192 1192 1192 1192 1192 1192 1192 
1192 1192 1192 1192 1192 1192 1192 1192 1192 1192 1192 1192 1192 1192 1192 1192 1192 1192 1192 1192 1192 1192 1192 1192 1192 1192 1192 1192 1192 1192 1192 1192 1192 1192 1192 1192 1192 1192 1192 1192 