Subject: 37 46 102 7 18 351 
5484 5485 19 
40 18 975 1029 24 5457 707 
5456 24 5457 51 5014 332 24 4494 24 35 
585 5486 5487 5488 740 695 5489 713 731 5490 720 5491 692 24 
682 5492 
5493 5494 
5495 187 5496 
761 24 674 24 762 191 46 
192 5497 761 24 5498 19 
192 
192 5499 5500 695 5501 776 5502 682 725 727 40 
192 4282 4283 1352 878 789 3023 24 
192 
192 779 5503 780 5504 5323 807 5505 5506 740 5507 
192 5508 1258 682 795 5509 5510 19 5456 5457 19 740 5507 5508 
192 1258 776 5511 24 782 5512 5513 780 5514 5515 720 
192 5516 709 5517 1026 5518 5519 740 709 5520 585 
192 3324 5521 3114 24 
192 
192 731 692 5522 5523 585 1376 5524 40 102 7 18 789 761 24 5457 19 
192 5525 5322 5526 779 5527 5528 776 5529 24 
192 
192 825 19 
192 827 
192 
192 828 762 19 
192 829 830 19 
192 840 7 835 836 
192 837 19 838 