Subject: 327 24 53 46 1468 1335 
193 2836 19 
139 1499 937 22 157 327 24 53 3843 2203 3844 
217 1468 1335 46 592 20 234 25 219 217 46 7 60 25 2 96 585 71 7 3845 391 354 
53 24 3846 24 197 24 3847 24 45 15 208 2247 46 
71 5 2991 2 96 2203 390 1505 22 3848 45 3849 
3850 20 1463 3851 7 905 374 38 22 391 354 15 
53 24 3846 24 197 24 3847 670 24 139 2 1278 1639 904 40 
400 3847 40 3507 197 128 333 28 
27 2211 128 10 19 20 139 2 1278 315 133 15 
3852 532 71 15 3847 412 91 1286 3853 
2211 397 24 
644 15 2203 354 295 46 187 187 267 24 327 24 53 187 3843 187 3854 24 298 
7 3371 7 
40 285 19 146 286 40 287 51 288 24 264 24 53 20 289 71 15 290 
14 15 6 217 291 197 7 292 217 24 
293 46 295 46 187 187 293 24 288 24 264 24 53 187 293 187 197 7 292 24 298 
294 46 295 46 187 187 288 24 264 24 53 187 320 187 197 187 321 7 294 24 298 
287 260 46 295 46 187 187 267 24 296 24 53 187 297 187 166 187 166 24 298 