Subject: 37 46 288 574 690 
691 692 19 
693 694 695 696 697 698 24 699 700 349 701 
702 703 704 695 696 24 705 706 707 708 709 
710 
711 712 24 
40 700 713 714 709 715 19 716 717 718 719 707 720 721 
722 
723 682 724 725 726 727 695 288 24 728 729 730 706 731 
732 24 733 734 735 709 736 737 738 739 
740 709 
741 711 712 24 
742 725 743 744 745 24 746 706 747 709 742 748 703 
749 24 
585 750 706 751 752 717 753 709 742 754 737 755 727 
756 717 
709 757 24 24 24 
758 19 
759 760 
7 7 7 7 7 443 6 7 7 7 7 7 
45 46 761 24 674 24 762 
40 46 213 
647 46 
445 46 211 763 0 211 764 211 765 211 766 0 211 766 364 211 102 491 19 767 211 768 336 211 102 344 211 769 211 770 211 766 63 211 102 344 211 766 344 211 771 211 770 211 766 63 59 491 46 767 211 765 211 765 
54 46 288 574 690 
192 691 772 19 
192 
192 692 773 774 682 737 775 776 777 778 779 723 780 264 
192 774 682 695 781 722 288 166 690 782 783 24 
192 
192 784 785 786 717 787 788 789 790 791 
192 717 792 779 793 24 794 682 795 796 797 19 
192 798 789 799 791 779 800 56 801 19 802 60 
192 803 804 717 805 709 352 806 807 808 696 24 
192 
192 731 809 709 692 810 585 811 737 812 813 717 814 815 
192 706 731 816 709 817 711 712 19 585 818 819 709 
192 820 682 738 739 740 695 821 722 723 19 585 
192 777 822 692 737 725 740 823 824 24 
192 
192 825 740 40 826 692 19 
192 
192 827 
192 
192 7 7 7 7 7 7 7 7 7 7 7 7 7 7 7 7 7 7 7 7 7 7 7 7 7 7 7 7 7 7 7 7 7 7 7 7 7 7 7 7 7 7 7 7 7 7 7 7 7 7 7 7 7 7 7 7 7 7 7 7 7 7 7 7 7 7 7 7 7 7 7 
192 828 762 19 
192 829 830 19 
192 831 14 832 833 834 
192 835 836 
192 837 19 838 
192 839 51 840 24 836 24 689 
192 
192 