Subject: 37 46 1888 5482 56 139 60 
55 4110 19 569 2348 19 3377 354 2282 46 1539 46 649 244 273 2065 19 761 24 674 24 762 191 46 
192 55 1983 19 2027 569 3377 5595 24 5483 51 5470 24 5596 24 184 191 46 
192 211 767 
192 192 84 230 15 2362 2126 2991 19 388 406 35 1486 15 404 230 682 19 220 
192 192 31 3243 599 1371 40 313 19 390 92 1931 40 330 24 2550 31 
192 192 313 3070 55 25 55 387 24 
192 211 767 
192 195 12 84 2024 46 5653 12 5654 55 15 2182 2 96 2405 230 17 
192 5655 5656 24 388 12 618 847 84 390 151 40 950 7 5657 892 
192 5658 45 1626 2195 230 22 1133 1258 19 21 1797 40 234 
192 206 221 3698 22 3012 333 46 7 60 31 5 56 1133 60 3012 2346 1709 
192 663 220 682 34 35 4521 45 345 46 335 40 767 46 335 24 
192 211 767 
192 139 406 602 330 31 313 643 40 35 450 40 315 40 226 3366 20 
192 458 5659 71 15 2182 3028 5660 203 467 19 
192 166 5661 20 1326 19 99 24 139 1868 2 3 2079 127 31 313 80 329 22 
192 2308 5662 642 19 2335 390 518 100 563 388 1817 15 550 14 928 
192 5663 879 24 31 4216 12 585 586 230 22 3848 56 38 15 1210 
192 3672 14 22 4510 4428 46 7 60 19 139 413 1240 165 313 5664 19 477 1382 
192 5665 5666 936 1702 837 230 22 2599 5667 24 2012 682 55 17 4496 
192 20 1303 1468 40 1265 432 1318 24 
139 402 15 404 12 31 139 1463 40 837 55 446 304 19 568 390 413 
156 522 1858 330 1817 24 84 129 80 184 373 5575 45 
5615 40 837 19 15 3269 2346 568 152 91 1488 71 15 1817 12 
5668 24 
22 2599 5667 71 837 406 35 589 2329 19 1935 230 226 2142 20 
230 1273 24 220 354 5 5291 25 12 1306 5562 24 31 390 2364 40 
234 15 1258 5669 19 503 19 139 440 40 35 450 40 2763 226 5256 
40 838 230 5670 3267 20 5667 1635 46 7 60 
139 4319 40 563 15 330 38 313 45 15 1817 20 19 31 
1271 19 139 92 35 450 40 4808 40 388 19 100 24 139 4521 22 5575 
149 40 5615 354 63 24 5671 340 330 19 220 139 413 2370 91 31 1271 24 
518 313 35 450 40 5672 22 3476 230 682 239 139 1 2 3 151 40 35 
5673 19 220 25 406 35 2534 31 25 130 1506 40 17 
5674 24 
139 1499 1121 17 18 217 231 40 1888 5482 56 5546 7 152 60 217 24 84 25 
172 1322 650 107 40 35 3048 19 139 34 151 40 391 
2337 608 25 5 4573 24 313 312 14 581 1247 91 139 151 
40 35 450 40 4477 15 1258 71 5378 14 15 217 5675 217 354 226 
5009 24 618 19 139 402 1322 14 17 472 80 589 650 24 
55 1874 4992 630 374 5000 12 40 2763 71 585 
5009 5676 28 226 1114 19 15 1668 1258 24 1746 22 
600 551 5677 5580 5678 40 25 19 220 31 15 5581 5679 127 56 25 2 96 
618 22 1874 60 19 390 413 5392 25 24 
917 392 40 5392 221 15 1626 5680 14 15 1258 71 
3845 19 
945 19 
211 763 334 5480 