Subject: 17109 477 38 3089 4924 7 18677 
192 192 192 192 18486 22 6660 413 35 22 565 2152 219 
192 192 192 192 2237 15 2987 2196 40 17 3516 219 219 219 
192 192 192 192 168 522 648 40 505 230 313 219 219 219 
192 192 192 192 683 404 18477 2010 3503 19 2742 14881 1298 45 3503 14 
15 404 18678 71 15 2977 24 
2362 46 295 46 187 187 267 24 18679 24 1442 20 234 221 91 230 1468 219 219 
38 12887 422 3503 19 2742 1090 14 18477 123 45 
2743 14 18678 19 2492 15 404 869 230 17 433 12 
1371 354 404 24 17 1077 14881 17644 413 21 5248 
38 15 134 10587 449 24 25 12 1499 21 18680 
397 40 1423 910 91 1322 14881 1298 40 683 
15 869 313 433 219 
91 2 96 258 390 151 225 15 5665 7 1077 219 390 151 
5226 22 2137 14881 1423 1424 237 18681 910 
221 123 14881 320 71 15 2977 71 562 40 1763 
500 518 35 1443 2445 14881 930 230 313 24 
192 192 192 192 902 12 15 500 313 413 566 46 
344 7 17920 14881 230 567 4924 195 
349 7 15 1443 3465 292 3461 
352 7 2359 18477 38 11086 905 2371 
364 7 184 4648 19 349 2541 15586 18682 19 593 40 16601 1413 18683 
63 7 12894 149 18684 
892 7 15209 10567 
491 7 184 88 5970 
334 7 3340 88 
2362 295 46 187 187 267 24 18679 24 1442 40 1505 3516 14 221 5 
230 1468 219 
31 313 1870 40 35 7604 259 231 40 46 