Subject: 37 46 5734 51 5735 24 5707 24 5708 46 1174 7 5889 236 56 2715 60 
193 219 
259 5890 313 1235 1615 15 6 91 5881 445 40 313 55 15 767 403 19 
55 889 14 15 5734 690 71 15 5707 1258 19 237 916 84 46 
217 925 828 19 
139 2 1338 200 5 286 40 313 55 15 889 14 5821 211 102 491 22 24 139 2 1338 1299 5822 40 
1889 19 20 139 2 1338 5823 230 
15 5707 1885 690 24 
17 5824 12 589 650 19 20 151 1322 5825 38 522 55 1488 
1258 5707 19 237 12 354 15 2249 24 15 5826 56 5827 60 328 35 2903 55 
24 24 217 
31 21 19 139 413 392 25 558 24 
5891 40 2199 45 313 460 
5736 5737 
479 479 479 479 479 479 479 479 479 479 479 479 479 479 479 479 479 479 479 479 231 5738 479 479 479 479 479 479 479 479 479 479 479 479 479 479 479 479 479 479 479 479 
54 46 5734 51 5735 24 5707 24 5708 46 1174 7 5889 236 56 2715 60 
2050 46 761 24 674 24 762 
61 46 767 7 2104 7 3377 339 46 1171 
5 6 12 71 2272 16 24 15 208 13 328 35 3432 11 19 660 15 1093 2923 80 2650 5892 908 2272 7 944 124 24 
146 18 40 2272 51 5893 24 5894 24 3521 24 4178 230 630 880 24 
193 19 
71 542 313 644 17 102 7 18 45 4593 19 259 35 2183 91 25 679 139 
399 1496 5734 51 5735 24 5707 24 5708 139 406 35 5156 31 313 939 1240 141 
1121 15 443 6 24 
261 19 
827 
7 7 7 7 7 7 7 7 7 7 3805 6 7 7 7 7 7 7 7 7 7 7 
61 46 1866 19 767 569 3377 3290 46 339 46 2287 273 2065 56 5602 5603 60 
45 46 18 3984 5895 
40 46 839 51 840 24 836 24 689 
54 46 181 18 46 2627 5896 56 370 1162 46 5897 479 4750 479 5898 24 5735 24 5707 24 5708 24 46 
1174 7 5889 236 60 
24 24 24 