Subject: 2982 482 
409 203 133 522 1827 46 
2982 482 249 8742 4009 4924 18702 203 20 
4626 2030 1298 40 3605 14 1788 221 422 15 1131 
1132 24 71 329 568 19 390 151 5226 22 505 7 354 7 85 930 230 
1788 1189 71 15 943 14 16814 585 5665 1920 3503 24 335 40 
1920 344 19 3503 24 335 108 2991 1299 1225 45 15 18703 14 1120 1685 85 19 
18704 87 18705 24 522 505 7 354 7 85 930 12 585 3756 943 230 313 
40 8731 22 1500 5665 88 908 587 40 18706 22 564 14 17 
1468 333 24 221 14 15 505 91 313 34 35 329 12 589 1633 20 413 35 
225 45 17 5401 87 1243 354 17 10594 3658 24 84 22 85 18707 19 313 
413 505 1284 87 13 333 607 313 151 15 1468 333 19 18708 19 
18709 87 18710 24 71 1694 19 129 12 3829 184 2152 
1271 230 313 40 5616 71 522 930 24 522 505 7 354 7 85 930 12 
3660 230 1788 1189 71 16814 22 1500 5665 88 40 260 
2473 1794 14 1120 15755 219 91 2 96 1243 219 31 313 151 4544 10054 19 17516 19 
17920 10054 19 4924 10394 15755 19 14881 10054 19 99 24 24 24 5 12 585 
4074 943 230 313 40 13284 17 438 88 20 156 
2258 409 5665 3650 71 17 15643 219 31 313 80 1189 19 15 
194 203 34 260 40 879 1884 15 589 15604 
505 7 354 7 85 930 91 390 151 40 1317 313 24 
930 1288 46 
522 930 423 1042 15 18711 20 224 14 18712 24 313 
34 1615 22 1284 1920 344 24 335 230 1573 20 567 18713 91 313 154 219 500 
312 390 1744 28 154 239 25 2 96 1633 24 24 24 
208 46 313 34 18714 18715 15 584 18716 512 7 7832 56 334 344 187 349 28 
2282 8193 60 18712 608 18717 494 15 18713 91 313 34 35 224 
34 35 584 40 313 20 34 35 2244 55 2782 767 18718 24 56 334 7 344 187 349 28 2282 60 
8193 1122 24 
1624 46 313 34 18714 3316 15 17521 18712 608 15 4812 7 6582 19 
17492 13406 18719 494 936 18719 34 35 445 1225 40 17 85 19 
18704 87 18705 38 2485 2 401 20 3405 437 2244 55 15 
18719 1891 38 17492 437 18720 40 15 18719 497 24 
3482 46 16533 20 15157 936 18719 20 112 146 206 127 19 1225 40 15 
2485 24 
25 2 96 91 1633 219 313 312 21 151 40 2473 432 17492 6142 40 146 127 936 
18712 24 15 4812 7 6582 19 17492 13406 18719 34 35 445 1225 
40 17 85 19 18704 87 18705 24 313 423 18715 15 18712 19 3316 206 
71 15 18719 20 146 206 1243 127 219 420 19 221 14 15 224 
505 413 1596 35 225 354 17 5401 87 1243 354 17 10594 3658 219 
33 46 390 312 530 313 38 15 3755 18713 91 313 34 35 
224 237 12 22 1311 18713 230 522 4924 18702 11218 24 522 
4924 18702 11218 12 22 404 7 3779 4626 1177 91 1322 1050 
80 2358 20 136 40 6280 520 593 1120 14450 4924 24 20 1594 
15 3766 230 522 4924 18702 11218 12 568 4744 19 313 34 151 
15 943 40 154 84 1322 18712 84 17 7074 413 1083 219 
313 413 154 578 24 24 24 3503 24 24 24 344 19 2742 87 477 344 19 3503 18712 108 2991 19 2991 
1279 2991 19 3175 1279 3175 19 1193 1279 1193 24 24 24 230 84 152 84 313 1870 
40 5616 219 
904 571 3650 413 313 8731 239 
313 34 1615 22 1284 1920 344 24 335 230 1573 20 567 18713 91 313 154 219 
31 313 154 3503 18712 313 34 1615 22 1284 1920 3503 24 335 24 24 31 313 154 
344 19 2742 18712 313 34 1615 22 1284 1920 344 19 2742 24 335 24 24 24 31 313 154 344 19 3503 
18712 313 34 1615 22 1284 1920 344 19 3503 24 335 24 24 24 99 219 500 2 96 477 1301 133 
522 930 12 91 313 1267 151 40 3145 133 15 13895 14 522 4924 
18702 11218 71 2353 40 1615 17 1920 344 24 335 108 18713 24 522 930 241 
21 505 55 4024 219 313 34 1615 22 1284 1920 344 24 335 230 1573 20 567 
18713 91 313 154 2046 31 432 1311 80 939 219 477 31 313 
154 344 19 3503 18712 20 184 1311 80 939 19 313 34 618 8731 22 1284 
1920 344 19 3503 24 335 219 25 2 96 1633 19 154 344 19 3503 18712 19 20 1615 22 1284 
1920 344 19 3503 24 335 230 17 333 20 3802 219 224 10054 20 1555 
224 1649 34 613 40 5686 354 17 85 19 18704 87 18705 
230 84 152 84 313 1870 40 613 4641 71 15 930 219 91 2 96 
1243 19 313 413 1254 151 3650 1233 71 2991 1279 2991 233 
224 10054 20 1555 224 1649 34 613 40 
5686 354 17 85 19 18704 87 18705 230 84 152 84 313 1870 40 
5616 219 18721 19 129 12 184 1857 24 522 930 415 416 1382 
230 1739 1037 20 12 589 6302 219 
1839 46 477 1299 6081 19 313 518 618 8731 22 571 1301 10145 88 
631 1443 2782 336 46 335 244 40 63 46 335 340 3599 219 
129 12 184 2152 1274 40 5616 71 522 930 46 
470 19 4660 87 435 19 18722 87 11171 19 576 71 15 1131 1132 413 
1596 8731 498 3650 4641 71 522 18713 224 930 219 
15 1872 258 522 930 241 21 903 432 2152 12 1633 24 24 24 25 
241 21 1505 432 2945 2152 40 18715 22 18713 19 3316 25 608 585 
14582 19 20 15157 585 14582 24 173 19 522 930 12 572 2445 
230 1050 553 433 40 8731 22 1500 5665 88 220 92 21 151 15 
8425 333 230 22 1624 2896 24 84 3340 19 1499 22 1892 2411 108 2549 518 
4854 8731 313 590 422 1920 3503 24 335 108 2991 24 24 24 184 3664 219 1499 2003 904 
2329 25 406 35 31 313 518 8731 585 5665 1920 3503 24 335 40 1920 344 19 3503 24 335 108 2991 
1299 45 17 85 24 24 24 184 630 3833 3366 24 24 24 184 630 2953 9529 8138 
16817 24 24 24 184 630 18723 336 40 63 2896 24 24 24 20 184 630 11440 219 1839 46 
17217 567 369 14 135 413 942 16415 45 522 18713 
224 930 24 33 46 15 203 2318 71 522 4924 
18702 11218 12 578 1413 4009 20 3065 219 71 1839 19 129 80 2743 14 
15977 20 17874 221 422 15 2977 136 5 6110 203 
20 6276 1050 3524 3650 40 4458 14450 20 3631 2374 45 
1120 4924 2352 219 503 19 522 4924 18702 11218 4843 904 1050 
413 312 15 589 419 642 91 936 15991 17874 80 329 533 522 
4924 18702 11218 3721 1050 904 40 18702 1120 4924 1504 19 1797 20 
230 1468 908 587 40 2959 585 4425 219 1277 12 15 333 19 129 80 
14476 7 14 7 9547 14 14181 38 3089 4924 91 406 639 2427 40 
1615 522 4924 18702 11218 219 1673 19 31 313 80 1500 133 
18724 22 1892 2411 108 2991 2248 15 943 14 16814 585 3756 
5665 88 19 522 1920 344 24 335 18713 224 930 12 3660 230 313 219 
31 313 406 215 40 5616 46 
390 34 146 313 22 10833 2 96 4159 1720 15 3413 1271 230 
313 40 9862 4641 3989 71 522 18713 224 930 219 
173 19 17 18725 4159 100 172 17 589 1685 3985 14 4924 18702 
11218 219 91 2 96 1243 313 413 400 522 404 7 3779 11218 40 6280 520 593 
20 18702 432 14450 4924 91 313 569 151 219 5 11218 12 2461 
230 5451 22 3403 14 522 18713 224 930 219 1673 19 40 234 
916 3989 19 221 91 522 1827 1345 12 22 869 7 333 16785 
2353 7 224 2495 14 249 1920 5671 24 259 1247 19 390 399 11880 40 
146 127 22 2341 14 6110 1649 40 2836 1189 71 522 
930 24 20 100 856 71 653 91 421 313 154 578 18712 313 34 
151 437 16827 17 1920 5671 149 20 80 4157 38 585 5665 1920 5605 110 219 219 219 
390 1515 1601 22 1503 224 2495 40 2692 91 249 1500 
1788 2170 40 5616 71 522 930 24 856 71 653 19 313 1267 
151 40 2473 928 432 458 8020 20 313 413 5616 230 84 152 84 313 
1870 219 5 2495 423 10622 522 1827 91 313 80 5126 1500 133 
522 930 20 15 943 40 1286 1210 3650 1299 45 17 85 24 
1234 19 390 413 21 154 17 2353 1621 908 15 869 7 333 224 
2495 1594 129 80 1486 551 1322 1500 1788 4037 40 2473 5 
1503 869 7 333 2495 71 2353 40 5616 71 522 575 110 505 7 354 7 85 
930 24 1673 19 221 313 151 40 312 12 1499 180 19 3380 19 6054 19 20 
146 71 15 2353 1621 56 1621 18726 7 18727 46 658 24 96 60 24 259 19 35 1240 40 180 15 
2353 1621 71 1284 19 18728 19 38 17 232 2369 86 71 2353 40 
12337 432 224 2950 71 15 2462 14 17 2341 24 91 2 96 1243 19 
31 313 80 519 917 230 22 578 1413 4009 20 3065 85 1387 88 
943 390 413 18721 1564 91 313 151 2672 1052 15 1243 
1827 38 585 3756 20 3778 3650 1943 930 219 
475 24 96 24 625 22 3614 553 92 35 1189 239 
3380 22 3985 230 221 17 316 20 5256 24 
934 46 221 2365 45 316 20 5256 
1515 35 8118 38 15 224 2495 24 
230 1573 3614 87 5256 2353 19 17514 1920 345 45 
17 2353 84 22 7177 24 3380 19 180 20 18 
71 15 2353 45 490 219 
259 18 71 15 2353 1621 249 24 3380 490 5 878 249 219 
7 224 271 7 
2982 18729 
18730 18731 19 10297 1919 14440 
10560 15857 19 484 18732 
7 18733 2353 1621 7 
1192 1621 18726 7 18727 46 658 24 22 56 400 59 7 4390 60 1192 
494 530 928 38 15 232 884 86 40 2402 17 10833 2 96 4159 19 20 
259 3380 2197 497 
2549 2482 46 56 479 479 479 479 60 479 479 479 479 479 479 479 7 479 479 479 479 479 479 479 4573 2482 1919 46 56 479 479 479 479 60 479 479 479 479 479 479 7 479 479 479 479 479 479 479 
18734 46 479 479 187 479 479 187 479 479 286 86 479 479 479 479 479 479 479 479 479 479 479 479 479 479 479 479 479 479 479 479 479 479 479 479 479 479 479 
672 479 479 479 479 479 479 479 479 479 479 479 479 479 479 479 479 479 479 479 479 479 479 479 479 479 479 479 479 479 479 479 479 479 323 2 96 61 479 479 479 187 479 479 479 187 479 479 479 
1529 19 139 406 215 15 943 40 8731 5665 3650 1299 1243 45 15 
14701 14 226 85 87 18705 4641 71 15 18713 224 
930 24 139 1247 91 226 10833 2 96 4159 34 4960 15 3413 
1271 40 234 682 916 3989 84 22 3403 14 15 18713 
224 930 219 139 100 1247 91 226 10833 2 96 4159 34 4960 226 
589 1685 3985 14 15 4924 18702 11218 219 139 1247 91 139 413 400 15 
4924 18702 11218 40 6280 520 593 20 18702 432 14450 4924 91 
139 92 151 219 139 1247 91 5 2240 12 584 40 682 230 5451 
22 3403 14 15 18713 224 930 219 139 100 1247 91 139 34 
35 1468 40 545 226 1685 2411 20 5616 71 15 930 449 13 7 333 
87 1284 7 333 24 139 312 1247 91 22 1503 16785 2495 14 1920 5671 12 22 
869 7 333 2495 249 219 139 34 21 151 40 2473 2982 18729 432 458 
8020 19 4284 219 33 46 1594 390 312 21 643 40 611 432 15291 
15623 627 522 438 1728 390 312 5681 15 1243 40 1495 
5477 157 1728 31 522 15814 12 2194 24 1673 19 31 313 80 1500 
133 5 88 943 390 312 602 91 313 146 71 313 1106 
1621 3989 91 34 4954 15 3984 14 17 10833 2 96 4159 219 
3695 10145 88 578 9173 3503 8353 380 15817 3526 18735 3430 13687 18736 5574 
56 8579 869 60 
33 46 1920 1982 24 335 4613 494 1920 5671 273 1920 63 17492 20 2396 497 
3650 2365 20 12340 1515 35 8029 40 46 
2982 18729 
33 46 259 1623 349 7 364 2133 224 333 230 2365 3113 38 
12340 24 2365 3113 28 3650 2353 87 12894 1623 345 2030 1702 3984 
333 24 
240 1235 313 125 522 1827 11741 239 
5 12 22 869 333 884 24 40 35 7604 45 522 860 19 231 38 217 4458 217 71 15 54 878 24 
40 2692 91 15 217 285 154 217 415 416 1106 1088 259 1623 349 2133 24 390 312 1302 230 432 
9312 11095 91 80 1121 660 390 80 13767 522 5799 24 